alpha,H,Mn,S,Mn_1,S_1,amu/ion,phiK_Mn,phiTilt_Mn,phiM_Mn,phiN_Mn,thetaK_Mn,thetaTilt_Mn,thetaM_Mn,thetaN_Mn,energyK_Mn,energyE_Mn,phiK_S,phiTilt_S,phiM_S,phiN_S,thetaK_S,thetaTilt_S,thetaM_S,thetaN_S,energyK_S,energyE_S
0,0.000E+00,9.312E-04,0.000E+00,4.847E-03,6.095E-03,5.129E-01,1.872E+00,-1.783E-02,1.334E+00,1.211E+00,3.142E+00,1.227E-03,2.232E+00,2.249E+00,9.655E-02,2.829E+00,1.814E+00,-1.901E-02,1.457E+00,1.342E+00,3.142E+00,-1.724E-03,2.317E+00,2.292E+00,1.150E-01,2.775E+00
1,0.000E+00,9.224E-04,0.000E+00,4.880E-03,6.130E-03,5.153E-01,1.872E+00,-3.075E-02,1.385E+00,1.223E+00,3.142E+00,4.710E-04,2.248E+00,2.254E+00,9.602E-02,2.841E+00,1.814E+00,-3.120E-02,1.500E+00,1.357E+00,3.142E+00,-1.330E-03,2.316E+00,2.298E+00,1.145E-01,2.785E+00
2,0.000E+00,9.135E-04,0.000E+00,4.912E-03,6.164E-03,5.177E-01,1.872E+00,-4.367E-02,1.436E+00,1.235E+00,3.142E+00,-2.854E-04,2.264E+00,2.260E+00,9.548E-02,2.853E+00,1.815E+00,-4.340E-02,1.542E+00,1.373E+00,3.142E+00,-9.356E-04,2.316E+00,2.303E+00,1.139E-01,2.796E+00
3,0.000E+00,9.046E-04,0.000E+00,4.945E-03,6.198E-03,5.201E-01,1.872E+00,-5.659E-02,1.487E+00,1.246E+00,3.142E+00,-1.042E-03,2.280E+00,2.265E+00,9.494E-02,2.865E+00,1.816E+00,-5.559E-02,1.585E+00,1.388E+00,3.142E+00,-5.413E-04,2.315E+00,2.308E+00,1.134E-01,2.806E+00
4,0.000E+00,9.001E-04,0.000E+00,4.961E-03,6.215E-03,5.213E-01,1.872E+00,-6.305E-02,1.512E+00,1.252E+00,3.142E+00,-1.420E-03,2.288E+00,2.268E+00,9.468E-02,2.871E+00,1.816E+00,-6.169E-02,1.607E+00,1.396E+00,3.142E+00,-3.441E-04,2.315E+00,2.310E+00,1.132E-01,2.812E+00
5,0.000E+00,8.957E-04,0.000E+00,4.978E-03,6.232E-03,5.225E-01,1.872E+00,-6.951E-02,1.537E+00,1.258E+00,3.142E+00,-1.798E-03,2.296E+00,2.270E+00,9.441E-02,2.877E+00,1.817E+00,-6.779E-02,1.628E+00,1.404E+00,3.142E+00,-1.469E-04,2.315E+00,2.313E+00,1.129E-01,2.817E+00
6,0.000E+00,8.868E-04,0.000E+00,5.010E-03,6.267E-03,5.249E-01,1.872E+00,-8.243E-02,1.588E+00,1.270E+00,3.142E+00,-2.554E-03,2.312E+00,2.275E+00,9.387E-02,2.889E+00,1.817E+00,-7.999E-02,1.671E+00,1.420E+00,3.142E+00,2.474E-04,2.314E+00,2.318E+00,1.124E-01,2.827E+00
7,0.000E+00,8.779E-04,0.000E+00,5.043E-03,6.301E-03,5.273E-01,1.873E+00,-9.534E-02,1.639E+00,1.281E+00,3.142E+00,-3.311E-03,2.328E+00,2.281E+00,9.334E-02,2.901E+00,1.818E+00,-9.218E-02,1.714E+00,1.435E+00,3.142E+00,6.418E-04,2.313E+00,2.323E+00,1.118E-01,2.838E+00
8,0.000E+00,8.690E-04,0.000E+00,5.076E-03,6.335E-03,5.297E-01,1.873E+00,-1.083E-01,1.690E+00,1.293E+00,3.142E+00,-4.067E-03,2.343E+00,2.286E+00,9.280E-02,2.914E+00,1.819E+00,-1.044E-01,1.757E+00,1.451E+00,3.142E+00,1.036E-03,2.313E+00,2.328E+00,1.113E-01,2.848E+00
9,0.000E+00,8.646E-04,0.000E+00,5.092E-03,6.352E-03,5.309E-01,1.873E+00,-1.147E-01,1.715E+00,1.299E+00,3.142E+00,-4.445E-03,2.351E+00,2.289E+00,9.253E-02,2.920E+00,1.819E+00,-1.105E-01,1.778E+00,1.459E+00,3.142E+00,1.233E-03,2.313E+00,2.330E+00,1.111E-01,2.854E+00
10,0.000E+00,8.602E-04,0.000E+00,5.109E-03,6.370E-03,5.321E-01,1.874E+00,-1.212E-01,1.740E+00,1.305E+00,3.142E+00,-4.824E-03,2.359E+00,2.291E+00,9.226E-02,2.926E+00,1.819E+00,-1.166E-01,1.800E+00,1.467E+00,3.142E+00,1.431E-03,2.312E+00,2.333E+00,1.108E-01,2.859E+00
11,0.000E+00,8.802E-04,0.000E+00,5.204E-03,6.492E-03,5.424E-01,1.868E+00,-1.441E-01,1.900E+00,1.308E+00,3.142E+00,-4.572E-03,2.357E+00,2.292E+00,9.212E-02,2.929E+00,1.812E+00,-1.406E-01,2.017E+00,1.444E+00,3.142E+00,1.047E-03,2.323E+00,2.338E+00,1.108E-01,2.858E+00
12,0.000E+00,9.002E-04,0.000E+00,5.299E-03,6.614E-03,5.526E-01,1.863E+00,-1.670E-01,2.060E+00,1.311E+00,3.142E+00,-4.320E-03,2.354E+00,2.293E+00,9.198E-02,2.932E+00,1.808E+00,-1.647E-01,2.235E+00,1.421E+00,3.142E+00,6.641E-04,2.333E+00,2.343E+00,1.109E-01,2.857E+00
13,0.000E+00,9.202E-04,0.000E+00,5.395E-03,6.737E-03,5.629E-01,1.861E+00,-1.899E-01,2.220E+00,1.313E+00,3.142E+00,-4.069E-03,2.351E+00,2.294E+00,9.184E-02,2.936E+00,1.808E+00,-1.888E-01,2.452E+00,1.398E+00,3.142E+00,2.809E-04,2.344E+00,2.348E+00,1.109E-01,2.856E+00
14,0.000E+00,9.302E-04,0.000E+00,5.443E-03,6.798E-03,5.680E-01,1.860E+00,-2.014E-01,2.300E+00,1.315E+00,3.142E+00,-3.943E-03,2.350E+00,2.294E+00,9.177E-02,2.938E+00,1.808E+00,-2.008E-01,2.561E+00,1.387E+00,3.142E+00,8.928E-05,2.349E+00,2.350E+00,1.109E-01,2.856E+00
15,0.000E+00,9.402E-04,0.000E+00,5.490E-03,6.859E-03,5.732E-01,1.860E+00,-2.129E-01,2.380E+00,1.316E+00,3.142E+00,-3.817E-03,2.348E+00,2.295E+00,9.169E-02,2.939E+00,1.810E+00,-2.129E-01,2.670E+00,1.375E+00,3.142E+00,-1.023E-04,2.354E+00,2.353E+00,1.110E-01,2.855E+00
16,0.000E+00,9.603E-04,0.000E+00,5.586E-03,6.981E-03,5.834E-01,1.860E+00,-2.358E-01,2.540E+00,1.319E+00,3.142E+00,-3.566E-03,2.346E+00,2.295E+00,9.155E-02,2.943E+00,1.814E+00,-2.369E-01,2.887E+00,1.353E+00,3.142E+00,-4.855E-04,2.365E+00,2.358E+00,1.110E-01,2.854E+00
17,0.000E+00,9.803E-04,0.000E+00,5.681E-03,7.104E-03,5.937E-01,1.860E+00,-2.587E-01,2.700E+00,1.322E+00,3.142E+00,-3.314E-03,2.343E+00,2.296E+00,9.141E-02,2.946E+00,1.820E+00,-2.610E-01,3.105E+00,1.330E+00,3.142E+00,-8.687E-04,2.375E+00,2.362E+00,1.110E-01,2.854E+00
18,0.000E+00,1.000E-03,0.000E+00,5.776E-03,7.226E-03,6.040E-01,1.862E+00,-2.816E-01,2.860E+00,1.325E+00,3.142E+00,-3.062E-03,2.340E+00,2.297E+00,9.127E-02,2.949E+00,1.827E+00,-2.851E-01,3.322E+00,1.307E+00,3.142E+00,-1.252E-03,2.386E+00,2.367E+00,1.111E-01,2.853E+00
19,0.000E+00,1.010E-03,0.000E+00,5.824E-03,7.287E-03,6.091E-01,1.863E+00,-2.931E-01,2.940E+00,1.327E+00,3.142E+00,-2.936E-03,2.339E+00,2.297E+00,9.120E-02,2.951E+00,1.831E+00,-2.971E-01,3.431E+00,1.295E+00,3.142E+00,-1.444E-03,2.391E+00,2.370E+00,1.111E-01,2.852E+00
20,0.000E+00,1.020E-03,0.000E+00,5.872E-03,7.348E-03,6.142E-01,1.864E+00,-3.045E-01,3.020E+00,1.328E+00,3.142E+00,-2.811E-03,2.337E+00,2.298E+00,9.112E-02,2.953E+00,1.836E+00,-3.091E-01,3.540E+00,1.284E+00,3.142E+00,-1.635E-03,2.396E+00,2.372E+00,1.111E-01,2.852E+00
21,0.000E+00,1.067E-03,0.000E+00,6.051E-03,7.563E-03,6.335E-01,1.856E+00,-3.202E-01,3.223E+00,1.337E+00,3.142E+00,-2.769E-03,2.335E+00,2.296E+00,9.052E-02,2.968E+00,1.825E+00,-3.066E-01,3.471E+00,1.336E+00,3.142E+00,-1.771E-03,2.404E+00,2.378E+00,1.106E-01,2.864E+00
22,0.000E+00,1.115E-03,0.000E+00,6.229E-03,7.779E-03,6.528E-01,1.849E+00,-3.358E-01,3.426E+00,1.347E+00,3.142E+00,-2.727E-03,2.332E+00,2.294E+00,8.991E-02,2.983E+00,1.814E+00,-3.040E-01,3.403E+00,1.387E+00,3.142E+00,-1.907E-03,2.411E+00,2.383E+00,1.100E-01,2.875E+00
23,0.000E+00,1.162E-03,0.000E+00,6.408E-03,7.994E-03,6.721E-01,1.843E+00,-3.515E-01,3.629E+00,1.356E+00,3.142E+00,-2.685E-03,2.329E+00,2.292E+00,8.930E-02,2.998E+00,1.804E+00,-3.014E-01,3.334E+00,1.439E+00,3.142E+00,-2.043E-03,2.419E+00,2.389E+00,1.095E-01,2.887E+00
24,0.000E+00,1.185E-03,0.000E+00,6.497E-03,8.101E-03,6.818E-01,1.840E+00,-3.593E-01,3.730E+00,1.361E+00,3.142E+00,-2.664E-03,2.328E+00,2.291E+00,8.900E-02,3.006E+00,1.799E+00,-3.002E-01,3.300E+00,1.465E+00,3.142E+00,-2.111E-03,2.423E+00,2.392E+00,1.092E-01,2.893E+00
25,0.000E+00,1.209E-03,0.000E+00,6.587E-03,8.209E-03,6.914E-01,1.837E+00,-3.672E-01,3.832E+00,1.366E+00,3.142E+00,-2.643E-03,2.327E+00,2.290E+00,8.869E-02,3.014E+00,1.795E+00,-2.989E-01,3.266E+00,1.490E+00,3.142E+00,-2.178E-03,2.427E+00,2.394E+00,1.089E-01,2.899E+00
26,0.000E+00,1.256E-03,0.000E+00,6.765E-03,8.424E-03,7.108E-01,1.833E+00,-3.828E-01,4.035E+00,1.375E+00,3.142E+00,-2.601E-03,2.324E+00,2.288E+00,8.809E-02,3.029E+00,1.786E+00,-2.963E-01,3.197E+00,1.542E+00,3.142E+00,-2.314E-03,2.434E+00,2.400E+00,1.083E-01,2.911E+00
27,0.000E+00,1.303E-03,0.000E+00,6.944E-03,8.639E-03,7.301E-01,1.829E+00,-3.985E-01,4.238E+00,1.385E+00,3.142E+00,-2.559E-03,2.321E+00,2.286E+00,8.748E-02,3.044E+00,1.778E+00,-2.937E-01,3.129E+00,1.594E+00,3.142E+00,-2.450E-03,2.442E+00,2.405E+00,1.078E-01,2.923E+00
28,0.000E+00,1.350E-03,0.000E+00,7.123E-03,8.854E-03,7.494E-01,1.826E+00,-4.141E-01,4.441E+00,1.394E+00,3.142E+00,-2.517E-03,2.319E+00,2.284E+00,8.687E-02,3.059E+00,1.771E+00,-2.912E-01,3.060E+00,1.645E+00,3.142E+00,-2.586E-03,2.449E+00,2.411E+00,1.072E-01,2.935E+00
29,0.000E+00,1.374E-03,0.000E+00,7.212E-03,8.961E-03,7.590E-01,1.824E+00,-4.219E-01,4.542E+00,1.399E+00,3.142E+00,-2.496E-03,2.317E+00,2.283E+00,8.657E-02,3.067E+00,1.767E+00,-2.899E-01,3.026E+00,1.671E+00,3.142E+00,-2.654E-03,2.453E+00,2.413E+00,1.069E-01,2.941E+00
30,0.000E+00,1.398E-03,0.000E+00,7.302E-03,9.069E-03,7.687E-01,1.823E+00,-4.298E-01,4.644E+00,1.404E+00,3.142E+00,-2.475E-03,2.316E+00,2.282E+00,8.626E-02,3.074E+00,1.764E+00,-2.886E-01,2.992E+00,1.697E+00,3.142E+00,-2.722E-03,2.457E+00,2.416E+00,1.067E-01,2.947E+00
31,0.000E+00,1.492E-03,0.000E+00,7.858E-03,9.674E-03,8.238E-01,1.819E+00,-4.320E-01,4.612E+00,1.429E+00,3.142E+00,-2.544E-03,2.325E+00,2.290E+00,8.569E-02,3.090E+00,1.762E+00,-2.990E-01,3.090E+00,1.699E+00,3.142E+00,-2.863E-03,2.457E+00,2.414E+00,1.063E-01,2.955E+00
32,0.000E+00,1.539E-03,0.000E+00,8.137E-03,9.976E-03,8.514E-01,1.817E+00,-4.331E-01,4.596E+00,1.442E+00,3.142E+00,-2.579E-03,2.330E+00,2.294E+00,8.541E-02,3.098E+00,1.762E+00,-3.042E-01,3.138E+00,1.700E+00,3.142E+00,-2.933E-03,2.457E+00,2.413E+00,1.061E-01,2.959E+00
33,0.000E+00,1.587E-03,0.000E+00,8.415E-03,1.028E-02,8.790E-01,1.815E+00,-4.342E-01,4.580E+00,1.454E+00,3.142E+00,-2.613E-03,2.335E+00,2.298E+00,8.512E-02,3.106E+00,1.761E+00,-3.094E-01,3.187E+00,1.701E+00,3.142E+00,-3.004E-03,2.457E+00,2.412E+00,1.059E-01,2.963E+00
34,0.000E+00,1.634E-03,0.000E+00,8.694E-03,1.058E-02,9.066E-01,1.814E+00,-4.353E-01,4.564E+00,1.467E+00,3.142E+00,-2.648E-03,2.339E+00,2.302E+00,8.483E-02,3.113E+00,1.760E+00,-3.146E-01,3.236E+00,1.702E+00,3.142E+00,-3.075E-03,2.457E+00,2.411E+00,1.057E-01,2.967E+00
35,0.000E+00,1.681E-03,0.000E+00,8.972E-03,1.088E-02,9.342E-01,1.812E+00,-4.364E-01,4.548E+00,1.480E+00,3.142E+00,-2.682E-03,2.344E+00,2.306E+00,8.455E-02,3.121E+00,1.760E+00,-3.198E-01,3.285E+00,1.703E+00,3.142E+00,-3.145E-03,2.457E+00,2.410E+00,1.056E-01,2.971E+00
36,0.000E+00,1.729E-03,0.000E+00,9.250E-03,1.119E-02,9.618E-01,1.810E+00,-4.375E-01,4.532E+00,1.493E+00,3.142E+00,-2.717E-03,2.349E+00,2.310E+00,8.426E-02,3.129E+00,1.759E+00,-3.250E-01,3.334E+00,1.704E+00,3.142E+00,-3.216E-03,2.457E+00,2.409E+00,1.054E-01,2.976E+00
37,0.000E+00,1.776E-03,0.000E+00,9.529E-03,1.149E-02,9.894E-01,1.808E+00,-4.386E-01,4.516E+00,1.505E+00,3.142E+00,-2.751E-03,2.353E+00,2.314E+00,8.398E-02,3.137E+00,1.759E+00,-3.302E-01,3.383E+00,1.705E+00,3.142E+00,-3.286E-03,2.457E+00,2.408E+00,1.052E-01,2.980E+00
38,0.000E+00,1.823E-03,0.000E+00,9.807E-03,1.179E-02,1.017E+00,1.807E+00,-4.397E-01,4.500E+00,1.518E+00,3.142E+00,-2.786E-03,2.358E+00,2.318E+00,8.369E-02,3.145E+00,1.759E+00,-3.354E-01,3.432E+00,1.706E+00,3.142E+00,-3.357E-03,2.457E+00,2.407E+00,1.050E-01,2.984E+00
39,0.000E+00,1.870E-03,0.000E+00,1.009E-02,1.209E-02,1.045E+00,1.805E+00,-4.408E-01,4.484E+00,1.531E+00,3.142E+00,-2.820E-03,2.363E+00,2.322E+00,8.340E-02,3.153E+00,1.758E+00,-3.406E-01,3.481E+00,1.707E+00,3.142E+00,-3.427E-03,2.457E+00,2.406E+00,1.048E-01,2.988E+00
40,0.000E+00,1.918E-03,0.000E+00,1.036E-02,1.240E-02,1.072E+00,1.803E+00,-4.419E-01,4.468E+00,1.544E+00,3.142E+00,-2.855E-03,2.367E+00,2.326E+00,8.312E-02,3.160E+00,1.758E+00,-3.458E-01,3.530E+00,1.708E+00,3.142E+00,-3.498E-03,2.458E+00,2.405E+00,1.046E-01,2.992E+00
41,0.000E+00,1.965E-03,0.000E+00,1.064E-02,1.270E-02,1.100E+00,1.802E+00,-4.430E-01,4.452E+00,1.556E+00,3.142E+00,-2.890E-03,2.372E+00,2.330E+00,8.283E-02,3.168E+00,1.758E+00,-3.510E-01,3.579E+00,1.709E+00,3.142E+00,-3.568E-03,2.458E+00,2.404E+00,1.045E-01,2.996E+00
42,0.000E+00,2.012E-03,0.000E+00,1.092E-02,1.300E-02,1.127E+00,1.800E+00,-4.441E-01,4.436E+00,1.569E+00,3.142E+00,-2.924E-03,2.377E+00,2.335E+00,8.254E-02,3.176E+00,1.758E+00,-3.562E-01,3.628E+00,1.710E+00,3.142E+00,-3.639E-03,2.458E+00,2.403E+00,1.043E-01,3.001E+00
43,0.000E+00,2.059E-03,0.000E+00,1.120E-02,1.330E-02,1.155E+00,1.799E+00,-4.452E-01,4.420E+00,1.582E+00,3.142E+00,-2.959E-03,2.381E+00,2.339E+00,8.226E-02,3.184E+00,1.758E+00,-3.614E-01,3.676E+00,1.711E+00,3.142E+00,-3.710E-03,2.458E+00,2.402E+00,1.041E-01,3.005E+00
44,0.000E+00,2.107E-03,0.000E+00,1.148E-02,1.361E-02,1.183E+00,1.797E+00,-4.463E-01,4.404E+00,1.594E+00,3.142E+00,-2.993E-03,2.386E+00,2.343E+00,8.197E-02,3.192E+00,1.758E+00,-3.666E-01,3.725E+00,1.712E+00,3.142E+00,-3.780E-03,2.458E+00,2.402E+00,1.039E-01,3.009E+00
45,0.000E+00,2.154E-03,0.000E+00,1.176E-02,1.391E-02,1.210E+00,1.796E+00,-4.474E-01,4.388E+00,1.607E+00,3.142E+00,-3.028E-03,2.391E+00,2.347E+00,8.169E-02,3.199E+00,1.758E+00,-3.718E-01,3.774E+00,1.713E+00,3.142E+00,-3.851E-03,2.458E+00,2.401E+00,1.037E-01,3.013E+00
46,0.000E+00,2.310E-03,0.000E+00,1.232E-02,1.459E-02,1.271E+00,1.786E+00,-4.435E-01,4.302E+00,1.655E+00,3.142E+00,-2.772E-03,2.398E+00,2.358E+00,8.108E-02,3.217E+00,1.750E+00,-3.588E-01,3.622E+00,1.758E+00,3.142E+00,-3.647E-03,2.475E+00,2.420E+00,1.033E-01,3.023E+00
47,0.000E+00,2.466E-03,0.000E+00,1.288E-02,1.527E-02,1.332E+00,1.778E+00,-4.396E-01,4.215E+00,1.703E+00,3.142E+00,-2.516E-03,2.406E+00,2.369E+00,8.048E-02,3.235E+00,1.743E+00,-3.458E-01,3.469E+00,1.803E+00,3.142E+00,-3.443E-03,2.491E+00,2.439E+00,1.028E-01,3.034E+00
48,0.000E+00,2.621E-03,0.000E+00,1.343E-02,1.595E-02,1.393E+00,1.770E+00,-4.357E-01,4.129E+00,1.750E+00,3.142E+00,-2.260E-03,2.414E+00,2.380E+00,7.988E-02,3.252E+00,1.736E+00,-3.329E-01,3.317E+00,1.848E+00,3.142E+00,-3.239E-03,2.508E+00,2.458E+00,1.024E-01,3.044E+00
49,0.000E+00,2.699E-03,0.000E+00,1.371E-02,1.629E-02,1.424E+00,1.766E+00,-4.338E-01,4.086E+00,1.774E+00,3.142E+00,-2.132E-03,2.417E+00,2.386E+00,7.958E-02,3.261E+00,1.734E+00,-3.264E-01,3.240E+00,1.871E+00,3.142E+00,-3.137E-03,2.516E+00,2.468E+00,1.022E-01,3.049E+00
50,0.000E+00,2.777E-03,0.000E+00,1.399E-02,1.663E-02,1.455E+00,1.762E+00,-4.318E-01,4.042E+00,1.798E+00,3.142E+00,-2.004E-03,2.421E+00,2.392E+00,7.928E-02,3.270E+00,1.731E+00,-3.199E-01,3.164E+00,1.893E+00,3.142E+00,-3.035E-03,2.525E+00,2.478E+00,1.020E-01,3.054E+00
51,0.000E+00,2.840E-03,0.000E+00,1.491E-02,1.762E-02,1.540E+00,1.747E+00,-4.476E-01,4.514E+00,1.787E+00,3.142E+00,-1.611E-03,2.415E+00,2.392E+00,7.877E-02,3.286E+00,1.700E+00,-3.506E-01,3.989E+00,1.843E+00,3.142E+00,-2.910E-03,2.525E+00,2.480E+00,1.020E-01,3.053E+00
52,0.000E+00,2.902E-03,0.000E+00,1.582E-02,1.861E-02,1.626E+00,1.734E+00,-4.634E-01,4.985E+00,1.777E+00,3.142E+00,-1.218E-03,2.410E+00,2.392E+00,7.826E-02,3.302E+00,1.682E+00,-3.813E-01,4.814E+00,1.793E+00,3.142E+00,-2.786E-03,2.526E+00,2.482E+00,1.021E-01,3.051E+00
53,0.000E+00,2.965E-03,0.000E+00,1.674E-02,1.960E-02,1.711E+00,1.725E+00,-4.792E-01,5.456E+00,1.766E+00,3.142E+00,-8.251E-04,2.404E+00,2.392E+00,7.775E-02,3.318E+00,1.674E+00,-4.119E-01,5.639E+00,1.743E+00,3.142E+00,-2.662E-03,2.526E+00,2.485E+00,1.021E-01,3.050E+00
54,0.000E+00,2.996E-03,0.000E+00,1.720E-02,2.010E-02,1.754E+00,1.721E+00,-4.870E-01,5.692E+00,1.761E+00,3.142E+00,-6.286E-04,2.401E+00,2.392E+00,7.749E-02,3.326E+00,1.673E+00,-4.273E-01,6.051E+00,1.718E+00,3.142E+00,-2.600E-03,2.526E+00,2.486E+00,1.022E-01,3.049E+00
55,0.000E+00,3.027E-03,0.000E+00,1.765E-02,2.060E-02,1.796E+00,1.717E+00,-4.949E-01,5.928E+00,1.756E+00,3.142E+00,-4.321E-04,2.398E+00,2.392E+00,7.723E-02,3.334E+00,1.673E+00,-4.426E-01,6.464E+00,1.693E+00,3.142E+00,-2.538E-03,2.527E+00,2.487E+00,1.022E-01,3.048E+00
56,0.000E+00,3.089E-03,0.000E+00,1.857E-02,2.159E-02,1.882E+00,1.712E+00,-5.107E-01,6.399E+00,1.745E+00,3.142E+00,-3.921E-05,2.392E+00,2.391E+00,7.672E-02,3.350E+00,1.678E+00,-4.733E-01,7.289E+00,1.643E+00,3.142E+00,-2.414E-03,2.527E+00,2.490E+00,1.023E-01,3.047E+00
57,0.000E+00,3.152E-03,0.000E+00,1.948E-02,2.258E-02,1.967E+00,1.708E+00,-5.265E-01,6.870E+00,1.734E+00,3.142E+00,3.537E-04,2.386E+00,2.391E+00,7.621E-02,3.366E+00,1.687E+00,-5.040E-01,8.114E+00,1.593E+00,3.142E+00,-2.290E-03,2.527E+00,2.492E+00,1.023E-01,3.045E+00
58,0.000E+00,3.214E-03,0.000E+00,2.040E-02,2.357E-02,2.053E+00,1.705E+00,-5.423E-01,7.342E+00,1.724E+00,3.142E+00,7.466E-04,2.381E+00,2.391E+00,7.570E-02,3.382E+00,1.700E+00,-5.347E-01,8.939E+00,1.543E+00,3.142E+00,-2.166E-03,2.528E+00,2.494E+00,1.024E-01,3.044E+00
59,0.000E+00,3.245E-03,0.000E+00,2.086E-02,2.407E-02,2.096E+00,1.704E+00,-5.501E-01,7.577E+00,1.719E+00,3.142E+00,9.431E-04,2.378E+00,2.391E+00,7.544E-02,3.390E+00,1.707E+00,-5.501E-01,9.351E+00,1.518E+00,3.142E+00,-2.104E-03,2.528E+00,2.496E+00,1.024E-01,3.043E+00
60,0.000E+00,3.277E-03,0.000E+00,2.131E-02,2.456E-02,2.138E+00,1.704E+00,-5.580E-01,7.813E+00,1.713E+00,3.142E+00,1.140E-03,2.375E+00,2.391E+00,7.519E-02,3.398E+00,1.716E+00,-5.654E-01,9.764E+00,1.493E+00,3.142E+00,-2.042E-03,2.528E+00,2.497E+00,1.025E-01,3.042E+00
61,0.000E+00,3.438E-03,0.000E+00,2.263E-02,2.603E-02,2.267E+00,1.670E+00,-5.988E-01,1.092E+01,1.658E+00,3.142E+00,7.346E-04,2.373E+00,2.384E+00,7.570E-02,3.381E+00,1.695E+00,-5.852E-01,1.154E+01,1.484E+00,3.142E+00,6.465E-04,2.475E+00,2.483E+00,1.016E-01,3.063E+00
62,0.000E+00,3.600E-03,0.000E+00,2.395E-02,2.750E-02,2.395E+00,1.660E+00,-6.396E-01,1.402E+01,1.603E+00,3.142E+00,3.297E-04,2.371E+00,2.376E+00,7.621E-02,3.365E+00,1.681E+00,-6.049E-01,1.332E+01,1.476E+00,3.142E+00,3.335E-03,2.422E+00,2.470E+00,1.008E-01,3.084E+00
63,0.000E+00,3.761E-03,0.000E+00,2.527E-02,2.897E-02,2.524E+00,1.664E+00,-6.804E-01,1.712E+01,1.547E+00,3.142E+00,-7.528E-05,2.369E+00,2.368E+00,7.673E-02,3.349E+00,1.672E+00,-6.247E-01,1.510E+01,1.467E+00,3.142E+00,6.023E-03,2.369E+00,2.456E+00,9.989E-02,3.105E+00
64,0.000E+00,3.842E-03,0.000E+00,2.593E-02,2.971E-02,2.588E+00,1.669E+00,-7.008E-01,1.867E+01,1.519E+00,3.142E+00,-2.778E-04,2.368E+00,2.364E+00,7.698E-02,3.340E+00,1.669E+00,-6.345E-01,1.599E+01,1.463E+00,3.142E+00,7.367E-03,2.342E+00,2.449E+00,9.946E-02,3.115E+00
65,0.000E+00,3.923E-03,0.000E+00,2.659E-02,3.044E-02,2.652E+00,1.677E+00,-7.212E-01,2.022E+01,1.492E+00,3.142E+00,-4.802E-04,2.368E+00,2.361E+00,7.724E-02,3.332E+00,1.667E+00,-6.444E-01,1.688E+01,1.459E+00,3.142E+00,8.711E-03,2.316E+00,2.443E+00,9.904E-02,3.125E+00
66,0.000E+00,4.024E-03,0.000E+00,2.887E-02,3.283E-02,2.860E+00,1.649E+00,-7.053E-01,1.958E+01,1.569E+00,3.142E+00,1.699E-03,2.320E+00,2.342E+00,7.821E-02,3.303E+00,1.642E+00,-6.243E-01,1.595E+01,1.531E+00,3.142E+00,7.090E-03,2.339E+00,2.443E+00,9.990E-02,3.104E+00
67,0.000E+00,4.125E-03,0.000E+00,3.116E-02,3.522E-02,3.068E+00,1.623E+00,-6.895E-01,1.893E+01,1.646E+00,3.142E+00,3.879E-03,2.272E+00,2.324E+00,7.918E-02,3.274E+00,1.620E+00,-6.041E-01,1.502E+01,1.604E+00,3.142E+00,5.468E-03,2.363E+00,2.443E+00,1.008E-01,3.083E+00
68,0.000E+00,4.226E-03,0.000E+00,3.345E-02,3.761E-02,3.276E+00,1.599E+00,-6.737E-01,1.828E+01,1.723E+00,3.142E+00,6.058E-03,2.225E+00,2.306E+00,8.015E-02,3.245E+00,1.600E+00,-5.840E-01,1.408E+01,1.677E+00,3.142E+00,3.846E-03,2.387E+00,2.443E+00,1.016E-01,3.062E+00
69,0.000E+00,4.277E-03,0.000E+00,3.459E-02,3.881E-02,3.379E+00,1.587E+00,-6.658E-01,1.796E+01,1.761E+00,3.142E+00,7.148E-03,2.201E+00,2.297E+00,8.063E-02,3.230E+00,1.591E+00,-5.739E-01,1.361E+01,1.713E+00,3.142E+00,3.035E-03,2.399E+00,2.443E+00,1.021E-01,3.052E+00
70,0.000E+00,4.327E-03,0.000E+00,3.573E-02,4.000E-02,3.483E+00,1.576E+00,-6.579E-01,1.763E+01,1.800E+00,3.142E+00,8.237E-03,2.177E+00,2.288E+00,8.111E-02,3.216E+00,1.582E+00,-5.638E-01,1.315E+01,1.749E+00,3.142E+00,2.224E-03,2.410E+00,2.443E+00,1.025E-01,3.041E+00
71,0.000E+00,4.811E-03,0.000E+00,3.784E-02,4.260E-02,3.709E+00,1.555E+00,-6.341E-01,1.604E+01,1.899E+00,3.142E+00,7.730E-03,2.190E+00,2.295E+00,7.862E-02,3.292E+00,1.555E+00,-5.384E-01,1.198E+01,1.877E+00,3.142E+00,2.981E-03,2.399E+00,2.443E+00,1.022E-01,3.048E+00
72,0.000E+00,5.295E-03,0.000E+00,3.995E-02,4.520E-02,3.935E+00,1.538E+00,-6.103E-01,1.445E+01,1.999E+00,3.142E+00,7.222E-03,2.203E+00,2.302E+00,7.612E-02,3.367E+00,1.533E+00,-5.131E-01,1.082E+01,2.006E+00,3.142E+00,3.738E-03,2.388E+00,2.443E+00,1.019E-01,3.055E+00
73,0.000E+00,5.489E-03,0.000E+00,4.295E-02,4.832E-02,4.210E+00,1.516E+00,-6.004E-01,1.449E+01,2.075E+00,3.142E+00,6.506E-03,2.213E+00,2.302E+00,7.752E-02,3.324E+00,1.522E+00,-5.048E-01,1.084E+01,2.026E+00,3.142E+00,2.866E-03,2.362E+00,2.404E+00,1.019E-01,3.055E+00
74,0.000E+00,5.683E-03,0.000E+00,4.594E-02,5.145E-02,4.486E+00,1.493E+00,-5.906E-01,1.452E+01,2.152E+00,3.142E+00,5.791E-03,2.223E+00,2.302E+00,7.891E-02,3.281E+00,1.512E+00,-4.965E-01,1.085E+01,2.046E+00,3.142E+00,1.994E-03,2.336E+00,2.364E+00,1.019E-01,3.055E+00
75,0.000E+00,6.279E-03,0.000E+00,4.881E-02,5.491E-02,4.787E+00,1.467E+00,-5.749E-01,1.392E+01,2.287E+00,3.142E+00,5.847E-03,2.205E+00,2.284E+00,7.943E-02,3.265E+00,1.483E+00,-4.936E-01,1.104E+01,2.168E+00,3.142E+00,1.610E-03,2.334E+00,2.357E+00,1.012E-01,3.073E+00
76,0.000E+00,6.875E-03,0.000E+00,5.167E-02,5.837E-02,5.087E+00,1.443E+00,-5.592E-01,1.332E+01,2.422E+00,3.142E+00,5.902E-03,2.188E+00,2.267E+00,7.995E-02,3.250E+00,1.456E+00,-4.907E-01,1.122E+01,2.290E+00,3.142E+00,1.226E-03,2.332E+00,2.349E+00,1.005E-01,3.090E+00
77,0.000E+00,7.039E-03,0.000E+00,5.626E-02,6.326E-02,5.505E+00,1.412E+00,-5.397E-01,1.274E+01,2.595E+00,3.142E+00,8.286E-03,2.149E+00,2.259E+00,7.956E-02,3.261E+00,1.435E+00,-4.621E-01,9.990E+00,2.463E+00,3.142E+00,3.362E-03,2.295E+00,2.343E+00,1.010E-01,3.077E+00
78,0.000E+00,7.203E-03,0.000E+00,6.085E-02,6.814E-02,5.924E+00,1.385E+00,-5.201E-01,1.217E+01,2.768E+00,3.142E+00,1.067E-02,2.111E+00,2.251E+00,7.918E-02,3.273E+00,1.421E+00,-4.336E-01,8.756E+00,2.636E+00,3.142E+00,5.499E-03,2.259E+00,2.336E+00,1.015E-01,3.065E+00
79,0.000E+00,7.465E-03,0.000E+00,6.620E-02,7.368E-02,6.409E+00,1.371E+00,-5.068E-01,1.148E+01,2.905E+00,3.142E+00,9.968E-03,2.097E+00,2.227E+00,7.888E-02,3.282E+00,1.406E+00,-4.289E-01,8.907E+00,2.693E+00,3.142E+00,8.340E-03,2.189E+00,2.301E+00,1.019E-01,3.056E+00
80,0.000E+00,7.727E-03,0.000E+00,7.156E-02,7.922E-02,6.895E+00,1.359E+00,-4.936E-01,1.080E+01,3.042E+00,3.142E+00,9.267E-03,2.084E+00,2.203E+00,7.857E-02,3.291E+00,1.391E+00,-4.242E-01,9.058E+00,2.750E+00,3.142E+00,1.118E-02,2.119E+00,2.267E+00,1.022E-01,3.048E+00
81,0.000E+00,7.863E-03,0.000E+00,7.766E-02,8.552E-02,7.440E+00,1.323E+00,-4.780E-01,1.031E+01,3.368E+00,3.142E+00,9.637E-03,2.036E+00,2.157E+00,7.658E-02,3.354E+00,1.350E+00,-4.050E-01,8.553E+00,3.096E+00,3.142E+00,8.289E-03,2.147E+00,2.257E+00,1.001E-01,3.101E+00
82,0.000E+00,8.000E-03,0.000E+00,8.376E-02,9.183E-02,7.985E+00,1.292E+00,-4.625E-01,9.826E+00,3.695E+00,3.142E+00,1.001E-02,1.989E+00,2.111E+00,7.459E-02,3.417E+00,1.316E+00,-3.858E-01,8.047E+00,3.443E+00,3.142E+00,5.397E-03,2.176E+00,2.248E+00,9.793E-02,3.153E+00
83,0.000E+00,8.529E-03,0.000E+00,8.896E-02,9.757E-02,8.484E+00,1.223E+00,-4.462E-01,9.877E+00,4.404E+00,3.142E+00,2.158E-02,1.828E+00,2.070E+00,7.309E-02,3.468E+00,1.261E+00,-3.727E-01,8.166E+00,3.916E+00,3.142E+00,1.011E-02,2.044E+00,2.168E+00,9.705E-02,3.176E+00
84,0.000E+00,9.059E-03,0.000E+00,9.416E-02,1.033E-01,8.983E+00,1.166E+00,-4.299E-01,9.929E+00,5.114E+00,3.142E+00,3.316E-02,1.667E+00,2.030E+00,7.160E-02,3.519E+00,1.213E+00,-3.596E-01,8.284E+00,4.389E+00,3.142E+00,1.483E-02,1.913E+00,2.089E+00,9.617E-02,3.199E+00
85,0.000E+00,8.057E-03,0.000E+00,9.345E-02,1.015E-01,8.832E+00,1.027E+00,-4.086E-01,9.847E+00,8.127E+00,3.142E+00,6.109E-02,1.353E+00,1.902E+00,6.813E-02,3.651E+00,1.102E+00,-3.435E-01,8.496E+00,6.097E+00,3.142E+00,5.031E-02,1.521E+00,1.994E+00,9.197E-02,3.317E+00
86,0.000E+00,7.056E-03,0.000E+00,9.273E-02,9.978E-02,8.681E+00,9.447E-01,-3.873E-01,9.765E+00,1.114E+01,3.142E+00,8.901E-02,1.040E+00,1.774E+00,6.466E-02,3.784E+00,1.024E+00,-3.275E-01,8.707E+00,7.804E+00,3.142E+00,8.580E-02,1.128E+00,1.899E+00,8.776E-02,3.436E+00
87,0.000E+00,4.520E-03,0.000E+00,6.010E-02,6.456E-02,5.620E+00,6.743E-01,-3.306E-01,8.438E+00,8.151E+01,3.142E+00,8.898E-02,8.485E-01,1.455E+00,5.713E-02,4.165E+00,6.947E-01,-2.757E-01,8.338E+00,5.399E+01,3.142E+00,8.736E-02,9.060E-01,1.539E+00,7.944E-02,3.739E+00
88,0.000E+00,1.984E-03,0.000E+00,2.748E-02,2.934E-02,2.559E+00,6.519E-01,-2.739E-01,7.112E+00,1.519E+02,3.142E+00,8.895E-02,6.574E-01,1.135E+00,4.960E-02,4.547E+00,6.343E-01,-2.239E-01,7.969E+00,1.002E+02,3.142E+00,8.893E-02,6.837E-01,1.179E+00,7.112E-02,4.042E+00
89,0.000E+00,8.594E-06,0.000E+00,2.289E-04,2.461E-04,2.094E-02,3.142E+00,0.000E+00,0.000E+00,0.000E+00,0.000E+00,0.000E+00,0.000E+00,0.000E+00,0.000E+00,0.000E+00,3.142E+00,0.000E+00,0.000E+00,0.000E+00,0.000E+00,0.000E+00,0.000E+00,0.000E+00,0.000E+00,0.000E+00
