alpha,H,Ca,Al,Si,O,Ca_1,O_1,Si_2,O_2,Al_3,O_3,amu/ion,phiK_Al,phiTilt_Al,phiM_Al,phiN_Al,thetaK_Al,thetaTilt_Al,thetaM_Al,thetaN_Al,energyK_Al,energyE_Al,phiK_Ca,phiTilt_Ca,phiM_Ca,phiN_Ca,thetaK_Ca,thetaTilt_Ca,thetaM_Ca,thetaN_Ca,energyK_Ca,energyE_Ca,phiK_O,phiTilt_O,phiM_O,phiN_O,thetaK_O,thetaTilt_O,thetaM_O,thetaN_O,energyK_O,energyE_O,phiK_Si,phiTilt_Si,phiM_Si,phiN_Si,thetaK_Si,thetaTilt_Si,thetaM_Si,thetaN_Si,energyK_Si,energyE_Si
0,0.000E+00,0.000E+00,0.000E+00,1.516E-03,0.000E+00,8.805E-04,1.237E-03,2.766E-04,1.238E-03,1.747E-03,4.401E-03,2.428E-01,1.706E+00,6.812E-04,1.557E+00,1.655E+00,1.710E+00,-3.607E-03,2.724E+00,2.663E+00,8.354E-02,3.698E+00,1.790E+00,3.324E-02,1.338E+00,1.468E+00,1.795E+00,-3.844E-03,2.512E+00,2.453E+00,1.027E-01,2.902E+00,1.666E+00,6.246E-03,1.620E+00,1.809E+00,1.671E+00,-4.363E-03,2.750E+00,2.675E+00,1.198E-01,2.995E+00,1.741E+00,2.223E-02,1.356E+00,1.703E+00,1.745E+00,-4.192E-03,2.506E+00,2.442E+00,7.139E-02,4.147E+00
1,0.000E+00,0.000E+00,0.000E+00,1.547E-03,0.000E+00,8.908E-04,1.256E-03,2.716E-04,1.230E-03,1.759E-03,4.436E-03,2.450E-01,1.712E+00,-1.190E-02,1.594E+00,1.654E+00,1.703E+00,-3.644E-03,2.706E+00,2.645E+00,8.392E-02,3.685E+00,1.770E+00,2.159E-02,1.378E+00,1.521E+00,1.776E+00,-2.766E-03,2.491E+00,2.448E+00,1.021E-01,2.916E+00,1.660E+00,-6.355E-03,1.681E+00,1.817E+00,1.659E+00,-4.137E-03,2.742E+00,2.671E+00,1.197E-01,2.999E+00,1.738E+00,1.477E-02,1.373E+00,1.698E+00,1.742E+00,-4.062E-03,2.511E+00,2.449E+00,7.124E-02,4.154E+00
2,0.000E+00,0.000E+00,0.000E+00,1.577E-03,0.000E+00,9.012E-04,1.275E-03,2.666E-04,1.221E-03,1.772E-03,4.471E-03,2.472E-01,1.718E+00,-2.449E-02,1.630E+00,1.653E+00,1.697E+00,-3.681E-03,2.687E+00,2.626E+00,8.430E-02,3.672E+00,1.751E+00,9.939E-03,1.418E+00,1.575E+00,1.757E+00,-1.687E-03,2.470E+00,2.444E+00,1.015E-01,2.929E+00,1.661E+00,-1.896E-02,1.741E+00,1.825E+00,1.648E+00,-3.911E-03,2.734E+00,2.667E+00,1.195E-01,3.003E+00,1.734E+00,7.305E-03,1.390E+00,1.694E+00,1.739E+00,-3.932E-03,2.516E+00,2.455E+00,7.108E-02,4.161E+00
3,0.000E+00,0.000E+00,0.000E+00,1.608E-03,0.000E+00,9.115E-04,1.294E-03,2.616E-04,1.213E-03,1.785E-03,4.506E-03,2.494E-01,1.725E+00,-3.707E-02,1.666E+00,1.653E+00,1.690E+00,-3.717E-03,2.669E+00,2.608E+00,8.467E-02,3.659E+00,1.733E+00,-1.710E-03,1.458E+00,1.628E+00,1.739E+00,-6.086E-04,2.450E+00,2.439E+00,1.009E-01,2.942E+00,1.662E+00,-3.156E-02,1.801E+00,1.833E+00,1.636E+00,-3.684E-03,2.726E+00,2.663E+00,1.193E-01,3.006E+00,1.731E+00,-1.607E-04,1.406E+00,1.689E+00,1.736E+00,-3.802E-03,2.521E+00,2.462E+00,7.093E-02,4.168E+00
4,0.000E+00,0.000E+00,0.000E+00,1.623E-03,0.000E+00,9.167E-04,1.303E-03,2.591E-04,1.209E-03,1.791E-03,4.523E-03,2.505E-01,1.728E+00,-4.337E-02,1.684E+00,1.652E+00,1.687E+00,-3.736E-03,2.660E+00,2.599E+00,8.486E-02,3.653E+00,1.731E+00,-7.534E-03,1.478E+00,1.654E+00,1.729E+00,-6.928E-05,2.439E+00,2.437E+00,1.006E-01,2.949E+00,1.663E+00,-3.786E-02,1.831E+00,1.837E+00,1.630E+00,-3.571E-03,2.722E+00,2.661E+00,1.192E-01,3.008E+00,1.734E+00,-3.893E-03,1.415E+00,1.687E+00,1.734E+00,-3.738E-03,2.523E+00,2.465E+00,7.085E-02,4.172E+00
5,0.000E+00,0.000E+00,0.000E+00,1.638E-03,0.000E+00,9.219E-04,1.312E-03,2.566E-04,1.204E-03,1.797E-03,4.541E-03,2.516E-01,1.731E+00,-4.966E-02,1.702E+00,1.652E+00,1.684E+00,-3.754E-03,2.651E+00,2.589E+00,8.505E-02,3.647E+00,1.728E+00,-1.336E-02,1.498E+00,1.681E+00,1.720E+00,4.700E-04,2.429E+00,2.435E+00,1.003E-01,2.955E+00,1.663E+00,-4.416E-02,1.861E+00,1.841E+00,1.624E+00,-3.458E-03,2.718E+00,2.659E+00,1.191E-01,3.010E+00,1.737E+00,-7.626E-03,1.423E+00,1.685E+00,1.733E+00,-3.673E-03,2.525E+00,2.469E+00,7.077E-02,4.175E+00
6,0.000E+00,0.000E+00,0.000E+00,1.669E-03,0.000E+00,9.322E-04,1.331E-03,2.517E-04,1.196E-03,1.810E-03,4.576E-03,2.538E-01,1.738E+00,-6.225E-02,1.738E+00,1.652E+00,1.678E+00,-3.791E-03,2.632E+00,2.571E+00,8.543E-02,3.634E+00,1.722E+00,-2.501E-02,1.538E+00,1.734E+00,1.701E+00,1.549E-03,2.408E+00,2.430E+00,9.976E-02,2.969E+00,1.664E+00,-5.676E-02,1.921E+00,1.850E+00,1.613E+00,-3.232E-03,2.710E+00,2.656E+00,1.189E-01,3.014E+00,1.742E+00,-1.509E-02,1.440E+00,1.680E+00,1.730E+00,-3.543E-03,2.530E+00,2.475E+00,7.062E-02,4.183E+00
7,0.000E+00,0.000E+00,0.000E+00,1.699E-03,0.000E+00,9.426E-04,1.350E-03,2.467E-04,1.187E-03,1.822E-03,4.611E-03,2.560E-01,1.744E+00,-7.483E-02,1.775E+00,1.651E+00,1.671E+00,-3.827E-03,2.614E+00,2.552E+00,8.581E-02,3.621E+00,1.717E+00,-3.665E-02,1.578E+00,1.787E+00,1.683E+00,2.627E-03,2.388E+00,2.425E+00,9.918E-02,2.982E+00,1.666E+00,-6.936E-02,1.981E+00,1.858E+00,1.601E+00,-3.006E-03,2.702E+00,2.652E+00,1.187E-01,3.018E+00,1.747E+00,-2.256E-02,1.457E+00,1.675E+00,1.727E+00,-3.413E-03,2.535E+00,2.482E+00,7.046E-02,4.190E+00
8,0.000E+00,0.000E+00,0.000E+00,1.730E-03,0.000E+00,9.529E-04,1.369E-03,2.417E-04,1.179E-03,1.835E-03,4.646E-03,2.582E-01,1.750E+00,-8.742E-02,1.811E+00,1.650E+00,1.665E+00,-3.864E-03,2.595E+00,2.534E+00,8.619E-02,3.608E+00,1.712E+00,-4.830E-02,1.618E+00,1.840E+00,1.664E+00,3.706E-03,2.367E+00,2.421E+00,9.860E-02,2.995E+00,1.667E+00,-8.196E-02,2.041E+00,1.866E+00,1.590E+00,-2.780E-03,2.694E+00,2.648E+00,1.186E-01,3.022E+00,1.753E+00,-3.002E-02,1.474E+00,1.671E+00,1.724E+00,-3.283E-03,2.540E+00,2.489E+00,7.031E-02,4.197E+00
9,0.000E+00,0.000E+00,0.000E+00,1.745E-03,0.000E+00,9.581E-04,1.379E-03,2.392E-04,1.175E-03,1.841E-03,4.663E-03,2.593E-01,1.753E+00,-9.371E-02,1.829E+00,1.650E+00,1.661E+00,-3.883E-03,2.586E+00,2.525E+00,8.637E-02,3.602E+00,1.709E+00,-5.413E-02,1.638E+00,1.867E+00,1.654E+00,4.245E-03,2.357E+00,2.419E+00,9.831E-02,3.002E+00,1.668E+00,-8.826E-02,2.071E+00,1.870E+00,1.584E+00,-2.667E-03,2.690E+00,2.646E+00,1.185E-01,3.024E+00,1.755E+00,-3.375E-02,1.482E+00,1.668E+00,1.722E+00,-3.218E-03,2.542E+00,2.492E+00,7.023E-02,4.200E+00
10,0.000E+00,0.000E+00,0.000E+00,1.760E-03,0.000E+00,9.633E-04,1.388E-03,2.367E-04,1.170E-03,1.848E-03,4.680E-03,2.604E-01,1.756E+00,-1.000E-01,1.847E+00,1.650E+00,1.658E+00,-3.901E-03,2.577E+00,2.515E+00,8.656E-02,3.595E+00,1.706E+00,-5.995E-02,1.658E+00,1.894E+00,1.645E+00,4.784E-03,2.347E+00,2.416E+00,9.802E-02,3.008E+00,1.669E+00,-9.456E-02,2.101E+00,1.874E+00,1.578E+00,-2.554E-03,2.686E+00,2.644E+00,1.184E-01,3.026E+00,1.758E+00,-3.749E-02,1.490E+00,1.666E+00,1.721E+00,-3.153E-03,2.544E+00,2.495E+00,7.015E-02,4.204E+00
11,0.000E+00,0.000E+00,0.000E+00,1.778E-03,0.000E+00,9.810E-04,1.414E-03,2.499E-04,1.226E-03,1.895E-03,4.778E-03,2.661E-01,1.752E+00,-1.138E-01,1.936E+00,1.664E+00,1.644E+00,-4.046E-03,2.575E+00,2.511E+00,8.555E-02,3.632E+00,1.712E+00,-7.346E-02,1.728E+00,1.863E+00,1.640E+00,3.574E-03,2.373E+00,2.424E+00,9.797E-02,3.010E+00,1.672E+00,-1.056E-01,2.150E+00,1.877E+00,1.572E+00,-2.571E-03,2.687E+00,2.644E+00,1.180E-01,3.036E+00,1.757E+00,-4.203E-02,1.490E+00,1.698E+00,1.716E+00,-3.452E-03,2.531E+00,2.477E+00,7.013E-02,4.205E+00
12,0.000E+00,0.000E+00,0.000E+00,1.796E-03,0.000E+00,9.986E-04,1.440E-03,2.631E-04,1.281E-03,1.942E-03,4.875E-03,2.718E-01,1.748E+00,-1.276E-01,2.025E+00,1.679E+00,1.629E+00,-4.192E-03,2.573E+00,2.507E+00,8.454E-02,3.668E+00,1.718E+00,-8.697E-02,1.798E+00,1.832E+00,1.635E+00,2.363E-03,2.399E+00,2.433E+00,9.792E-02,3.011E+00,1.675E+00,-1.166E-01,2.198E+00,1.879E+00,1.565E+00,-2.589E-03,2.688E+00,2.645E+00,1.175E-01,3.045E+00,1.756E+00,-4.657E-02,1.490E+00,1.729E+00,1.711E+00,-3.750E-03,2.517E+00,2.459E+00,7.011E-02,4.206E+00
13,0.000E+00,0.000E+00,0.000E+00,1.815E-03,0.000E+00,1.016E-03,1.466E-03,2.763E-04,1.336E-03,1.990E-03,4.972E-03,2.775E-01,1.744E+00,-1.415E-01,2.115E+00,1.693E+00,1.614E+00,-4.337E-03,2.571E+00,2.503E+00,8.352E-02,3.704E+00,1.724E+00,-1.005E-01,1.867E+00,1.801E+00,1.630E+00,1.152E-03,2.426E+00,2.441E+00,9.787E-02,3.012E+00,1.678E+00,-1.276E-01,2.247E+00,1.882E+00,1.558E+00,-2.607E-03,2.689E+00,2.645E+00,1.171E-01,3.055E+00,1.755E+00,-5.112E-02,1.490E+00,1.761E+00,1.706E+00,-4.049E-03,2.503E+00,2.442E+00,7.009E-02,4.207E+00
14,0.000E+00,0.000E+00,0.000E+00,1.824E-03,0.000E+00,1.025E-03,1.479E-03,2.829E-04,1.364E-03,2.013E-03,5.020E-03,2.804E-01,1.743E+00,-1.484E-01,2.159E+00,1.700E+00,1.607E+00,-4.410E-03,2.571E+00,2.501E+00,8.301E-02,3.722E+00,1.728E+00,-1.072E-01,1.902E+00,1.786E+00,1.627E+00,5.469E-04,2.439E+00,2.445E+00,9.784E-02,3.013E+00,1.679E+00,-1.331E-01,2.271E+00,1.883E+00,1.555E+00,-2.616E-03,2.689E+00,2.645E+00,1.169E-01,3.060E+00,1.754E+00,-5.339E-02,1.490E+00,1.776E+00,1.703E+00,-4.198E-03,2.496E+00,2.433E+00,7.008E-02,4.207E+00
15,0.000E+00,0.000E+00,0.000E+00,1.833E-03,0.000E+00,1.034E-03,1.492E-03,2.895E-04,1.392E-03,2.037E-03,5.069E-03,2.833E-01,1.741E+00,-1.553E-01,2.204E+00,1.707E+00,1.599E+00,-4.482E-03,2.570E+00,2.499E+00,8.251E-02,3.740E+00,1.731E+00,-1.140E-01,1.937E+00,1.770E+00,1.625E+00,-5.844E-05,2.452E+00,2.449E+00,9.781E-02,3.013E+00,1.681E+00,-1.386E-01,2.295E+00,1.884E+00,1.551E+00,-2.625E-03,2.690E+00,2.646E+00,1.167E-01,3.064E+00,1.754E+00,-5.566E-02,1.490E+00,1.792E+00,1.701E+00,-4.347E-03,2.489E+00,2.424E+00,7.006E-02,4.208E+00
16,0.000E+00,0.000E+00,0.000E+00,1.851E-03,0.000E+00,1.052E-03,1.518E-03,3.026E-04,1.447E-03,2.084E-03,5.166E-03,2.890E-01,1.739E+00,-1.691E-01,2.293E+00,1.722E+00,1.585E+00,-4.628E-03,2.568E+00,2.495E+00,8.149E-02,3.777E+00,1.739E+00,-1.275E-01,2.007E+00,1.739E+00,1.620E+00,-1.269E-03,2.479E+00,2.457E+00,9.776E-02,3.015E+00,1.684E+00,-1.496E-01,2.344E+00,1.887E+00,1.545E+00,-2.643E-03,2.690E+00,2.646E+00,1.162E-01,3.074E+00,1.753E+00,-6.020E-02,1.489E+00,1.824E+00,1.696E+00,-4.646E-03,2.475E+00,2.406E+00,7.004E-02,4.209E+00
17,0.000E+00,0.000E+00,0.000E+00,1.869E-03,0.000E+00,1.069E-03,1.544E-03,3.158E-04,1.503E-03,2.132E-03,5.263E-03,2.947E-01,1.736E+00,-1.829E-01,2.382E+00,1.736E+00,1.570E+00,-4.773E-03,2.566E+00,2.491E+00,8.048E-02,3.813E+00,1.747E+00,-1.410E-01,2.077E+00,1.708E+00,1.615E+00,-2.480E-03,2.505E+00,2.465E+00,9.771E-02,3.016E+00,1.687E+00,-1.606E-01,2.392E+00,1.889E+00,1.538E+00,-2.661E-03,2.691E+00,2.647E+00,1.158E-01,3.084E+00,1.752E+00,-6.475E-02,1.489E+00,1.855E+00,1.691E+00,-4.944E-03,2.461E+00,2.388E+00,7.002E-02,4.210E+00
18,0.000E+00,0.000E+00,0.000E+00,1.887E-03,0.000E+00,1.087E-03,1.570E-03,3.290E-04,1.558E-03,2.179E-03,5.360E-03,3.004E-01,1.734E+00,-1.968E-01,2.471E+00,1.751E+00,1.555E+00,-4.918E-03,2.564E+00,2.487E+00,7.946E-02,3.849E+00,1.755E+00,-1.545E-01,2.146E+00,1.678E+00,1.610E+00,-3.691E-03,2.532E+00,2.473E+00,9.766E-02,3.017E+00,1.690E+00,-1.716E-01,2.441E+00,1.892E+00,1.531E+00,-2.679E-03,2.692E+00,2.647E+00,1.154E-01,3.093E+00,1.751E+00,-6.929E-02,1.489E+00,1.886E+00,1.685E+00,-5.243E-03,2.447E+00,2.370E+00,7.000E-02,4.211E+00
19,0.000E+00,0.000E+00,0.000E+00,1.896E-03,0.000E+00,1.096E-03,1.583E-03,3.356E-04,1.586E-03,2.203E-03,5.408E-03,3.033E-01,1.733E+00,-2.037E-01,2.516E+00,1.758E+00,1.548E+00,-4.991E-03,2.564E+00,2.485E+00,7.896E-02,3.867E+00,1.759E+00,-1.613E-01,2.181E+00,1.662E+00,1.607E+00,-4.296E-03,2.545E+00,2.478E+00,9.763E-02,3.018E+00,1.691E+00,-1.772E-01,2.465E+00,1.893E+00,1.528E+00,-2.688E-03,2.692E+00,2.647E+00,1.151E-01,3.098E+00,1.750E+00,-7.156E-02,1.489E+00,1.902E+00,1.683E+00,-5.392E-03,2.440E+00,2.361E+00,6.999E-02,4.211E+00
20,0.000E+00,0.000E+00,0.000E+00,1.905E-03,0.000E+00,1.105E-03,1.596E-03,3.422E-04,1.613E-03,2.227E-03,5.457E-03,3.061E-01,1.732E+00,-2.106E-01,2.560E+00,1.765E+00,1.540E+00,-5.064E-03,2.563E+00,2.483E+00,7.845E-02,3.885E+00,1.763E+00,-1.680E-01,2.216E+00,1.647E+00,1.605E+00,-4.901E-03,2.558E+00,2.482E+00,9.761E-02,3.018E+00,1.693E+00,-1.827E-01,2.489E+00,1.895E+00,1.525E+00,-2.697E-03,2.693E+00,2.647E+00,1.149E-01,3.103E+00,1.750E+00,-7.383E-02,1.489E+00,1.918E+00,1.680E+00,-5.541E-03,2.433E+00,2.352E+00,6.998E-02,4.212E+00
21,0.000E+00,0.000E+00,0.000E+00,1.963E-03,0.000E+00,1.143E-03,1.637E-03,3.609E-04,1.716E-03,2.301E-03,5.647E-03,3.172E-01,1.736E+00,-2.246E-01,2.645E+00,1.755E+00,1.534E+00,-4.749E-03,2.559E+00,2.485E+00,7.842E-02,3.887E+00,1.764E+00,-1.864E-01,2.327E+00,1.650E+00,1.592E+00,-4.857E-03,2.565E+00,2.489E+00,9.765E-02,3.017E+00,1.688E+00,-1.988E-01,2.653E+00,1.890E+00,1.511E+00,-2.823E-03,2.700E+00,2.652E+00,1.142E-01,3.120E+00,1.747E+00,-1.041E-01,1.667E+00,1.892E+00,1.660E+00,-5.830E-03,2.464E+00,2.377E+00,6.962E-02,4.229E+00
22,0.000E+00,0.000E+00,0.000E+00,2.020E-03,0.000E+00,1.181E-03,1.678E-03,3.797E-04,1.819E-03,2.375E-03,5.837E-03,3.282E-01,1.741E+00,-2.386E-01,2.729E+00,1.745E+00,1.527E+00,-4.434E-03,2.556E+00,2.487E+00,7.839E-02,3.888E+00,1.765E+00,-2.047E-01,2.437E+00,1.653E+00,1.579E+00,-4.812E-03,2.571E+00,2.496E+00,9.769E-02,3.016E+00,1.684E+00,-2.148E-01,2.817E+00,1.886E+00,1.497E+00,-2.950E-03,2.707E+00,2.657E+00,1.135E-01,3.137E+00,1.748E+00,-1.344E-01,1.845E+00,1.866E+00,1.639E+00,-6.118E-03,2.494E+00,2.401E+00,6.927E-02,4.246E+00
23,0.000E+00,0.000E+00,0.000E+00,2.077E-03,0.000E+00,1.220E-03,1.719E-03,3.984E-04,1.921E-03,2.450E-03,6.027E-03,3.392E-01,1.745E+00,-2.525E-01,2.814E+00,1.735E+00,1.520E+00,-4.119E-03,2.553E+00,2.489E+00,7.835E-02,3.889E+00,1.767E+00,-2.230E-01,2.548E+00,1.656E+00,1.566E+00,-4.768E-03,2.578E+00,2.503E+00,9.774E-02,3.015E+00,1.682E+00,-2.309E-01,2.980E+00,1.881E+00,1.483E+00,-3.076E-03,2.714E+00,2.662E+00,1.128E-01,3.154E+00,1.750E+00,-1.646E-01,2.023E+00,1.840E+00,1.619E+00,-6.407E-03,2.524E+00,2.426E+00,6.891E-02,4.263E+00
24,0.000E+00,0.000E+00,0.000E+00,2.106E-03,0.000E+00,1.239E-03,1.740E-03,4.078E-04,1.973E-03,2.487E-03,6.121E-03,3.447E-01,1.747E+00,-2.595E-01,2.856E+00,1.730E+00,1.517E+00,-3.961E-03,2.551E+00,2.489E+00,7.834E-02,3.890E+00,1.767E+00,-2.322E-01,2.603E+00,1.658E+00,1.560E+00,-4.746E-03,2.581E+00,2.507E+00,9.776E-02,3.015E+00,1.681E+00,-2.390E-01,3.062E+00,1.879E+00,1.476E+00,-3.140E-03,2.717E+00,2.664E+00,1.124E-01,3.162E+00,1.752E+00,-1.797E-01,2.112E+00,1.828E+00,1.608E+00,-6.551E-03,2.539E+00,2.438E+00,6.873E-02,4.272E+00
25,0.000E+00,0.000E+00,0.000E+00,2.135E-03,0.000E+00,1.258E-03,1.761E-03,4.172E-04,2.024E-03,2.524E-03,6.216E-03,3.502E-01,1.750E+00,-2.665E-01,2.898E+00,1.725E+00,1.513E+00,-3.804E-03,2.550E+00,2.490E+00,7.832E-02,3.890E+00,1.768E+00,-2.413E-01,2.658E+00,1.660E+00,1.553E+00,-4.724E-03,2.585E+00,2.510E+00,9.778E-02,3.014E+00,1.680E+00,-2.470E-01,3.144E+00,1.877E+00,1.469E+00,-3.203E-03,2.721E+00,2.667E+00,1.121E-01,3.171E+00,1.755E+00,-1.949E-01,2.201E+00,1.815E+00,1.598E+00,-6.695E-03,2.554E+00,2.450E+00,6.856E-02,4.280E+00
26,0.000E+00,0.000E+00,0.000E+00,2.192E-03,0.000E+00,1.296E-03,1.802E-03,4.359E-04,2.126E-03,2.599E-03,6.406E-03,3.612E-01,1.754E+00,-2.805E-01,2.982E+00,1.715E+00,1.506E+00,-3.489E-03,2.546E+00,2.492E+00,7.829E-02,3.892E+00,1.771E+00,-2.597E-01,2.769E+00,1.663E+00,1.540E+00,-4.679E-03,2.591E+00,2.517E+00,9.783E-02,3.013E+00,1.679E+00,-2.631E-01,3.308E+00,1.873E+00,1.455E+00,-3.329E-03,2.728E+00,2.671E+00,1.114E-01,3.188E+00,1.762E+00,-2.251E-01,2.379E+00,1.789E+00,1.577E+00,-6.984E-03,2.585E+00,2.475E+00,6.820E-02,4.297E+00
27,0.000E+00,0.000E+00,0.000E+00,2.249E-03,0.000E+00,1.334E-03,1.843E-03,4.547E-04,2.229E-03,2.673E-03,6.596E-03,3.722E-01,1.759E+00,-2.945E-01,3.067E+00,1.705E+00,1.500E+00,-3.173E-03,2.543E+00,2.494E+00,7.826E-02,3.893E+00,1.773E+00,-2.780E-01,2.880E+00,1.666E+00,1.528E+00,-4.635E-03,2.598E+00,2.524E+00,9.787E-02,3.012E+00,1.679E+00,-2.792E-01,3.471E+00,1.868E+00,1.441E+00,-3.456E-03,2.735E+00,2.676E+00,1.107E-01,3.205E+00,1.769E+00,-2.554E-01,2.557E+00,1.763E+00,1.557E+00,-7.272E-03,2.615E+00,2.499E+00,6.784E-02,4.314E+00
28,0.000E+00,0.000E+00,0.000E+00,2.307E-03,0.000E+00,1.373E-03,1.884E-03,4.734E-04,2.332E-03,2.747E-03,6.786E-03,3.832E-01,1.765E+00,-3.085E-01,3.151E+00,1.695E+00,1.493E+00,-2.858E-03,2.540E+00,2.495E+00,7.822E-02,3.894E+00,1.776E+00,-2.963E-01,2.990E+00,1.670E+00,1.515E+00,-4.590E-03,2.605E+00,2.531E+00,9.791E-02,3.011E+00,1.679E+00,-2.953E-01,3.635E+00,1.864E+00,1.427E+00,-3.582E-03,2.742E+00,2.681E+00,1.099E-01,3.222E+00,1.779E+00,-2.856E-01,2.735E+00,1.737E+00,1.536E+00,-7.561E-03,2.645E+00,2.524E+00,6.749E-02,4.331E+00
29,0.000E+00,0.000E+00,0.000E+00,2.335E-03,0.000E+00,1.392E-03,1.904E-03,4.828E-04,2.383E-03,2.785E-03,6.881E-03,3.888E-01,1.767E+00,-3.155E-01,3.193E+00,1.690E+00,1.489E+00,-2.701E-03,2.538E+00,2.496E+00,7.821E-02,3.895E+00,1.777E+00,-3.055E-01,3.046E+00,1.671E+00,1.508E+00,-4.568E-03,2.608E+00,2.535E+00,9.794E-02,3.010E+00,1.680E+00,-3.033E-01,3.717E+00,1.862E+00,1.420E+00,-3.646E-03,2.746E+00,2.683E+00,1.096E-01,3.231E+00,1.783E+00,-3.008E-01,2.824E+00,1.724E+00,1.526E+00,-7.705E-03,2.660E+00,2.536E+00,6.731E-02,4.340E+00
30,0.000E+00,0.000E+00,0.000E+00,2.364E-03,0.000E+00,1.411E-03,1.925E-03,4.922E-04,2.434E-03,2.822E-03,6.976E-03,3.943E-01,1.770E+00,-3.225E-01,3.236E+00,1.685E+00,1.486E+00,-2.543E-03,2.537E+00,2.497E+00,7.819E-02,3.896E+00,1.779E+00,-3.146E-01,3.101E+00,1.673E+00,1.502E+00,-4.546E-03,2.611E+00,2.538E+00,9.796E-02,3.010E+00,1.680E+00,-3.114E-01,3.799E+00,1.860E+00,1.413E+00,-3.709E-03,2.749E+00,2.686E+00,1.092E-01,3.239E+00,1.789E+00,-3.159E-01,2.913E+00,1.711E+00,1.516E+00,-7.849E-03,2.676E+00,2.548E+00,6.713E-02,4.349E+00
31,0.000E+00,0.000E+00,0.000E+00,2.512E-03,0.000E+00,1.520E-03,2.071E-03,5.537E-04,2.683E-03,3.045E-03,7.436E-03,4.242E-01,1.748E+00,-3.511E-01,3.702E+00,1.713E+00,1.458E+00,-2.418E-03,2.542E+00,2.504E+00,7.742E-02,3.928E+00,1.775E+00,-3.323E-01,3.211E+00,1.704E+00,1.488E+00,-4.366E-03,2.616E+00,2.546E+00,9.649E-02,3.049E+00,1.678E+00,-3.210E-01,3.879E+00,1.880E+00,1.405E+00,-3.736E-03,2.749E+00,2.685E+00,1.088E-01,3.251E+00,1.773E+00,-3.479E-01,3.351E+00,1.712E+00,1.490E+00,-7.281E-03,2.662E+00,2.543E+00,6.642E-02,4.387E+00
32,0.000E+00,0.000E+00,0.000E+00,2.587E-03,0.000E+00,1.575E-03,2.144E-03,5.845E-04,2.807E-03,3.156E-03,7.666E-03,4.392E-01,1.739E+00,-3.654E-01,3.936E+00,1.727E+00,1.443E+00,-2.355E-03,2.545E+00,2.508E+00,7.704E-02,3.944E+00,1.773E+00,-3.411E-01,3.267E+00,1.720E+00,1.481E+00,-4.276E-03,2.618E+00,2.549E+00,9.575E-02,3.068E+00,1.677E+00,-3.258E-01,3.919E+00,1.890E+00,1.401E+00,-3.749E-03,2.748E+00,2.684E+00,1.085E-01,3.258E+00,1.767E+00,-3.639E-01,3.570E+00,1.712E+00,1.477E+00,-6.996E-03,2.654E+00,2.541E+00,6.607E-02,4.406E+00
33,0.000E+00,0.000E+00,0.000E+00,2.661E-03,0.000E+00,1.629E-03,2.217E-03,6.152E-04,2.931E-03,3.268E-03,7.896E-03,4.542E-01,1.731E+00,-3.797E-01,4.169E+00,1.741E+00,1.429E+00,-2.292E-03,2.547E+00,2.511E+00,7.666E-02,3.960E+00,1.772E+00,-3.500E-01,3.322E+00,1.736E+00,1.474E+00,-4.186E-03,2.620E+00,2.553E+00,9.502E-02,3.087E+00,1.675E+00,-3.307E-01,3.959E+00,1.900E+00,1.397E+00,-3.762E-03,2.748E+00,2.684E+00,1.083E-01,3.264E+00,1.763E+00,-3.799E-01,3.788E+00,1.712E+00,1.465E+00,-6.712E-03,2.647E+00,2.539E+00,6.571E-02,4.425E+00
34,0.000E+00,0.000E+00,0.000E+00,2.735E-03,0.000E+00,1.684E-03,2.290E-03,6.460E-04,3.055E-03,3.379E-03,8.125E-03,4.692E-01,1.723E+00,-3.940E-01,4.402E+00,1.755E+00,1.415E+00,-2.230E-03,2.550E+00,2.515E+00,7.627E-02,3.976E+00,1.770E+00,-3.588E-01,3.377E+00,1.751E+00,1.467E+00,-4.096E-03,2.622E+00,2.557E+00,9.428E-02,3.107E+00,1.674E+00,-3.355E-01,3.999E+00,1.910E+00,1.393E+00,-3.776E-03,2.748E+00,2.683E+00,1.080E-01,3.270E+00,1.759E+00,-3.959E-01,4.007E+00,1.712E+00,1.452E+00,-6.428E-03,2.640E+00,2.536E+00,6.535E-02,4.444E+00
35,0.000E+00,0.000E+00,0.000E+00,2.809E-03,0.000E+00,1.739E-03,2.364E-03,6.768E-04,3.179E-03,3.491E-03,8.355E-03,4.842E-01,1.717E+00,-4.083E-01,4.636E+00,1.768E+00,1.401E+00,-2.167E-03,2.552E+00,2.518E+00,7.589E-02,3.992E+00,1.768E+00,-3.676E-01,3.432E+00,1.767E+00,1.460E+00,-4.007E-03,2.625E+00,2.560E+00,9.354E-02,3.126E+00,1.673E+00,-3.403E-01,4.039E+00,1.920E+00,1.389E+00,-3.789E-03,2.748E+00,2.683E+00,1.078E-01,3.276E+00,1.756E+00,-4.119E-01,4.226E+00,1.713E+00,1.439E+00,-6.143E-03,2.633E+00,2.534E+00,6.500E-02,4.463E+00
36,0.000E+00,0.000E+00,0.000E+00,2.884E-03,0.000E+00,1.793E-03,2.437E-03,7.075E-04,3.304E-03,3.603E-03,8.585E-03,4.991E-01,1.711E+00,-4.226E-01,4.869E+00,1.782E+00,1.387E+00,-2.104E-03,2.555E+00,2.522E+00,7.550E-02,4.008E+00,1.767E+00,-3.765E-01,3.487E+00,1.783E+00,1.453E+00,-3.917E-03,2.627E+00,2.564E+00,9.281E-02,3.146E+00,1.672E+00,-3.451E-01,4.080E+00,1.930E+00,1.385E+00,-3.802E-03,2.748E+00,2.683E+00,1.076E-01,3.282E+00,1.754E+00,-4.279E-01,4.445E+00,1.713E+00,1.426E+00,-5.859E-03,2.626E+00,2.532E+00,6.464E-02,4.482E+00
37,0.000E+00,0.000E+00,0.000E+00,2.958E-03,0.000E+00,1.848E-03,2.510E-03,7.383E-04,3.428E-03,3.714E-03,8.815E-03,5.141E-01,1.706E+00,-4.369E-01,5.102E+00,1.796E+00,1.373E+00,-2.041E-03,2.557E+00,2.525E+00,7.512E-02,4.024E+00,1.765E+00,-3.853E-01,3.543E+00,1.799E+00,1.446E+00,-3.827E-03,2.629E+00,2.567E+00,9.207E-02,3.165E+00,1.671E+00,-3.499E-01,4.120E+00,1.940E+00,1.381E+00,-3.816E-03,2.747E+00,2.682E+00,1.073E-01,3.289E+00,1.753E+00,-4.439E-01,4.663E+00,1.713E+00,1.413E+00,-5.575E-03,2.619E+00,2.529E+00,6.429E-02,4.501E+00
38,0.000E+00,0.000E+00,0.000E+00,3.032E-03,0.000E+00,1.903E-03,2.583E-03,7.690E-04,3.552E-03,3.826E-03,9.045E-03,5.291E-01,1.702E+00,-4.512E-01,5.336E+00,1.810E+00,1.358E+00,-1.979E-03,2.560E+00,2.529E+00,7.473E-02,4.040E+00,1.764E+00,-3.941E-01,3.598E+00,1.814E+00,1.439E+00,-3.737E-03,2.631E+00,2.571E+00,9.134E-02,3.184E+00,1.670E+00,-3.548E-01,4.160E+00,1.950E+00,1.377E+00,-3.829E-03,2.747E+00,2.682E+00,1.071E-01,3.295E+00,1.752E+00,-4.599E-01,4.882E+00,1.713E+00,1.401E+00,-5.290E-03,2.612E+00,2.527E+00,6.393E-02,4.520E+00
39,0.000E+00,0.000E+00,0.000E+00,3.106E-03,0.000E+00,1.957E-03,2.656E-03,7.998E-04,3.676E-03,3.937E-03,9.275E-03,5.441E-01,1.698E+00,-4.655E-01,5.569E+00,1.824E+00,1.344E+00,-1.916E-03,2.563E+00,2.533E+00,7.435E-02,4.056E+00,1.762E+00,-4.030E-01,3.653E+00,1.830E+00,1.432E+00,-3.647E-03,2.634E+00,2.575E+00,9.060E-02,3.204E+00,1.669E+00,-3.596E-01,4.200E+00,1.960E+00,1.373E+00,-3.842E-03,2.747E+00,2.681E+00,1.068E-01,3.301E+00,1.751E+00,-4.759E-01,5.101E+00,1.713E+00,1.388E+00,-5.006E-03,2.605E+00,2.525E+00,6.357E-02,4.539E+00
40,0.000E+00,0.000E+00,0.000E+00,3.180E-03,0.000E+00,2.012E-03,2.729E-03,8.306E-04,3.800E-03,4.049E-03,9.505E-03,5.591E-01,1.694E+00,-4.798E-01,5.802E+00,1.838E+00,1.330E+00,-1.853E-03,2.565E+00,2.536E+00,7.397E-02,4.072E+00,1.761E+00,-4.118E-01,3.708E+00,1.846E+00,1.425E+00,-3.557E-03,2.636E+00,2.578E+00,8.987E-02,3.223E+00,1.668E+00,-3.644E-01,4.240E+00,1.970E+00,1.369E+00,-3.856E-03,2.747E+00,2.681E+00,1.066E-01,3.307E+00,1.752E+00,-4.919E-01,5.320E+00,1.714E+00,1.375E+00,-4.722E-03,2.598E+00,2.522E+00,6.322E-02,4.558E+00
41,0.000E+00,0.000E+00,0.000E+00,3.255E-03,0.000E+00,2.067E-03,2.802E-03,8.613E-04,3.924E-03,4.160E-03,9.735E-03,5.741E-01,1.691E+00,-4.941E-01,6.035E+00,1.851E+00,1.316E+00,-1.790E-03,2.568E+00,2.540E+00,7.358E-02,4.088E+00,1.759E+00,-4.206E-01,3.764E+00,1.862E+00,1.418E+00,-3.468E-03,2.638E+00,2.582E+00,8.913E-02,3.243E+00,1.667E+00,-3.692E-01,4.280E+00,1.980E+00,1.364E+00,-3.869E-03,2.746E+00,2.680E+00,1.064E-01,3.313E+00,1.752E+00,-5.079E-01,5.538E+00,1.714E+00,1.362E+00,-4.437E-03,2.591E+00,2.520E+00,6.286E-02,4.577E+00
42,0.000E+00,0.000E+00,0.000E+00,3.329E-03,0.000E+00,2.121E-03,2.875E-03,8.921E-04,4.049E-03,4.272E-03,9.965E-03,5.890E-01,1.688E+00,-5.084E-01,6.269E+00,1.865E+00,1.302E+00,-1.727E-03,2.570E+00,2.543E+00,7.320E-02,4.104E+00,1.758E+00,-4.295E-01,3.819E+00,1.877E+00,1.411E+00,-3.378E-03,2.640E+00,2.586E+00,8.840E-02,3.262E+00,1.666E+00,-3.740E-01,4.320E+00,1.990E+00,1.360E+00,-3.882E-03,2.746E+00,2.680E+00,1.061E-01,3.320E+00,1.753E+00,-5.239E-01,5.757E+00,1.714E+00,1.350E+00,-4.153E-03,2.584E+00,2.518E+00,6.251E-02,4.596E+00
43,0.000E+00,0.000E+00,0.000E+00,3.403E-03,0.000E+00,2.176E-03,2.948E-03,9.229E-04,4.173E-03,4.383E-03,1.019E-02,6.040E-01,1.686E+00,-5.227E-01,6.502E+00,1.879E+00,1.288E+00,-1.665E-03,2.573E+00,2.547E+00,7.281E-02,4.120E+00,1.756E+00,-4.383E-01,3.874E+00,1.893E+00,1.404E+00,-3.288E-03,2.643E+00,2.589E+00,8.766E-02,3.281E+00,1.665E+00,-3.789E-01,4.361E+00,2.000E+00,1.356E+00,-3.896E-03,2.746E+00,2.680E+00,1.059E-01,3.326E+00,1.754E+00,-5.399E-01,5.976E+00,1.714E+00,1.337E+00,-3.869E-03,2.577E+00,2.515E+00,6.215E-02,4.615E+00
44,0.000E+00,0.000E+00,0.000E+00,3.477E-03,0.000E+00,2.231E-03,3.021E-03,9.536E-04,4.297E-03,4.495E-03,1.042E-02,6.190E-01,1.683E+00,-5.370E-01,6.735E+00,1.893E+00,1.273E+00,-1.602E-03,2.576E+00,2.550E+00,7.243E-02,4.137E+00,1.755E+00,-4.471E-01,3.929E+00,1.909E+00,1.397E+00,-3.198E-03,2.645E+00,2.593E+00,8.692E-02,3.301E+00,1.664E+00,-3.837E-01,4.401E+00,2.010E+00,1.352E+00,-3.909E-03,2.746E+00,2.679E+00,1.056E-01,3.332E+00,1.756E+00,-5.559E-01,6.195E+00,1.715E+00,1.324E+00,-3.584E-03,2.570E+00,2.513E+00,6.179E-02,4.634E+00
45,0.000E+00,0.000E+00,0.000E+00,3.552E-03,0.000E+00,2.285E-03,3.095E-03,9.844E-04,4.421E-03,4.606E-03,1.065E-02,6.340E-01,1.682E+00,-5.513E-01,6.969E+00,1.907E+00,1.259E+00,-1.539E-03,2.578E+00,2.554E+00,7.205E-02,4.153E+00,1.754E+00,-4.560E-01,3.985E+00,1.924E+00,1.390E+00,-3.108E-03,2.647E+00,2.597E+00,8.619E-02,3.320E+00,1.663E+00,-3.885E-01,4.441E+00,2.020E+00,1.348E+00,-3.922E-03,2.746E+00,2.679E+00,1.054E-01,3.338E+00,1.757E+00,-5.719E-01,6.413E+00,1.715E+00,1.311E+00,-3.300E-03,2.563E+00,2.511E+00,6.144E-02,4.653E+00
46,0.000E+00,0.000E+00,0.000E+00,3.734E-03,0.000E+00,2.414E-03,3.250E-03,1.085E-03,4.872E-03,4.807E-03,1.122E-02,6.713E-01,1.683E+00,-5.599E-01,6.975E+00,1.923E+00,1.258E+00,-3.548E-03,2.666E+00,2.606E+00,7.182E-02,4.163E+00,1.745E+00,-4.748E-01,4.190E+00,1.959E+00,1.372E+00,-3.581E-03,2.624E+00,2.566E+00,8.551E-02,3.340E+00,1.662E+00,-3.997E-01,4.591E+00,2.022E+00,1.339E+00,-2.875E-03,2.725E+00,2.676E+00,1.042E-01,3.371E+00,1.751E+00,-5.610E-01,5.918E+00,1.792E+00,1.319E+00,-5.481E-03,2.587E+00,2.501E+00,6.220E-02,4.611E+00
47,0.000E+00,0.000E+00,0.000E+00,3.826E-03,0.000E+00,2.479E-03,3.328E-03,1.136E-03,5.098E-03,4.908E-03,1.150E-02,6.899E-01,1.684E+00,-5.643E-01,6.978E+00,1.931E+00,1.258E+00,-4.552E-03,2.709E+00,2.632E+00,7.171E-02,4.168E+00,1.741E+00,-4.842E-01,4.293E+00,1.977E+00,1.364E+00,-3.818E-03,2.612E+00,2.551E+00,8.518E-02,3.350E+00,1.661E+00,-4.053E-01,4.667E+00,2.022E+00,1.334E+00,-2.352E-03,2.715E+00,2.675E+00,1.036E-01,3.388E+00,1.748E+00,-5.556E-01,5.670E+00,1.831E+00,1.323E+00,-6.571E-03,2.599E+00,2.496E+00,6.258E-02,4.589E+00
48,0.000E+00,0.000E+00,0.000E+00,3.917E-03,0.000E+00,2.543E-03,3.406E-03,1.186E-03,5.323E-03,5.009E-03,1.178E-02,7.085E-01,1.685E+00,-5.686E-01,6.981E+00,1.939E+00,1.257E+00,-5.557E-03,2.753E+00,2.658E+00,7.160E-02,4.173E+00,1.738E+00,-4.937E-01,4.395E+00,1.994E+00,1.355E+00,-4.054E-03,2.600E+00,2.535E+00,8.484E-02,3.360E+00,1.661E+00,-4.109E-01,4.742E+00,2.023E+00,1.330E+00,-1.829E-03,2.705E+00,2.674E+00,1.030E-01,3.404E+00,1.747E+00,-5.502E-01,5.422E+00,1.870E+00,1.326E+00,-7.662E-03,2.612E+00,2.491E+00,6.295E-02,4.568E+00
49,0.000E+00,0.000E+00,0.000E+00,4.180E-03,0.000E+00,2.740E-03,3.605E-03,1.264E-03,5.626E-03,5.423E-03,1.257E-02,7.578E-01,1.687E+00,-5.717E-01,6.887E+00,1.953E+00,1.257E+00,-4.068E-03,2.704E+00,2.635E+00,7.271E-02,4.124E+00,1.715E+00,-5.352E-01,5.339E+00,1.996E+00,1.313E+00,-4.462E-03,2.676E+00,2.602E+00,8.655E-02,3.310E+00,1.646E+00,-3.844E-01,4.274E+00,2.159E+00,1.339E+00,-2.384E-03,2.739E+00,2.698E+00,1.015E-01,3.445E+00,1.751E+00,-5.539E-01,5.329E+00,1.877E+00,1.329E+00,-6.616E-03,2.618E+00,2.513E+00,6.127E-02,4.666E+00
50,0.000E+00,0.000E+00,0.000E+00,4.312E-03,0.000E+00,2.839E-03,3.704E-03,1.303E-03,5.778E-03,5.630E-03,1.296E-02,7.825E-01,1.688E+00,-5.733E-01,6.840E+00,1.959E+00,1.256E+00,-3.324E-03,2.679E+00,2.624E+00,7.326E-02,4.099E+00,1.707E+00,-5.559E-01,5.810E+00,1.996E+00,1.292E+00,-4.666E-03,2.713E+00,2.635E+00,8.740E-02,3.285E+00,1.640E+00,-3.711E-01,4.040E+00,2.227E+00,1.344E+00,-2.662E-03,2.757E+00,2.711E+00,1.008E-01,3.466E+00,1.753E+00,-5.557E-01,5.282E+00,1.880E+00,1.330E+00,-6.093E-03,2.621E+00,2.524E+00,6.042E-02,4.714E+00
51,0.000E+00,0.000E+00,0.000E+00,4.444E-03,0.000E+00,2.937E-03,3.803E-03,1.341E-03,5.929E-03,5.838E-03,1.336E-02,8.071E-01,1.689E+00,-5.749E-01,6.793E+00,1.966E+00,1.256E+00,-2.579E-03,2.655E+00,2.612E+00,7.382E-02,4.075E+00,1.701E+00,-5.767E-01,6.282E+00,1.997E+00,1.270E+00,-4.870E-03,2.751E+00,2.668E+00,8.826E-02,3.261E+00,1.636E+00,-3.578E-01,3.806E+00,2.296E+00,1.349E+00,-2.940E-03,2.774E+00,2.723E+00,1.001E-01,3.487E+00,1.756E+00,-5.576E-01,5.236E+00,1.883E+00,1.331E+00,-5.570E-03,2.625E+00,2.536E+00,5.958E-02,4.763E+00
52,0.000E+00,0.000E+00,0.000E+00,4.641E-03,0.000E+00,3.108E-03,4.100E-03,1.493E-03,6.402E-03,6.232E-03,1.411E-02,8.587E-01,1.653E+00,-5.720E-01,6.854E+00,2.125E+00,1.232E+00,-2.802E-03,2.668E+00,2.622E+00,7.334E-02,4.096E+00,1.682E+00,-5.996E-01,6.951E+00,2.041E+00,1.243E+00,-5.095E-03,2.771E+00,2.684E+00,8.360E-02,3.405E+00,1.625E+00,-3.767E-01,4.128E+00,2.308E+00,1.327E+00,-2.624E-03,2.767E+00,2.722E+00,1.007E-01,3.468E+00,1.717E+00,-6.240E-01,7.614E+00,1.853E+00,1.266E+00,-2.970E-03,2.536E+00,2.489E+00,5.952E-02,4.767E+00
53,0.000E+00,0.000E+00,0.000E+00,4.740E-03,0.000E+00,3.193E-03,4.248E-03,1.569E-03,6.638E-03,6.429E-03,1.448E-02,8.845E-01,1.636E+00,-5.705E-01,6.885E+00,2.205E+00,1.220E+00,-2.913E-03,2.675E+00,2.627E+00,7.310E-02,4.106E+00,1.674E+00,-6.111E-01,7.286E+00,2.063E+00,1.230E+00,-5.208E-03,2.781E+00,2.691E+00,8.127E-02,3.477E+00,1.620E+00,-3.862E-01,4.290E+00,2.314E+00,1.316E+00,-2.467E-03,2.764E+00,2.721E+00,1.010E-01,3.458E+00,1.709E+00,-6.572E-01,8.803E+00,1.838E+00,1.233E+00,-1.669E-03,2.492E+00,2.466E+00,5.949E-02,4.769E+00
54,0.000E+00,0.000E+00,0.000E+00,4.839E-03,0.000E+00,3.278E-03,4.397E-03,1.645E-03,6.875E-03,6.626E-03,1.486E-02,9.103E-01,1.620E+00,-5.691E-01,6.915E+00,2.284E+00,1.208E+00,-3.024E-03,2.682E+00,2.631E+00,7.286E-02,4.116E+00,1.666E+00,-6.225E-01,7.620E+00,2.086E+00,1.216E+00,-5.321E-03,2.791E+00,2.699E+00,7.894E-02,3.549E+00,1.616E+00,-3.956E-01,4.451E+00,2.320E+00,1.305E+00,-2.309E-03,2.761E+00,2.721E+00,1.014E-01,3.449E+00,1.706E+00,-6.904E-01,9.992E+00,1.823E+00,1.201E+00,-3.694E-04,2.448E+00,2.442E+00,5.946E-02,4.770E+00
55,0.000E+00,0.000E+00,0.000E+00,5.121E-03,0.000E+00,3.489E-03,4.655E-03,1.805E-03,7.610E-03,6.987E-03,1.572E-02,9.707E-01,1.617E+00,-5.505E-01,6.285E+00,2.370E+00,1.220E+00,-4.443E-03,2.736E+00,2.660E+00,7.019E-02,4.242E+00,1.666E+00,-6.377E-01,7.829E+00,2.099E+00,1.210E+00,-6.838E-03,2.834E+00,2.714E+00,7.928E-02,3.537E+00,1.623E+00,-4.228E-01,4.962E+00,2.213E+00,1.294E+00,-1.671E-03,2.737E+00,2.708E+00,1.011E-01,3.456E+00,1.700E+00,-6.609E-01,8.420E+00,1.927E+00,1.225E+00,-4.200E-03,2.574E+00,2.505E+00,5.903E-02,4.797E+00
56,0.000E+00,0.000E+00,0.000E+00,5.263E-03,0.000E+00,3.595E-03,4.784E-03,1.885E-03,7.977E-03,7.167E-03,1.616E-02,1.001E+00,1.616E+00,-5.412E-01,5.970E+00,2.412E+00,1.227E+00,-5.153E-03,2.763E+00,2.674E+00,6.885E-02,4.304E+00,1.666E+00,-6.453E-01,7.933E+00,2.105E+00,1.207E+00,-7.597E-03,2.856E+00,2.721E+00,7.946E-02,3.531E+00,1.628E+00,-4.364E-01,5.218E+00,2.159E+00,1.288E+00,-1.352E-03,2.725E+00,2.702E+00,1.010E-01,3.460E+00,1.701E+00,-6.461E-01,7.634E+00,1.979E+00,1.237E+00,-6.115E-03,2.636E+00,2.536E+00,5.882E-02,4.810E+00
57,0.000E+00,0.000E+00,0.000E+00,5.404E-03,0.000E+00,3.701E-03,4.913E-03,1.966E-03,8.345E-03,7.348E-03,1.659E-02,1.031E+00,1.617E+00,-5.319E-01,5.655E+00,2.455E+00,1.233E+00,-5.862E-03,2.790E+00,2.688E+00,6.751E-02,4.367E+00,1.666E+00,-6.529E-01,8.037E+00,2.112E+00,1.204E+00,-8.356E-03,2.878E+00,2.729E+00,7.963E-02,3.525E+00,1.635E+00,-4.499E-01,5.473E+00,2.106E+00,1.283E+00,-1.033E-03,2.713E+00,2.695E+00,1.008E-01,3.464E+00,1.705E+00,-6.313E-01,6.848E+00,2.031E+00,1.249E+00,-8.030E-03,2.699E+00,2.567E+00,5.860E-02,4.823E+00
58,0.000E+00,0.000E+00,0.000E+00,5.793E-03,0.000E+00,3.992E-03,5.148E-03,2.180E-03,9.098E-03,8.025E-03,1.771E-02,1.112E+00,1.601E+00,-5.619E-01,6.500E+00,2.454E+00,1.204E+00,-4.641E-03,2.688E+00,2.610E+00,6.816E-02,4.335E+00,1.652E+00,-6.787E-01,9.358E+00,2.091E+00,1.178E+00,-5.631E-03,2.796E+00,2.696E+00,8.009E-02,3.510E+00,1.623E+00,-4.452E-01,5.395E+00,2.175E+00,1.276E+00,-9.365E-04,2.697E+00,2.681E+00,1.008E-01,3.464E+00,1.685E+00,-6.711E-01,8.432E+00,2.019E+00,1.213E+00,-8.370E-03,2.728E+00,2.588E+00,5.770E-02,4.881E+00
59,0.000E+00,0.000E+00,0.000E+00,5.987E-03,0.000E+00,4.137E-03,5.266E-03,2.287E-03,9.475E-03,8.364E-03,1.827E-02,1.152E+00,1.595E+00,-5.769E-01,6.923E+00,2.453E+00,1.189E+00,-4.031E-03,2.637E+00,2.571E+00,6.849E-02,4.319E+00,1.648E+00,-6.917E-01,1.002E+01,2.081E+00,1.165E+00,-4.269E-03,2.754E+00,2.680E+00,8.031E-02,3.503E+00,1.617E+00,-4.428E-01,5.356E+00,2.209E+00,1.273E+00,-8.883E-04,2.689E+00,2.674E+00,1.008E-01,3.465E+00,1.678E+00,-6.910E-01,9.224E+00,2.014E+00,1.195E+00,-8.539E-03,2.742E+00,2.599E+00,5.724E-02,4.910E+00
60,0.000E+00,0.000E+00,0.000E+00,6.182E-03,0.000E+00,4.283E-03,5.384E-03,2.394E-03,9.852E-03,8.702E-03,1.883E-02,1.192E+00,1.590E+00,-5.919E-01,7.345E+00,2.453E+00,1.174E+00,-3.420E-03,2.586E+00,2.532E+00,6.882E-02,4.303E+00,1.644E+00,-7.046E-01,1.068E+01,2.070E+00,1.152E+00,-2.906E-03,2.713E+00,2.664E+00,8.054E-02,3.495E+00,1.612E+00,-4.404E-01,5.316E+00,2.244E+00,1.270E+00,-8.402E-04,2.681E+00,2.667E+00,1.008E-01,3.465E+00,1.674E+00,-7.109E-01,1.002E+01,2.008E+00,1.177E+00,-8.709E-03,2.756E+00,2.609E+00,5.679E-02,4.939E+00
61,0.000E+00,0.000E+00,0.000E+00,6.501E-03,0.000E+00,4.590E-03,5.783E-03,2.720E-03,1.089E-02,9.289E-03,1.997E-02,1.280E+00,1.575E+00,-6.347E-01,9.141E+00,2.398E+00,1.143E+00,-4.632E-03,2.648E+00,2.573E+00,6.673E-02,4.409E+00,1.614E+00,-7.500E-01,1.354E+01,2.111E+00,1.111E+00,-3.467E-03,2.718E+00,2.660E+00,8.128E-02,3.471E+00,1.596E+00,-4.869E-01,6.759E+00,2.164E+00,1.234E+00,-1.098E-03,2.704E+00,2.685E+00,1.005E-01,3.473E+00,1.655E+00,-7.020E-01,9.389E+00,2.135E+00,1.170E+00,-6.348E-03,2.658E+00,2.553E+00,5.839E-02,4.839E+00
62,0.000E+00,0.000E+00,0.000E+00,6.661E-03,0.000E+00,4.743E-03,5.982E-03,2.882E-03,1.141E-02,9.582E-03,2.055E-02,1.324E+00,1.572E+00,-6.562E-01,1.004E+01,2.371E+00,1.128E+00,-5.238E-03,2.680E+00,2.593E+00,6.568E-02,4.463E+00,1.604E+00,-7.728E-01,1.497E+01,2.132E+00,1.091E+00,-3.747E-03,2.721E+00,2.657E+00,8.165E-02,3.459E+00,1.594E+00,-5.101E-01,7.480E+00,2.125E+00,1.216E+00,-1.227E-03,2.715E+00,2.694E+00,1.004E-01,3.477E+00,1.646E+00,-6.976E-01,9.075E+00,2.199E+00,1.166E+00,-5.168E-03,2.609E+00,2.525E+00,5.920E-02,4.788E+00
63,0.000E+00,0.000E+00,0.000E+00,6.820E-03,0.000E+00,4.897E-03,6.182E-03,3.045E-03,1.192E-02,9.876E-03,2.112E-02,1.367E+00,1.571E+00,-6.776E-01,1.094E+01,2.344E+00,1.112E+00,-5.844E-03,2.711E+00,2.614E+00,6.463E-02,4.516E+00,1.595E+00,-7.955E-01,1.640E+01,2.153E+00,1.071E+00,-4.028E-03,2.723E+00,2.655E+00,8.202E-02,3.447E+00,1.595E+00,-5.333E-01,8.201E+00,2.085E+00,1.198E+00,-1.355E-03,2.726E+00,2.703E+00,1.003E-01,3.481E+00,1.639E+00,-6.931E-01,8.761E+00,2.263E+00,1.163E+00,-3.988E-03,2.560E+00,2.497E+00,6.000E-02,4.738E+00
64,0.000E+00,0.000E+00,0.000E+00,7.271E-03,0.000E+00,5.312E-03,6.762E-03,3.384E-03,1.309E-02,1.070E-02,2.272E-02,1.482E+00,1.569E+00,-7.097E-01,1.301E+01,2.266E+00,1.095E+00,-3.812E-03,2.656E+00,2.593E+00,6.507E-02,4.493E+00,1.545E+00,-8.233E-01,2.278E+01,2.189E+00,1.027E+00,-2.804E-03,2.669E+00,2.622E+00,7.868E-02,3.561E+00,1.570E+00,-5.709E-01,1.038E+01,2.062E+00,1.162E+00,-8.724E-04,2.716E+00,2.701E+00,1.011E-01,3.456E+00,1.582E+00,-7.788E-01,1.634E+01,2.172E+00,1.096E+00,-3.291E-03,2.574E+00,2.522E+00,5.724E-02,4.917E+00
65,0.000E+00,0.000E+00,0.000E+00,7.496E-03,0.000E+00,5.520E-03,7.052E-03,3.553E-03,1.367E-02,1.111E-02,2.352E-02,1.539E+00,1.570E+00,-7.258E-01,1.405E+01,2.227E+00,1.086E+00,-2.796E-03,2.629E+00,2.583E+00,6.529E-02,4.481E+00,1.527E+00,-8.372E-01,2.597E+01,2.208E+00,1.006E+00,-2.192E-03,2.642E+00,2.605E+00,7.701E-02,3.618E+00,1.563E+00,-5.897E-01,1.147E+01,2.051E+00,1.144E+00,-6.308E-04,2.712E+00,2.701E+00,1.016E-01,3.444E+00,1.579E+00,-8.216E-01,2.013E+01,2.126E+00,1.062E+00,-2.943E-03,2.581E+00,2.535E+00,5.586E-02,5.006E+00
66,0.000E+00,0.000E+00,0.000E+00,7.722E-03,0.000E+00,5.727E-03,7.341E-03,3.723E-03,1.425E-02,1.153E-02,2.432E-02,1.597E+00,1.573E+00,-7.418E-01,1.509E+01,2.188E+00,1.077E+00,-1.780E-03,2.601E+00,2.572E+00,6.550E-02,4.470E+00,1.513E+00,-8.511E-01,2.916E+01,2.226E+00,9.843E-01,-1.580E-03,2.614E+00,2.589E+00,7.534E-02,3.675E+00,1.558E+00,-6.086E-01,1.256E+01,2.040E+00,1.126E+00,-3.893E-04,2.707E+00,2.700E+00,1.020E-01,3.432E+00,1.584E+00,-8.645E-01,2.392E+01,2.081E+00,1.029E+00,-2.595E-03,2.588E+00,2.547E+00,5.448E-02,5.096E+00
67,0.000E+00,0.000E+00,0.000E+00,8.409E-03,0.000E+00,6.239E-03,7.923E-03,4.037E-03,1.549E-02,1.253E-02,2.653E-02,1.737E+00,1.503E+00,-7.643E-01,1.967E+01,2.364E+00,1.021E+00,-6.232E-04,2.569E+00,2.559E+00,6.458E-02,4.520E+00,1.473E+00,-8.543E-01,3.350E+01,2.325E+00,9.579E-01,-1.714E-03,2.694E+00,2.665E+00,7.447E-02,3.707E+00,1.527E+00,-6.280E-01,1.498E+01,2.073E+00,1.097E+00,-1.103E-03,2.710E+00,2.691E+00,1.002E-01,3.484E+00,1.527E+00,-8.829E-01,3.173E+01,2.183E+00,9.860E-01,-1.057E-03,2.537E+00,2.520E+00,5.467E-02,5.083E+00
68,0.000E+00,0.000E+00,0.000E+00,8.753E-03,0.000E+00,6.496E-03,8.214E-03,4.195E-03,1.611E-02,1.304E-02,2.763E-02,1.807E+00,1.473E+00,-7.756E-01,2.196E+01,2.452E+00,9.937E-01,-4.508E-05,2.554E+00,2.553E+00,6.412E-02,4.544E+00,1.454E+00,-8.559E-01,3.567E+01,2.374E+00,9.447E-01,-1.781E-03,2.734E+00,2.704E+00,7.404E-02,3.724E+00,1.515E+00,-6.377E-01,1.619E+01,2.089E+00,1.082E+00,-1.460E-03,2.711E+00,2.687E+00,9.930E-02,3.510E+00,1.504E+00,-8.921E-01,3.563E+01,2.234E+00,9.647E-01,-2.875E-04,2.512E+00,2.507E+00,5.476E-02,5.076E+00
69,0.000E+00,0.000E+00,0.000E+00,9.097E-03,0.000E+00,6.752E-03,8.505E-03,4.352E-03,1.673E-02,1.354E-02,2.874E-02,1.877E+00,1.447E+00,-7.868E-01,2.425E+01,2.540E+00,9.659E-01,5.331E-04,2.538E+00,2.546E+00,6.366E-02,4.569E+00,1.437E+00,-8.575E-01,3.784E+01,2.424E+00,9.314E-01,-1.848E-03,2.774E+00,2.742E+00,7.360E-02,3.740E+00,1.504E+00,-6.474E-01,1.740E+01,2.105E+00,1.067E+00,-1.817E-03,2.713E+00,2.682E+00,9.841E-02,3.536E+00,1.483E+00,-9.013E-01,3.954E+01,2.285E+00,9.433E-01,4.817E-04,2.486E+00,2.494E+00,5.486E-02,5.069E+00
70,0.000E+00,0.000E+00,0.000E+00,9.668E-03,0.000E+00,7.376E-03,9.162E-03,5.002E-03,1.893E-02,1.475E-02,3.077E-02,2.047E+00,1.405E+00,-7.918E-01,2.788E+01,2.669E+00,9.370E-01,1.684E-04,2.556E+00,2.559E+00,6.272E-02,4.622E+00,1.403E+00,-8.529E-01,3.735E+01,2.609E+00,9.108E-01,1.948E-03,2.647E+00,2.677E+00,7.508E-02,3.685E+00,1.467E+00,-6.493E-01,1.867E+01,2.231E+00,1.040E+00,-3.511E-04,2.655E+00,2.648E+00,9.768E-02,3.558E+00,1.428E+00,-8.792E-01,3.678E+01,2.566E+00,9.184E-01,2.226E-03,2.444E+00,2.477E+00,5.383E-02,5.143E+00
71,0.000E+00,0.000E+00,0.000E+00,9.954E-03,0.000E+00,7.688E-03,9.490E-03,5.326E-03,2.003E-02,1.536E-02,3.179E-02,2.133E+00,1.386E+00,-7.942E-01,2.969E+01,2.733E+00,9.226E-01,-1.387E-05,2.566E+00,2.565E+00,6.225E-02,4.649E+00,1.388E+00,-8.505E-01,3.710E+01,2.701E+00,9.004E-01,3.846E-03,2.583E+00,2.645E+00,7.583E-02,3.658E+00,1.450E+00,-6.503E-01,1.931E+01,2.293E+00,1.027E+00,3.817E-04,2.626E+00,2.632E+00,9.732E-02,3.569E+00,1.403E+00,-8.682E-01,3.540E+01,2.707E+00,9.059E-01,3.098E-03,2.422E+00,2.468E+00,5.332E-02,5.179E+00
72,0.000E+00,0.000E+00,0.000E+00,1.024E-02,0.000E+00,8.001E-03,9.819E-03,5.651E-03,2.113E-02,1.596E-02,3.281E-02,2.218E+00,1.368E+00,-7.967E-01,3.150E+01,2.797E+00,9.081E-01,-1.962E-04,2.575E+00,2.572E+00,6.178E-02,4.675E+00,1.372E+00,-8.482E-01,3.686E+01,2.794E+00,8.901E-01,5.744E-03,2.520E+00,2.612E+00,7.657E-02,3.631E+00,1.433E+00,-6.513E-01,1.995E+01,2.356E+00,1.013E+00,1.115E-03,2.597E+00,2.615E+00,9.695E-02,3.580E+00,1.381E+00,-8.572E-01,3.401E+01,2.848E+00,8.935E-01,3.970E-03,2.401E+00,2.460E+00,5.281E-02,5.216E+00
73,0.000E+00,0.000E+00,0.000E+00,1.077E-02,0.000E+00,8.438E-03,1.019E-02,6.054E-03,2.237E-02,1.687E-02,3.475E-02,2.343E+00,1.343E+00,-7.816E-01,2.938E+01,2.986E+00,8.989E-01,-9.290E-04,2.580E+00,2.565E+00,6.226E-02,4.648E+00,1.331E+00,-8.238E-01,3.452E+01,3.051E+00,8.732E-01,7.645E-03,2.458E+00,2.577E+00,7.340E-02,3.752E+00,1.409E+00,-6.335E-01,1.882E+01,2.495E+00,1.005E+00,1.810E-03,2.558E+00,2.587E+00,9.627E-02,3.601E+00,1.361E+00,-8.362E-01,3.119E+01,2.994E+00,8.897E-01,4.358E-03,2.370E+00,2.435E+00,5.245E-02,5.243E+00
74,0.000E+00,0.000E+00,0.000E+00,1.131E-02,0.000E+00,8.875E-03,1.055E-02,6.457E-03,2.361E-02,1.777E-02,3.669E-02,2.468E+00,1.321E+00,-7.665E-01,2.727E+01,3.175E+00,8.896E-01,-1.662E-03,2.585E+00,2.559E+00,6.273E-02,4.621E+00,1.295E+00,-7.995E-01,3.218E+01,3.309E+00,8.562E-01,9.546E-03,2.396E+00,2.543E+00,7.024E-02,3.873E+00,1.387E+00,-6.156E-01,1.769E+01,2.635E+00,9.968E-01,2.506E-03,2.520E+00,2.559E+00,9.559E-02,3.622E+00,1.345E+00,-8.153E-01,2.837E+01,3.141E+00,8.858E-01,4.747E-03,2.340E+00,2.409E+00,5.208E-02,5.270E+00
75,0.000E+00,0.000E+00,0.000E+00,1.177E-02,0.000E+00,9.377E-03,1.114E-02,7.012E-03,2.549E-02,1.877E-02,3.816E-02,2.606E+00,1.296E+00,-7.552E-01,2.646E+01,3.372E+00,8.769E-01,-7.926E-04,2.538E+00,2.525E+00,6.096E-02,4.726E+00,1.269E+00,-7.841E-01,2.929E+01,3.589E+00,8.476E-01,5.671E-03,2.431E+00,2.518E+00,7.279E-02,3.774E+00,1.361E+00,-6.053E-01,1.712E+01,2.816E+00,9.830E-01,3.280E-03,2.489E+00,2.540E+00,9.520E-02,3.635E+00,1.301E+00,-8.071E-01,2.853E+01,3.450E+00,8.605E-01,6.869E-03,2.289E+00,2.387E+00,5.190E-02,5.284E+00
76,0.000E+00,0.000E+00,0.000E+00,1.223E-02,0.000E+00,9.880E-03,1.173E-02,7.567E-03,2.737E-02,1.976E-02,3.964E-02,2.745E+00,1.272E+00,-7.439E-01,2.565E+01,3.570E+00,8.641E-01,7.659E-05,2.491E+00,2.492E+00,5.918E-02,4.831E+00,1.249E+00,-7.687E-01,2.640E+01,3.869E+00,8.390E-01,1.795E-03,2.466E+00,2.493E+00,7.535E-02,3.675E+00,1.337E+00,-5.949E-01,1.656E+01,2.998E+00,9.693E-01,4.055E-03,2.458E+00,2.521E+00,9.481E-02,3.647E+00,1.262E+00,-7.988E-01,2.869E+01,3.758E+00,8.352E-01,8.991E-03,2.238E+00,2.365E+00,5.173E-02,5.297E+00
77,0.000E+00,0.000E+00,0.000E+00,1.274E-02,0.000E+00,1.040E-02,1.232E-02,8.083E-03,2.880E-02,2.078E-02,4.184E-02,2.890E+00,1.231E+00,-7.390E-01,2.550E+01,3.949E+00,8.384E-01,6.365E-03,2.324E+00,2.410E+00,5.847E-02,4.875E+00,1.188E+00,-7.767E-01,2.921E+01,4.383E+00,7.983E-01,2.154E-03,2.440E+00,2.473E+00,7.263E-02,3.780E+00,1.308E+00,-5.855E-01,1.610E+01,3.236E+00,9.530E-01,5.784E-03,2.385E+00,2.470E+00,9.392E-02,3.676E+00,1.214E+00,-7.825E-01,2.786E+01,4.207E+00,8.120E-01,6.218E-03,2.292E+00,2.380E+00,5.028E-02,5.413E+00
78,0.000E+00,0.000E+00,0.000E+00,1.324E-02,0.000E+00,1.092E-02,1.291E-02,8.598E-03,3.024E-02,2.181E-02,4.405E-02,3.034E+00,1.195E+00,-7.341E-01,2.535E+01,4.328E+00,8.128E-01,1.265E-02,2.156E+00,2.329E+00,5.777E-02,4.920E+00,1.136E+00,-7.846E-01,3.203E+01,4.896E+00,7.576E-01,2.513E-03,2.415E+00,2.453E+00,6.992E-02,3.886E+00,1.281E+00,-5.761E-01,1.564E+01,3.473E+00,9.367E-01,7.513E-03,2.312E+00,2.420E+00,9.302E-02,3.706E+00,1.173E+00,-7.662E-01,2.703E+01,4.656E+00,7.888E-01,3.445E-03,2.345E+00,2.395E+00,4.883E-02,5.529E+00
79,0.000E+00,0.000E+00,0.000E+00,1.329E-02,0.000E+00,1.127E-02,1.327E-02,9.255E-03,3.178E-02,2.258E-02,4.511E-02,3.137E+00,1.152E+00,-7.127E-01,2.329E+01,4.939E+00,7.922E-01,2.529E-02,1.989E+00,2.312E+00,5.757E-02,4.933E+00,1.080E+00,-7.660E-01,3.017E+01,5.762E+00,7.296E-01,3.873E-03,2.336E+00,2.391E+00,6.803E-02,3.967E+00,1.239E+00,-5.636E-01,1.510E+01,3.911E+00,9.125E-01,1.106E-02,2.212E+00,2.364E+00,9.170E-02,3.751E+00,1.124E+00,-7.679E-01,2.742E+01,5.323E+00,7.565E-01,9.557E-03,2.191E+00,2.317E+00,4.884E-02,5.528E+00
80,0.000E+00,0.000E+00,0.000E+00,1.334E-02,0.000E+00,1.163E-02,1.363E-02,9.912E-03,3.331E-02,2.336E-02,4.617E-02,3.239E+00,1.118E+00,-6.912E-01,2.123E+01,5.551E+00,7.717E-01,3.793E-02,1.822E+00,2.294E+00,5.736E-02,4.947E+00,1.036E+00,-7.474E-01,2.832E+01,6.629E+00,7.015E-01,5.234E-03,2.256E+00,2.329E+00,6.614E-02,4.049E+00,1.202E+00,-5.512E-01,1.457E+01,4.348E+00,8.883E-01,1.462E-02,2.113E+00,2.308E+00,9.037E-02,3.796E+00,1.082E+00,-7.696E-01,2.781E+01,5.991E+00,7.242E-01,1.567E-02,2.037E+00,2.238E+00,4.885E-02,5.527E+00
81,0.000E+00,0.000E+00,0.000E+00,1.306E-02,0.000E+00,1.162E-02,1.324E-02,1.016E-02,3.396E-02,2.328E-02,4.566E-02,3.232E+00,1.046E+00,-6.838E-01,2.100E+01,6.934E+00,7.288E-01,5.846E-02,1.592E+00,2.250E+00,5.536E-02,5.085E+00,9.653E-01,-7.181E-01,2.480E+01,8.654E+00,6.713E-01,1.755E-02,2.051E+00,2.269E+00,6.197E-02,4.258E+00,1.151E+00,-5.399E-01,1.426E+01,5.053E+00,8.572E-01,2.461E-02,1.937E+00,2.238E+00,8.867E-02,3.857E+00,9.899E-01,-7.373E-01,2.484E+01,8.160E+00,6.812E-01,5.733E-02,1.651E+00,2.285E+00,4.527E-02,5.867E+00
82,0.000E+00,0.000E+00,0.000E+00,1.277E-02,0.000E+00,1.161E-02,1.284E-02,1.041E-02,3.461E-02,2.321E-02,4.515E-02,3.224E+00,9.910E-01,-6.763E-01,2.077E+01,8.316E+00,6.859E-01,7.899E-02,1.362E+00,2.205E+00,5.336E-02,5.224E+00,9.240E-01,-6.888E-01,2.128E+01,1.068E+01,6.411E-01,2.987E-02,1.847E+00,2.209E+00,5.780E-02,4.468E+00,1.108E+00,-5.286E-01,1.394E+01,5.758E+00,8.261E-01,3.461E-02,1.762E+00,2.169E+00,8.697E-02,3.918E+00,9.340E-01,-7.050E-01,2.187E+01,1.033E+01,6.383E-01,9.900E-02,1.264E+00,2.331E+00,4.169E-02,6.208E+00
83,0.000E+00,0.000E+00,0.000E+00,1.097E-02,0.000E+00,1.053E-02,1.145E-02,9.994E-03,3.226E-02,2.099E-02,4.010E-02,2.918E+00,8.842E-01,-6.453E-01,1.810E+01,1.331E+01,6.452E-01,8.900E-02,1.238E+00,2.112E+00,4.941E-02,5.555E+00,7.912E-01,-6.562E-01,1.858E+01,2.070E+01,5.899E-01,5.896E-02,1.550E+00,2.176E+00,5.366E-02,4.730E+00,1.024E+00,-5.128E-01,1.323E+01,7.810E+00,7.799E-01,6.680E-02,1.423E+00,2.073E+00,8.324E-02,4.069E+00,8.245E-01,-6.702E-01,1.893E+01,1.757E+01,5.999E-01,9.900E-02,1.192E+00,2.186E+00,3.976E-02,6.433E+00
84,0.000E+00,0.000E+00,0.000E+00,9.174E-03,0.000E+00,9.445E-03,1.005E-02,9.580E-03,2.990E-02,1.877E-02,3.505E-02,2.612E+00,8.368E-01,-6.142E-01,1.543E+01,1.830E+01,6.044E-01,9.900E-02,1.113E+00,2.020E+00,4.547E-02,5.885E+00,7.440E-01,-6.235E-01,1.588E+01,3.072E+01,5.387E-01,8.805E-02,1.254E+00,2.143E+00,4.951E-02,4.992E+00,9.685E-01,-4.969E-01,1.252E+01,9.862E+00,7.336E-01,9.900E-02,1.084E+00,1.978E+00,7.952E-02,4.219E+00,7.811E-01,-6.353E-01,1.599E+01,2.480E+01,5.614E-01,9.900E-02,1.119E+00,2.041E+00,3.784E-02,6.657E+00
85,0.000E+00,0.000E+00,0.000E+00,6.280E-03,0.000E+00,6.516E-03,6.948E-03,6.699E-03,2.068E-02,1.294E-02,2.420E-02,1.804E+00,7.544E-01,-5.791E-01,1.258E+01,3.622E+01,5.829E-01,9.900E-02,1.116E+00,2.030E+00,4.118E-02,6.369E+00,7.060E-01,-5.990E-01,1.291E+01,5.300E+01,5.429E-01,9.353E-02,1.107E+00,1.931E+00,4.427E-02,5.443E+00,8.775E-01,-4.692E-01,1.063E+01,1.681E+01,7.049E-01,9.898E-02,9.440E-01,1.725E+00,7.343E-02,4.525E+00,7.354E-01,-6.077E-01,1.299E+01,4.223E+01,5.549E-01,9.898E-02,9.616E-01,1.757E+00,3.200E-02,7.634E+00
86,0.000E+00,0.000E+00,0.000E+00,3.386E-03,0.000E+00,3.587E-03,3.843E-03,3.817E-03,1.147E-02,7.113E-03,1.335E-02,9.966E-01,7.504E-01,-5.439E-01,9.726E+00,5.413E+01,5.613E-01,9.900E-02,1.119E+00,2.041E+00,3.689E-02,6.852E+00,7.192E-01,-5.746E-01,9.936E+00,7.528E+01,5.471E-01,9.900E-02,9.608E-01,1.719E+00,3.903E-02,5.893E+00,8.516E-01,-4.414E-01,8.746E+00,2.376E+01,6.762E-01,9.897E-02,8.038E-01,1.472E+00,6.733E-02,4.832E+00,7.436E-01,-5.801E-01,9.987E+00,5.965E+01,5.484E-01,9.897E-02,8.038E-01,1.472E+00,2.617E-02,8.611E+00
87,0.000E+00,0.000E+00,0.000E+00,1.699E-03,0.000E+00,1.819E-03,1.951E-03,1.932E-03,5.841E-03,3.603E-03,6.758E-03,5.049E-01,9.116E-01,-2.720E-01,4.863E+00,2.706E+01,2.806E-01,4.950E-02,5.597E-01,1.021E+00,1.844E-02,3.426E+00,8.704E-01,-2.873E-01,4.968E+00,3.764E+01,2.735E-01,4.950E-02,4.804E-01,8.593E-01,1.952E-02,2.947E+00,1.051E+00,-2.207E-01,4.373E+00,1.188E+01,3.381E-01,4.948E-02,4.019E-01,7.361E-01,3.367E-02,2.416E+00,8.994E-01,-2.901E-01,4.994E+00,2.983E+01,2.742E-01,4.948E-02,4.019E-01,7.361E-01,1.309E-02,4.305E+00
88,0.000E+00,0.000E+00,0.000E+00,1.250E-05,0.000E+00,5.078E-05,5.938E-05,4.609E-05,2.133E-04,9.297E-05,1.625E-04,1.315E-02,3.142E+00,0.000E+00,0.000E+00,0.000E+00,0.000E+00,0.000E+00,0.000E+00,0.000E+00,0.000E+00,0.000E+00,3.142E+00,0.000E+00,0.000E+00,0.000E+00,0.000E+00,0.000E+00,0.000E+00,0.000E+00,0.000E+00,0.000E+00,3.142E+00,0.000E+00,0.000E+00,0.000E+00,0.000E+00,0.000E+00,0.000E+00,0.000E+00,0.000E+00,0.000E+00,3.142E+00,0.000E+00,0.000E+00,0.000E+00,0.000E+00,0.000E+00,0.000E+00,0.000E+00,0.000E+00,0.000E+00
89,0.000E+00,0.000E+00,0.000E+00,0.000E+00,0.000E+00,0.000E+00,7.812E-07,0.000E+00,3.906E-06,2.344E-06,2.344E-06,1.757E-04,3.142E+00,0.000E+00,0.000E+00,0.000E+00,0.000E+00,0.000E+00,0.000E+00,0.000E+00,0.000E+00,0.000E+00,3.142E+00,0.000E+00,0.000E+00,0.000E+00,0.000E+00,0.000E+00,0.000E+00,0.000E+00,0.000E+00,0.000E+00,3.142E+00,0.000E+00,0.000E+00,0.000E+00,0.000E+00,0.000E+00,0.000E+00,0.000E+00,0.000E+00,0.000E+00,3.142E+00,0.000E+00,0.000E+00,0.000E+00,0.000E+00,0.000E+00,0.000E+00,0.000E+00,0.000E+00,0.000E+00
