alpha,H,Fe,Cr,O,Fe_1,O_1,Cr_2,O_2,amu/ion,phiK_Cr,phiTilt_Cr,phiM_Cr,phiN_Cr,thetaK_Cr,thetaTilt_Cr,thetaM_Cr,thetaN_Cr,energyK_Cr,energyE_Cr,phiK_Fe,phiTilt_Fe,phiM_Fe,phiN_Fe,thetaK_Fe,thetaTilt_Fe,thetaM_Fe,thetaN_Fe,energyK_Fe,energyE_Fe,phiK_O,phiTilt_O,phiM_O,phiN_O,thetaK_O,thetaTilt_O,thetaM_O,thetaN_O,energyK_O,energyE_O
0,0.000E+00,1.642E-03,3.056E-03,0.000E+00,0.000E+00,0.000E+00,1.595E-03,7.496E-03,4.535E-01,1.759E+00,-1.349E-02,1.507E+00,1.512E+00,3.142E+00,-1.258E-03,2.464E+00,2.445E+00,5.133E-02,4.517E+00,1.730E+00,5.896E-02,1.199E+00,2.012E+00,3.142E+00,-6.452E-03,2.604E+00,2.502E+00,7.257E-02,3.470E+00,1.621E+00,1.495E-02,1.705E+00,1.997E+00,3.142E+00,-1.871E-03,2.857E+00,2.823E+00,1.319E-01,2.760E+00
1,0.000E+00,1.657E-03,3.061E-03,0.000E+00,0.000E+00,0.000E+00,1.596E-03,7.501E-03,4.547E-01,1.760E+00,-1.910E-02,1.529E+00,1.516E+00,3.142E+00,-1.201E-03,2.460E+00,2.442E+00,5.122E-02,4.523E+00,1.731E+00,4.651E-02,1.240E+00,1.936E+00,3.142E+00,-6.273E-03,2.600E+00,2.501E+00,7.267E-02,3.466E+00,1.610E+00,5.473E-03,1.776E+00,1.983E+00,3.142E+00,-2.146E-03,2.869E+00,2.830E+00,1.320E-01,2.758E+00
2,0.000E+00,1.671E-03,3.067E-03,0.000E+00,0.000E+00,0.000E+00,1.596E-03,7.507E-03,4.559E-01,1.761E+00,-2.472E-02,1.552E+00,1.519E+00,3.142E+00,-1.143E-03,2.456E+00,2.439E+00,5.111E-02,4.530E+00,1.732E+00,3.407E-02,1.282E+00,1.860E+00,3.142E+00,-6.093E-03,2.596E+00,2.500E+00,7.276E-02,3.463E+00,1.604E+00,-4.007E-03,1.847E+00,1.969E+00,3.142E+00,-2.420E-03,2.881E+00,2.837E+00,1.321E-01,2.756E+00
3,0.000E+00,1.686E-03,3.072E-03,0.000E+00,0.000E+00,0.000E+00,1.597E-03,7.512E-03,4.571E-01,1.761E+00,-3.034E-02,1.575E+00,1.523E+00,3.142E+00,-1.085E-03,2.453E+00,2.436E+00,5.101E-02,4.536E+00,1.735E+00,2.163E-02,1.323E+00,1.784E+00,3.142E+00,-5.914E-03,2.591E+00,2.498E+00,7.286E-02,3.460E+00,1.604E+00,-1.349E-02,1.918E+00,1.955E+00,3.142E+00,-2.695E-03,2.893E+00,2.843E+00,1.322E-01,2.754E+00
4,0.000E+00,1.693E-03,3.074E-03,0.000E+00,0.000E+00,0.000E+00,1.598E-03,7.515E-03,4.577E-01,1.762E+00,-3.315E-02,1.586E+00,1.525E+00,3.142E+00,-1.056E-03,2.451E+00,2.435E+00,5.095E-02,4.540E+00,1.736E+00,1.541E-02,1.344E+00,1.746E+00,3.142E+00,-5.824E-03,2.589E+00,2.498E+00,7.290E-02,3.458E+00,1.604E+00,-1.823E-02,1.954E+00,1.948E+00,3.142E+00,-2.832E-03,2.899E+00,2.846E+00,1.323E-01,2.753E+00
5,0.000E+00,1.700E-03,3.077E-03,0.000E+00,0.000E+00,0.000E+00,1.598E-03,7.517E-03,4.583E-01,1.762E+00,-3.596E-02,1.597E+00,1.527E+00,3.142E+00,-1.027E-03,2.449E+00,2.433E+00,5.090E-02,4.543E+00,1.738E+00,9.185E-03,1.364E+00,1.708E+00,3.142E+00,-5.735E-03,2.587E+00,2.497E+00,7.295E-02,3.457E+00,1.605E+00,-2.297E-02,1.989E+00,1.941E+00,3.142E+00,-2.970E-03,2.905E+00,2.850E+00,1.324E-01,2.752E+00
6,0.000E+00,1.714E-03,3.082E-03,0.000E+00,0.000E+00,0.000E+00,1.599E-03,7.522E-03,4.595E-01,1.763E+00,-4.158E-02,1.620E+00,1.531E+00,3.142E+00,-9.697E-04,2.445E+00,2.431E+00,5.079E-02,4.550E+00,1.746E+00,-3.258E-03,1.406E+00,1.632E+00,3.142E+00,-5.555E-03,2.583E+00,2.496E+00,7.304E-02,3.454E+00,1.606E+00,-3.245E-02,2.060E+00,1.927E+00,3.142E+00,-3.244E-03,2.916E+00,2.856E+00,1.325E-01,2.750E+00
7,0.000E+00,1.729E-03,3.087E-03,0.000E+00,0.000E+00,0.000E+00,1.600E-03,7.528E-03,4.607E-01,1.763E+00,-4.720E-02,1.643E+00,1.535E+00,3.142E+00,-9.120E-04,2.441E+00,2.428E+00,5.069E-02,4.556E+00,1.765E+00,-1.570E-02,1.447E+00,1.556E+00,3.142E+00,-5.376E-03,2.579E+00,2.494E+00,7.314E-02,3.450E+00,1.607E+00,-4.193E-02,2.131E+00,1.913E+00,3.142E+00,-3.519E-03,2.928E+00,2.863E+00,1.326E-01,2.747E+00
8,0.000E+00,1.743E-03,3.092E-03,0.000E+00,0.000E+00,0.000E+00,1.601E-03,7.533E-03,4.619E-01,1.764E+00,-5.282E-02,1.665E+00,1.539E+00,3.142E+00,-8.543E-04,2.438E+00,2.425E+00,5.058E-02,4.563E+00,1.786E+00,-2.814E-02,1.489E+00,1.480E+00,3.142E+00,-5.197E-03,2.575E+00,2.493E+00,7.323E-02,3.447E+00,1.608E+00,-5.141E-02,2.202E+00,1.899E+00,3.142E+00,-3.793E-03,2.940E+00,2.869E+00,1.327E-01,2.745E+00
9,0.000E+00,1.751E-03,3.095E-03,0.000E+00,0.000E+00,0.000E+00,1.602E-03,7.536E-03,4.626E-01,1.764E+00,-5.563E-02,1.677E+00,1.541E+00,3.142E+00,-8.254E-04,2.436E+00,2.423E+00,5.053E-02,4.566E+00,1.796E+00,-3.436E-02,1.509E+00,1.442E+00,3.142E+00,-5.107E-03,2.572E+00,2.492E+00,7.328E-02,3.446E+00,1.609E+00,-5.614E-02,2.238E+00,1.892E+00,3.142E+00,-3.930E-03,2.946E+00,2.872E+00,1.328E-01,2.744E+00
10,0.000E+00,1.758E-03,3.098E-03,0.000E+00,0.000E+00,0.000E+00,1.602E-03,7.538E-03,4.632E-01,1.765E+00,-5.844E-02,1.688E+00,1.543E+00,3.142E+00,-7.965E-04,2.434E+00,2.422E+00,5.047E-02,4.569E+00,1.807E+00,-4.059E-02,1.530E+00,1.404E+00,3.142E+00,-5.017E-03,2.570E+00,2.492E+00,7.332E-02,3.444E+00,1.610E+00,-6.088E-02,2.273E+00,1.885E+00,3.142E+00,-4.068E-03,2.952E+00,2.876E+00,1.329E-01,2.743E+00
11,0.000E+00,1.793E-03,3.140E-03,0.000E+00,0.000E+00,0.000E+00,1.623E-03,7.668E-03,4.704E-01,1.760E+00,-6.442E-02,1.721E+00,1.567E+00,3.142E+00,-1.191E-03,2.435E+00,2.417E+00,5.064E-02,4.559E+00,1.792E+00,-3.526E-02,1.493E+00,1.483E+00,3.142E+00,-4.174E-03,2.545E+00,2.480E+00,7.260E-02,3.470E+00,1.612E+00,-6.186E-02,2.245E+00,1.900E+00,3.142E+00,-4.013E-03,2.940E+00,2.866E+00,1.329E-01,2.743E+00
12,0.000E+00,1.828E-03,3.182E-03,0.000E+00,0.000E+00,0.000E+00,1.643E-03,7.798E-03,4.777E-01,1.755E+00,-7.040E-02,1.755E+00,1.591E+00,3.142E+00,-1.585E-03,2.436E+00,2.413E+00,5.080E-02,4.549E+00,1.778E+00,-2.993E-02,1.456E+00,1.561E+00,3.142E+00,-3.330E-03,2.520E+00,2.467E+00,7.187E-02,3.496E+00,1.615E+00,-6.283E-02,2.216E+00,1.916E+00,3.142E+00,-3.958E-03,2.929E+00,2.855E+00,1.329E-01,2.743E+00
13,0.000E+00,1.863E-03,3.225E-03,0.000E+00,0.000E+00,0.000E+00,1.663E-03,7.927E-03,4.850E-01,1.750E+00,-7.638E-02,1.788E+00,1.614E+00,3.142E+00,-1.979E-03,2.438E+00,2.408E+00,5.097E-02,4.539E+00,1.765E+00,-2.460E-02,1.418E+00,1.640E+00,3.142E+00,-2.487E-03,2.495E+00,2.455E+00,7.114E-02,3.523E+00,1.617E+00,-6.381E-02,2.188E+00,1.932E+00,3.142E+00,-3.903E-03,2.917E+00,2.845E+00,1.329E-01,2.743E+00
14,0.000E+00,1.881E-03,3.246E-03,0.000E+00,0.000E+00,0.000E+00,1.673E-03,7.992E-03,4.886E-01,1.748E+00,-7.937E-02,1.805E+00,1.626E+00,3.142E+00,-2.176E-03,2.438E+00,2.406E+00,5.105E-02,4.534E+00,1.758E+00,-2.194E-02,1.400E+00,1.680E+00,3.142E+00,-2.065E-03,2.482E+00,2.449E+00,7.078E-02,3.536E+00,1.618E+00,-6.430E-02,2.173E+00,1.940E+00,3.142E+00,-3.875E-03,2.911E+00,2.840E+00,1.329E-01,2.742E+00
15,0.000E+00,1.898E-03,3.267E-03,0.000E+00,0.000E+00,0.000E+00,1.683E-03,8.057E-03,4.923E-01,1.746E+00,-8.236E-02,1.822E+00,1.638E+00,3.142E+00,-2.373E-03,2.439E+00,2.404E+00,5.113E-02,4.529E+00,1.753E+00,-1.927E-02,1.381E+00,1.719E+00,3.142E+00,-1.643E-03,2.469E+00,2.443E+00,7.041E-02,3.549E+00,1.620E+00,-6.478E-02,2.159E+00,1.948E+00,3.142E+00,-3.848E-03,2.905E+00,2.835E+00,1.329E-01,2.742E+00
16,0.000E+00,1.933E-03,3.309E-03,0.000E+00,0.000E+00,0.000E+00,1.703E-03,8.187E-03,4.996E-01,1.741E+00,-8.834E-02,1.855E+00,1.662E+00,3.142E+00,-2.767E-03,2.440E+00,2.399E+00,5.129E-02,4.519E+00,1.741E+00,-1.395E-02,1.344E+00,1.798E+00,3.142E+00,-7.994E-04,2.444E+00,2.430E+00,6.969E-02,3.575E+00,1.622E+00,-6.576E-02,2.130E+00,1.963E+00,3.142E+00,-3.793E-03,2.894E+00,2.824E+00,1.329E-01,2.742E+00
17,0.000E+00,1.968E-03,3.351E-03,0.000E+00,0.000E+00,0.000E+00,1.724E-03,8.316E-03,5.069E-01,1.737E+00,-9.432E-02,1.889E+00,1.685E+00,3.142E+00,-3.162E-03,2.442E+00,2.395E+00,5.146E-02,4.509E+00,1.731E+00,-8.619E-03,1.307E+00,1.877E+00,3.142E+00,4.411E-05,2.419E+00,2.418E+00,6.896E-02,3.601E+00,1.625E+00,-6.673E-02,2.102E+00,1.979E+00,3.142E+00,-3.738E-03,2.882E+00,2.814E+00,1.329E-01,2.742E+00
18,0.000E+00,2.003E-03,3.394E-03,0.000E+00,0.000E+00,0.000E+00,1.744E-03,8.446E-03,5.141E-01,1.732E+00,-1.003E-01,1.922E+00,1.709E+00,3.142E+00,-3.556E-03,2.443E+00,2.390E+00,5.162E-02,4.499E+00,1.722E+00,-3.291E-03,1.269E+00,1.956E+00,3.142E+00,8.877E-04,2.394E+00,2.406E+00,6.823E-02,3.627E+00,1.627E+00,-6.771E-02,2.073E+00,1.995E+00,3.142E+00,-3.683E-03,2.871E+00,2.804E+00,1.329E-01,2.742E+00
19,0.000E+00,2.021E-03,3.415E-03,0.000E+00,0.000E+00,0.000E+00,1.754E-03,8.511E-03,5.178E-01,1.730E+00,-1.033E-01,1.939E+00,1.721E+00,3.142E+00,-3.753E-03,2.443E+00,2.388E+00,5.170E-02,4.494E+00,1.718E+00,-6.276E-04,1.251E+00,1.995E+00,3.142E+00,1.309E-03,2.381E+00,2.400E+00,6.787E-02,3.640E+00,1.629E+00,-6.819E-02,2.059E+00,2.002E+00,3.142E+00,-3.656E-03,2.865E+00,2.799E+00,1.329E-01,2.742E+00
20,0.000E+00,2.038E-03,3.436E-03,0.000E+00,0.000E+00,0.000E+00,1.764E-03,8.576E-03,5.214E-01,1.728E+00,-1.063E-01,1.956E+00,1.733E+00,3.142E+00,-3.950E-03,2.444E+00,2.386E+00,5.179E-02,4.489E+00,1.716E+00,2.036E-03,1.232E+00,2.034E+00,3.142E+00,1.731E-03,2.368E+00,2.394E+00,6.750E-02,3.653E+00,1.630E+00,-6.868E-02,2.044E+00,2.010E+00,3.142E+00,-3.628E-03,2.859E+00,2.794E+00,1.329E-01,2.742E+00
21,0.000E+00,2.094E-03,3.489E-03,0.000E+00,0.000E+00,0.000E+00,1.804E-03,8.806E-03,5.331E-01,1.734E+00,-1.177E-01,2.008E+00,1.716E+00,3.142E+00,-3.541E-03,2.443E+00,2.391E+00,5.182E-02,4.487E+00,1.712E+00,-1.099E-02,1.283E+00,2.055E+00,3.142E+00,1.136E-03,2.377E+00,2.393E+00,6.744E-02,3.656E+00,1.628E+00,-7.021E-02,2.030E+00,2.048E+00,3.142E+00,-3.600E-03,2.858E+00,2.793E+00,1.326E-01,2.747E+00
22,0.000E+00,2.150E-03,3.543E-03,0.000E+00,0.000E+00,0.000E+00,1.845E-03,9.036E-03,5.447E-01,1.740E+00,-1.291E-01,2.061E+00,1.699E+00,3.142E+00,-3.132E-03,2.442E+00,2.395E+00,5.186E-02,4.485E+00,1.710E+00,-2.401E-02,1.335E+00,2.076E+00,3.142E+00,5.410E-04,2.385E+00,2.393E+00,6.738E-02,3.658E+00,1.626E+00,-7.174E-02,2.016E+00,2.086E+00,3.142E+00,-3.571E-03,2.857E+00,2.793E+00,1.323E-01,2.753E+00
23,0.000E+00,2.205E-03,3.596E-03,0.000E+00,0.000E+00,0.000E+00,1.885E-03,9.266E-03,5.564E-01,1.746E+00,-1.405E-01,2.113E+00,1.683E+00,3.142E+00,-2.723E-03,2.441E+00,2.400E+00,5.190E-02,4.483E+00,1.708E+00,-3.704E-02,1.386E+00,2.097E+00,3.142E+00,-5.416E-05,2.394E+00,2.393E+00,6.732E-02,3.660E+00,1.624E+00,-7.327E-02,2.003E+00,2.124E+00,3.142E+00,-3.543E-03,2.856E+00,2.792E+00,1.320E-01,2.758E+00
24,0.000E+00,2.233E-03,3.623E-03,0.000E+00,0.000E+00,0.000E+00,1.906E-03,9.381E-03,5.622E-01,1.749E+00,-1.462E-01,2.140E+00,1.674E+00,3.142E+00,-2.519E-03,2.440E+00,2.403E+00,5.192E-02,4.481E+00,1.708E+00,-4.355E-02,1.411E+00,2.107E+00,3.142E+00,-3.517E-04,2.398E+00,2.392E+00,6.729E-02,3.662E+00,1.623E+00,-7.404E-02,1.996E+00,2.143E+00,3.142E+00,-3.528E-03,2.856E+00,2.792E+00,1.318E-01,2.761E+00
25,0.000E+00,2.261E-03,3.649E-03,0.000E+00,0.000E+00,0.000E+00,1.926E-03,9.496E-03,5.681E-01,1.752E+00,-1.520E-01,2.166E+00,1.666E+00,3.142E+00,-2.314E-03,2.440E+00,2.405E+00,5.194E-02,4.480E+00,1.707E+00,-5.006E-02,1.437E+00,2.117E+00,3.142E+00,-6.493E-04,2.402E+00,2.392E+00,6.726E-02,3.663E+00,1.622E+00,-7.481E-02,1.989E+00,2.162E+00,3.142E+00,-3.514E-03,2.855E+00,2.792E+00,1.317E-01,2.764E+00
26,0.000E+00,2.317E-03,3.703E-03,0.000E+00,0.000E+00,0.000E+00,1.966E-03,9.726E-03,5.797E-01,1.758E+00,-1.634E-01,2.219E+00,1.649E+00,3.142E+00,-1.905E-03,2.439E+00,2.410E+00,5.197E-02,4.478E+00,1.705E+00,-6.308E-02,1.488E+00,2.138E+00,3.142E+00,-1.244E-03,2.411E+00,2.392E+00,6.720E-02,3.665E+00,1.620E+00,-7.634E-02,1.975E+00,2.200E+00,3.142E+00,-3.485E-03,2.854E+00,2.791E+00,1.314E-01,2.769E+00
27,0.000E+00,2.372E-03,3.756E-03,0.000E+00,0.000E+00,0.000E+00,2.007E-03,9.956E-03,5.914E-01,1.765E+00,-1.748E-01,2.271E+00,1.632E+00,3.142E+00,-1.496E-03,2.438E+00,2.415E+00,5.201E-02,4.476E+00,1.704E+00,-7.611E-02,1.540E+00,2.159E+00,3.142E+00,-1.840E-03,2.419E+00,2.392E+00,6.714E-02,3.667E+00,1.618E+00,-7.787E-02,1.961E+00,2.238E+00,3.142E+00,-3.457E-03,2.853E+00,2.791E+00,1.311E-01,2.775E+00
28,0.000E+00,2.428E-03,3.809E-03,0.000E+00,0.000E+00,0.000E+00,2.047E-03,1.019E-02,6.031E-01,1.772E+00,-1.862E-01,2.324E+00,1.616E+00,3.142E+00,-1.087E-03,2.437E+00,2.420E+00,5.205E-02,4.474E+00,1.703E+00,-8.913E-02,1.591E+00,2.179E+00,3.142E+00,-2.435E-03,2.427E+00,2.391E+00,6.707E-02,3.670E+00,1.617E+00,-7.940E-02,1.947E+00,2.276E+00,3.142E+00,-3.428E-03,2.852E+00,2.791E+00,1.308E-01,2.780E+00
29,0.000E+00,2.456E-03,3.836E-03,0.000E+00,0.000E+00,0.000E+00,2.067E-03,1.030E-02,6.089E-01,1.775E+00,-1.919E-01,2.350E+00,1.607E+00,3.142E+00,-8.827E-04,2.436E+00,2.423E+00,5.207E-02,4.472E+00,1.702E+00,-9.564E-02,1.616E+00,2.190E+00,3.142E+00,-2.732E-03,2.432E+00,2.391E+00,6.704E-02,3.671E+00,1.616E+00,-8.017E-02,1.940E+00,2.295E+00,3.142E+00,-3.414E-03,2.852E+00,2.790E+00,1.306E-01,2.783E+00
30,0.000E+00,2.484E-03,3.862E-03,0.000E+00,0.000E+00,0.000E+00,2.087E-03,1.042E-02,6.147E-01,1.778E+00,-1.976E-01,2.376E+00,1.599E+00,3.142E+00,-6.783E-04,2.435E+00,2.425E+00,5.209E-02,4.471E+00,1.702E+00,-1.022E-01,1.642E+00,2.200E+00,3.142E+00,-3.030E-03,2.436E+00,2.391E+00,6.701E-02,3.672E+00,1.615E+00,-8.093E-02,1.933E+00,2.314E+00,3.142E+00,-3.400E-03,2.851E+00,2.790E+00,1.305E-01,2.786E+00
31,0.000E+00,2.677E-03,3.968E-03,0.000E+00,0.000E+00,0.000E+00,2.276E-03,1.105E-02,6.508E-01,1.781E+00,-2.260E-01,2.581E+00,1.586E+00,3.142E+00,-1.208E-03,2.459E+00,2.441E+00,5.156E-02,4.505E+00,1.690E+00,-1.433E-01,1.977E+00,2.135E+00,3.142E+00,-3.192E-03,2.459E+00,2.411E+00,6.666E-02,3.686E+00,1.621E+00,-9.545E-02,1.998E+00,2.291E+00,3.142E+00,-3.534E-03,2.853E+00,2.789E+00,1.298E-01,2.798E+00
32,0.000E+00,2.773E-03,4.020E-03,0.000E+00,0.000E+00,0.000E+00,2.370E-03,1.136E-02,6.689E-01,1.783E+00,-2.402E-01,2.683E+00,1.580E+00,3.142E+00,-1.472E-03,2.471E+00,2.448E+00,5.129E-02,4.521E+00,1.687E+00,-1.639E-01,2.144E+00,2.102E+00,3.142E+00,-3.273E-03,2.470E+00,2.420E+00,6.649E-02,3.693E+00,1.624E+00,-1.027E-01,2.031E+00,2.280E+00,3.142E+00,-3.602E-03,2.853E+00,2.788E+00,1.295E-01,2.804E+00
33,0.000E+00,2.870E-03,4.073E-03,0.000E+00,0.000E+00,0.000E+00,2.464E-03,1.168E-02,6.870E-01,1.785E+00,-2.544E-01,2.785E+00,1.573E+00,3.142E+00,-1.737E-03,2.483E+00,2.456E+00,5.103E-02,4.538E+00,1.687E+00,-1.845E-01,2.311E+00,2.070E+00,3.142E+00,-3.354E-03,2.481E+00,2.430E+00,6.631E-02,3.700E+00,1.627E+00,-1.100E-01,2.063E+00,2.269E+00,3.142E+00,-3.669E-03,2.854E+00,2.788E+00,1.292E-01,2.810E+00
34,0.000E+00,2.967E-03,4.125E-03,0.000E+00,0.000E+00,0.000E+00,2.558E-03,1.199E-02,7.050E-01,1.787E+00,-2.686E-01,2.887E+00,1.567E+00,3.142E+00,-2.001E-03,2.495E+00,2.464E+00,5.077E-02,4.555E+00,1.688E+00,-2.050E-01,2.478E+00,2.037E+00,3.142E+00,-3.434E-03,2.493E+00,2.440E+00,6.614E-02,3.707E+00,1.630E+00,-1.172E-01,2.096E+00,2.258E+00,3.142E+00,-3.737E-03,2.855E+00,2.787E+00,1.288E-01,2.817E+00
35,0.000E+00,3.063E-03,4.178E-03,0.000E+00,0.000E+00,0.000E+00,2.652E-03,1.230E-02,7.231E-01,1.790E+00,-2.828E-01,2.989E+00,1.560E+00,3.142E+00,-2.266E-03,2.507E+00,2.471E+00,5.050E-02,4.571E+00,1.691E+00,-2.256E-01,2.646E+00,2.004E+00,3.142E+00,-3.515E-03,2.504E+00,2.450E+00,6.596E-02,3.714E+00,1.634E+00,-1.245E-01,2.129E+00,2.247E+00,3.142E+00,-3.804E-03,2.855E+00,2.787E+00,1.285E-01,2.823E+00
36,0.000E+00,3.160E-03,4.230E-03,0.000E+00,0.000E+00,0.000E+00,2.746E-03,1.262E-02,7.411E-01,1.793E+00,-2.970E-01,3.091E+00,1.554E+00,3.142E+00,-2.531E-03,2.519E+00,2.479E+00,5.024E-02,4.588E+00,1.695E+00,-2.462E-01,2.813E+00,1.972E+00,3.142E+00,-3.596E-03,2.515E+00,2.460E+00,6.579E-02,3.721E+00,1.637E+00,-1.317E-01,2.161E+00,2.236E+00,3.142E+00,-3.871E-03,2.856E+00,2.786E+00,1.282E-01,2.829E+00
37,0.000E+00,3.257E-03,4.283E-03,0.000E+00,0.000E+00,0.000E+00,2.841E-03,1.293E-02,7.592E-01,1.797E+00,-3.112E-01,3.194E+00,1.547E+00,3.142E+00,-2.795E-03,2.531E+00,2.487E+00,4.997E-02,4.605E+00,1.700E+00,-2.668E-01,2.980E+00,1.939E+00,3.142E+00,-3.677E-03,2.527E+00,2.470E+00,6.561E-02,3.728E+00,1.640E+00,-1.390E-01,2.194E+00,2.224E+00,3.142E+00,-3.939E-03,2.857E+00,2.786E+00,1.279E-01,2.835E+00
38,0.000E+00,3.353E-03,4.335E-03,0.000E+00,0.000E+00,0.000E+00,2.935E-03,1.325E-02,7.773E-01,1.801E+00,-3.254E-01,3.296E+00,1.541E+00,3.142E+00,-3.060E-03,2.543E+00,2.494E+00,4.971E-02,4.621E+00,1.706E+00,-2.873E-01,3.147E+00,1.906E+00,3.142E+00,-3.758E-03,2.538E+00,2.480E+00,6.544E-02,3.735E+00,1.644E+00,-1.463E-01,2.227E+00,2.213E+00,3.142E+00,-4.006E-03,2.857E+00,2.785E+00,1.275E-01,2.841E+00
39,0.000E+00,3.450E-03,4.388E-03,0.000E+00,0.000E+00,0.000E+00,3.029E-03,1.356E-02,7.953E-01,1.804E+00,-3.396E-01,3.398E+00,1.535E+00,3.142E+00,-3.325E-03,2.555E+00,2.502E+00,4.945E-02,4.638E+00,1.713E+00,-3.079E-01,3.315E+00,1.874E+00,3.142E+00,-3.839E-03,2.550E+00,2.489E+00,6.526E-02,3.743E+00,1.647E+00,-1.535E-01,2.259E+00,2.202E+00,3.142E+00,-4.074E-03,2.858E+00,2.785E+00,1.272E-01,2.848E+00
40,0.000E+00,3.547E-03,4.440E-03,0.000E+00,0.000E+00,0.000E+00,3.123E-03,1.388E-02,8.134E-01,1.809E+00,-3.537E-01,3.500E+00,1.528E+00,3.142E+00,-3.589E-03,2.567E+00,2.510E+00,4.918E-02,4.655E+00,1.721E+00,-3.285E-01,3.482E+00,1.841E+00,3.142E+00,-3.920E-03,2.561E+00,2.499E+00,6.509E-02,3.750E+00,1.650E+00,-1.608E-01,2.292E+00,2.191E+00,3.142E+00,-4.141E-03,2.859E+00,2.784E+00,1.269E-01,2.854E+00
41,0.000E+00,3.643E-03,4.493E-03,0.000E+00,0.000E+00,0.000E+00,3.217E-03,1.419E-02,8.314E-01,1.813E+00,-3.679E-01,3.602E+00,1.522E+00,3.142E+00,-3.854E-03,2.579E+00,2.518E+00,4.892E-02,4.672E+00,1.730E+00,-3.491E-01,3.649E+00,1.808E+00,3.142E+00,-4.001E-03,2.572E+00,2.509E+00,6.491E-02,3.757E+00,1.654E+00,-1.680E-01,2.325E+00,2.180E+00,3.142E+00,-4.208E-03,2.859E+00,2.784E+00,1.265E-01,2.860E+00
42,0.000E+00,3.740E-03,4.546E-03,0.000E+00,0.000E+00,0.000E+00,3.311E-03,1.451E-02,8.495E-01,1.817E+00,-3.821E-01,3.704E+00,1.515E+00,3.142E+00,-4.119E-03,2.591E+00,2.525E+00,4.865E-02,4.688E+00,1.740E+00,-3.696E-01,3.817E+00,1.776E+00,3.142E+00,-4.082E-03,2.584E+00,2.519E+00,6.473E-02,3.764E+00,1.657E+00,-1.753E-01,2.357E+00,2.169E+00,3.142E+00,-4.276E-03,2.860E+00,2.783E+00,1.262E-01,2.866E+00
43,0.000E+00,3.836E-03,4.598E-03,0.000E+00,0.000E+00,0.000E+00,3.405E-03,1.482E-02,8.676E-01,1.822E+00,-3.963E-01,3.807E+00,1.509E+00,3.142E+00,-4.383E-03,2.603E+00,2.533E+00,4.839E-02,4.705E+00,1.750E+00,-3.902E-01,3.984E+00,1.743E+00,3.142E+00,-4.163E-03,2.595E+00,2.529E+00,6.456E-02,3.771E+00,1.661E+00,-1.826E-01,2.390E+00,2.158E+00,3.142E+00,-4.343E-03,2.861E+00,2.783E+00,1.259E-01,2.872E+00
44,0.000E+00,3.933E-03,4.651E-03,0.000E+00,0.000E+00,0.000E+00,3.500E-03,1.514E-02,8.856E-01,1.827E+00,-4.105E-01,3.909E+00,1.503E+00,3.142E+00,-4.648E-03,2.615E+00,2.541E+00,4.813E-02,4.722E+00,1.761E+00,-4.108E-01,4.151E+00,1.710E+00,3.142E+00,-4.244E-03,2.606E+00,2.539E+00,6.438E-02,3.778E+00,1.665E+00,-1.898E-01,2.422E+00,2.146E+00,3.142E+00,-4.411E-03,2.862E+00,2.782E+00,1.256E-01,2.879E+00
45,0.000E+00,4.030E-03,4.703E-03,0.000E+00,0.000E+00,0.000E+00,3.594E-03,1.545E-02,9.037E-01,1.832E+00,-4.247E-01,4.011E+00,1.496E+00,3.142E+00,-4.913E-03,2.627E+00,2.548E+00,4.786E-02,4.738E+00,1.772E+00,-4.314E-01,4.318E+00,1.678E+00,3.142E+00,-4.325E-03,2.618E+00,2.548E+00,6.421E-02,3.785E+00,1.668E+00,-1.971E-01,2.455E+00,2.135E+00,3.142E+00,-4.478E-03,2.862E+00,2.782E+00,1.252E-01,2.885E+00
46,0.000E+00,4.201E-03,4.790E-03,0.000E+00,0.000E+00,0.000E+00,3.862E-03,1.627E-02,9.448E-01,1.826E+00,-4.461E-01,4.236E+00,1.518E+00,3.142E+00,-5.267E-03,2.619E+00,2.535E+00,4.739E-02,4.771E+00,1.784E+00,-4.607E-01,4.677E+00,1.625E+00,3.142E+00,-4.800E-03,2.606E+00,2.530E+00,6.316E-02,3.830E+00,1.671E+00,-2.049E-01,2.501E+00,2.121E+00,3.142E+00,-4.574E-03,2.871E+00,2.788E+00,1.243E-01,2.904E+00
47,0.000E+00,4.372E-03,4.877E-03,0.000E+00,0.000E+00,0.000E+00,4.131E-03,1.709E-02,9.860E-01,1.822E+00,-4.674E-01,4.462E+00,1.540E+00,3.142E+00,-5.621E-03,2.610E+00,2.521E+00,4.691E-02,4.805E+00,1.798E+00,-4.900E-01,5.036E+00,1.573E+00,3.142E+00,-5.275E-03,2.595E+00,2.512E+00,6.212E-02,3.876E+00,1.674E+00,-2.127E-01,2.547E+00,2.107E+00,3.142E+00,-4.670E-03,2.880E+00,2.795E+00,1.233E-01,2.923E+00
48,0.000E+00,4.544E-03,4.964E-03,0.000E+00,0.000E+00,0.000E+00,4.400E-03,1.791E-02,1.027E+00,1.818E+00,-4.888E-01,4.688E+00,1.562E+00,3.142E+00,-5.976E-03,2.602E+00,2.508E+00,4.643E-02,4.838E+00,1.815E+00,-5.193E-01,5.395E+00,1.521E+00,3.142E+00,-5.750E-03,2.583E+00,2.493E+00,6.107E-02,3.922E+00,1.677E+00,-2.205E-01,2.593E+00,2.093E+00,3.142E+00,-4.766E-03,2.889E+00,2.802E+00,1.224E-01,2.943E+00
49,0.000E+00,4.629E-03,5.007E-03,0.000E+00,0.000E+00,0.000E+00,4.534E-03,1.832E-02,1.048E+00,1.816E+00,-4.995E-01,4.800E+00,1.572E+00,3.142E+00,-6.153E-03,2.598E+00,2.501E+00,4.620E-02,4.854E+00,1.824E+00,-5.340E-01,5.575E+00,1.495E+00,3.142E+00,-5.988E-03,2.578E+00,2.484E+00,6.055E-02,3.945E+00,1.679E+00,-2.244E-01,2.617E+00,2.086E+00,3.142E+00,-4.814E-03,2.893E+00,2.805E+00,1.219E-01,2.952E+00
50,0.000E+00,4.715E-03,5.051E-03,0.000E+00,0.000E+00,0.000E+00,4.669E-03,1.873E-02,1.068E+00,1.815E+00,-5.101E-01,4.913E+00,1.583E+00,3.142E+00,-6.330E-03,2.594E+00,2.494E+00,4.596E-02,4.871E+00,1.833E+00,-5.486E-01,5.754E+00,1.469E+00,3.142E+00,-6.225E-03,2.572E+00,2.475E+00,6.002E-02,3.968E+00,1.681E+00,-2.283E-01,2.640E+00,2.079E+00,3.142E+00,-4.862E-03,2.897E+00,2.809E+00,1.214E-01,2.962E+00
51,0.000E+00,4.988E-03,5.233E-03,0.000E+00,0.000E+00,0.000E+00,5.054E-03,1.990E-02,1.132E+00,1.788E+00,-5.322E-01,5.459E+00,1.643E+00,3.142E+00,-5.811E-03,2.592E+00,2.501E+00,4.553E-02,4.904E+00,1.805E+00,-5.670E-01,6.375E+00,1.527E+00,3.142E+00,-6.338E-03,2.585E+00,2.486E+00,5.954E-02,3.991E+00,1.674E+00,-2.434E-01,2.798E+00,2.089E+00,3.142E+00,-4.621E-03,2.901E+00,2.816E+00,1.211E-01,2.968E+00
52,0.000E+00,5.261E-03,5.416E-03,0.000E+00,0.000E+00,0.000E+00,5.438E-03,2.107E-02,1.195E+00,1.765E+00,-5.542E-01,6.005E+00,1.703E+00,3.142E+00,-5.292E-03,2.591E+00,2.507E+00,4.509E-02,4.937E+00,1.780E+00,-5.854E-01,6.995E+00,1.585E+00,3.142E+00,-6.451E-03,2.598E+00,2.496E+00,5.905E-02,4.015E+00,1.668E+00,-2.586E-01,2.956E+00,2.098E+00,3.142E+00,-4.379E-03,2.904E+00,2.824E+00,1.208E-01,2.975E+00
53,0.000E+00,5.534E-03,5.599E-03,0.000E+00,0.000E+00,0.000E+00,5.823E-03,2.224E-02,1.259E+00,1.744E+00,-5.762E-01,6.550E+00,1.764E+00,3.142E+00,-4.772E-03,2.589E+00,2.514E+00,4.466E-02,4.970E+00,1.757E+00,-6.037E-01,7.615E+00,1.643E+00,3.142E+00,-6.564E-03,2.611E+00,2.507E+00,5.856E-02,4.039E+00,1.663E+00,-2.737E-01,3.114E+00,2.107E+00,3.142E+00,-4.137E-03,2.908E+00,2.832E+00,1.205E-01,2.981E+00
54,0.000E+00,5.670E-03,5.690E-03,0.000E+00,0.000E+00,0.000E+00,6.016E-03,2.283E-02,1.291E+00,1.734E+00,-5.872E-01,6.823E+00,1.794E+00,3.142E+00,-4.513E-03,2.588E+00,2.517E+00,4.445E-02,4.986E+00,1.746E+00,-6.129E-01,7.925E+00,1.672E+00,3.142E+00,-6.620E-03,2.618E+00,2.512E+00,5.832E-02,4.051E+00,1.661E+00,-2.813E-01,3.194E+00,2.112E+00,3.142E+00,-4.017E-03,2.909E+00,2.836E+00,1.203E-01,2.985E+00
55,0.000E+00,5.807E-03,5.782E-03,0.000E+00,0.000E+00,0.000E+00,6.208E-03,2.341E-02,1.322E+00,1.725E+00,-5.982E-01,7.096E+00,1.824E+00,3.142E+00,-4.253E-03,2.588E+00,2.520E+00,4.423E-02,5.002E+00,1.736E+00,-6.221E-01,8.235E+00,1.701E+00,3.142E+00,-6.676E-03,2.624E+00,2.518E+00,5.807E-02,4.062E+00,1.658E+00,-2.889E-01,3.273E+00,2.116E+00,3.142E+00,-3.896E-03,2.911E+00,2.840E+00,1.202E-01,2.988E+00
56,0.000E+00,6.080E-03,5.964E-03,0.000E+00,0.000E+00,0.000E+00,6.593E-03,2.458E-02,1.386E+00,1.707E+00,-6.203E-01,7.642E+00,1.884E+00,3.142E+00,-3.734E-03,2.586E+00,2.527E+00,4.380E-02,5.035E+00,1.717E+00,-6.405E-01,8.855E+00,1.759E+00,3.142E+00,-6.789E-03,2.638E+00,2.528E+00,5.759E-02,4.086E+00,1.655E+00,-3.040E-01,3.431E+00,2.125E+00,3.142E+00,-3.654E-03,2.915E+00,2.847E+00,1.199E-01,2.995E+00
57,0.000E+00,6.353E-03,6.147E-03,0.000E+00,0.000E+00,0.000E+00,6.978E-03,2.575E-02,1.449E+00,1.692E+00,-6.423E-01,8.188E+00,1.944E+00,3.142E+00,-3.214E-03,2.585E+00,2.534E+00,4.337E-02,5.068E+00,1.700E+00,-6.588E-01,9.475E+00,1.817E+00,3.142E+00,-6.902E-03,2.651E+00,2.539E+00,5.710E-02,4.110E+00,1.652E+00,-3.191E-01,3.589E+00,2.135E+00,3.142E+00,-3.412E-03,2.918E+00,2.855E+00,1.195E-01,3.001E+00
58,0.000E+00,6.625E-03,6.330E-03,0.000E+00,0.000E+00,0.000E+00,7.363E-03,2.692E-02,1.513E+00,1.677E+00,-6.643E-01,8.734E+00,2.004E+00,3.142E+00,-2.695E-03,2.583E+00,2.540E+00,4.294E-02,5.101E+00,1.684E+00,-6.772E-01,1.010E+01,1.875E+00,3.142E+00,-7.015E-03,2.664E+00,2.549E+00,5.661E-02,4.134E+00,1.649E+00,-3.343E-01,3.747E+00,2.144E+00,3.142E+00,-3.171E-03,2.921E+00,2.863E+00,1.192E-01,3.008E+00
59,0.000E+00,6.762E-03,6.421E-03,0.000E+00,0.000E+00,0.000E+00,7.555E-03,2.751E-02,1.545E+00,1.670E+00,-6.753E-01,9.006E+00,2.034E+00,3.142E+00,-2.435E-03,2.582E+00,2.544E+00,4.272E-02,5.117E+00,1.676E+00,-6.864E-01,1.041E+01,1.904E+00,3.142E+00,-7.071E-03,2.670E+00,2.555E+00,5.637E-02,4.145E+00,1.648E+00,-3.419E-01,3.827E+00,2.148E+00,3.142E+00,-3.050E-03,2.923E+00,2.867E+00,1.191E-01,3.011E+00
60,0.000E+00,6.898E-03,6.512E-03,0.000E+00,0.000E+00,0.000E+00,7.748E-03,2.810E-02,1.576E+00,1.664E+00,-6.863E-01,9.279E+00,2.064E+00,3.142E+00,-2.176E-03,2.582E+00,2.547E+00,4.250E-02,5.134E+00,1.669E+00,-6.956E-01,1.072E+01,1.933E+00,3.142E+00,-7.128E-03,2.677E+00,2.560E+00,5.612E-02,4.157E+00,1.647E+00,-3.494E-01,3.906E+00,2.153E+00,3.142E+00,-2.929E-03,2.925E+00,2.870E+00,1.189E-01,3.014E+00
61,0.000E+00,7.331E-03,6.811E-03,0.000E+00,0.000E+00,0.000E+00,8.374E-03,2.991E-02,1.677E+00,1.640E+00,-7.060E-01,1.023E+01,2.136E+00,3.142E+00,-2.986E-03,2.613E+00,2.564E+00,4.198E-02,5.178E+00,1.654E+00,-7.010E-01,1.040E+01,2.042E+00,3.142E+00,-6.992E-03,2.688E+00,2.573E+00,5.501E-02,4.218E+00,1.620E+00,-3.956E-01,5.150E+00,2.068E+00,3.142E+00,-2.946E-03,2.911E+00,2.856E+00,1.182E-01,3.030E+00
62,0.000E+00,7.764E-03,7.110E-03,0.000E+00,0.000E+00,0.000E+00,9.000E-03,3.172E-02,1.779E+00,1.618E+00,-7.257E-01,1.118E+01,2.208E+00,3.142E+00,-3.796E-03,2.644E+00,2.582E+00,4.146E-02,5.221E+00,1.640E+00,-7.064E-01,1.008E+01,2.150E+00,3.142E+00,-6.856E-03,2.700E+00,2.586E+00,5.390E-02,4.278E+00,1.613E+00,-4.417E-01,6.394E+00,1.984E+00,3.142E+00,-2.962E-03,2.897E+00,2.842E+00,1.175E-01,3.047E+00
63,0.000E+00,8.197E-03,7.409E-03,0.000E+00,0.000E+00,0.000E+00,9.626E-03,3.353E-02,1.880E+00,1.599E+00,-7.454E-01,1.212E+01,2.281E+00,3.142E+00,-4.606E-03,2.676E+00,2.599E+00,4.094E-02,5.265E+00,1.628E+00,-7.117E-01,9.760E+00,2.259E+00,3.142E+00,-6.720E-03,2.711E+00,2.600E+00,5.279E-02,4.339E+00,1.619E+00,-4.879E-01,7.638E+00,1.899E+00,3.142E+00,-2.979E-03,2.883E+00,2.828E+00,1.167E-01,3.063E+00
64,0.000E+00,8.413E-03,7.558E-03,0.000E+00,0.000E+00,0.000E+00,9.939E-03,3.443E-02,1.931E+00,1.590E+00,-7.552E-01,1.260E+01,2.317E+00,3.142E+00,-5.011E-03,2.692E+00,2.608E+00,4.068E-02,5.287E+00,1.622E+00,-7.144E-01,9.601E+00,2.313E+00,3.142E+00,-6.651E-03,2.717E+00,2.606E+00,5.223E-02,4.369E+00,1.625E+00,-5.109E-01,8.260E+00,1.857E+00,3.142E+00,-2.987E-03,2.875E+00,2.821E+00,1.164E-01,3.071E+00
65,0.000E+00,8.630E-03,7.708E-03,0.000E+00,0.000E+00,0.000E+00,1.025E-02,3.534E-02,1.981E+00,1.581E+00,-7.651E-01,1.307E+01,2.353E+00,3.142E+00,-5.417E-03,2.707E+00,2.617E+00,4.042E-02,5.309E+00,1.616E+00,-7.171E-01,9.442E+00,2.367E+00,3.142E+00,-6.583E-03,2.723E+00,2.613E+00,5.168E-02,4.400E+00,1.634E+00,-5.340E-01,8.882E+00,1.814E+00,3.142E+00,-2.996E-03,2.868E+00,2.814E+00,1.160E-01,3.079E+00
66,0.000E+00,9.267E-03,8.022E-03,0.000E+00,0.000E+00,0.000E+00,1.118E-02,3.780E-02,2.121E+00,1.564E+00,-7.751E-01,1.265E+01,2.508E+00,3.142E+00,-5.407E-03,2.724E+00,2.633E+00,3.920E-02,5.426E+00,1.574E+00,-7.680E-01,1.345E+01,2.367E+00,3.142E+00,-6.803E-03,2.727E+00,2.613E+00,5.105E-02,4.437E+00,1.592E+00,-5.629E-01,1.138E+01,1.837E+00,3.142E+00,-1.541E-03,2.797E+00,2.767E+00,1.157E-01,3.086E+00
67,0.000E+00,9.904E-03,8.336E-03,0.000E+00,0.000E+00,0.000E+00,1.211E-02,4.027E-02,2.260E+00,1.548E+00,-7.851E-01,1.222E+01,2.662E+00,3.142E+00,-5.398E-03,2.740E+00,2.649E+00,3.799E-02,5.543E+00,1.554E+00,-8.188E-01,1.746E+01,2.366E+00,3.142E+00,-7.023E-03,2.732E+00,2.613E+00,5.043E-02,4.475E+00,1.564E+00,-5.917E-01,1.387E+01,1.860E+00,3.142E+00,-8.598E-05,2.725E+00,2.721E+00,1.154E-01,3.093E+00
68,0.000E+00,1.054E-02,8.649E-03,0.000E+00,0.000E+00,0.000E+00,1.303E-02,4.273E-02,2.400E+00,1.534E+00,-7.950E-01,1.180E+01,2.816E+00,3.142E+00,-5.389E-03,2.757E+00,2.665E+00,3.677E-02,5.660E+00,1.544E+00,-8.697E-01,2.147E+01,2.366E+00,3.142E+00,-7.243E-03,2.736E+00,2.614E+00,4.980E-02,4.512E+00,1.545E+00,-6.206E-01,1.636E+01,1.883E+00,3.142E+00,1.369E-03,2.653E+00,2.674E+00,1.151E-01,3.100E+00
69,0.000E+00,1.086E-02,8.806E-03,0.000E+00,0.000E+00,0.000E+00,1.350E-02,4.397E-02,2.470E+00,1.528E+00,-8.000E-01,1.159E+01,2.893E+00,3.142E+00,-5.384E-03,2.765E+00,2.673E+00,3.616E-02,5.718E+00,1.543E+00,-8.951E-01,2.347E+01,2.366E+00,3.142E+00,-7.352E-03,2.738E+00,2.614E+00,4.949E-02,4.531E+00,1.538E+00,-6.350E-01,1.761E+01,1.895E+00,3.142E+00,2.096E-03,2.617E+00,2.650E+00,1.149E-01,3.104E+00
70,0.000E+00,1.118E-02,8.963E-03,0.000E+00,0.000E+00,0.000E+00,1.396E-02,4.520E-02,2.539E+00,1.522E+00,-8.050E-01,1.137E+01,2.970E+00,3.142E+00,-5.380E-03,2.773E+00,2.681E+00,3.555E-02,5.777E+00,1.543E+00,-9.205E-01,2.547E+01,2.365E+00,3.142E+00,-7.462E-03,2.740E+00,2.614E+00,4.918E-02,4.550E+00,1.532E+00,-6.494E-01,1.886E+01,1.906E+00,3.142E+00,2.824E-03,2.581E+00,2.627E+00,1.147E-01,3.107E+00
71,0.000E+00,1.174E-02,9.258E-03,0.000E+00,0.000E+00,0.000E+00,1.489E-02,4.753E-02,2.672E+00,1.470E+00,-8.599E-01,1.699E+01,3.014E+00,3.142E+00,-4.843E-03,2.798E+00,2.714E+00,3.419E-02,5.928E+00,1.493E+00,-9.334E-01,3.050E+01,2.515E+00,3.142E+00,-7.299E-03,2.695E+00,2.575E+00,4.738E-02,4.670E+00,1.501E+00,-6.366E-01,1.783E+01,2.060E+00,3.142E+00,1.955E-03,2.608E+00,2.640E+00,1.131E-01,3.145E+00
72,0.000E+00,1.230E-02,9.552E-03,0.000E+00,0.000E+00,0.000E+00,1.582E-02,4.986E-02,2.804E+00,1.441E+00,-9.147E-01,2.261E+01,3.057E+00,3.142E+00,-4.306E-03,2.823E+00,2.747E+00,3.284E-02,6.080E+00,1.451E+00,-9.463E-01,3.554E+01,2.665E+00,3.142E+00,-7.136E-03,2.651E+00,2.535E+00,4.558E-02,4.789E+00,1.474E+00,-6.238E-01,1.680E+01,2.214E+00,3.142E+00,1.087E-03,2.634E+00,2.652E+00,1.116E-01,3.182E+00
73,0.000E+00,1.289E-02,9.866E-03,0.000E+00,0.000E+00,0.000E+00,1.683E-02,5.245E-02,2.947E+00,1.391E+00,-9.562E-01,3.472E+01,3.097E+00,3.142E+00,-2.783E-03,2.780E+00,2.731E+00,3.259E-02,6.110E+00,1.372E+00,-9.467E-01,4.005E+01,3.053E+00,3.142E+00,-4.781E-03,2.615E+00,2.537E+00,4.417E-02,4.893E+00,1.449E+00,-6.128E-01,1.647E+01,2.335E+00,3.142E+00,9.495E-04,2.639E+00,2.655E+00,1.112E-01,3.190E+00
74,0.000E+00,1.348E-02,1.018E-02,0.000E+00,0.000E+00,0.000E+00,1.784E-02,5.503E-02,3.090E+00,1.363E+00,-9.977E-01,4.684E+01,3.137E+00,3.142E+00,-1.259E-03,2.738E+00,2.716E+00,3.234E-02,6.141E+00,1.305E+00,-9.471E-01,4.456E+01,3.441E+00,3.142E+00,-2.426E-03,2.578E+00,2.540E+00,4.275E-02,4.998E+00,1.425E+00,-6.019E-01,1.614E+01,2.457E+00,3.142E+00,8.118E-04,2.643E+00,2.657E+00,1.109E-01,3.199E+00
75,0.000E+00,1.416E-02,1.031E-02,0.000E+00,0.000E+00,0.000E+00,1.905E-02,5.761E-02,3.239E+00,1.304E+00,-1.008E+00,5.553E+01,3.447E+00,3.142E+00,-1.953E-03,2.804E+00,2.769E+00,3.090E-02,6.328E+00,1.270E+00,-9.328E-01,4.216E+01,3.743E+00,3.142E+00,5.083E-04,2.564E+00,2.572E+00,4.227E-02,5.036E+00,1.393E+00,-5.925E-01,1.593E+01,2.637E+00,3.142E+00,1.407E-03,2.623E+00,2.647E+00,1.107E-01,3.203E+00
76,0.000E+00,1.484E-02,1.045E-02,0.000E+00,0.000E+00,0.000E+00,2.027E-02,6.020E-02,3.389E+00,1.253E+00,-1.018E+00,6.423E+01,3.757E+00,3.142E+00,-2.647E-03,2.870E+00,2.821E+00,2.946E-02,6.515E+00,1.239E+00,-9.185E-01,3.976E+01,4.044E+00,3.142E+00,3.443E-03,2.549E+00,2.604E+00,4.178E-02,5.074E+00,1.364E+00,-5.832E-01,1.572E+01,2.818E+00,3.142E+00,2.002E-03,2.604E+00,2.636E+00,1.105E-01,3.207E+00
77,0.000E+00,1.532E-02,1.041E-02,0.000E+00,0.000E+00,0.000E+00,2.134E-02,6.229E-02,3.503E+00,1.175E+00,-9.994E-01,6.023E+01,4.521E+00,3.142E+00,-2.905E-03,2.833E+00,2.781E+00,2.863E-02,6.636E+00,1.163E+00,-9.197E-01,4.267E+01,4.784E+00,3.142E+00,2.337E-03,2.535E+00,2.573E+00,4.131E-02,5.112E+00,1.322E+00,-5.730E-01,1.574E+01,3.088E+00,3.142E+00,4.459E-03,2.489E+00,2.556E+00,1.102E-01,3.215E+00
78,0.000E+00,1.580E-02,1.037E-02,0.000E+00,0.000E+00,0.000E+00,2.242E-02,6.437E-02,3.617E+00,1.114E+00,-9.809E-01,5.624E+01,5.285E+00,3.142E+00,-3.162E-03,2.797E+00,2.741E+00,2.780E-02,6.757E+00,1.100E+00,-9.209E-01,4.559E+01,5.524E+00,3.142E+00,1.231E-03,2.522E+00,2.541E+00,4.085E-02,5.151E+00,1.285E+00,-5.628E-01,1.575E+01,3.359E+00,3.142E+00,6.917E-03,2.373E+00,2.477E+00,1.099E-01,3.222E+00
79,0.000E+00,1.602E-02,1.006E-02,0.000E+00,0.000E+00,0.000E+00,2.319E-02,6.533E-02,3.669E+00,1.038E+00,-9.597E-01,4.986E+01,6.634E+00,3.142E+00,8.475E-04,2.710E+00,2.723E+00,2.629E-02,7.005E+00,1.034E+00,-9.052E-01,4.307E+01,6.676E+00,3.142E+00,1.185E-02,2.326E+00,2.493E+00,3.947E-02,5.271E+00,1.258E+00,-5.567E-01,1.528E+01,3.639E+00,3.142E+00,8.931E-03,2.286E+00,2.414E+00,1.071E-01,3.295E+00
80,0.000E+00,1.625E-02,9.744E-03,0.000E+00,0.000E+00,0.000E+00,2.396E-02,6.628E-02,3.720E+00,9.864E-01,-9.385E-01,4.348E+01,7.983E+00,3.142E+00,4.857E-03,2.623E+00,2.705E+00,2.478E-02,7.253E+00,9.846E-01,-8.896E-01,4.056E+01,7.828E+00,3.142E+00,2.247E-02,2.131E+00,2.445E+00,3.810E-02,5.390E+00,1.234E+00,-5.507E-01,1.480E+01,3.920E+00,3.142E+00,1.095E-02,2.199E+00,2.350E+00,1.043E-01,3.367E+00
81,0.000E+00,1.574E-02,8.882E-03,0.000E+00,0.000E+00,0.000E+00,2.371E-02,6.423E-02,3.601E+00,8.947E-01,-9.246E-01,4.255E+01,1.075E+01,3.142E+00,8.489E-03,2.560E+00,2.699E+00,2.273E-02,7.670E+00,8.738E-01,-8.580E-01,3.628E+01,1.165E+01,3.142E+00,4.007E-02,1.990E+00,2.549E+00,3.573E-02,5.631E+00,1.176E+00,-5.354E-01,1.413E+01,4.663E+00,3.142E+00,1.598E-02,2.084E+00,2.292E+00,1.002E-01,3.486E+00
82,0.000E+00,1.524E-02,8.020E-03,0.000E+00,0.000E+00,0.000E+00,2.346E-02,6.217E-02,3.482E+00,8.319E-01,-9.106E-01,4.162E+01,1.352E+01,3.142E+00,1.212E-02,2.496E+00,2.693E+00,2.068E-02,8.086E+00,8.125E-01,-8.265E-01,3.199E+01,1.547E+01,3.142E+00,5.768E-02,1.849E+00,2.653E+00,3.335E-02,5.873E+00,1.131E+00,-5.200E-01,1.347E+01,5.405E+00,3.142E+00,2.102E-02,1.968E+00,2.234E+00,9.617E-02,3.604E+00
83,0.000E+00,1.296E-02,6.400E-03,0.000E+00,0.000E+00,0.000E+00,2.046E-02,5.291E-02,2.967E+00,7.293E-01,-8.796E-01,3.553E+01,2.270E+01,3.142E+00,2.600E-02,2.304E+00,2.703E+00,1.854E-02,8.667E+00,7.456E-01,-7.906E-01,2.662E+01,2.334E+01,3.142E+00,6.649E-02,1.713E+00,2.586E+00,3.106E-02,6.159E+00,1.068E+00,-5.083E-01,1.307E+01,6.676E+00,3.142E+00,5.501E-02,1.576E+00,2.131E+00,9.445E-02,3.660E+00
84,0.000E+00,1.069E-02,4.781E-03,0.000E+00,0.000E+00,0.000E+00,1.746E-02,4.364E-02,2.452E+00,6.887E-01,-8.486E-01,2.945E+01,3.189E+01,3.142E+00,3.987E-02,2.112E+00,2.713E+00,1.640E-02,9.248E+00,7.241E-01,-7.547E-01,2.124E+01,3.121E+01,3.142E+00,7.530E-02,1.577E+00,2.518E+00,2.876E-02,6.445E+00,1.021E+00,-4.965E-01,1.267E+01,7.946E+00,3.142E+00,8.901E-02,1.184E+00,2.028E+00,9.273E-02,3.715E+00
85,0.000E+00,6.764E-03,3.027E-03,0.000E+00,0.000E+00,0.000E+00,1.098E-02,2.752E-02,1.547E+00,6.669E-01,-8.303E-01,2.453E+01,4.340E+01,3.142E+00,6.444E-02,1.811E+00,2.661E+00,1.384E-02,1.029E+01,6.717E-01,-7.234E-01,1.684E+01,5.873E+01,3.142E+00,8.216E-02,1.430E+00,2.343E+00,2.305E-02,7.570E+00,1.004E+00,-4.906E-01,1.137E+01,9.208E+00,3.142E+00,8.901E-02,1.075E+00,1.828E+00,8.712E-02,3.925E+00
86,0.000E+00,2.840E-03,1.273E-03,0.000E+00,0.000E+00,0.000E+00,4.510E-03,1.141E-02,6.419E-01,6.701E-01,-8.120E-01,1.960E+01,5.490E+01,3.142E+00,8.901E-02,1.510E+00,2.610E+00,1.128E-02,1.133E+01,6.839E-01,-6.922E-01,1.244E+01,8.625E+01,3.142E+00,8.901E-02,1.282E+00,2.167E+00,1.734E-02,8.696E+00,9.971E-01,-4.847E-01,1.007E+01,1.047E+01,3.142E+00,8.901E-02,9.654E-01,1.628E+00,8.150E-02,4.134E+00
87,0.000E+00,1.422E-03,6.367E-04,0.000E+00,5.859E-06,1.484E-05,2.273E-03,5.756E-03,3.234E-01,7.888E-01,-4.060E-01,9.802E+00,2.745E+01,1.571E+00,4.451E-02,7.552E-01,1.305E+00,5.638E-03,5.667E+00,8.185E-01,-3.461E-01,6.222E+00,4.313E+01,1.571E+00,4.451E-02,6.409E-01,1.083E+00,8.670E-03,4.348E+00,1.216E+00,-2.424E-01,5.036E+00,5.235E+00,1.571E+00,4.451E-02,4.827E-01,8.142E-01,4.075E-02,2.067E+00
88,0.000E+00,4.688E-06,0.000E+00,0.000E+00,1.172E-05,2.969E-05,3.672E-05,1.023E-04,4.938E-03,3.142E+00,0.000E+00,0.000E+00,0.000E+00,0.000E+00,0.000E+00,0.000E+00,0.000E+00,0.000E+00,0.000E+00,3.142E+00,0.000E+00,0.000E+00,0.000E+00,0.000E+00,0.000E+00,0.000E+00,0.000E+00,0.000E+00,0.000E+00,3.142E+00,0.000E+00,0.000E+00,0.000E+00,0.000E+00,0.000E+00,0.000E+00,0.000E+00,0.000E+00,0.000E+00
89,0.000E+00,0.000E+00,0.000E+00,0.000E+00,0.000E+00,7.812E-07,7.812E-07,0.000E+00,5.312E-05,3.142E+00,0.000E+00,0.000E+00,0.000E+00,0.000E+00,0.000E+00,0.000E+00,0.000E+00,0.000E+00,0.000E+00,3.142E+00,0.000E+00,0.000E+00,0.000E+00,0.000E+00,0.000E+00,0.000E+00,0.000E+00,0.000E+00,0.000E+00,3.142E+00,0.000E+00,0.000E+00,0.000E+00,0.000E+00,0.000E+00,0.000E+00,0.000E+00,0.000E+00,0.000E+00
