alpha,H,Fe,Cr,S,Fe_1,S_1,Cr_2,S_2,amu/ion,phiK_Cr,phiTilt_Cr,phiM_Cr,phiN_Cr,thetaK_Cr,thetaTilt_Cr,thetaM_Cr,thetaN_Cr,energyK_Cr,energyE_Cr,phiK_Fe,phiTilt_Fe,phiM_Fe,phiN_Fe,thetaK_Fe,thetaTilt_Fe,thetaM_Fe,thetaN_Fe,energyK_Fe,energyE_Fe,phiK_S,phiTilt_S,phiM_S,phiN_S,thetaK_S,thetaTilt_S,thetaM_S,thetaN_S,energyK_S,energyE_S
0,0.000E+00,1.227E-03,0.000E+00,0.000E+00,0.000E+00,1.562E-06,2.648E-03,5.569E-03,3.848E-01,1.800E+00,-1.347E-02,1.439E+00,1.389E+00,3.142E+00,-6.012E-03,2.359E+00,2.275E+00,4.586E-02,4.878E+00,1.873E+00,-5.279E-02,1.601E+00,1.140E+00,3.142E+00,1.237E-02,2.043E+00,2.201E+00,6.241E-02,3.861E+00,1.818E+00,3.101E-02,1.217E+00,1.477E+00,3.142E+00,-6.083E-05,2.408E+00,2.407E+00,1.166E-01,2.743E+00
1,0.000E+00,1.238E-03,0.000E+00,0.000E+00,0.000E+00,1.562E-06,2.671E-03,5.595E-03,3.875E-01,1.808E+00,-3.567E-02,1.536E+00,1.371E+00,3.142E+00,-5.862E-03,2.350E+00,2.268E+00,4.558E-02,4.899E+00,1.860E+00,-5.139E-02,1.555E+00,1.218E+00,3.142E+00,9.942E-03,2.083E+00,2.208E+00,6.195E-02,3.882E+00,1.793E+00,1.350E-02,1.313E+00,1.487E+00,3.142E+00,-5.282E-04,2.420E+00,2.412E+00,1.163E-01,2.751E+00
2,0.000E+00,1.249E-03,0.000E+00,0.000E+00,0.000E+00,1.562E-06,2.695E-03,5.621E-03,3.902E-01,1.817E+00,-5.788E-02,1.634E+00,1.353E+00,3.142E+00,-5.711E-03,2.341E+00,2.262E+00,4.530E-02,4.920E+00,1.847E+00,-5.000E-02,1.509E+00,1.297E+00,3.142E+00,7.510E-03,2.123E+00,2.216E+00,6.150E-02,3.903E+00,1.773E+00,-4.000E-03,1.409E+00,1.497E+00,3.142E+00,-9.955E-04,2.433E+00,2.418E+00,1.159E-01,2.758E+00
3,0.000E+00,1.260E-03,0.000E+00,0.000E+00,0.000E+00,1.562E-06,2.719E-03,5.648E-03,3.928E-01,1.826E+00,-8.008E-02,1.731E+00,1.335E+00,3.142E+00,-5.561E-03,2.332E+00,2.255E+00,4.502E-02,4.941E+00,1.837E+00,-4.860E-02,1.463E+00,1.376E+00,3.142E+00,5.077E-03,2.163E+00,2.224E+00,6.104E-02,3.923E+00,1.769E+00,-2.150E-02,1.505E+00,1.507E+00,3.142E+00,-1.463E-03,2.445E+00,2.423E+00,1.155E-01,2.765E+00
4,0.000E+00,1.265E-03,0.000E+00,0.000E+00,0.000E+00,1.562E-06,2.731E-03,5.661E-03,3.942E-01,1.831E+00,-9.119E-02,1.780E+00,1.326E+00,3.142E+00,-5.486E-03,2.328E+00,2.252E+00,4.488E-02,4.951E+00,1.832E+00,-4.791E-02,1.440E+00,1.415E+00,3.142E+00,3.861E-03,2.183E+00,2.228E+00,6.081E-02,3.934E+00,1.768E+00,-3.026E-02,1.553E+00,1.512E+00,3.142E+00,-1.697E-03,2.451E+00,2.425E+00,1.153E-01,2.769E+00
5,0.000E+00,1.270E-03,0.000E+00,0.000E+00,0.000E+00,1.562E-06,2.743E-03,5.674E-03,3.955E-01,1.836E+00,-1.023E-01,1.829E+00,1.317E+00,3.142E+00,-5.411E-03,2.323E+00,2.249E+00,4.474E-02,4.961E+00,1.827E+00,-4.721E-02,1.417E+00,1.454E+00,3.142E+00,2.645E-03,2.203E+00,2.232E+00,6.058E-02,3.944E+00,1.767E+00,-3.901E-02,1.601E+00,1.517E+00,3.142E+00,-1.930E-03,2.457E+00,2.428E+00,1.151E-01,2.772E+00
6,0.000E+00,1.281E-03,0.000E+00,0.000E+00,0.000E+00,1.562E-06,2.767E-03,5.700E-03,3.982E-01,1.847E+00,-1.245E-01,1.926E+00,1.299E+00,3.142E+00,-5.260E-03,2.315E+00,2.242E+00,4.446E-02,4.982E+00,1.819E+00,-4.581E-02,1.372E+00,1.533E+00,3.142E+00,2.122E-04,2.243E+00,2.240E+00,6.012E-02,3.965E+00,1.765E+00,-5.651E-02,1.697E+00,1.527E+00,3.142E+00,-2.398E-03,2.470E+00,2.433E+00,1.148E-01,2.780E+00
7,0.000E+00,1.292E-03,0.000E+00,0.000E+00,0.000E+00,1.562E-06,2.791E-03,5.726E-03,4.009E-01,1.858E+00,-1.467E-01,2.024E+00,1.281E+00,3.142E+00,-5.110E-03,2.306E+00,2.236E+00,4.419E-02,5.003E+00,1.813E+00,-4.442E-02,1.326E+00,1.612E+00,3.142E+00,-2.220E-03,2.283E+00,2.248E+00,5.966E-02,3.986E+00,1.763E+00,-7.402E-02,1.792E+00,1.537E+00,3.142E+00,-2.865E-03,2.482E+00,2.439E+00,1.144E-01,2.787E+00
8,0.000E+00,1.303E-03,0.000E+00,0.000E+00,0.000E+00,1.562E-06,2.814E-03,5.753E-03,4.036E-01,1.869E+00,-1.689E-01,2.121E+00,1.263E+00,3.142E+00,-4.959E-03,2.297E+00,2.229E+00,4.391E-02,5.024E+00,1.807E+00,-4.303E-02,1.280E+00,1.691E+00,3.142E+00,-4.653E-03,2.323E+00,2.256E+00,5.921E-02,4.007E+00,1.762E+00,-9.152E-02,1.888E+00,1.547E+00,3.142E+00,-3.332E-03,2.495E+00,2.444E+00,1.140E-01,2.794E+00
9,0.000E+00,1.308E-03,0.000E+00,0.000E+00,0.000E+00,1.562E-06,2.826E-03,5.766E-03,4.049E-01,1.875E+00,-1.800E-01,2.170E+00,1.254E+00,3.142E+00,-4.884E-03,2.292E+00,2.226E+00,4.377E-02,5.034E+00,1.805E+00,-4.233E-02,1.257E+00,1.730E+00,3.142E+00,-5.869E-03,2.343E+00,2.259E+00,5.898E-02,4.017E+00,1.762E+00,-1.003E-01,1.936E+00,1.552E+00,3.142E+00,-3.566E-03,2.501E+00,2.446E+00,1.138E-01,2.798E+00
10,0.000E+00,1.313E-03,0.000E+00,0.000E+00,0.000E+00,1.562E-06,2.838E-03,5.779E-03,4.062E-01,1.881E+00,-1.911E-01,2.219E+00,1.245E+00,3.142E+00,-4.809E-03,2.288E+00,2.223E+00,4.363E-02,5.045E+00,1.803E+00,-4.163E-02,1.234E+00,1.769E+00,3.142E+00,-7.085E-03,2.363E+00,2.263E+00,5.875E-02,4.028E+00,1.762E+00,-1.090E-01,1.984E+00,1.557E+00,3.142E+00,-3.800E-03,2.507E+00,2.449E+00,1.136E-01,2.801E+00
11,0.000E+00,1.349E-03,0.000E+00,0.000E+00,9.766E-08,1.465E-06,2.901E-03,5.884E-03,4.149E-01,1.883E+00,-2.081E-01,2.324E+00,1.243E+00,3.142E+00,-4.705E-03,2.295E+00,2.231E+00,4.371E-02,5.038E+00,1.776E+00,-8.974E-02,1.647E+00,1.685E+00,3.142E+00,-6.245E-03,2.347E+00,2.259E+00,5.928E-02,4.003E+00,1.762E+00,-1.216E-01,2.050E+00,1.566E+00,3.142E+00,-3.165E-03,2.495E+00,2.447E+00,1.139E-01,2.795E+00
12,0.000E+00,1.385E-03,0.000E+00,0.000E+00,1.953E-07,1.367E-06,2.964E-03,5.989E-03,4.235E-01,1.885E+00,-2.251E-01,2.428E+00,1.241E+00,3.142E+00,-4.601E-03,2.301E+00,2.239E+00,4.379E-02,5.032E+00,1.768E+00,-1.378E-01,2.059E+00,1.600E+00,3.142E+00,-5.406E-03,2.331E+00,2.255E+00,5.982E-02,3.979E+00,1.762E+00,-1.341E-01,2.115E+00,1.574E+00,3.142E+00,-2.530E-03,2.483E+00,2.445E+00,1.143E-01,2.789E+00
13,0.000E+00,1.421E-03,0.000E+00,0.000E+00,2.930E-07,1.270E-06,3.026E-03,6.095E-03,4.322E-01,1.888E+00,-2.421E-01,2.533E+00,1.239E+00,3.142E+00,-4.497E-03,2.308E+00,2.246E+00,4.387E-02,5.026E+00,1.775E+00,-1.859E-01,2.472E+00,1.515E+00,3.142E+00,-4.566E-03,2.315E+00,2.251E+00,6.035E-02,3.955E+00,1.762E+00,-1.466E-01,2.181E+00,1.582E+00,3.142E+00,-1.895E-03,2.472E+00,2.443E+00,1.146E-01,2.783E+00
14,0.000E+00,1.439E-03,0.000E+00,0.000E+00,3.418E-07,1.221E-06,3.058E-03,6.147E-03,4.365E-01,1.890E+00,-2.506E-01,2.585E+00,1.238E+00,3.142E+00,-4.445E-03,2.311E+00,2.250E+00,4.391E-02,5.023E+00,1.782E+00,-2.100E-01,2.678E+00,1.473E+00,3.142E+00,-4.146E-03,2.307E+00,2.249E+00,6.062E-02,3.943E+00,1.763E+00,-1.529E-01,2.214E+00,1.587E+00,3.142E+00,-1.577E-03,2.466E+00,2.441E+00,1.147E-01,2.780E+00
15,0.000E+00,1.457E-03,0.000E+00,0.000E+00,3.906E-07,1.172E-06,3.089E-03,6.200E-03,4.408E-01,1.892E+00,-2.591E-01,2.638E+00,1.237E+00,3.142E+00,-4.393E-03,2.315E+00,2.254E+00,4.395E-02,5.020E+00,1.791E+00,-2.340E-01,2.884E+00,1.431E+00,3.142E+00,-3.726E-03,2.299E+00,2.247E+00,6.089E-02,3.931E+00,1.763E+00,-1.592E-01,2.247E+00,1.591E+00,3.142E+00,-1.260E-03,2.460E+00,2.440E+00,1.149E-01,2.777E+00
16,0.000E+00,1.493E-03,0.000E+00,0.000E+00,4.883E-07,1.074E-06,3.152E-03,6.305E-03,4.495E-01,1.895E+00,-2.761E-01,2.742E+00,1.235E+00,3.142E+00,-4.289E-03,2.322E+00,2.262E+00,4.403E-02,5.014E+00,1.816E+00,-2.822E-01,3.296E+00,1.346E+00,3.142E+00,-2.887E-03,2.283E+00,2.243E+00,6.143E-02,3.907E+00,1.764E+00,-1.717E-01,2.312E+00,1.599E+00,3.142E+00,-6.247E-04,2.448E+00,2.438E+00,1.152E-01,2.771E+00
17,0.000E+00,1.529E-03,0.000E+00,0.000E+00,5.859E-07,9.766E-07,3.214E-03,6.411E-03,4.581E-01,1.899E+00,-2.932E-01,2.847E+00,1.233E+00,3.142E+00,-4.185E-03,2.328E+00,2.270E+00,4.411E-02,5.008E+00,1.847E+00,-3.303E-01,3.709E+00,1.262E+00,3.142E+00,-2.047E-03,2.267E+00,2.239E+00,6.196E-02,3.883E+00,1.764E+00,-1.843E-01,2.378E+00,1.608E+00,3.142E+00,1.032E-05,2.436E+00,2.436E+00,1.155E-01,2.765E+00
18,0.000E+00,1.565E-03,0.000E+00,0.000E+00,6.836E-07,8.789E-07,3.277E-03,6.516E-03,4.668E-01,1.903E+00,-3.102E-01,2.951E+00,1.231E+00,3.142E+00,-4.081E-03,2.335E+00,2.278E+00,4.419E-02,5.001E+00,1.884E+00,-3.784E-01,4.121E+00,1.177E+00,3.142E+00,-1.207E-03,2.251E+00,2.234E+00,6.250E-02,3.858E+00,1.765E+00,-1.968E-01,2.443E+00,1.616E+00,3.142E+00,6.453E-04,2.424E+00,2.434E+00,1.158E-01,2.759E+00
19,0.000E+00,1.583E-03,0.000E+00,0.000E+00,7.324E-07,8.301E-07,3.308E-03,6.568E-03,4.711E-01,1.906E+00,-3.187E-01,3.004E+00,1.230E+00,3.142E+00,-4.029E-03,2.338E+00,2.282E+00,4.423E-02,4.998E+00,1.904E+00,-4.024E-01,4.327E+00,1.135E+00,3.142E+00,-7.875E-04,2.243E+00,2.232E+00,6.276E-02,3.846E+00,1.766E+00,-2.031E-01,2.476E+00,1.621E+00,3.142E+00,9.628E-04,2.419E+00,2.433E+00,1.160E-01,2.756E+00
20,0.000E+00,1.601E-03,0.000E+00,0.000E+00,7.812E-07,7.812E-07,3.340E-03,6.621E-03,4.754E-01,1.908E+00,-3.272E-01,3.056E+00,1.229E+00,3.142E+00,-3.977E-03,2.342E+00,2.286E+00,4.427E-02,4.995E+00,1.926E+00,-4.265E-01,4.534E+00,1.093E+00,3.142E+00,-3.677E-04,2.235E+00,2.230E+00,6.303E-02,3.834E+00,1.766E+00,-2.093E-01,2.509E+00,1.625E+00,3.142E+00,1.280E-03,2.413E+00,2.432E+00,1.161E-01,2.753E+00
21,0.000E+00,1.648E-03,0.000E+00,0.000E+00,8.789E-07,1.660E-06,3.450E-03,6.867E-03,4.917E-01,1.896E+00,-3.509E-01,3.397E+00,1.233E+00,3.142E+00,-3.605E-03,2.342E+00,2.291E+00,4.396E-02,5.020E+00,1.920E+00,-4.381E-01,4.706E+00,1.108E+00,3.142E+00,2.271E-04,2.231E+00,2.234E+00,6.236E-02,3.865E+00,1.761E+00,-2.203E-01,2.613E+00,1.638E+00,3.142E+00,1.009E-03,2.418E+00,2.433E+00,1.155E-01,2.766E+00
22,0.000E+00,1.695E-03,0.000E+00,0.000E+00,9.766E-07,2.539E-06,3.561E-03,7.112E-03,5.079E-01,1.888E+00,-3.746E-01,3.737E+00,1.237E+00,3.142E+00,-3.233E-03,2.341E+00,2.296E+00,4.364E-02,5.046E+00,1.914E+00,-4.498E-01,4.879E+00,1.124E+00,3.142E+00,8.218E-04,2.226E+00,2.237E+00,6.168E-02,3.896E+00,1.755E+00,-2.313E-01,2.717E+00,1.652E+00,3.142E+00,7.367E-04,2.424E+00,2.435E+00,1.148E-01,2.780E+00
23,0.000E+00,1.742E-03,0.000E+00,0.000E+00,1.074E-06,3.418E-06,3.671E-03,7.357E-03,5.242E-01,1.882E+00,-3.983E-01,4.077E+00,1.242E+00,3.142E+00,-2.862E-03,2.341E+00,2.301E+00,4.332E-02,5.071E+00,1.908E+00,-4.615E-01,5.051E+00,1.139E+00,3.142E+00,1.417E-03,2.221E+00,2.240E+00,6.101E-02,3.927E+00,1.750E+00,-2.423E-01,2.822E+00,1.666E+00,3.142E+00,4.649E-04,2.430E+00,2.436E+00,1.141E-01,2.793E+00
24,0.000E+00,1.766E-03,0.000E+00,0.000E+00,1.123E-06,3.857E-06,3.726E-03,7.480E-03,5.324E-01,1.879E+00,-4.102E-01,4.248E+00,1.244E+00,3.142E+00,-2.676E-03,2.341E+00,2.304E+00,4.316E-02,5.083E+00,1.906E+00,-4.673E-01,5.137E+00,1.147E+00,3.142E+00,1.714E-03,2.219E+00,2.242E+00,6.067E-02,3.943E+00,1.748E+00,-2.477E-01,2.874E+00,1.672E+00,3.142E+00,3.290E-04,2.432E+00,2.437E+00,1.138E-01,2.800E+00
25,0.000E+00,1.789E-03,0.000E+00,0.000E+00,1.172E-06,4.297E-06,3.781E-03,7.603E-03,5.405E-01,1.877E+00,-4.220E-01,4.418E+00,1.246E+00,3.142E+00,-2.490E-03,2.341E+00,2.306E+00,4.301E-02,5.096E+00,1.903E+00,-4.731E-01,5.223E+00,1.155E+00,3.142E+00,2.011E-03,2.217E+00,2.244E+00,6.033E-02,3.958E+00,1.746E+00,-2.532E-01,2.926E+00,1.679E+00,3.142E+00,1.931E-04,2.435E+00,2.438E+00,1.134E-01,2.806E+00
26,0.000E+00,1.837E-03,0.000E+00,0.000E+00,1.270E-06,5.176E-06,3.892E-03,7.848E-03,5.568E-01,1.875E+00,-4.457E-01,4.758E+00,1.250E+00,3.142E+00,-2.118E-03,2.341E+00,2.311E+00,4.269E-02,5.121E+00,1.899E+00,-4.848E-01,5.396E+00,1.171E+00,3.142E+00,2.606E-03,2.212E+00,2.247E+00,5.966E-02,3.989E+00,1.742E+00,-2.642E-01,3.030E+00,1.693E+00,3.142E+00,-7.876E-05,2.441E+00,2.440E+00,1.128E-01,2.820E+00
27,0.000E+00,1.884E-03,0.000E+00,0.000E+00,1.367E-06,6.055E-06,4.002E-03,8.094E-03,5.730E-01,1.874E+00,-4.695E-01,5.099E+00,1.254E+00,3.142E+00,-1.746E-03,2.341E+00,2.316E+00,4.237E-02,5.146E+00,1.894E+00,-4.965E-01,5.568E+00,1.186E+00,3.142E+00,3.201E-03,2.207E+00,2.250E+00,5.898E-02,4.020E+00,1.738E+00,-2.752E-01,3.135E+00,1.706E+00,3.142E+00,-3.506E-04,2.447E+00,2.441E+00,1.121E-01,2.833E+00
28,0.000E+00,1.931E-03,0.000E+00,0.000E+00,1.465E-06,6.934E-06,4.112E-03,8.339E-03,5.893E-01,1.873E+00,-4.932E-01,5.439E+00,1.258E+00,3.142E+00,-1.374E-03,2.340E+00,2.321E+00,4.205E-02,5.172E+00,1.890E+00,-5.081E-01,5.741E+00,1.202E+00,3.142E+00,3.796E-03,2.203E+00,2.254E+00,5.831E-02,4.051E+00,1.734E+00,-2.862E-01,3.239E+00,1.720E+00,3.142E+00,-6.224E-04,2.452E+00,2.443E+00,1.114E-01,2.847E+00
29,0.000E+00,1.955E-03,0.000E+00,0.000E+00,1.514E-06,7.373E-06,4.167E-03,8.462E-03,5.974E-01,1.874E+00,-5.050E-01,5.609E+00,1.260E+00,3.142E+00,-1.188E-03,2.340E+00,2.324E+00,4.190E-02,5.184E+00,1.888E+00,-5.140E-01,5.827E+00,1.210E+00,3.142E+00,4.093E-03,2.201E+00,2.256E+00,5.797E-02,4.066E+00,1.733E+00,-2.916E-01,3.291E+00,1.727E+00,3.142E+00,-7.583E-04,2.455E+00,2.444E+00,1.111E-01,2.853E+00
30,0.000E+00,1.978E-03,0.000E+00,0.000E+00,1.562E-06,7.813E-06,4.223E-03,8.584E-03,6.056E-01,1.874E+00,-5.169E-01,5.780E+00,1.262E+00,3.142E+00,-1.003E-03,2.340E+00,2.326E+00,4.174E-02,5.197E+00,1.886E+00,-5.198E-01,5.913E+00,1.218E+00,3.142E+00,4.390E-03,2.198E+00,2.257E+00,5.763E-02,4.082E+00,1.731E+00,-2.971E-01,3.343E+00,1.733E+00,3.142E+00,-8.942E-04,2.458E+00,2.444E+00,1.107E-01,2.860E+00
31,0.000E+00,2.140E-03,0.000E+00,0.000E+00,5.762E-06,1.563E-05,4.553E-03,9.189E-03,6.517E-01,1.859E+00,-5.166E-01,5.700E+00,1.318E+00,3.142E+00,-9.870E-04,2.338E+00,2.324E+00,4.096E-02,5.269E+00,1.870E+00,-5.199E-01,5.916E+00,1.265E+00,3.142E+00,3.272E-03,2.225E+00,2.269E+00,5.713E-02,4.107E+00,1.730E+00,-3.038E-01,3.405E+00,1.740E+00,3.142E+00,-1.347E-03,2.476E+00,2.455E+00,1.105E-01,2.865E+00
32,0.000E+00,2.221E-03,0.000E+00,0.000E+00,7.861E-06,1.953E-05,4.719E-03,9.491E-03,6.747E-01,1.852E+00,-5.164E-01,5.660E+00,1.347E+00,3.142E+00,-9.791E-04,2.337E+00,2.324E+00,4.057E-02,5.306E+00,1.862E+00,-5.200E-01,5.918E+00,1.288E+00,3.142E+00,2.713E-03,2.239E+00,2.274E+00,5.689E-02,4.120E+00,1.729E+00,-3.072E-01,3.436E+00,1.744E+00,3.142E+00,-1.573E-03,2.485E+00,2.460E+00,1.103E-01,2.868E+00
33,0.000E+00,2.302E-03,0.000E+00,0.000E+00,9.961E-06,2.344E-05,4.884E-03,9.793E-03,6.978E-01,1.845E+00,-5.162E-01,5.621E+00,1.375E+00,3.142E+00,-9.713E-04,2.337E+00,2.323E+00,4.019E-02,5.342E+00,1.855E+00,-5.200E-01,5.919E+00,1.311E+00,3.142E+00,2.153E-03,2.252E+00,2.280E+00,5.664E-02,4.133E+00,1.728E+00,-3.105E-01,3.467E+00,1.747E+00,3.142E+00,-1.799E-03,2.494E+00,2.466E+00,1.102E-01,2.871E+00
34,0.000E+00,2.383E-03,0.000E+00,0.000E+00,1.206E-05,2.734E-05,5.049E-03,1.009E-02,7.208E-01,1.838E+00,-5.161E-01,5.581E+00,1.403E+00,3.142E+00,-9.635E-04,2.336E+00,2.322E+00,3.980E-02,5.379E+00,1.847E+00,-5.201E-01,5.921E+00,1.335E+00,3.142E+00,1.594E-03,2.266E+00,2.286E+00,5.639E-02,4.146E+00,1.728E+00,-3.139E-01,3.498E+00,1.751E+00,3.142E+00,-2.025E-03,2.503E+00,2.471E+00,1.101E-01,2.874E+00
35,0.000E+00,2.464E-03,0.000E+00,0.000E+00,1.416E-05,3.125E-05,5.215E-03,1.040E-02,7.439E-01,1.831E+00,-5.159E-01,5.541E+00,1.432E+00,3.142E+00,-9.557E-04,2.335E+00,2.321E+00,3.941E-02,5.415E+00,1.840E+00,-5.201E-01,5.922E+00,1.358E+00,3.142E+00,1.035E-03,2.279E+00,2.292E+00,5.614E-02,4.159E+00,1.727E+00,-3.172E-01,3.528E+00,1.754E+00,3.142E+00,-2.251E-03,2.512E+00,2.476E+00,1.100E-01,2.876E+00
36,0.000E+00,2.545E-03,0.000E+00,0.000E+00,1.626E-05,3.516E-05,5.380E-03,1.070E-02,7.669E-01,1.825E+00,-5.158E-01,5.502E+00,1.460E+00,3.142E+00,-9.479E-04,2.334E+00,2.320E+00,3.902E-02,5.451E+00,1.833E+00,-5.202E-01,5.924E+00,1.382E+00,3.142E+00,4.756E-04,2.293E+00,2.297E+00,5.589E-02,4.172E+00,1.726E+00,-3.206E-01,3.559E+00,1.758E+00,3.142E+00,-2.478E-03,2.520E+00,2.481E+00,1.098E-01,2.879E+00
37,0.000E+00,2.626E-03,0.000E+00,0.000E+00,1.836E-05,3.906E-05,5.545E-03,1.100E-02,7.900E-01,1.818E+00,-5.156E-01,5.462E+00,1.488E+00,3.142E+00,-9.401E-04,2.333E+00,2.320E+00,3.863E-02,5.488E+00,1.826E+00,-5.203E-01,5.926E+00,1.405E+00,3.142E+00,-8.367E-05,2.306E+00,2.303E+00,5.565E-02,4.185E+00,1.726E+00,-3.240E-01,3.590E+00,1.761E+00,3.142E+00,-2.704E-03,2.529E+00,2.487E+00,1.097E-01,2.882E+00
38,0.000E+00,2.707E-03,0.000E+00,0.000E+00,2.046E-05,4.297E-05,5.711E-03,1.130E-02,8.130E-01,1.812E+00,-5.154E-01,5.422E+00,1.517E+00,3.142E+00,-9.322E-04,2.332E+00,2.319E+00,3.825E-02,5.524E+00,1.819E+00,-5.203E-01,5.927E+00,1.429E+00,3.142E+00,-6.429E-04,2.320E+00,2.309E+00,5.540E-02,4.198E+00,1.725E+00,-3.273E-01,3.621E+00,1.765E+00,3.142E+00,-2.930E-03,2.538E+00,2.492E+00,1.096E-01,2.885E+00
39,0.000E+00,2.788E-03,0.000E+00,0.000E+00,2.256E-05,4.688E-05,5.876E-03,1.161E-02,8.360E-01,1.806E+00,-5.153E-01,5.383E+00,1.545E+00,3.142E+00,-9.244E-04,2.331E+00,2.318E+00,3.786E-02,5.560E+00,1.812E+00,-5.204E-01,5.929E+00,1.452E+00,3.142E+00,-1.202E-03,2.334E+00,2.315E+00,5.515E-02,4.210E+00,1.725E+00,-3.307E-01,3.652E+00,1.768E+00,3.142E+00,-3.156E-03,2.547E+00,2.497E+00,1.094E-01,2.887E+00
40,0.000E+00,2.869E-03,0.000E+00,0.000E+00,2.466E-05,5.078E-05,6.041E-03,1.191E-02,8.591E-01,1.800E+00,-5.151E-01,5.343E+00,1.573E+00,3.142E+00,-9.166E-04,2.330E+00,2.317E+00,3.747E-02,5.597E+00,1.806E+00,-5.204E-01,5.930E+00,1.475E+00,3.142E+00,-1.761E-03,2.347E+00,2.320E+00,5.490E-02,4.223E+00,1.724E+00,-3.340E-01,3.683E+00,1.772E+00,3.142E+00,-3.383E-03,2.556E+00,2.503E+00,1.093E-01,2.890E+00
41,0.000E+00,2.950E-03,0.000E+00,0.000E+00,2.676E-05,5.469E-05,6.207E-03,1.221E-02,8.821E-01,1.795E+00,-5.150E-01,5.303E+00,1.602E+00,3.142E+00,-9.088E-04,2.329E+00,2.316E+00,3.708E-02,5.633E+00,1.799E+00,-5.205E-01,5.932E+00,1.499E+00,3.142E+00,-2.321E-03,2.361E+00,2.326E+00,5.465E-02,4.236E+00,1.723E+00,-3.374E-01,3.714E+00,1.775E+00,3.142E+00,-3.609E-03,2.565E+00,2.508E+00,1.092E-01,2.893E+00
42,0.000E+00,3.031E-03,0.000E+00,0.000E+00,2.886E-05,5.859E-05,6.372E-03,1.251E-02,9.052E-01,1.789E+00,-5.148E-01,5.263E+00,1.630E+00,3.142E+00,-9.010E-04,2.328E+00,2.315E+00,3.669E-02,5.669E+00,1.793E+00,-5.205E-01,5.933E+00,1.522E+00,3.142E+00,-2.880E-03,2.374E+00,2.332E+00,5.440E-02,4.249E+00,1.723E+00,-3.407E-01,3.744E+00,1.779E+00,3.142E+00,-3.835E-03,2.574E+00,2.513E+00,1.090E-01,2.895E+00
43,0.000E+00,3.112E-03,0.000E+00,0.000E+00,3.096E-05,6.250E-05,6.537E-03,1.281E-02,9.282E-01,1.784E+00,-5.146E-01,5.224E+00,1.658E+00,3.142E+00,-8.932E-04,2.327E+00,2.315E+00,3.631E-02,5.706E+00,1.786E+00,-5.206E-01,5.935E+00,1.546E+00,3.142E+00,-3.439E-03,2.388E+00,2.337E+00,5.416E-02,4.262E+00,1.722E+00,-3.441E-01,3.775E+00,1.782E+00,3.142E+00,-4.061E-03,2.583E+00,2.519E+00,1.089E-01,2.898E+00
44,0.000E+00,3.192E-03,0.000E+00,0.000E+00,3.306E-05,6.641E-05,6.703E-03,1.312E-02,9.513E-01,1.779E+00,-5.145E-01,5.184E+00,1.687E+00,3.142E+00,-8.853E-04,2.326E+00,2.314E+00,3.592E-02,5.742E+00,1.780E+00,-5.207E-01,5.936E+00,1.569E+00,3.142E+00,-3.998E-03,2.401E+00,2.343E+00,5.391E-02,4.275E+00,1.722E+00,-3.474E-01,3.806E+00,1.786E+00,3.142E+00,-4.287E-03,2.592E+00,2.524E+00,1.088E-01,2.901E+00
45,0.000E+00,3.273E-03,0.000E+00,0.000E+00,3.516E-05,7.031E-05,6.868E-03,1.342E-02,9.743E-01,1.773E+00,-5.143E-01,5.144E+00,1.715E+00,3.142E+00,-8.775E-04,2.325E+00,2.313E+00,3.553E-02,5.778E+00,1.774E+00,-5.207E-01,5.938E+00,1.592E+00,3.142E+00,-4.558E-03,2.415E+00,2.349E+00,5.366E-02,4.288E+00,1.722E+00,-3.508E-01,3.837E+00,1.789E+00,3.142E+00,-4.514E-03,2.601E+00,2.529E+00,1.087E-01,2.904E+00
46,0.000E+00,3.401E-03,0.000E+00,0.000E+00,6.914E-05,1.422E-04,7.232E-03,1.406E-02,1.025E+00,1.766E+00,-5.119E-01,5.131E+00,1.744E+00,3.142E+00,-1.960E-03,2.368E+00,2.339E+00,3.571E-02,5.760E+00,1.747E+00,-5.083E-01,5.669E+00,1.713E+00,3.142E+00,-4.551E-03,2.452E+00,2.385E+00,5.232E-02,4.367E+00,1.721E+00,-3.488E-01,3.786E+00,1.803E+00,3.142E+00,-4.949E-03,2.613E+00,2.534E+00,1.078E-01,2.922E+00
47,0.000E+00,3.528E-03,0.000E+00,0.000E+00,1.031E-04,2.141E-04,7.596E-03,1.470E-02,1.076E+00,1.758E+00,-5.095E-01,5.118E+00,1.772E+00,3.142E+00,-3.043E-03,2.411E+00,2.366E+00,3.589E-02,5.741E+00,1.723E+00,-4.958E-01,5.399E+00,1.833E+00,3.142E+00,-4.545E-03,2.490E+00,2.421E+00,5.098E-02,4.447E+00,1.720E+00,-3.468E-01,3.735E+00,1.818E+00,3.142E+00,-5.384E-03,2.625E+00,2.539E+00,1.069E-01,2.941E+00
48,0.000E+00,3.655E-03,0.000E+00,0.000E+00,1.371E-04,2.859E-04,7.960E-03,1.534E-02,1.127E+00,1.751E+00,-5.070E-01,5.105E+00,1.801E+00,3.142E+00,-4.126E-03,2.454E+00,2.392E+00,3.607E-02,5.722E+00,1.702E+00,-4.833E-01,5.130E+00,1.953E+00,3.142E+00,-4.539E-03,2.527E+00,2.458E+00,4.963E-02,4.527E+00,1.719E+00,-3.448E-01,3.684E+00,1.832E+00,3.142E+00,-5.819E-03,2.637E+00,2.543E+00,1.061E-01,2.960E+00
49,0.000E+00,3.719E-03,0.000E+00,0.000E+00,1.541E-04,3.219E-04,8.142E-03,1.566E-02,1.152E+00,1.747E+00,-5.058E-01,5.098E+00,1.816E+00,3.142E+00,-4.667E-03,2.476E+00,2.405E+00,3.616E-02,5.713E+00,1.693E+00,-4.771E-01,4.995E+00,2.013E+00,3.142E+00,-4.536E-03,2.546E+00,2.476E+00,4.896E-02,4.567E+00,1.719E+00,-3.438E-01,3.658E+00,1.839E+00,3.142E+00,-6.036E-03,2.643E+00,2.545E+00,1.057E-01,2.969E+00
50,0.000E+00,3.783E-03,0.000E+00,0.000E+00,1.711E-04,3.578E-04,8.323E-03,1.598E-02,1.177E+00,1.744E+00,-5.046E-01,5.091E+00,1.830E+00,3.142E+00,-5.208E-03,2.497E+00,2.418E+00,3.625E-02,5.703E+00,1.684E+00,-4.709E-01,4.860E+00,2.074E+00,3.142E+00,-4.533E-03,2.565E+00,2.494E+00,4.829E-02,4.607E+00,1.719E+00,-3.429E-01,3.633E+00,1.846E+00,3.142E+00,-6.254E-03,2.649E+00,2.548E+00,1.052E-01,2.978E+00
51,0.000E+00,3.959E-03,0.000E+00,0.000E+00,2.426E-04,4.566E-04,8.860E-03,1.689E-02,1.251E+00,1.722E+00,-5.294E-01,6.084E+00,1.805E+00,3.142E+00,-4.727E-03,2.481E+00,2.410E+00,3.592E-02,5.740E+00,1.684E+00,-4.837E-01,5.098E+00,2.054E+00,3.142E+00,-3.867E-03,2.549E+00,2.488E+00,4.828E-02,4.607E+00,1.710E+00,-3.560E-01,3.929E+00,1.833E+00,3.142E+00,-5.397E-03,2.626E+00,2.539E+00,1.052E-01,2.980E+00
52,0.000E+00,4.135E-03,0.000E+00,0.000E+00,3.141E-04,5.555E-04,9.396E-03,1.779E-02,1.325E+00,1.708E+00,-5.542E-01,7.076E+00,1.780E+00,3.142E+00,-4.246E-03,2.465E+00,2.401E+00,3.558E-02,5.776E+00,1.685E+00,-4.965E-01,5.336E+00,2.033E+00,3.142E+00,-3.201E-03,2.533E+00,2.482E+00,4.828E-02,4.608E+00,1.702E+00,-3.692E-01,4.226E+00,1.819E+00,3.142E+00,-4.540E-03,2.603E+00,2.530E+00,1.051E-01,2.982E+00
53,0.000E+00,4.311E-03,0.000E+00,0.000E+00,3.855E-04,6.543E-04,9.933E-03,1.870E-02,1.399E+00,1.700E+00,-5.790E-01,8.068E+00,1.755E+00,3.142E+00,-3.765E-03,2.449E+00,2.392E+00,3.525E-02,5.812E+00,1.686E+00,-5.094E-01,5.573E+00,2.013E+00,3.142E+00,-2.535E-03,2.516E+00,2.477E+00,4.827E-02,4.608E+00,1.697E+00,-3.823E-01,4.522E+00,1.806E+00,3.142E+00,-3.683E-03,2.581E+00,2.521E+00,1.050E-01,2.984E+00
54,0.000E+00,4.399E-03,0.000E+00,0.000E+00,4.213E-04,7.037E-04,1.020E-02,1.915E-02,1.436E+00,1.698E+00,-5.914E-01,8.564E+00,1.742E+00,3.142E+00,-3.525E-03,2.440E+00,2.388E+00,3.508E-02,5.831E+00,1.687E+00,-5.158E-01,5.692E+00,2.003E+00,3.142E+00,-2.202E-03,2.508E+00,2.474E+00,4.826E-02,4.608E+00,1.694E+00,-3.889E-01,4.671E+00,1.799E+00,3.142E+00,-3.255E-03,2.569E+00,2.516E+00,1.050E-01,2.984E+00
55,0.000E+00,4.487E-03,0.000E+00,0.000E+00,4.570E-04,7.531E-04,1.047E-02,1.960E-02,1.473E+00,1.696E+00,-6.038E-01,9.060E+00,1.729E+00,3.142E+00,-3.284E-03,2.432E+00,2.383E+00,3.491E-02,5.849E+00,1.688E+00,-5.222E-01,5.811E+00,1.993E+00,3.142E+00,-1.869E-03,2.500E+00,2.471E+00,4.826E-02,4.609E+00,1.692E+00,-3.955E-01,4.819E+00,1.792E+00,3.142E+00,-2.826E-03,2.558E+00,2.512E+00,1.049E-01,2.985E+00
56,0.000E+00,4.663E-03,0.000E+00,0.000E+00,5.285E-04,8.520E-04,1.101E-02,2.050E-02,1.547E+00,1.696E+00,-6.287E-01,1.005E+01,1.704E+00,3.142E+00,-2.803E-03,2.416E+00,2.375E+00,3.458E-02,5.885E+00,1.691E+00,-5.350E-01,6.049E+00,1.973E+00,3.142E+00,-1.203E-03,2.484E+00,2.465E+00,4.825E-02,4.609E+00,1.689E+00,-4.086E-01,5.116E+00,1.779E+00,3.142E+00,-1.969E-03,2.535E+00,2.503E+00,1.049E-01,2.987E+00
57,0.000E+00,4.839E-03,0.000E+00,0.000E+00,6.000E-04,9.508E-04,1.154E-02,2.141E-02,1.621E+00,1.699E+00,-6.535E-01,1.104E+01,1.679E+00,3.142E+00,-2.322E-03,2.400E+00,2.366E+00,3.424E-02,5.922E+00,1.694E+00,-5.479E-01,6.287E+00,1.953E+00,3.142E+00,-5.367E-04,2.468E+00,2.459E+00,4.824E-02,4.610E+00,1.687E+00,-4.218E-01,5.412E+00,1.765E+00,3.142E+00,-1.112E-03,2.512E+00,2.494E+00,1.048E-01,2.989E+00
58,0.000E+00,5.015E-03,0.000E+00,0.000E+00,6.715E-04,1.050E-03,1.208E-02,2.231E-02,1.695E+00,1.703E+00,-6.783E-01,1.204E+01,1.654E+00,3.142E+00,-1.841E-03,2.384E+00,2.357E+00,3.391E-02,5.958E+00,1.697E+00,-5.607E-01,6.524E+00,1.933E+00,3.142E+00,1.294E-04,2.452E+00,2.453E+00,4.824E-02,4.610E+00,1.686E+00,-4.349E-01,5.709E+00,1.752E+00,3.142E+00,-2.553E-04,2.490E+00,2.485E+00,1.047E-01,2.990E+00
59,0.000E+00,5.103E-03,0.000E+00,0.000E+00,7.072E-04,1.099E-03,1.235E-02,2.276E-02,1.732E+00,1.707E+00,-6.907E-01,1.253E+01,1.641E+00,3.142E+00,-1.601E-03,2.376E+00,2.353E+00,3.374E-02,5.976E+00,1.699E+00,-5.671E-01,6.643E+00,1.923E+00,3.142E+00,4.624E-04,2.444E+00,2.450E+00,4.823E-02,4.610E+00,1.685E+00,-4.415E-01,5.857E+00,1.745E+00,3.142E+00,1.731E-04,2.478E+00,2.480E+00,1.047E-01,2.991E+00
60,0.000E+00,5.191E-03,0.000E+00,0.000E+00,7.430E-04,1.148E-03,1.262E-02,2.322E-02,1.769E+00,1.710E+00,-7.031E-01,1.303E+01,1.629E+00,3.142E+00,-1.360E-03,2.368E+00,2.348E+00,3.357E-02,5.995E+00,1.701E+00,-5.735E-01,6.762E+00,1.913E+00,3.142E+00,7.954E-04,2.436E+00,2.447E+00,4.823E-02,4.611E+00,1.685E+00,-4.481E-01,6.005E+00,1.738E+00,3.142E+00,6.016E-04,2.467E+00,2.476E+00,1.046E-01,2.992E+00
61,0.000E+00,5.454E-03,0.000E+00,0.000E+00,9.389E-04,1.503E-03,1.346E-02,2.457E-02,1.893E+00,1.687E+00,-7.313E-01,1.671E+01,1.603E+00,3.142E+00,-6.062E-04,2.362E+00,2.354E+00,3.408E-02,5.939E+00,1.646E+00,-6.146E-01,9.982E+00,1.881E+00,3.142E+00,3.348E-04,2.427E+00,2.432E+00,4.841E-02,4.599E+00,1.649E+00,-4.908E-01,8.374E+00,1.677E+00,3.142E+00,-6.975E-04,2.503E+00,2.491E+00,1.046E-01,2.992E+00
62,0.000E+00,5.716E-03,0.000E+00,0.000E+00,1.135E-03,1.858E-03,1.430E-02,2.593E-02,2.017E+00,1.676E+00,-7.594E-01,2.039E+01,1.578E+00,3.142E+00,1.480E-04,2.357E+00,2.359E+00,3.459E-02,5.882E+00,1.621E+00,-6.556E-01,1.320E+01,1.850E+00,3.142E+00,-1.258E-04,2.419E+00,2.417E+00,4.860E-02,4.587E+00,1.638E+00,-5.335E-01,1.074E+01,1.615E+00,3.142E+00,-1.997E-03,2.538E+00,2.506E+00,1.046E-01,2.992E+00
63,0.000E+00,5.978E-03,0.000E+00,0.000E+00,1.331E-03,2.213E-03,1.514E-02,2.728E-02,2.141E+00,1.673E+00,-7.876E-01,2.408E+01,1.553E+00,3.142E+00,9.021E-04,2.352E+00,2.364E+00,3.510E-02,5.826E+00,1.611E+00,-6.966E-01,1.642E+01,1.818E+00,3.142E+00,-5.864E-04,2.410E+00,2.402E+00,4.879E-02,4.575E+00,1.642E+00,-5.763E-01,1.311E+01,1.553E+00,3.142E+00,-3.296E-03,2.574E+00,2.522E+00,1.047E-01,2.992E+00
64,0.000E+00,6.109E-03,0.000E+00,0.000E+00,1.429E-03,2.391E-03,1.556E-02,2.796E-02,2.203E+00,1.673E+00,-8.017E-01,2.592E+01,1.540E+00,3.142E+00,1.279E-03,2.349E+00,2.367E+00,3.536E-02,5.798E+00,1.610E+00,-7.171E-01,1.803E+01,1.802E+00,3.142E+00,-8.167E-04,2.406E+00,2.394E+00,4.888E-02,4.569E+00,1.648E+00,-5.976E-01,1.429E+01,1.522E+00,3.142E+00,-3.945E-03,2.592E+00,2.529E+00,1.047E-01,2.991E+00
65,0.000E+00,6.240E-03,0.000E+00,0.000E+00,1.527E-03,2.568E-03,1.599E-02,2.863E-02,2.265E+00,1.675E+00,-8.158E-01,2.776E+01,1.528E+00,3.142E+00,1.656E-03,2.346E+00,2.370E+00,3.561E-02,5.770E+00,1.612E+00,-7.376E-01,1.964E+01,1.786E+00,3.142E+00,-1.047E-03,2.402E+00,2.387E+00,4.898E-02,4.563E+00,1.656E+00,-6.190E-01,1.548E+01,1.492E+00,3.142E+00,-4.595E-03,2.610E+00,2.537E+00,1.047E-01,2.991E+00
66,0.000E+00,6.545E-03,0.000E+00,0.000E+00,1.768E-03,2.944E-03,1.718E-02,3.067E-02,2.435E+00,1.634E+00,-8.021E-01,2.720E+01,1.647E+00,3.142E+00,3.317E-03,2.313E+00,2.360E+00,3.525E-02,5.809E+00,1.598E+00,-7.372E-01,2.070E+01,1.800E+00,3.142E+00,-6.153E-04,2.376E+00,2.367E+00,4.985E-02,4.511E+00,1.635E+00,-6.050E-01,1.504E+01,1.552E+00,3.142E+00,-3.730E-03,2.606E+00,2.547E+00,1.044E-01,2.997E+00
67,0.000E+00,6.850E-03,0.000E+00,0.000E+00,2.009E-03,3.320E-03,1.837E-02,3.270E-02,2.604E+00,1.596E+00,-7.884E-01,2.664E+01,1.767E+00,3.142E+00,4.977E-03,2.280E+00,2.349E+00,3.489E-02,5.848E+00,1.586E+00,-7.368E-01,2.175E+01,1.813E+00,3.142E+00,-1.836E-04,2.350E+00,2.347E+00,5.073E-02,4.458E+00,1.614E+00,-5.910E-01,1.460E+01,1.612E+00,3.142E+00,-2.865E-03,2.603E+00,2.557E+00,1.042E-01,3.003E+00
68,0.000E+00,7.155E-03,0.000E+00,0.000E+00,2.250E-03,3.696E-03,1.956E-02,3.473E-02,2.774E+00,1.561E+00,-7.747E-01,2.608E+01,1.886E+00,3.142E+00,6.638E-03,2.248E+00,2.339E+00,3.453E-02,5.887E+00,1.574E+00,-7.365E-01,2.281E+01,1.827E+00,3.142E+00,2.481E-04,2.324E+00,2.327E+00,5.161E-02,4.406E+00,1.595E+00,-5.770E-01,1.416E+01,1.672E+00,3.142E+00,-2.000E-03,2.599E+00,2.567E+00,1.039E-01,3.009E+00
69,0.000E+00,7.308E-03,0.000E+00,0.000E+00,2.370E-03,3.885E-03,2.015E-02,3.575E-02,2.859E+00,1.544E+00,-7.679E-01,2.581E+01,1.946E+00,3.142E+00,7.468E-03,2.231E+00,2.334E+00,3.436E-02,5.906E+00,1.568E+00,-7.363E-01,2.334E+01,1.833E+00,3.142E+00,4.639E-04,2.311E+00,2.317E+00,5.205E-02,4.379E+00,1.586E+00,-5.700E-01,1.394E+01,1.702E+00,3.142E+00,-1.567E-03,2.597E+00,2.572E+00,1.038E-01,3.012E+00
70,0.000E+00,7.460E-03,0.000E+00,0.000E+00,2.491E-03,4.073E-03,2.075E-02,3.676E-02,2.944E+00,1.528E+00,-7.611E-01,2.553E+01,2.006E+00,3.142E+00,8.298E-03,2.215E+00,2.329E+00,3.418E-02,5.926E+00,1.562E+00,-7.361E-01,2.386E+01,1.840E+00,3.142E+00,6.798E-04,2.298E+00,2.307E+00,5.249E-02,4.353E+00,1.577E+00,-5.630E-01,1.372E+01,1.732E+00,3.142E+00,-1.135E-03,2.596E+00,2.577E+00,1.037E-01,3.015E+00
71,0.000E+00,7.537E-03,0.000E+00,0.000E+00,3.089E-03,5.009E-03,2.205E-02,3.839E-02,3.131E+00,1.522E+00,-7.240E-01,2.177E+01,2.053E+00,3.142E+00,5.312E-03,2.249E+00,2.322E+00,3.503E-02,5.834E+00,1.521E+00,-7.327E-01,2.489E+01,1.974E+00,3.142E+00,7.990E-03,2.187E+00,2.293E+00,5.215E-02,4.372E+00,1.551E+00,-5.429E-01,1.293E+01,1.836E+00,3.142E+00,1.261E-04,2.514E+00,2.515E+00,1.056E-01,2.971E+00
72,0.000E+00,7.613E-03,0.000E+00,0.000E+00,3.688E-03,5.945E-03,2.335E-02,4.002E-02,3.319E+00,1.524E+00,-6.870E-01,1.802E+01,2.100E+00,3.142E+00,2.327E-03,2.283E+00,2.316E+00,3.588E-02,5.742E+00,1.483E+00,-7.294E-01,2.592E+01,2.107E+00,3.142E+00,1.530E-02,2.077E+00,2.278E+00,5.182E-02,4.391E+00,1.528E+00,-5.229E-01,1.213E+01,1.940E+00,3.142E+00,1.387E-03,2.432E+00,2.453E+00,1.076E-01,2.927E+00
73,0.000E+00,8.017E-03,0.000E+00,0.000E+00,4.050E-03,6.592E-03,2.501E-02,4.265E-02,3.553E+00,1.478E+00,-6.770E-01,1.829E+01,2.284E+00,3.142E+00,2.805E-03,2.263E+00,2.302E+00,3.583E-02,5.747E+00,1.470E+00,-6.901E-01,2.120E+01,2.228E+00,3.142E+00,7.206E-03,2.198E+00,2.292E+00,5.172E-02,4.397E+00,1.518E+00,-5.102E-01,1.190E+01,1.963E+00,3.142E+00,-6.116E-04,2.474E+00,2.464E+00,1.055E-01,2.973E+00
74,0.000E+00,8.420E-03,0.000E+00,0.000E+00,4.412E-03,7.239E-03,2.667E-02,4.529E-02,3.787E+00,1.437E+00,-6.669E-01,1.857E+01,2.468E+00,3.142E+00,3.283E-03,2.243E+00,2.288E+00,3.579E-02,5.751E+00,1.471E+00,-6.507E-01,1.648E+01,2.348E+00,3.142E+00,-8.876E-04,2.319E+00,2.306E+00,5.162E-02,4.403E+00,1.509E+00,-4.974E-01,1.167E+01,1.985E+00,3.142E+00,-2.610E-03,2.516E+00,2.476E+00,1.034E-01,3.019E+00
75,0.000E+00,8.551E-03,0.000E+00,0.000E+00,5.256E-03,8.365E-03,2.869E-02,4.808E-02,4.072E+00,1.410E+00,-6.524E-01,1.773E+01,2.633E+00,3.142E+00,1.995E-04,2.321E+00,2.322E+00,3.628E-02,5.700E+00,1.430E+00,-6.319E-01,1.592E+01,2.557E+00,3.142E+00,-9.384E-04,2.333E+00,2.320E+00,5.254E-02,4.351E+00,1.476E+00,-4.761E-01,1.073E+01,2.178E+00,3.142E+00,2.762E-04,2.460E+00,2.464E+00,1.038E-01,3.012E+00
76,0.000E+00,8.681E-03,0.000E+00,0.000E+00,6.101E-03,9.491E-03,3.071E-02,5.087E-02,4.357E+00,1.386E+00,-6.380E-01,1.689E+01,2.798E+00,3.142E+00,-2.884E-03,2.399E+00,2.357E+00,3.678E-02,5.650E+00,1.394E+00,-6.131E-01,1.537E+01,2.765E+00,3.142E+00,-9.892E-04,2.347E+00,2.333E+00,5.345E-02,4.299E+00,1.449E+00,-4.548E-01,9.801E+00,2.372E+00,3.142E+00,3.162E-03,2.404E+00,2.452E+00,1.041E-01,3.004E+00
77,0.000E+00,9.516E-03,0.000E+00,0.000E+00,6.467E-03,1.033E-02,3.324E-02,5.493E-02,4.713E+00,1.382E+00,-6.203E-01,1.576E+01,2.852E+00,3.142E+00,6.437E-03,2.188E+00,2.265E+00,3.620E-02,5.709E+00,1.398E+00,-5.900E-01,1.451E+01,2.722E+00,3.142E+00,6.073E-03,2.178E+00,2.253E+00,5.060E-02,4.470E+00,1.432E+00,-4.433E-01,9.542E+00,2.470E+00,3.142E+00,2.986E-03,2.382E+00,2.426E+00,1.037E-01,3.013E+00
78,0.000E+00,1.035E-02,0.000E+00,0.000E+00,6.834E-03,1.117E-02,3.577E-02,5.899E-02,5.069E+00,1.379E+00,-6.027E-01,1.463E+01,2.906E+00,3.142E+00,1.576E-02,1.977E+00,2.172E+00,3.562E-02,5.769E+00,1.403E+00,-5.669E-01,1.364E+01,2.678E+00,3.142E+00,1.314E-02,2.008E+00,2.172E+00,4.775E-02,4.642E+00,1.416E+00,-4.319E-01,9.283E+00,2.568E+00,3.142E+00,2.810E-03,2.360E+00,2.401E+00,1.033E-01,3.023E+00
79,0.000E+00,1.063E-02,0.000E+00,0.000E+00,7.979E-03,1.275E-02,3.858E-02,6.304E-02,5.475E+00,1.338E+00,-5.867E-01,1.421E+01,3.199E+00,3.142E+00,1.009E-02,2.076E+00,2.203E+00,3.500E-02,5.836E+00,1.359E+00,-5.600E-01,1.364E+01,2.972E+00,3.142E+00,6.034E-03,2.105E+00,2.180E+00,4.742E-02,4.664E+00,1.386E+00,-4.149E-01,8.918E+00,2.769E+00,3.142E+00,4.514E-03,2.302E+00,2.366E+00,1.024E-01,3.044E+00
80,0.000E+00,1.090E-02,0.000E+00,0.000E+00,9.125E-03,1.434E-02,4.138E-02,6.708E-02,5.880E+00,1.302E+00,-5.706E-01,1.378E+01,3.493E+00,3.142E+00,4.425E-03,2.175E+00,2.234E+00,3.438E-02,5.904E+00,1.319E+00,-5.531E-01,1.364E+01,3.265E+00,3.142E+00,-1.067E-03,2.203E+00,2.189E+00,4.708E-02,4.686E+00,1.360E+00,-3.979E-01,8.553E+00,2.970E+00,3.142E+00,6.217E-03,2.244E+00,2.330E+00,1.015E-01,3.065E+00
81,0.000E+00,1.066E-02,0.000E+00,0.000E+00,1.089E-02,1.686E-02,4.450E-02,7.077E-02,6.327E+00,1.258E+00,-5.638E-01,1.396E+01,3.880E+00,3.142E+00,2.260E-02,1.925E+00,2.186E+00,3.473E-02,5.865E+00,1.253E+00,-5.346E-01,1.341E+01,3.843E+00,3.142E+00,1.216E-02,2.024E+00,2.169E+00,4.521E-02,4.820E+00,1.324E+00,-3.878E-01,8.399E+00,3.270E+00,3.142E+00,5.484E-03,2.225E+00,2.301E+00,1.010E-01,3.078E+00
82,0.000E+00,1.043E-02,0.000E+00,0.000E+00,1.266E-02,1.938E-02,4.761E-02,7.447E-02,6.774E+00,1.218E+00,-5.570E-01,1.414E+01,4.267E+00,3.142E+00,4.078E-02,1.675E+00,2.139E+00,3.508E-02,5.826E+00,1.198E+00,-5.162E-01,1.319E+01,4.421E+00,3.142E+00,2.538E-02,1.846E+00,2.149E+00,4.333E-02,4.954E+00,1.292E+00,-3.777E-01,8.244E+00,3.570E+00,3.142E+00,4.751E-03,2.207E+00,2.271E+00,1.004E-01,3.091E+00
83,0.000E+00,1.006E-02,0.000E+00,0.000E+00,1.417E-02,2.145E-02,5.002E-02,7.701E-02,7.110E+00,1.164E+00,-5.394E-01,1.343E+01,5.030E+00,3.142E+00,3.436E-02,1.673E+00,2.054E+00,3.358E-02,5.999E+00,1.134E+00,-5.022E-01,1.281E+01,5.367E+00,3.142E+00,5.720E-02,1.513E+00,2.087E+00,4.232E-02,5.033E+00,1.231E+00,-3.671E-01,8.409E+00,4.166E+00,3.142E+00,1.072E-02,2.056E+00,2.187E+00,9.678E-02,3.186E+00
84,0.000E+00,9.686E-03,0.000E+00,0.000E+00,1.568E-02,2.352E-02,5.242E-02,7.956E-02,7.447E+00,1.122E+00,-5.217E-01,1.273E+01,5.794E+00,3.142E+00,2.794E-02,1.671E+00,1.970E+00,3.208E-02,6.172E+00,1.085E+00,-4.882E-01,1.243E+01,6.313E+00,3.142E+00,8.901E-02,1.179E+00,2.026E+00,4.131E-02,5.112E+00,1.178E+00,-3.564E-01,8.575E+00,4.762E+00,3.142E+00,1.669E-02,1.904E+00,2.103E+00,9.315E-02,3.280E+00
85,0.000E+00,7.805E-03,0.000E+00,0.000E+00,1.641E-02,2.441E-02,5.009E-02,7.405E-02,7.113E+00,9.299E-01,-4.784E-01,1.145E+01,1.223E+01,3.142E+00,5.848E-02,1.346E+00,1.852E+00,2.988E-02,6.473E+00,9.564E-01,-4.569E-01,1.125E+01,1.060E+01,3.142E+00,8.901E-02,1.137E+00,1.950E+00,4.046E-02,5.184E+00,1.057E+00,-3.351E-01,8.660E+00,6.979E+00,3.142E+00,4.518E-02,1.554E+00,1.987E+00,9.067E-02,3.352E+00
86,0.000E+00,5.924E-03,0.000E+00,0.000E+00,1.714E-02,2.530E-02,4.776E-02,6.854E-02,6.780E+00,8.543E-01,-4.350E-01,1.018E+01,1.866E+01,3.142E+00,8.901E-02,1.021E+00,1.734E+00,2.768E-02,6.775E+00,8.949E-01,-4.256E-01,1.007E+01,1.489E+01,3.142E+00,8.901E-02,1.094E+00,1.875E+00,3.962E-02,5.255E+00,9.766E-01,-3.138E-01,8.745E+00,9.196E+00,3.142E+00,7.366E-02,1.204E+00,1.871E+00,8.819E-02,3.423E+00
87,0.000E+00,3.173E-03,0.000E+00,0.000E+00,1.046E-02,1.526E-02,2.817E-02,4.020E-02,4.004E+00,6.394E-01,-3.811E-01,8.366E+00,1.748E+02,3.142E+00,8.900E-02,8.337E-01,1.428E+00,2.399E-02,7.476E+00,6.699E-01,-3.664E-01,7.847E+00,1.281E+02,3.142E+00,8.900E-02,8.747E-01,1.505E+00,3.224E-02,6.150E+00,7.306E-01,-2.717E-01,7.969E+00,4.182E+01,3.142E+00,8.128E-02,9.281E-01,1.499E+00,7.796E-02,3.809E+00
88,0.000E+00,4.211E-04,0.000E+00,0.000E+00,3.784E-03,5.219E-03,8.584E-03,1.186E-02,1.229E+00,6.514E-01,-3.271E-01,6.553E+00,3.309E+02,3.142E+00,8.899E-02,6.466E-01,1.122E+00,2.029E-02,8.177E+00,6.992E-01,-3.072E-01,5.621E+00,2.413E+02,3.142E+00,8.900E-02,6.555E-01,1.134E+00,2.487E-02,7.045E+00,6.833E-01,-2.297E-01,7.193E+00,7.445E+01,3.142E+00,8.891E-02,6.526E-01,1.127E+00,6.774E-02,4.194E+00
89,0.000E+00,0.000E+00,0.000E+00,1.641E-05,2.266E-05,2.656E-05,3.047E-05,6.094E-05,6.181E-03,3.142E+00,0.000E+00,0.000E+00,0.000E+00,0.000E+00,0.000E+00,0.000E+00,0.000E+00,0.000E+00,0.000E+00,3.142E+00,0.000E+00,0.000E+00,0.000E+00,0.000E+00,0.000E+00,0.000E+00,0.000E+00,0.000E+00,0.000E+00,3.142E+00,0.000E+00,0.000E+00,0.000E+00,0.000E+00,0.000E+00,0.000E+00,0.000E+00,0.000E+00,0.000E+00
