alpha,H,Mg,Si,O,Mg_1,O_1,Si_2,O_2,amu/ion,phiK_Mg,phiTilt_Mg,phiM_Mg,phiN_Mg,thetaK_Mg,thetaTilt_Mg,thetaM_Mg,thetaN_Mg,energyK_Mg,energyE_Mg,phiK_O,phiTilt_O,phiM_O,phiN_O,thetaK_O,thetaTilt_O,thetaM_O,thetaN_O,energyK_O,energyE_O,phiK_Si,phiTilt_Si,phiM_Si,phiN_Si,thetaK_Si,thetaTilt_Si,thetaM_Si,thetaN_Si,energyK_Si,energyE_Si
0,0.000E+00,1.923E-03,6.867E-04,0.000E+00,0.000E+00,0.000E+00,1.614E-03,7.244E-03,2.272E-01,1.749E+00,-2.513E-03,1.595E+00,1.420E+00,3.142E+00,-1.911E-03,2.471E+00,2.442E+00,2.394E-01,1.567E+00,1.729E+00,-3.644E-02,1.862E+00,1.459E+00,3.142E+00,-9.573E-04,2.650E+00,2.634E+00,1.158E-01,3.083E+00,1.777E+00,2.145E-02,1.266E+00,1.624E+00,3.142E+00,-4.596E-03,2.474E+00,2.405E+00,5.819E-02,4.849E+00
1,0.000E+00,1.925E-03,7.130E-04,0.000E+00,0.000E+00,0.000E+00,1.622E-03,7.313E-03,2.294E-01,1.739E+00,2.137E-03,1.521E+00,1.525E+00,3.142E+00,-1.867E-03,2.476E+00,2.447E+00,2.394E-01,1.567E+00,1.726E+00,-4.706E-02,1.909E+00,1.488E+00,3.142E+00,-1.149E-03,2.652E+00,2.633E+00,1.158E-01,3.084E+00,1.764E+00,1.112E-02,1.297E+00,1.653E+00,3.142E+00,-3.935E-03,2.479E+00,2.420E+00,5.837E-02,4.838E+00
2,0.000E+00,1.928E-03,7.393E-04,0.000E+00,0.000E+00,0.000E+00,1.630E-03,7.383E-03,2.315E-01,1.734E+00,6.788E-03,1.448E+00,1.629E+00,3.142E+00,-1.823E-03,2.480E+00,2.453E+00,2.394E-01,1.568E+00,1.723E+00,-5.768E-02,1.956E+00,1.518E+00,3.142E+00,-1.341E-03,2.655E+00,2.633E+00,1.157E-01,3.085E+00,1.751E+00,7.868E-04,1.328E+00,1.681E+00,3.142E+00,-3.274E-03,2.483E+00,2.434E+00,5.856E-02,4.826E+00
3,0.000E+00,1.931E-03,7.655E-04,0.000E+00,0.000E+00,0.000E+00,1.638E-03,7.453E-03,2.337E-01,1.731E+00,1.144E-02,1.374E+00,1.733E+00,3.142E+00,-1.779E-03,2.485E+00,2.458E+00,2.393E-01,1.568E+00,1.720E+00,-6.830E-02,2.003E+00,1.547E+00,3.142E+00,-1.533E-03,2.658E+00,2.633E+00,1.156E-01,3.087E+00,1.749E+00,-9.546E-03,1.359E+00,1.710E+00,3.142E+00,-2.613E-03,2.487E+00,2.448E+00,5.875E-02,4.815E+00
4,0.000E+00,1.933E-03,7.787E-04,0.000E+00,0.000E+00,0.000E+00,1.642E-03,7.488E-03,2.347E-01,1.731E+00,1.376E-02,1.337E+00,1.785E+00,3.142E+00,-1.757E-03,2.487E+00,2.460E+00,2.393E-01,1.568E+00,1.719E+00,-7.361E-02,2.026E+00,1.562E+00,3.142E+00,-1.629E-03,2.660E+00,2.633E+00,1.156E-01,3.087E+00,1.748E+00,-1.471E-02,1.374E+00,1.724E+00,3.142E+00,-2.282E-03,2.489E+00,2.455E+00,5.884E-02,4.809E+00
5,0.000E+00,1.934E-03,7.918E-04,0.000E+00,0.000E+00,0.000E+00,1.646E-03,7.523E-03,2.358E-01,1.731E+00,1.609E-02,1.300E+00,1.837E+00,3.142E+00,-1.735E-03,2.490E+00,2.463E+00,2.393E-01,1.568E+00,1.718E+00,-7.892E-02,2.050E+00,1.576E+00,3.142E+00,-1.725E-03,2.661E+00,2.633E+00,1.156E-01,3.088E+00,1.748E+00,-1.988E-02,1.389E+00,1.738E+00,3.142E+00,-1.952E-03,2.491E+00,2.462E+00,5.893E-02,4.803E+00
6,0.000E+00,1.937E-03,8.181E-04,0.000E+00,0.000E+00,0.000E+00,1.654E-03,7.592E-03,2.380E-01,1.733E+00,2.074E-02,1.227E+00,1.942E+00,3.142E+00,-1.691E-03,2.494E+00,2.468E+00,2.393E-01,1.568E+00,1.715E+00,-8.954E-02,2.097E+00,1.606E+00,3.142E+00,-1.917E-03,2.664E+00,2.632E+00,1.155E-01,3.089E+00,1.747E+00,-3.021E-02,1.420E+00,1.767E+00,3.142E+00,-1.291E-03,2.495E+00,2.476E+00,5.912E-02,4.792E+00
7,0.000E+00,1.940E-03,8.443E-04,0.000E+00,0.000E+00,0.000E+00,1.662E-03,7.662E-03,2.401E-01,1.737E+00,2.539E-02,1.153E+00,2.046E+00,3.142E+00,-1.647E-03,2.499E+00,2.474E+00,2.392E-01,1.568E+00,1.713E+00,-1.002E-01,2.144E+00,1.635E+00,3.142E+00,-2.109E-03,2.667E+00,2.632E+00,1.155E-01,3.091E+00,1.746E+00,-4.055E-02,1.451E+00,1.795E+00,3.142E+00,-6.294E-04,2.500E+00,2.490E+00,5.930E-02,4.780E+00
8,0.000E+00,1.942E-03,8.706E-04,0.000E+00,0.000E+00,0.000E+00,1.669E-03,7.732E-03,2.423E-01,1.743E+00,3.004E-02,1.079E+00,2.150E+00,3.142E+00,-1.602E-03,2.503E+00,2.479E+00,2.392E-01,1.569E+00,1.710E+00,-1.108E-01,2.191E+00,1.665E+00,3.142E+00,-2.301E-03,2.670E+00,2.632E+00,1.154E-01,3.092E+00,1.745E+00,-5.088E-02,1.482E+00,1.824E+00,3.142E+00,3.179E-05,2.504E+00,2.505E+00,5.949E-02,4.769E+00
9,0.000E+00,1.944E-03,8.837E-04,0.000E+00,0.000E+00,0.000E+00,1.673E-03,7.767E-03,2.433E-01,1.747E+00,3.236E-02,1.043E+00,2.202E+00,3.142E+00,-1.580E-03,2.506E+00,2.481E+00,2.392E-01,1.569E+00,1.709E+00,-1.161E-01,2.214E+00,1.679E+00,3.142E+00,-2.396E-03,2.672E+00,2.632E+00,1.154E-01,3.093E+00,1.744E+00,-5.604E-02,1.498E+00,1.838E+00,3.142E+00,3.624E-04,2.506E+00,2.512E+00,5.958E-02,4.763E+00
10,0.000E+00,1.945E-03,8.969E-04,0.000E+00,0.000E+00,0.000E+00,1.677E-03,7.802E-03,2.444E-01,1.751E+00,3.469E-02,1.006E+00,2.254E+00,3.142E+00,-1.558E-03,2.508E+00,2.484E+00,2.391E-01,1.569E+00,1.708E+00,-1.214E-01,2.237E+00,1.694E+00,3.142E+00,-2.492E-03,2.673E+00,2.632E+00,1.153E-01,3.093E+00,1.744E+00,-6.121E-02,1.513E+00,1.853E+00,3.142E+00,6.929E-04,2.508E+00,2.519E+00,5.967E-02,4.758E+00
11,0.000E+00,2.025E-03,9.136E-04,0.000E+00,0.000E+00,0.000E+00,1.713E-03,7.940E-03,2.500E-01,1.691E+00,2.899E-03,1.234E+00,2.207E+00,3.142E+00,-1.563E-03,2.518E+00,2.494E+00,2.389E-01,1.570E+00,1.708E+00,-1.338E-01,2.303E+00,1.706E+00,3.142E+00,-2.373E-03,2.667E+00,2.628E+00,1.150E-01,3.101E+00,1.751E+00,-6.415E-02,1.505E+00,1.838E+00,3.142E+00,-1.126E-04,2.513E+00,2.511E+00,5.975E-02,4.753E+00
12,0.000E+00,2.104E-03,9.303E-04,0.000E+00,0.000E+00,0.000E+00,1.748E-03,8.078E-03,2.556E-01,1.674E+00,-2.889E-02,1.461E+00,2.160E+00,3.142E+00,-1.568E-03,2.528E+00,2.503E+00,2.387E-01,1.572E+00,1.709E+00,-1.462E-01,2.368E+00,1.718E+00,3.142E+00,-2.253E-03,2.661E+00,2.624E+00,1.147E-01,3.109E+00,1.758E+00,-6.709E-02,1.497E+00,1.824E+00,3.142E+00,-9.182E-04,2.518E+00,2.503E+00,5.982E-02,4.749E+00
13,0.000E+00,2.183E-03,9.470E-04,0.000E+00,0.000E+00,0.000E+00,1.783E-03,8.217E-03,2.612E-01,1.667E+00,-6.068E-02,1.689E+00,2.112E+00,3.142E+00,-1.572E-03,2.537E+00,2.513E+00,2.384E-01,1.573E+00,1.709E+00,-1.586E-01,2.434E+00,1.730E+00,3.142E+00,-2.134E-03,2.656E+00,2.620E+00,1.144E-01,3.116E+00,1.765E+00,-7.003E-02,1.489E+00,1.810E+00,3.142E+00,-1.724E-03,2.522E+00,2.496E+00,5.989E-02,4.745E+00
14,0.000E+00,2.223E-03,9.553E-04,0.000E+00,0.000E+00,0.000E+00,1.800E-03,8.286E-03,2.640E-01,1.665E+00,-7.658E-02,1.803E+00,2.088E+00,3.142E+00,-1.575E-03,2.542E+00,2.518E+00,2.383E-01,1.574E+00,1.710E+00,-1.648E-01,2.466E+00,1.736E+00,3.142E+00,-2.074E-03,2.653E+00,2.618E+00,1.142E-01,3.120E+00,1.768E+00,-7.150E-02,1.485E+00,1.803E+00,3.142E+00,-2.126E-03,2.525E+00,2.492E+00,5.992E-02,4.743E+00
15,0.000E+00,2.262E-03,9.637E-04,0.000E+00,0.000E+00,0.000E+00,1.818E-03,8.355E-03,2.668E-01,1.665E+00,-9.247E-02,1.917E+00,2.065E+00,3.142E+00,-1.577E-03,2.547E+00,2.522E+00,2.382E-01,1.574E+00,1.710E+00,-1.710E-01,2.499E+00,1.742E+00,3.142E+00,-2.014E-03,2.650E+00,2.617E+00,1.140E-01,3.124E+00,1.772E+00,-7.297E-02,1.481E+00,1.796E+00,3.142E+00,-2.529E-03,2.527E+00,2.488E+00,5.996E-02,4.741E+00
16,0.000E+00,2.341E-03,9.804E-04,0.000E+00,0.000E+00,0.000E+00,1.853E-03,8.493E-03,2.724E-01,1.666E+00,-1.243E-01,2.145E+00,2.017E+00,3.142E+00,-1.581E-03,2.557E+00,2.532E+00,2.380E-01,1.576E+00,1.711E+00,-1.835E-01,2.564E+00,1.753E+00,3.142E+00,-1.894E-03,2.644E+00,2.613E+00,1.137E-01,3.132E+00,1.779E+00,-7.590E-02,1.473E+00,1.782E+00,3.142E+00,-3.335E-03,2.532E+00,2.480E+00,6.003E-02,4.736E+00
17,0.000E+00,2.421E-03,9.971E-04,0.000E+00,0.000E+00,0.000E+00,1.888E-03,8.632E-03,2.780E-01,1.671E+00,-1.561E-01,2.373E+00,1.970E+00,3.142E+00,-1.586E-03,2.567E+00,2.542E+00,2.377E-01,1.577E+00,1.712E+00,-1.959E-01,2.630E+00,1.765E+00,3.142E+00,-1.775E-03,2.638E+00,2.609E+00,1.134E-01,3.139E+00,1.786E+00,-7.884E-02,1.465E+00,1.767E+00,3.142E+00,-4.140E-03,2.537E+00,2.473E+00,6.010E-02,4.732E+00
18,0.000E+00,2.500E-03,1.014E-03,0.000E+00,0.000E+00,0.000E+00,1.923E-03,8.770E-03,2.836E-01,1.679E+00,-1.878E-01,2.600E+00,1.922E+00,3.142E+00,-1.591E-03,2.577E+00,2.551E+00,2.375E-01,1.578E+00,1.713E+00,-2.083E-01,2.695E+00,1.777E+00,3.142E+00,-1.655E-03,2.632E+00,2.605E+00,1.130E-01,3.147E+00,1.793E+00,-8.178E-02,1.457E+00,1.753E+00,3.142E+00,-4.946E-03,2.542E+00,2.465E+00,6.017E-02,4.728E+00
19,0.000E+00,2.539E-03,1.022E-03,0.000E+00,0.000E+00,0.000E+00,1.941E-03,8.839E-03,2.864E-01,1.684E+00,-2.037E-01,2.714E+00,1.899E+00,3.142E+00,-1.593E-03,2.582E+00,2.556E+00,2.374E-01,1.579E+00,1.713E+00,-2.145E-01,2.728E+00,1.783E+00,3.142E+00,-1.595E-03,2.629E+00,2.603E+00,1.129E-01,3.151E+00,1.797E+00,-8.325E-02,1.453E+00,1.746E+00,3.142E+00,-5.349E-03,2.544E+00,2.461E+00,6.020E-02,4.726E+00
20,0.000E+00,2.579E-03,1.030E-03,0.000E+00,0.000E+00,0.000E+00,1.959E-03,8.909E-03,2.892E-01,1.689E+00,-2.196E-01,2.828E+00,1.875E+00,3.142E+00,-1.595E-03,2.586E+00,2.561E+00,2.372E-01,1.580E+00,1.714E+00,-2.207E-01,2.761E+00,1.789E+00,3.142E+00,-1.536E-03,2.626E+00,2.601E+00,1.127E-01,3.154E+00,1.801E+00,-8.472E-02,1.449E+00,1.739E+00,3.142E+00,-5.751E-03,2.547E+00,2.458E+00,6.024E-02,4.724E+00
21,0.000E+00,2.691E-03,1.084E-03,0.000E+00,0.000E+00,0.000E+00,2.011E-03,9.185E-03,2.993E-01,1.693E+00,-2.445E-01,3.104E+00,1.818E+00,3.142E+00,-1.625E-03,2.592E+00,2.566E+00,2.370E-01,1.581E+00,1.716E+00,-2.345E-01,2.857E+00,1.785E+00,3.142E+00,-1.864E-03,2.629E+00,2.598E+00,1.121E-01,3.168E+00,1.802E+00,-1.124E-01,1.599E+00,1.708E+00,3.142E+00,-5.464E-03,2.532E+00,2.448E+00,5.997E-02,4.740E+00
22,0.000E+00,2.804E-03,1.138E-03,0.000E+00,0.000E+00,0.000E+00,2.062E-03,9.461E-03,3.094E-01,1.700E+00,-2.693E-01,3.381E+00,1.760E+00,3.142E+00,-1.654E-03,2.597E+00,2.571E+00,2.367E-01,1.583E+00,1.718E+00,-2.484E-01,2.953E+00,1.781E+00,3.142E+00,-2.193E-03,2.631E+00,2.596E+00,1.116E-01,3.182E+00,1.805E+00,-1.401E-01,1.749E+00,1.677E+00,3.142E+00,-5.177E-03,2.517E+00,2.438E+00,5.970E-02,4.757E+00
23,0.000E+00,2.916E-03,1.192E-03,0.000E+00,0.000E+00,0.000E+00,2.114E-03,9.738E-03,3.195E-01,1.710E+00,-2.942E-01,3.657E+00,1.703E+00,3.142E+00,-1.683E-03,2.603E+00,2.576E+00,2.365E-01,1.584E+00,1.721E+00,-2.623E-01,3.049E+00,1.777E+00,3.142E+00,-2.522E-03,2.634E+00,2.593E+00,1.110E-01,3.196E+00,1.811E+00,-1.679E-01,1.899E+00,1.646E+00,3.142E+00,-4.889E-03,2.503E+00,2.428E+00,5.943E-02,4.773E+00
24,0.000E+00,2.972E-03,1.219E-03,0.000E+00,0.000E+00,0.000E+00,2.140E-03,9.876E-03,3.246E-01,1.715E+00,-3.066E-01,3.795E+00,1.674E+00,3.142E+00,-1.698E-03,2.606E+00,2.578E+00,2.364E-01,1.585E+00,1.722E+00,-2.692E-01,3.097E+00,1.776E+00,3.142E+00,-2.686E-03,2.635E+00,2.591E+00,1.107E-01,3.203E+00,1.814E+00,-1.817E-01,1.974E+00,1.630E+00,3.142E+00,-4.746E-03,2.496E+00,2.423E+00,5.930E-02,4.781E+00
25,0.000E+00,3.028E-03,1.246E-03,0.000E+00,0.000E+00,0.000E+00,2.166E-03,1.001E-02,3.296E-01,1.721E+00,-3.190E-01,3.933E+00,1.646E+00,3.142E+00,-1.712E-03,2.608E+00,2.581E+00,2.363E-01,1.586E+00,1.724E+00,-2.761E-01,3.145E+00,1.774E+00,3.142E+00,-2.851E-03,2.636E+00,2.590E+00,1.104E-01,3.210E+00,1.818E+00,-1.956E-01,2.049E+00,1.615E+00,3.142E+00,-4.602E-03,2.488E+00,2.418E+00,5.916E-02,4.790E+00
26,0.000E+00,3.140E-03,1.300E-03,0.000E+00,0.000E+00,0.000E+00,2.218E-03,1.029E-02,3.398E-01,1.736E+00,-3.438E-01,4.210E+00,1.588E+00,3.142E+00,-1.741E-03,2.614E+00,2.586E+00,2.360E-01,1.587E+00,1.727E+00,-2.900E-01,3.241E+00,1.770E+00,3.142E+00,-3.179E-03,2.639E+00,2.587E+00,1.099E-01,3.224E+00,1.826E+00,-2.233E-01,2.199E+00,1.583E+00,3.142E+00,-4.315E-03,2.474E+00,2.409E+00,5.890E-02,4.806E+00
27,0.000E+00,3.253E-03,1.353E-03,0.000E+00,0.000E+00,0.000E+00,2.270E-03,1.057E-02,3.499E-01,1.752E+00,-3.687E-01,4.486E+00,1.531E+00,3.142E+00,-1.771E-03,2.619E+00,2.590E+00,2.358E-01,1.588E+00,1.730E+00,-3.038E-01,3.337E+00,1.766E+00,3.142E+00,-3.508E-03,2.641E+00,2.584E+00,1.093E-01,3.238E+00,1.836E+00,-2.510E-01,2.350E+00,1.552E+00,3.142E+00,-4.027E-03,2.459E+00,2.399E+00,5.863E-02,4.823E+00
28,0.000E+00,3.365E-03,1.407E-03,0.000E+00,0.000E+00,0.000E+00,2.322E-03,1.084E-02,3.600E-01,1.770E+00,-3.935E-01,4.762E+00,1.474E+00,3.142E+00,-1.800E-03,2.625E+00,2.595E+00,2.355E-01,1.590E+00,1.733E+00,-3.177E-01,3.433E+00,1.762E+00,3.142E+00,-3.837E-03,2.643E+00,2.581E+00,1.087E-01,3.252E+00,1.847E+00,-2.787E-01,2.500E+00,1.521E+00,3.142E+00,-3.740E-03,2.445E+00,2.389E+00,5.836E-02,4.839E+00
29,0.000E+00,3.421E-03,1.434E-03,0.000E+00,0.000E+00,0.000E+00,2.348E-03,1.098E-02,3.651E-01,1.779E+00,-4.059E-01,4.901E+00,1.445E+00,3.142E+00,-1.814E-03,2.627E+00,2.598E+00,2.354E-01,1.591E+00,1.735E+00,-3.246E-01,3.481E+00,1.760E+00,3.142E+00,-4.001E-03,2.645E+00,2.579E+00,1.085E-01,3.259E+00,1.853E+00,-2.926E-01,2.575E+00,1.506E+00,3.142E+00,-3.596E-03,2.437E+00,2.384E+00,5.822E-02,4.847E+00
30,0.000E+00,3.477E-03,1.461E-03,0.000E+00,0.000E+00,0.000E+00,2.374E-03,1.112E-02,3.701E-01,1.789E+00,-4.184E-01,5.039E+00,1.416E+00,3.142E+00,-1.829E-03,2.630E+00,2.600E+00,2.353E-01,1.591E+00,1.737E+00,-3.316E-01,3.529E+00,1.758E+00,3.142E+00,-4.165E-03,2.646E+00,2.578E+00,1.082E-01,3.266E+00,1.859E+00,-3.064E-01,2.650E+00,1.490E+00,3.142E+00,-3.453E-03,2.430E+00,2.379E+00,5.809E-02,4.855E+00
31,0.000E+00,3.793E-03,1.478E-03,0.000E+00,0.000E+00,0.000E+00,2.662E-03,1.202E-02,4.008E-01,1.773E+00,-4.156E-01,4.967E+00,1.484E+00,3.142E+00,-2.142E-03,2.643E+00,2.608E+00,2.332E-01,1.605E+00,1.727E+00,-3.398E-01,3.628E+00,1.800E+00,3.142E+00,-3.788E-03,2.639E+00,2.577E+00,1.075E-01,3.283E+00,1.847E+00,-3.388E-01,2.953E+00,1.514E+00,3.142E+00,-3.657E-03,2.431E+00,2.377E+00,5.732E-02,4.909E+00
32,0.000E+00,3.951E-03,1.486E-03,0.000E+00,0.000E+00,0.000E+00,2.806E-03,1.247E-02,4.161E-01,1.765E+00,-4.143E-01,4.932E+00,1.518E+00,3.142E+00,-2.299E-03,2.650E+00,2.612E+00,2.321E-01,1.611E+00,1.722E+00,-3.439E-01,3.677E+00,1.820E+00,3.142E+00,-3.600E-03,2.636E+00,2.577E+00,1.072E-01,3.292E+00,1.843E+00,-3.550E-01,3.104E+00,1.525E+00,3.142E+00,-3.759E-03,2.432E+00,2.376E+00,5.694E-02,4.935E+00
33,0.000E+00,4.109E-03,1.494E-03,0.000E+00,0.000E+00,0.000E+00,2.950E-03,1.293E-02,4.315E-01,1.757E+00,-4.129E-01,4.896E+00,1.552E+00,3.142E+00,-2.456E-03,2.656E+00,2.615E+00,2.310E-01,1.618E+00,1.717E+00,-3.481E-01,3.727E+00,1.841E+00,3.142E+00,-3.411E-03,2.632E+00,2.577E+00,1.069E-01,3.301E+00,1.838E+00,-3.712E-01,3.255E+00,1.537E+00,3.142E+00,-3.861E-03,2.432E+00,2.375E+00,5.655E-02,4.962E+00
34,0.000E+00,4.266E-03,1.503E-03,0.000E+00,0.000E+00,0.000E+00,3.093E-03,1.338E-02,4.468E-01,1.749E+00,-4.115E-01,4.860E+00,1.585E+00,3.142E+00,-2.613E-03,2.663E+00,2.619E+00,2.300E-01,1.624E+00,1.712E+00,-3.522E-01,3.776E+00,1.861E+00,3.142E+00,-3.222E-03,2.629E+00,2.576E+00,1.065E-01,3.310E+00,1.835E+00,-3.874E-01,3.407E+00,1.549E+00,3.142E+00,-3.963E-03,2.433E+00,2.374E+00,5.617E-02,4.989E+00
35,0.000E+00,4.424E-03,1.511E-03,0.000E+00,0.000E+00,0.000E+00,3.237E-03,1.383E-02,4.621E-01,1.742E+00,-4.102E-01,4.825E+00,1.619E+00,3.142E+00,-2.770E-03,2.669E+00,2.623E+00,2.289E-01,1.631E+00,1.707E+00,-3.563E-01,3.826E+00,1.882E+00,3.142E+00,-3.034E-03,2.625E+00,2.576E+00,1.062E-01,3.318E+00,1.831E+00,-4.036E-01,3.558E+00,1.560E+00,3.142E+00,-4.064E-03,2.433E+00,2.373E+00,5.578E-02,5.015E+00
36,0.000E+00,4.582E-03,1.519E-03,0.000E+00,0.000E+00,0.000E+00,3.381E-03,1.428E-02,4.775E-01,1.735E+00,-4.088E-01,4.789E+00,1.653E+00,3.142E+00,-2.926E-03,2.676E+00,2.627E+00,2.279E-01,1.638E+00,1.703E+00,-3.604E-01,3.875E+00,1.903E+00,3.142E+00,-2.845E-03,2.622E+00,2.576E+00,1.059E-01,3.327E+00,1.829E+00,-4.198E-01,3.709E+00,1.572E+00,3.142E+00,-4.166E-03,2.434E+00,2.372E+00,5.540E-02,5.042E+00
37,0.000E+00,4.740E-03,1.528E-03,0.000E+00,0.000E+00,0.000E+00,3.525E-03,1.473E-02,4.928E-01,1.728E+00,-4.075E-01,4.753E+00,1.687E+00,3.142E+00,-3.083E-03,2.682E+00,2.630E+00,2.268E-01,1.644E+00,1.698E+00,-3.646E-01,3.925E+00,1.923E+00,3.142E+00,-2.656E-03,2.619E+00,2.575E+00,1.055E-01,3.336E+00,1.826E+00,-4.360E-01,3.861E+00,1.584E+00,3.142E+00,-4.268E-03,2.434E+00,2.372E+00,5.501E-02,5.069E+00
38,0.000E+00,4.898E-03,1.536E-03,0.000E+00,0.000E+00,0.000E+00,3.669E-03,1.518E-02,5.081E-01,1.721E+00,-4.061E-01,4.718E+00,1.721E+00,3.142E+00,-3.240E-03,2.689E+00,2.634E+00,2.257E-01,1.651E+00,1.694E+00,-3.687E-01,3.974E+00,1.944E+00,3.142E+00,-2.468E-03,2.615E+00,2.575E+00,1.052E-01,3.345E+00,1.824E+00,-4.522E-01,4.012E+00,1.596E+00,3.142E+00,-4.370E-03,2.435E+00,2.371E+00,5.463E-02,5.095E+00
39,0.000E+00,5.055E-03,1.544E-03,0.000E+00,0.000E+00,0.000E+00,3.813E-03,1.564E-02,5.235E-01,1.715E+00,-4.047E-01,4.682E+00,1.754E+00,3.142E+00,-3.397E-03,2.695E+00,2.638E+00,2.247E-01,1.658E+00,1.689E+00,-3.728E-01,4.024E+00,1.965E+00,3.142E+00,-2.279E-03,2.612E+00,2.575E+00,1.049E-01,3.353E+00,1.822E+00,-4.684E-01,4.163E+00,1.607E+00,3.142E+00,-4.472E-03,2.435E+00,2.370E+00,5.424E-02,5.122E+00
40,0.000E+00,5.213E-03,1.553E-03,0.000E+00,0.000E+00,0.000E+00,3.957E-03,1.609E-02,5.388E-01,1.708E+00,-4.034E-01,4.646E+00,1.788E+00,3.142E+00,-3.554E-03,2.702E+00,2.642E+00,2.236E-01,1.664E+00,1.685E+00,-3.769E-01,4.073E+00,1.985E+00,3.142E+00,-2.090E-03,2.608E+00,2.574E+00,1.045E-01,3.362E+00,1.821E+00,-4.846E-01,4.314E+00,1.619E+00,3.142E+00,-4.574E-03,2.436E+00,2.369E+00,5.386E-02,5.148E+00
41,0.000E+00,5.371E-03,1.561E-03,0.000E+00,0.000E+00,0.000E+00,4.100E-03,1.654E-02,5.542E-01,1.702E+00,-4.020E-01,4.611E+00,1.822E+00,3.142E+00,-3.710E-03,2.708E+00,2.645E+00,2.226E-01,1.671E+00,1.681E+00,-3.811E-01,4.122E+00,2.006E+00,3.142E+00,-1.902E-03,2.605E+00,2.574E+00,1.042E-01,3.371E+00,1.819E+00,-5.008E-01,4.466E+00,1.631E+00,3.142E+00,-4.676E-03,2.436E+00,2.368E+00,5.347E-02,5.175E+00
42,0.000E+00,5.529E-03,1.569E-03,0.000E+00,0.000E+00,0.000E+00,4.244E-03,1.699E-02,5.695E-01,1.696E+00,-4.006E-01,4.575E+00,1.856E+00,3.142E+00,-3.867E-03,2.715E+00,2.649E+00,2.215E-01,1.678E+00,1.676E+00,-3.852E-01,4.172E+00,2.026E+00,3.142E+00,-1.713E-03,2.602E+00,2.574E+00,1.039E-01,3.380E+00,1.818E+00,-5.170E-01,4.617E+00,1.642E+00,3.142E+00,-4.778E-03,2.437E+00,2.367E+00,5.309E-02,5.202E+00
43,0.000E+00,5.687E-03,1.578E-03,0.000E+00,0.000E+00,0.000E+00,4.388E-03,1.744E-02,5.848E-01,1.690E+00,-3.993E-01,4.539E+00,1.890E+00,3.142E+00,-4.024E-03,2.721E+00,2.653E+00,2.204E-01,1.684E+00,1.672E+00,-3.893E-01,4.221E+00,2.047E+00,3.142E+00,-1.525E-03,2.598E+00,2.574E+00,1.036E-01,3.388E+00,1.817E+00,-5.332E-01,4.768E+00,1.654E+00,3.142E+00,-4.880E-03,2.437E+00,2.366E+00,5.270E-02,5.228E+00
44,0.000E+00,5.845E-03,1.586E-03,0.000E+00,0.000E+00,0.000E+00,4.532E-03,1.789E-02,6.002E-01,1.685E+00,-3.979E-01,4.504E+00,1.923E+00,3.142E+00,-4.181E-03,2.728E+00,2.657E+00,2.194E-01,1.691E+00,1.668E+00,-3.934E-01,4.271E+00,2.068E+00,3.142E+00,-1.336E-03,2.595E+00,2.573E+00,1.032E-01,3.397E+00,1.816E+00,-5.494E-01,4.920E+00,1.666E+00,3.142E+00,-4.982E-03,2.438E+00,2.365E+00,5.232E-02,5.255E+00
45,0.000E+00,6.002E-03,1.595E-03,0.000E+00,0.000E+00,0.000E+00,4.676E-03,1.834E-02,6.155E-01,1.679E+00,-3.965E-01,4.468E+00,1.957E+00,3.142E+00,-4.337E-03,2.734E+00,2.660E+00,2.183E-01,1.698E+00,1.664E+00,-3.976E-01,4.320E+00,2.088E+00,3.142E+00,-1.147E-03,2.591E+00,2.573E+00,1.029E-01,3.406E+00,1.815E+00,-5.656E-01,5.071E+00,1.678E+00,3.142E+00,-5.084E-03,2.438E+00,2.364E+00,5.193E-02,5.282E+00
46,0.000E+00,6.381E-03,1.551E-03,0.000E+00,0.000E+00,0.000E+00,5.017E-03,1.925E-02,6.475E-01,1.679E+00,-4.125E-01,4.760E+00,1.933E+00,3.142E+00,-4.219E-03,2.725E+00,2.654E+00,2.166E-01,1.709E+00,1.659E+00,-3.976E-01,4.301E+00,2.122E+00,3.142E+00,-1.281E-03,2.621E+00,2.600E+00,1.019E-01,3.435E+00,1.784E+00,-6.062E-01,6.599E+00,1.663E+00,3.142E+00,-4.795E-03,2.450E+00,2.379E+00,5.205E-02,5.272E+00
47,0.000E+00,6.760E-03,1.507E-03,0.000E+00,0.000E+00,0.000E+00,5.357E-03,2.015E-02,6.795E-01,1.679E+00,-4.285E-01,5.052E+00,1.909E+00,3.142E+00,-4.101E-03,2.716E+00,2.647E+00,2.149E-01,1.721E+00,1.655E+00,-3.977E-01,4.282E+00,2.156E+00,3.142E+00,-1.414E-03,2.650E+00,2.626E+00,1.008E-01,3.465E+00,1.767E+00,-6.468E-01,8.127E+00,1.647E+00,3.142E+00,-4.506E-03,2.461E+00,2.394E+00,5.218E-02,5.263E+00
48,0.000E+00,7.138E-03,1.464E-03,0.000E+00,0.000E+00,0.000E+00,5.698E-03,2.106E-02,7.115E-01,1.681E+00,-4.445E-01,5.343E+00,1.885E+00,3.142E+00,-3.983E-03,2.707E+00,2.640E+00,2.131E-01,1.733E+00,1.650E+00,-3.978E-01,4.263E+00,2.190E+00,3.142E+00,-1.547E-03,2.679E+00,2.653E+00,9.982E-02,3.495E+00,1.760E+00,-6.874E-01,9.656E+00,1.632E+00,3.142E+00,-4.217E-03,2.473E+00,2.410E+00,5.230E-02,5.254E+00
49,0.000E+00,7.328E-03,1.442E-03,0.000E+00,0.000E+00,0.000E+00,5.869E-03,2.151E-02,7.275E-01,1.682E+00,-4.525E-01,5.489E+00,1.873E+00,3.142E+00,-3.924E-03,2.702E+00,2.637E+00,2.123E-01,1.739E+00,1.648E+00,-3.978E-01,4.253E+00,2.207E+00,3.142E+00,-1.614E-03,2.694E+00,2.666E+00,9.930E-02,3.509E+00,1.758E+00,-7.077E-01,1.042E+01,1.625E+00,3.142E+00,-4.072E-03,2.478E+00,2.417E+00,5.236E-02,5.249E+00
50,0.000E+00,7.517E-03,1.420E-03,0.000E+00,0.000E+00,0.000E+00,6.039E-03,2.196E-02,7.436E-01,1.683E+00,-4.604E-01,5.635E+00,1.860E+00,3.142E+00,-3.865E-03,2.698E+00,2.633E+00,2.114E-01,1.745E+00,1.646E+00,-3.978E-01,4.243E+00,2.224E+00,3.142E+00,-1.681E-03,2.708E+00,2.680E+00,9.879E-02,3.524E+00,1.758E+00,-7.280E-01,1.118E+01,1.617E+00,3.142E+00,-3.928E-03,2.484E+00,2.425E+00,5.242E-02,5.245E+00
51,0.000E+00,8.009E-03,1.363E-03,0.000E+00,0.000E+00,0.000E+00,6.600E-03,2.354E-02,7.949E-01,1.674E+00,-4.640E-01,5.746E+00,1.891E+00,3.142E+00,-3.724E-03,2.692E+00,2.630E+00,2.120E-01,1.741E+00,1.636E+00,-4.142E-01,4.663E+00,2.199E+00,3.142E+00,-1.882E-03,2.710E+00,2.678E+00,9.866E-02,3.528E+00,1.737E+00,-7.304E-01,1.111E+01,1.705E+00,3.142E+00,-4.044E-03,2.506E+00,2.444E+00,5.224E-02,5.259E+00
52,0.000E+00,8.502E-03,1.306E-03,0.000E+00,0.000E+00,0.000E+00,7.160E-03,2.512E-02,8.463E-01,1.665E+00,-4.675E-01,5.857E+00,1.922E+00,3.142E+00,-3.583E-03,2.687E+00,2.627E+00,2.126E-01,1.737E+00,1.629E+00,-4.305E-01,5.082E+00,2.174E+00,3.142E+00,-2.082E-03,2.711E+00,2.676E+00,9.853E-02,3.532E+00,1.717E+00,-7.328E-01,1.104E+01,1.792E+00,3.142E+00,-4.160E-03,2.528E+00,2.464E+00,5.205E-02,5.273E+00
53,0.000E+00,8.994E-03,1.250E-03,0.000E+00,0.000E+00,0.000E+00,7.720E-03,2.670E-02,8.977E-01,1.657E+00,-4.710E-01,5.968E+00,1.953E+00,3.142E+00,-3.443E-03,2.681E+00,2.624E+00,2.132E-01,1.733E+00,1.624E+00,-4.468E-01,5.501E+00,2.149E+00,3.142E+00,-2.283E-03,2.712E+00,2.674E+00,9.840E-02,3.536E+00,1.698E+00,-7.353E-01,1.097E+01,1.879E+00,3.142E+00,-4.276E-03,2.551E+00,2.484E+00,5.186E-02,5.287E+00
54,0.000E+00,9.240E-03,1.221E-03,0.000E+00,0.000E+00,0.000E+00,8.001E-03,2.749E-02,9.234E-01,1.653E+00,-4.728E-01,6.023E+00,1.968E+00,3.142E+00,-3.372E-03,2.678E+00,2.622E+00,2.135E-01,1.731E+00,1.622E+00,-4.550E-01,5.711E+00,2.136E+00,3.142E+00,-2.384E-03,2.713E+00,2.673E+00,9.833E-02,3.538E+00,1.689E+00,-7.365E-01,1.093E+01,1.923E+00,3.142E+00,-4.334E-03,2.562E+00,2.493E+00,5.177E-02,5.295E+00
55,0.000E+00,9.486E-03,1.193E-03,0.000E+00,0.000E+00,0.000E+00,8.281E-03,2.828E-02,9.491E-01,1.648E+00,-4.746E-01,6.079E+00,1.984E+00,3.142E+00,-3.302E-03,2.676E+00,2.621E+00,2.138E-01,1.729E+00,1.621E+00,-4.632E-01,5.920E+00,2.124E+00,3.142E+00,-2.484E-03,2.714E+00,2.672E+00,9.827E-02,3.540E+00,1.681E+00,-7.377E-01,1.089E+01,1.967E+00,3.142E+00,-4.392E-03,2.573E+00,2.503E+00,5.168E-02,5.302E+00
56,0.000E+00,9.978E-03,1.136E-03,0.000E+00,0.000E+00,0.000E+00,8.841E-03,2.986E-02,1.001E+00,1.640E+00,-4.781E-01,6.190E+00,2.015E+00,3.142E+00,-3.161E-03,2.670E+00,2.618E+00,2.144E-01,1.724E+00,1.619E+00,-4.795E-01,6.339E+00,2.099E+00,3.142E+00,-2.685E-03,2.715E+00,2.670E+00,9.814E-02,3.544E+00,1.664E+00,-7.402E-01,1.082E+01,2.054E+00,3.142E+00,-4.507E-03,2.595E+00,2.523E+00,5.149E-02,5.316E+00
57,0.000E+00,1.047E-02,1.079E-03,0.000E+00,0.000E+00,0.000E+00,9.402E-03,3.144E-02,1.052E+00,1.632E+00,-4.816E-01,6.300E+00,2.045E+00,3.142E+00,-3.020E-03,2.664E+00,2.615E+00,2.150E-01,1.720E+00,1.619E+00,-4.958E-01,6.759E+00,2.074E+00,3.142E+00,-2.886E-03,2.717E+00,2.668E+00,9.801E-02,3.548E+00,1.648E+00,-7.426E-01,1.075E+01,2.142E+00,3.142E+00,-4.623E-03,2.617E+00,2.542E+00,5.130E-02,5.330E+00
58,0.000E+00,1.096E-02,1.022E-03,0.000E+00,0.000E+00,0.000E+00,9.962E-03,3.302E-02,1.103E+00,1.624E+00,-4.851E-01,6.411E+00,2.076E+00,3.142E+00,-2.880E-03,2.659E+00,2.611E+00,2.156E-01,1.716E+00,1.620E+00,-5.122E-01,7.178E+00,2.049E+00,3.142E+00,-3.087E-03,2.718E+00,2.666E+00,9.788E-02,3.552E+00,1.632E+00,-7.450E-01,1.068E+01,2.229E+00,3.142E+00,-4.739E-03,2.639E+00,2.562E+00,5.112E-02,5.344E+00
59,0.000E+00,1.121E-02,9.933E-04,0.000E+00,0.000E+00,0.000E+00,1.024E-02,3.381E-02,1.129E+00,1.620E+00,-4.869E-01,6.467E+00,2.092E+00,3.142E+00,-2.809E-03,2.656E+00,2.610E+00,2.159E-01,1.714E+00,1.621E+00,-5.203E-01,7.387E+00,2.037E+00,3.142E+00,-3.187E-03,2.719E+00,2.665E+00,9.781E-02,3.554E+00,1.625E+00,-7.463E-01,1.064E+01,2.273E+00,3.142E+00,-4.797E-03,2.650E+00,2.572E+00,5.102E-02,5.352E+00
60,0.000E+00,1.145E-02,9.648E-04,0.000E+00,0.000E+00,0.000E+00,1.052E-02,3.460E-02,1.155E+00,1.617E+00,-4.887E-01,6.522E+00,2.107E+00,3.142E+00,-2.739E-03,2.653E+00,2.608E+00,2.162E-01,1.712E+00,1.622E+00,-5.285E-01,7.597E+00,2.024E+00,3.142E+00,-3.288E-03,2.720E+00,2.664E+00,9.775E-02,3.556E+00,1.618E+00,-7.475E-01,1.060E+01,2.316E+00,3.142E+00,-4.855E-03,2.661E+00,2.581E+00,5.093E-02,5.359E+00
61,0.000E+00,1.223E-02,8.975E-04,0.000E+00,0.000E+00,0.000E+00,1.134E-02,3.685E-02,1.231E+00,1.555E+00,-5.438E-01,1.051E+01,2.034E+00,3.142E+00,-3.150E-03,2.674E+00,2.622E+00,2.149E-01,1.721E+00,1.597E+00,-5.597E-01,9.497E+00,1.995E+00,3.142E+00,-2.908E-03,2.735E+00,2.685E+00,9.844E-02,3.535E+00,1.578E+00,-7.879E-01,1.545E+01,2.269E+00,3.142E+00,-4.150E-03,2.644E+00,2.576E+00,4.930E-02,5.502E+00
62,0.000E+00,1.301E-02,8.301E-04,0.000E+00,0.000E+00,0.000E+00,1.215E-02,3.910E-02,1.306E+00,1.538E+00,-5.990E-01,1.450E+01,1.962E+00,3.142E+00,-3.561E-03,2.695E+00,2.635E+00,2.136E-01,1.730E+00,1.583E+00,-5.910E-01,1.140E+01,1.965E+00,3.142E+00,-2.529E-03,2.749E+00,2.706E+00,9.913E-02,3.514E+00,1.561E+00,-8.284E-01,2.029E+01,2.222E+00,3.142E+00,-3.445E-03,2.628E+00,2.572E+00,4.766E-02,5.644E+00
63,0.000E+00,1.379E-02,7.627E-04,0.000E+00,0.000E+00,0.000E+00,1.297E-02,4.135E-02,1.382E+00,1.543E+00,-6.542E-01,1.849E+01,1.889E+00,3.142E+00,-3.972E-03,2.715E+00,2.648E+00,2.123E-01,1.739E+00,1.577E+00,-6.222E-01,1.330E+01,1.935E+00,3.142E+00,-2.149E-03,2.764E+00,2.727E+00,9.983E-02,3.494E+00,1.557E+00,-8.688E-01,2.514E+01,2.175E+00,3.142E+00,-2.739E-03,2.611E+00,2.567E+00,4.603E-02,5.787E+00
64,0.000E+00,1.418E-02,7.290E-04,0.000E+00,0.000E+00,0.000E+00,1.337E-02,4.247E-02,1.420E+00,1.551E+00,-6.817E-01,2.049E+01,1.853E+00,3.142E+00,-4.178E-03,2.726E+00,2.655E+00,2.117E-01,1.743E+00,1.577E+00,-6.378E-01,1.425E+01,1.920E+00,3.142E+00,-1.960E-03,2.772E+00,2.738E+00,1.002E-01,3.483E+00,1.559E+00,-8.890E-01,2.756E+01,2.152E+00,3.142E+00,-2.387E-03,2.603E+00,2.564E+00,4.521E-02,5.859E+00
65,0.000E+00,1.457E-02,6.953E-04,0.000E+00,0.000E+00,0.000E+00,1.378E-02,4.359E-02,1.458E+00,1.561E+00,-7.093E-01,2.248E+01,1.817E+00,3.142E+00,-4.383E-03,2.736E+00,2.662E+00,2.110E-01,1.748E+00,1.577E+00,-6.535E-01,1.520E+01,1.906E+00,3.142E+00,-1.770E-03,2.779E+00,2.748E+00,1.005E-01,3.473E+00,1.562E+00,-9.093E-01,2.998E+01,2.128E+00,3.142E+00,-2.034E-03,2.594E+00,2.562E+00,4.439E-02,5.930E+00
66,0.000E+00,1.576E-02,5.273E-04,0.000E+00,0.000E+00,9.766E-07,1.510E-02,4.705E-02,1.575E+00,1.537E+00,-6.924E-01,2.146E+01,1.905E+00,3.142E+00,-2.405E-03,2.657E+00,2.614E+00,2.123E-01,1.739E+00,1.557E+00,-6.575E-01,1.630E+01,1.946E+00,3.142E+00,-5.470E-05,2.702E+00,2.699E+00,9.973E-02,3.497E+00,1.537E+00,-8.966E-01,2.914E+01,2.232E+00,3.142E+00,-2.454E-03,2.604E+00,2.565E+00,4.474E-02,5.897E+00
67,0.000E+00,1.695E-02,3.594E-04,0.000E+00,0.000E+00,1.953E-06,1.641E-02,5.050E-02,1.691E+00,1.515E+00,-6.755E-01,2.044E+01,1.993E+00,3.142E+00,-4.272E-04,2.578E+00,2.567E+00,2.135E-01,1.730E+00,1.538E+00,-6.615E-01,1.741E+01,1.987E+00,3.142E+00,1.660E-03,2.626E+00,2.650E+00,9.894E-02,3.520E+00,1.514E+00,-8.839E-01,2.829E+01,2.335E+00,3.142E+00,-2.874E-03,2.615E+00,2.568E+00,4.510E-02,5.863E+00
68,0.000E+00,1.814E-02,1.914E-04,0.000E+00,0.000E+00,2.930E-06,1.773E-02,5.396E-02,1.807E+00,1.495E+00,-6.585E-01,1.941E+01,2.081E+00,3.142E+00,1.551E-03,2.499E+00,2.520E+00,2.148E-01,1.722E+00,1.520E+00,-6.656E-01,1.852E+01,2.027E+00,3.142E+00,3.375E-03,2.549E+00,2.601E+00,9.815E-02,3.544E+00,1.492E+00,-8.713E-01,2.745E+01,2.438E+00,3.142E+00,-3.295E-03,2.625E+00,2.572E+00,4.545E-02,5.830E+00
69,0.000E+00,1.873E-02,1.074E-04,0.000E+00,0.000E+00,3.418E-06,1.839E-02,5.568E-02,1.866E+00,1.486E+00,-6.501E-01,1.890E+01,2.125E+00,3.142E+00,2.540E-03,2.459E+00,2.496E+00,2.154E-01,1.717E+00,1.511E+00,-6.676E-01,1.907E+01,2.048E+00,3.142E+00,4.233E-03,2.511E+00,2.576E+00,9.776E-02,3.555E+00,1.481E+00,-8.649E-01,2.703E+01,2.490E+00,3.142E+00,-3.505E-03,2.630E+00,2.573E+00,4.563E-02,5.813E+00
70,0.000E+00,1.933E-02,2.344E-05,0.000E+00,0.000E+00,3.906E-06,1.905E-02,5.741E-02,1.924E+00,1.477E+00,-6.416E-01,1.839E+01,2.169E+00,3.142E+00,3.529E-03,2.419E+00,2.472E+00,2.160E-01,1.713E+00,1.503E+00,-6.696E-01,1.962E+01,2.068E+00,3.142E+00,5.091E-03,2.473E+00,2.552E+00,9.736E-02,3.567E+00,1.471E+00,-8.586E-01,2.661E+01,2.541E+00,3.142E+00,-3.715E-03,2.635E+00,2.575E+00,4.580E-02,5.796E+00
71,0.000E+00,2.046E-02,1.563E-05,0.000E+00,0.000E+00,2.734E-06,2.030E-02,6.108E-02,2.045E+00,1.450E+00,-6.259E-01,1.813E+01,2.271E+00,3.142E+00,1.998E-03,2.422E+00,2.452E+00,2.132E-01,1.733E+00,1.459E+00,-6.538E-01,1.880E+01,2.281E+00,3.142E+00,4.846E-03,2.498E+00,2.575E+00,9.732E-02,3.569E+00,1.412E+00,-8.729E-01,3.228E+01,2.757E+00,3.142E+00,-4.332E-04,2.534E+00,2.525E+00,4.482E-02,5.890E+00
72,0.000E+00,2.159E-02,7.813E-06,0.000E+00,0.000E+00,1.562E-06,2.156E-02,6.475E-02,2.166E+00,1.424E+00,-6.101E-01,1.787E+01,2.373E+00,3.142E+00,4.680E-04,2.424E+00,2.431E+00,2.103E-01,1.753E+00,1.420E+00,-6.381E-01,1.798E+01,2.494E+00,3.142E+00,4.601E-03,2.524E+00,2.597E+00,9.727E-02,3.570E+00,1.362E+00,-8.872E-01,3.796E+01,2.973E+00,3.142E+00,2.848E-03,2.433E+00,2.476E+00,4.384E-02,5.985E+00
73,0.000E+00,2.286E-02,3.906E-06,0.000E+00,0.000E+00,2.734E-06,2.285E-02,6.857E-02,2.295E+00,1.389E+00,-5.939E-01,1.686E+01,2.596E+00,3.142E+00,2.485E-04,2.446E+00,2.450E+00,2.099E-01,1.756E+00,1.406E+00,-6.370E-01,1.830E+01,2.561E+00,3.142E+00,4.176E-03,2.483E+00,2.549E+00,9.812E-02,3.544E+00,1.335E+00,-8.719E-01,3.527E+01,3.184E+00,3.142E+00,1.977E-03,2.464E+00,2.494E+00,4.297E-02,6.075E+00
74,0.000E+00,2.413E-02,0.000E+00,0.000E+00,0.000E+00,3.906E-06,2.415E-02,7.240E-02,2.423E+00,1.359E+00,-5.778E-01,1.586E+01,2.819E+00,3.142E+00,2.905E-05,2.468E+00,2.468E+00,2.096E-01,1.758E+00,1.391E+00,-6.360E-01,1.863E+01,2.628E+00,3.142E+00,3.750E-03,2.443E+00,2.500E+00,9.897E-02,3.519E+00,1.312E+00,-8.567E-01,3.257E+01,3.395E+00,3.142E+00,1.106E-03,2.496E+00,2.513E+00,4.210E-02,6.164E+00
75,0.000E+00,2.563E-02,3.906E-07,0.000E+00,3.906E-07,5.469E-06,2.555E-02,7.673E-02,2.568E+00,1.334E+00,-5.612E-01,1.568E+01,2.942E+00,3.142E+00,2.731E-03,2.409E+00,2.449E+00,2.110E-01,1.748E+00,1.353E+00,-6.125E-01,1.751E+01,2.871E+00,3.142E+00,6.535E-03,2.394E+00,2.492E+00,9.781E-02,3.554E+00,1.281E+00,-8.312E-01,2.947E+01,3.689E+00,3.142E+00,3.399E-04,2.498E+00,2.503E+00,4.165E-02,6.212E+00
76,0.000E+00,2.713E-02,7.812E-07,0.000E+00,7.812E-07,7.031E-06,2.696E-02,8.106E-02,2.714E+00,1.311E+00,-5.446E-01,1.550E+01,3.066E+00,3.142E+00,5.432E-03,2.350E+00,2.430E+00,2.124E-01,1.738E+00,1.321E+00,-5.891E-01,1.639E+01,3.113E+00,3.142E+00,9.320E-03,2.346E+00,2.484E+00,9.665E-02,3.589E+00,1.256E+00,-8.057E-01,2.637E+01,3.984E+00,3.142E+00,-4.258E-04,2.501E+00,2.494E+00,4.121E-02,6.260E+00
77,0.000E+00,2.858E-02,7.812E-07,0.000E+00,1.172E-06,1.133E-05,2.857E-02,8.569E-02,2.868E+00,1.267E+00,-5.272E-01,1.477E+01,3.451E+00,3.142E+00,5.121E-03,2.317E+00,2.390E+00,2.082E-01,1.769E+00,1.299E+00,-5.783E-01,1.587E+01,3.298E+00,3.142E+00,1.030E-02,2.295E+00,2.444E+00,9.537E-02,3.630E+00,1.223E+00,-8.090E-01,2.796E+01,4.241E+00,3.142E+00,1.194E-02,2.260E+00,2.416E+00,4.152E-02,6.227E+00
78,0.000E+00,3.003E-02,7.812E-07,0.000E+00,1.562E-06,1.563E-05,3.019E-02,9.033E-02,3.023E+00,1.229E+00,-5.098E-01,1.405E+01,3.837E+00,3.142E+00,4.810E-03,2.283E+00,2.351E+00,2.039E-01,1.800E+00,1.279E+00,-5.676E-01,1.535E+01,3.483E+00,3.142E+00,1.129E-02,2.244E+00,2.404E+00,9.408E-02,3.671E+00,1.194E+00,-8.123E-01,2.954E+01,4.498E+00,3.142E+00,2.431E-02,2.019E+00,2.339E+00,4.182E-02,6.194E+00
79,0.000E+00,3.138E-02,7.812E-07,0.000E+00,3.906E-06,2.266E-05,3.147E-02,9.429E-02,3.156E+00,1.192E+00,-4.896E-01,1.339E+01,4.260E+00,3.142E+00,7.657E-03,2.207E+00,2.311E+00,2.070E-01,1.777E+00,1.245E+00,-5.583E-01,1.478E+01,3.854E+00,3.142E+00,1.648E-02,2.133E+00,2.356E+00,9.236E-02,3.729E+00,1.114E+00,-7.875E-01,2.814E+01,5.545E+00,3.142E+00,2.031E-02,2.081E+00,2.353E+00,4.029E-02,6.369E+00
80,0.000E+00,3.273E-02,7.812E-07,0.000E+00,6.250E-06,2.969E-05,3.275E-02,9.826E-02,3.288E+00,1.161E+00,-4.694E-01,1.272E+01,4.683E+00,3.142E+00,1.050E-02,2.130E+00,2.271E+00,2.101E-01,1.754E+00,1.216E+00,-5.489E-01,1.421E+01,4.225E+00,3.142E+00,2.166E-02,2.023E+00,2.307E+00,9.063E-02,3.787E+00,1.054E+00,-7.628E-01,2.674E+01,6.592E+00,3.142E+00,1.631E-02,2.143E+00,2.367E+00,3.875E-02,6.544E+00
81,0.000E+00,3.311E-02,1.562E-06,0.000E+00,1.406E-05,3.477E-05,3.311E-02,9.947E-02,3.327E+00,1.097E+00,-4.620E-01,1.245E+01,5.777E+00,3.142E+00,3.292E-02,1.782E+00,2.134E+00,1.988E-01,1.845E+00,1.162E+00,-5.398E-01,1.403E+01,4.931E+00,3.142E+00,2.404E-02,1.935E+00,2.235E+00,8.865E-02,3.858E+00,9.899E-01,-7.440E-01,2.440E+01,8.323E+00,3.142E+00,2.230E-02,1.997E+00,2.279E+00,3.713E-02,6.755E+00
82,0.000E+00,3.348E-02,2.344E-06,0.000E+00,2.187E-05,3.984E-05,3.347E-02,1.007E-01,3.366E+00,1.048E+00,-4.547E-01,1.218E+01,6.871E+00,3.142E+00,5.534E-02,1.433E+00,1.997E+00,1.874E-01,1.935E+00,1.118E+00,-5.306E-01,1.384E+01,5.636E+00,3.142E+00,2.641E-02,1.846E+00,2.162E+00,8.667E-02,3.930E+00,9.475E-01,-7.252E-01,2.206E+01,1.005E+01,3.142E+00,2.829E-02,1.851E+00,2.192E+00,3.550E-02,6.967E+00
83,0.000E+00,3.114E-02,2.344E-06,0.000E+00,6.797E-05,8.203E-05,3.117E-02,9.373E-02,3.135E+00,9.536E-01,-4.233E-01,1.146E+01,9.860E+00,3.142E+00,7.218E-02,1.257E+00,1.924E+00,1.906E-01,1.908E+00,1.049E+00,-5.148E-01,1.317E+01,7.179E+00,3.142E+00,5.771E-02,1.502E+00,2.072E+00,8.293E-02,4.081E+00,8.429E-01,-6.977E-01,2.003E+01,1.601E+01,3.142E+00,5.865E-02,1.529E+00,2.120E+00,3.388E-02,7.210E+00
84,0.000E+00,2.879E-02,2.344E-06,0.000E+00,1.141E-04,1.242E-04,2.887E-02,8.677E-02,2.904E+00,8.950E-01,-3.919E-01,1.074E+01,1.285E+01,3.142E+00,8.901E-02,1.080E+00,1.851E+00,1.938E-01,1.880E+00,1.000E+00,-4.991E-01,1.251E+01,8.722E+00,3.142E+00,8.901E-02,1.159E+00,1.982E+00,7.920E-02,4.233E+00,7.908E-01,-6.702E-01,1.800E+01,2.197E+01,3.142E+00,8.901E-02,1.207E+00,2.048E+00,3.226E-02,7.454E+00
85,0.000E+00,2.073E-02,1.953E-06,0.000E+00,2.055E-04,1.805E-04,2.099E-02,6.284E-02,2.107E+00,8.257E-01,-3.681E-01,9.434E+00,2.076E+01,3.142E+00,8.901E-02,1.144E+00,1.949E+00,1.739E-01,2.082E+00,8.987E-01,-4.692E-01,1.064E+01,1.507E+01,3.142E+00,0.000E+00,0.000E+00,0.000E+00,7.590E-02,4.389E+00,7.168E-01,-6.338E-01,1.429E+01,4.428E+01,3.142E+00,8.901E-02,1.118E+00,1.881E+00,2.739E-02,8.490E+00
86,0.000E+00,1.267E-02,1.562E-06,0.000E+00,2.969E-04,2.367E-04,1.311E-02,3.890E-02,1.310E+00,8.023E-01,-3.443E-01,8.125E+00,2.867E+01,3.142E+00,8.901E-02,1.207E+00,2.048E+00,1.540E-01,2.285E+00,8.672E-01,-4.393E-01,8.762E+00,2.143E+01,3.142E+00,0.000E+00,0.000E+00,0.000E+00,7.261E-02,4.545E+00,7.236E-01,-5.975E-01,1.058E+01,6.658E+01,3.142E+00,8.901E-02,1.029E+00,1.715E+00,2.252E-02,9.525E+00
87,0.000E+00,6.376E-03,7.812E-07,0.000E+00,2.375E-04,1.887E-04,6.624E-03,1.970E-02,6.650E-01,8.895E-01,-4.800E-01,8.854E+00,2.037E+01,3.142E+00,-2.867E-01,9.988E+00,1.322E+00,1.098E-01,3.427E+00,9.700E-01,-5.004E-01,7.790E+00,1.624E+01,3.142E+00,0.000E+00,0.000E+00,0.000E+00,6.534E-02,4.993E+00,7.622E-01,-7.157E-01,1.254E+01,4.464E+01,3.142E+00,8.901E-02,9.228E-01,1.561E+00,1.679E-02,1.219E+01
88,0.000E+00,7.891E-05,0.000E+00,0.000E+00,1.781E-04,1.406E-04,1.398E-04,5.000E-04,2.042E-02,1.028E+00,-6.158E-01,9.583E+00,1.207E+01,3.142E+00,-6.624E-01,1.877E+01,5.959E-01,6.548E-02,4.570E+00,1.107E+00,-5.616E-01,6.817E+00,1.106E+01,3.142E+00,8.900E-02,6.241E-01,1.082E+00,5.807E-02,5.442E+00,8.655E-01,-8.338E-01,1.450E+01,2.269E+01,3.142E+00,8.901E-02,8.170E-01,1.407E+00,1.106E-02,1.486E+01
89,0.000E+00,0.000E+00,0.000E+00,0.000E+00,1.562E-06,7.812E-07,7.812E-07,7.812E-07,8.492E-05,3.142E+00,0.000E+00,0.000E+00,0.000E+00,0.000E+00,0.000E+00,0.000E+00,0.000E+00,0.000E+00,0.000E+00,3.142E+00,0.000E+00,0.000E+00,0.000E+00,0.000E+00,0.000E+00,0.000E+00,0.000E+00,0.000E+00,0.000E+00,3.142E+00,0.000E+00,0.000E+00,0.000E+00,0.000E+00,0.000E+00,0.000E+00,0.000E+00,0.000E+00,0.000E+00
