alpha,H,Fe,Si,O,Fe_1,O_1,Si_2,O_2,amu/ion,phiK_Fe,phiTilt_Fe,phiM_Fe,phiN_Fe,thetaK_Fe,thetaTilt_Fe,thetaM_Fe,thetaN_Fe,energyK_Fe,energyE_Fe,phiK_O,phiTilt_O,phiM_O,phiN_O,thetaK_O,thetaTilt_O,thetaM_O,thetaN_O,energyK_O,energyE_O,phiK_Si,phiTilt_Si,phiM_Si,phiN_Si,thetaK_Si,thetaTilt_Si,thetaM_Si,thetaN_Si,energyK_Si,energyE_Si
0,0.000E+00,2.332E-03,6.898E-04,0.000E+00,0.000E+00,0.000E+00,1.656E-03,6.963E-03,3.075E-01,1.830E+00,3.692E-02,1.162E+00,1.488E+00,3.142E+00,1.120E-03,2.389E+00,2.405E+00,6.219E-02,3.871E+00,1.684E+00,-6.866E-02,2.322E+00,1.504E+00,3.142E+00,-2.511E-03,2.711E+00,2.669E+00,1.126E-01,3.157E+00,1.728E+00,-3.870E-02,1.874E+00,1.466E+00,3.142E+00,-3.594E-03,2.463E+00,2.409E+00,6.040E-02,4.714E+00
1,0.000E+00,2.355E-03,7.031E-04,0.000E+00,0.000E+00,0.000E+00,1.660E-03,6.996E-03,3.098E-01,1.809E+00,1.975E-02,1.256E+00,1.477E+00,3.142E+00,3.956E-04,2.404E+00,2.410E+00,6.260E-02,3.853E+00,1.679E+00,-6.691E-02,2.276E+00,1.546E+00,3.142E+00,-2.568E-03,2.724E+00,2.680E+00,1.124E-01,3.162E+00,1.722E+00,-3.056E-02,1.791E+00,1.517E+00,3.142E+00,-3.688E-03,2.469E+00,2.414E+00,6.057E-02,4.704E+00
2,0.000E+00,2.378E-03,7.164E-04,0.000E+00,0.000E+00,0.000E+00,1.664E-03,7.028E-03,3.121E-01,1.788E+00,2.585E-03,1.350E+00,1.465E+00,3.142E+00,-3.289E-04,2.420E+00,2.415E+00,6.301E-02,3.836E+00,1.675E+00,-6.515E-02,2.231E+00,1.587E+00,3.142E+00,-2.626E-03,2.737E+00,2.692E+00,1.122E-01,3.167E+00,1.718E+00,-2.242E-02,1.707E+00,1.568E+00,3.142E+00,-3.782E-03,2.476E+00,2.419E+00,6.074E-02,4.694E+00
3,0.000E+00,2.401E-03,7.297E-04,0.000E+00,0.000E+00,0.000E+00,1.668E-03,7.061E-03,3.144E-01,1.786E+00,-1.458E-02,1.444E+00,1.453E+00,3.142E+00,-1.053E-03,2.436E+00,2.419E+00,6.342E-02,3.819E+00,1.672E+00,-6.340E-02,2.186E+00,1.629E+00,3.142E+00,-2.683E-03,2.750E+00,2.703E+00,1.120E-01,3.173E+00,1.715E+00,-1.428E-02,1.624E+00,1.619E+00,3.142E+00,-3.876E-03,2.482E+00,2.423E+00,6.091E-02,4.684E+00
4,0.000E+00,2.412E-03,7.363E-04,0.000E+00,0.000E+00,0.000E+00,1.670E-03,7.077E-03,3.155E-01,1.787E+00,-2.316E-02,1.491E+00,1.447E+00,3.142E+00,-1.416E-03,2.443E+00,2.422E+00,6.363E-02,3.810E+00,1.670E+00,-6.252E-02,2.163E+00,1.649E+00,3.142E+00,-2.712E-03,2.756E+00,2.709E+00,1.118E-01,3.175E+00,1.714E+00,-1.021E-02,1.582E+00,1.645E+00,3.142E+00,-3.923E-03,2.485E+00,2.426E+00,6.100E-02,4.679E+00
5,0.000E+00,2.423E-03,7.430E-04,0.000E+00,0.000E+00,0.000E+00,1.671E-03,7.093E-03,3.166E-01,1.788E+00,-3.175E-02,1.538E+00,1.442E+00,3.142E+00,-1.778E-03,2.451E+00,2.424E+00,6.384E-02,3.802E+00,1.668E+00,-6.165E-02,2.141E+00,1.670E+00,3.142E+00,-2.741E-03,2.762E+00,2.715E+00,1.117E-01,3.178E+00,1.713E+00,-6.141E-03,1.541E+00,1.670E+00,3.142E+00,-3.970E-03,2.488E+00,2.428E+00,6.108E-02,4.674E+00
6,0.000E+00,2.446E-03,7.562E-04,0.000E+00,0.000E+00,0.000E+00,1.675E-03,7.126E-03,3.189E-01,1.790E+00,-4.891E-02,1.632E+00,1.430E+00,3.142E+00,-2.502E-03,2.467E+00,2.429E+00,6.425E-02,3.784E+00,1.665E+00,-5.989E-02,2.095E+00,1.712E+00,3.142E+00,-2.798E-03,2.775E+00,2.726E+00,1.115E-01,3.183E+00,1.714E+00,1.999E-03,1.458E+00,1.721E+00,3.142E+00,-4.064E-03,2.494E+00,2.433E+00,6.125E-02,4.664E+00
7,0.000E+00,2.469E-03,7.695E-04,0.000E+00,0.000E+00,0.000E+00,1.679E-03,7.158E-03,3.212E-01,1.793E+00,-6.608E-02,1.726E+00,1.418E+00,3.142E+00,-3.227E-03,2.483E+00,2.433E+00,6.466E-02,3.767E+00,1.663E+00,-5.814E-02,2.050E+00,1.753E+00,3.142E+00,-2.856E-03,2.788E+00,2.738E+00,1.113E-01,3.188E+00,1.724E+00,1.014E-02,1.374E+00,1.772E+00,3.142E+00,-4.158E-03,2.501E+00,2.437E+00,6.142E-02,4.655E+00
8,0.000E+00,2.492E-03,7.828E-04,0.000E+00,0.000E+00,0.000E+00,1.683E-03,7.191E-03,3.235E-01,1.797E+00,-8.324E-02,1.820E+00,1.407E+00,3.142E+00,-3.951E-03,2.498E+00,2.438E+00,6.507E-02,3.750E+00,1.660E+00,-5.639E-02,2.005E+00,1.795E+00,3.142E+00,-2.913E-03,2.801E+00,2.749E+00,1.111E-01,3.194E+00,1.735E+00,1.828E-02,1.291E+00,1.823E+00,3.142E+00,-4.252E-03,2.507E+00,2.442E+00,6.159E-02,4.645E+00
9,0.000E+00,2.503E-03,7.895E-04,0.000E+00,0.000E+00,0.000E+00,1.685E-03,7.207E-03,3.246E-01,1.799E+00,-9.183E-02,1.867E+00,1.401E+00,3.142E+00,-4.313E-03,2.506E+00,2.440E+00,6.528E-02,3.741E+00,1.659E+00,-5.551E-02,1.982E+00,1.815E+00,3.142E+00,-2.942E-03,2.807E+00,2.755E+00,1.110E-01,3.196E+00,1.742E+00,2.235E-02,1.250E+00,1.849E+00,3.142E+00,-4.298E-03,2.510E+00,2.444E+00,6.168E-02,4.640E+00
10,0.000E+00,2.515E-03,7.961E-04,0.000E+00,0.000E+00,0.000E+00,1.687E-03,7.223E-03,3.257E-01,1.801E+00,-1.004E-01,1.914E+00,1.395E+00,3.142E+00,-4.676E-03,2.514E+00,2.443E+00,6.548E-02,3.733E+00,1.658E+00,-5.463E-02,1.959E+00,1.836E+00,3.142E+00,-2.971E-03,2.814E+00,2.761E+00,1.109E-01,3.199E+00,1.748E+00,2.642E-02,1.208E+00,1.875E+00,3.142E+00,-4.345E-03,2.513E+00,2.447E+00,6.176E-02,4.635E+00
11,0.000E+00,2.548E-03,8.125E-04,0.000E+00,0.000E+00,0.000E+00,1.717E-03,7.371E-03,3.313E-01,1.797E+00,-1.025E-01,1.905E+00,1.426E+00,3.142E+00,-4.129E-03,2.494E+00,2.431E+00,6.539E-02,3.736E+00,1.657E+00,-5.664E-02,1.944E+00,1.874E+00,3.142E+00,-2.694E-03,2.805E+00,2.757E+00,1.108E-01,3.199E+00,1.731E+00,9.828E-03,1.286E+00,1.858E+00,3.142E+00,-4.303E-03,2.513E+00,2.447E+00,6.175E-02,4.636E+00
12,0.000E+00,2.582E-03,8.289E-04,0.000E+00,0.000E+00,0.000E+00,1.746E-03,7.518E-03,3.368E-01,1.794E+00,-1.047E-01,1.896E+00,1.457E+00,3.142E+00,-3.582E-03,2.473E+00,2.419E+00,6.529E-02,3.740E+00,1.655E+00,-5.865E-02,1.928E+00,1.912E+00,3.142E+00,-2.417E-03,2.796E+00,2.753E+00,1.108E-01,3.200E+00,1.722E+00,-6.764E-03,1.364E+00,1.842E+00,3.142E+00,-4.260E-03,2.512E+00,2.447E+00,6.173E-02,4.637E+00
13,0.000E+00,2.615E-03,8.453E-04,0.000E+00,0.000E+00,0.000E+00,1.776E-03,7.665E-03,3.423E-01,1.790E+00,-1.068E-01,1.887E+00,1.488E+00,3.142E+00,-3.035E-03,2.453E+00,2.407E+00,6.520E-02,3.744E+00,1.653E+00,-6.066E-02,1.912E+00,1.949E+00,3.142E+00,-2.141E-03,2.787E+00,2.750E+00,1.108E-01,3.201E+00,1.725E+00,-2.335E-02,1.442E+00,1.826E+00,3.142E+00,-4.218E-03,2.511E+00,2.447E+00,6.171E-02,4.638E+00
14,0.000E+00,2.632E-03,8.535E-04,0.000E+00,0.000E+00,0.000E+00,1.791E-03,7.738E-03,3.451E-01,1.789E+00,-1.079E-01,1.883E+00,1.503E+00,3.142E+00,-2.762E-03,2.443E+00,2.401E+00,6.515E-02,3.746E+00,1.652E+00,-6.166E-02,1.904E+00,1.968E+00,3.142E+00,-2.002E-03,2.783E+00,2.748E+00,1.108E-01,3.201E+00,1.726E+00,-3.165E-02,1.481E+00,1.817E+00,3.142E+00,-4.196E-03,2.511E+00,2.447E+00,6.170E-02,4.639E+00
15,0.000E+00,2.649E-03,8.617E-04,0.000E+00,0.000E+00,0.000E+00,1.806E-03,7.812E-03,3.478E-01,1.787E+00,-1.089E-01,1.879E+00,1.519E+00,3.142E+00,-2.488E-03,2.433E+00,2.395E+00,6.510E-02,3.748E+00,1.652E+00,-6.267E-02,1.896E+00,1.987E+00,3.142E+00,-1.864E-03,2.779E+00,2.746E+00,1.108E-01,3.201E+00,1.728E+00,-3.995E-02,1.520E+00,1.809E+00,3.142E+00,-4.175E-03,2.511E+00,2.447E+00,6.169E-02,4.639E+00
16,0.000E+00,2.682E-03,8.781E-04,0.000E+00,0.000E+00,0.000E+00,1.836E-03,7.959E-03,3.534E-01,1.784E+00,-1.111E-01,1.870E+00,1.550E+00,3.142E+00,-1.941E-03,2.412E+00,2.383E+00,6.501E-02,3.752E+00,1.650E+00,-6.467E-02,1.880E+00,2.025E+00,3.142E+00,-1.587E-03,2.770E+00,2.742E+00,1.107E-01,3.202E+00,1.732E+00,-5.654E-02,1.598E+00,1.793E+00,3.142E+00,-4.132E-03,2.510E+00,2.447E+00,6.167E-02,4.640E+00
17,0.000E+00,2.716E-03,8.945E-04,0.000E+00,0.000E+00,0.000E+00,1.865E-03,8.106E-03,3.589E-01,1.781E+00,-1.132E-01,1.861E+00,1.581E+00,3.142E+00,-1.395E-03,2.392E+00,2.371E+00,6.491E-02,3.756E+00,1.649E+00,-6.668E-02,1.864E+00,2.063E+00,3.142E+00,-1.311E-03,2.761E+00,2.738E+00,1.107E-01,3.203E+00,1.737E+00,-7.313E-02,1.676E+00,1.777E+00,3.142E+00,-4.090E-03,2.509E+00,2.447E+00,6.165E-02,4.641E+00
18,0.000E+00,2.749E-03,9.109E-04,0.000E+00,0.000E+00,0.000E+00,1.895E-03,8.253E-03,3.644E-01,1.778E+00,-1.153E-01,1.853E+00,1.612E+00,3.142E+00,-8.478E-04,2.371E+00,2.359E+00,6.481E-02,3.760E+00,1.648E+00,-6.869E-02,1.848E+00,2.100E+00,3.142E+00,-1.034E-03,2.753E+00,2.735E+00,1.107E-01,3.203E+00,1.741E+00,-8.972E-02,1.754E+00,1.760E+00,3.142E+00,-4.047E-03,2.509E+00,2.447E+00,6.163E-02,4.643E+00
19,0.000E+00,2.766E-03,9.191E-04,0.000E+00,0.000E+00,0.000E+00,1.910E-03,8.326E-03,3.672E-01,1.776E+00,-1.164E-01,1.848E+00,1.627E+00,3.142E+00,-5.744E-04,2.361E+00,2.353E+00,6.477E-02,3.762E+00,1.648E+00,-6.969E-02,1.840E+00,2.119E+00,3.142E+00,-8.956E-04,2.748E+00,2.733E+00,1.107E-01,3.204E+00,1.744E+00,-9.801E-02,1.793E+00,1.752E+00,3.142E+00,-4.026E-03,2.509E+00,2.447E+00,6.162E-02,4.643E+00
20,0.000E+00,2.783E-03,9.273E-04,0.000E+00,0.000E+00,0.000E+00,1.925E-03,8.400E-03,3.699E-01,1.775E+00,-1.175E-01,1.844E+00,1.643E+00,3.142E+00,-3.010E-04,2.351E+00,2.347E+00,6.472E-02,3.764E+00,1.647E+00,-7.070E-02,1.832E+00,2.138E+00,3.142E+00,-7.573E-04,2.744E+00,2.731E+00,1.106E-01,3.204E+00,1.747E+00,-1.063E-01,1.832E+00,1.744E+00,3.142E+00,-4.005E-03,2.508E+00,2.447E+00,6.161E-02,4.644E+00
21,0.000E+00,2.873E-03,9.161E-04,0.000E+00,0.000E+00,0.000E+00,2.009E-03,8.589E-03,3.800E-01,1.777E+00,-1.283E-01,1.893E+00,1.643E+00,3.142E+00,-7.800E-04,2.360E+00,2.349E+00,6.397E-02,3.797E+00,1.648E+00,-9.155E-02,1.980E+00,2.101E+00,3.142E+00,-9.099E-04,2.742E+00,2.727E+00,1.101E-01,3.217E+00,1.749E+00,-1.200E-01,1.895E+00,1.745E+00,3.142E+00,-4.123E-03,2.511E+00,2.448E+00,6.119E-02,4.669E+00
22,0.000E+00,2.963E-03,9.049E-04,0.000E+00,0.000E+00,0.000E+00,2.094E-03,8.779E-03,3.902E-01,1.779E+00,-1.391E-01,1.941E+00,1.644E+00,3.142E+00,-1.259E-03,2.370E+00,2.351E+00,6.322E-02,3.830E+00,1.650E+00,-1.124E-01,2.128E+00,2.064E+00,3.142E+00,-1.063E-03,2.741E+00,2.723E+00,1.096E-01,3.229E+00,1.751E+00,-1.337E-01,1.958E+00,1.746E+00,3.142E+00,-4.241E-03,2.513E+00,2.449E+00,6.078E-02,4.693E+00
23,0.000E+00,3.054E-03,8.937E-04,0.000E+00,0.000E+00,0.000E+00,2.178E-03,8.968E-03,4.003E-01,1.781E+00,-1.499E-01,1.990E+00,1.644E+00,3.142E+00,-1.738E-03,2.379E+00,2.354E+00,6.247E-02,3.863E+00,1.654E+00,-1.333E-01,2.276E+00,2.027E+00,3.142E+00,-1.215E-03,2.739E+00,2.718E+00,1.092E-01,3.242E+00,1.753E+00,-1.474E-01,2.021E+00,1.747E+00,3.142E+00,-4.360E-03,2.516E+00,2.449E+00,6.037E-02,4.718E+00
24,0.000E+00,3.099E-03,8.880E-04,0.000E+00,0.000E+00,0.000E+00,2.221E-03,9.063E-03,4.054E-01,1.782E+00,-1.553E-01,2.014E+00,1.644E+00,3.142E+00,-1.978E-03,2.384E+00,2.355E+00,6.210E-02,3.880E+00,1.657E+00,-1.437E-01,2.350E+00,2.009E+00,3.142E+00,-1.291E-03,2.738E+00,2.716E+00,1.089E-01,3.248E+00,1.754E+00,-1.542E-01,2.053E+00,1.748E+00,3.142E+00,-4.419E-03,2.517E+00,2.450E+00,6.016E-02,4.731E+00
25,0.000E+00,3.144E-03,8.824E-04,0.000E+00,0.000E+00,0.000E+00,2.263E-03,9.157E-03,4.104E-01,1.783E+00,-1.607E-01,2.038E+00,1.644E+00,3.142E+00,-2.217E-03,2.388E+00,2.356E+00,6.172E-02,3.896E+00,1.659E+00,-1.541E-01,2.424E+00,1.990E+00,3.142E+00,-1.368E-03,2.738E+00,2.714E+00,1.087E-01,3.254E+00,1.755E+00,-1.610E-01,2.084E+00,1.749E+00,3.142E+00,-4.478E-03,2.518E+00,2.450E+00,5.995E-02,4.743E+00
26,0.000E+00,3.234E-03,8.712E-04,0.000E+00,0.000E+00,0.000E+00,2.347E-03,9.347E-03,4.205E-01,1.785E+00,-1.715E-01,2.087E+00,1.645E+00,3.142E+00,-2.696E-03,2.397E+00,2.358E+00,6.097E-02,3.929E+00,1.666E+00,-1.750E-01,2.572E+00,1.953E+00,3.142E+00,-1.520E-03,2.736E+00,2.710E+00,1.082E-01,3.267E+00,1.758E+00,-1.747E-01,2.147E+00,1.750E+00,3.142E+00,-4.597E-03,2.521E+00,2.451E+00,5.954E-02,4.768E+00
27,0.000E+00,3.324E-03,8.600E-04,0.000E+00,0.000E+00,0.000E+00,2.432E-03,9.536E-03,4.307E-01,1.787E+00,-1.823E-01,2.135E+00,1.645E+00,3.142E+00,-3.175E-03,2.407E+00,2.360E+00,6.023E-02,3.962E+00,1.673E+00,-1.958E-01,2.720E+00,1.916E+00,3.142E+00,-1.673E-03,2.735E+00,2.706E+00,1.077E-01,3.280E+00,1.761E+00,-1.884E-01,2.210E+00,1.751E+00,3.142E+00,-4.715E-03,2.523E+00,2.451E+00,5.913E-02,4.793E+00
28,0.000E+00,3.414E-03,8.487E-04,0.000E+00,0.000E+00,0.000E+00,2.516E-03,9.725E-03,4.408E-01,1.790E+00,-1.931E-01,2.184E+00,1.645E+00,3.142E+00,-3.654E-03,2.416E+00,2.363E+00,5.948E-02,3.995E+00,1.682E+00,-2.167E-01,2.868E+00,1.879E+00,3.142E+00,-1.826E-03,2.733E+00,2.702E+00,1.072E-01,3.292E+00,1.764E+00,-2.021E-01,2.273E+00,1.752E+00,3.142E+00,-4.834E-03,2.526E+00,2.452E+00,5.871E-02,4.817E+00
29,0.000E+00,3.460E-03,8.431E-04,0.000E+00,0.000E+00,0.000E+00,2.559E-03,9.820E-03,4.459E-01,1.791E+00,-1.985E-01,2.208E+00,1.646E+00,3.142E+00,-3.894E-03,2.421E+00,2.364E+00,5.910E-02,4.012E+00,1.686E+00,-2.271E-01,2.942E+00,1.861E+00,3.142E+00,-1.902E-03,2.732E+00,2.700E+00,1.069E-01,3.298E+00,1.765E+00,-2.089E-01,2.305E+00,1.753E+00,3.142E+00,-4.893E-03,2.527E+00,2.452E+00,5.851E-02,4.830E+00
30,0.000E+00,3.505E-03,8.375E-04,0.000E+00,0.000E+00,0.000E+00,2.601E-03,9.915E-03,4.509E-01,1.792E+00,-2.039E-01,2.233E+00,1.646E+00,3.142E+00,-4.133E-03,2.425E+00,2.365E+00,5.873E-02,4.029E+00,1.691E+00,-2.375E-01,3.016E+00,1.842E+00,3.142E+00,-1.978E-03,2.731E+00,2.698E+00,1.067E-01,3.305E+00,1.766E+00,-2.158E-01,2.336E+00,1.753E+00,3.142E+00,-4.952E-03,2.528E+00,2.453E+00,5.830E-02,4.842E+00
31,0.000E+00,3.714E-03,8.164E-04,0.000E+00,0.000E+00,0.000E+00,2.843E-03,1.067E-02,4.809E-01,1.791E+00,-2.368E-01,2.497E+00,1.625E+00,3.142E+00,-4.538E-03,2.445E+00,2.378E+00,5.868E-02,4.031E+00,1.691E+00,-2.456E-01,3.042E+00,1.866E+00,3.142E+00,-1.996E-03,2.736E+00,2.701E+00,1.063E-01,3.314E+00,1.745E+00,-2.584E-01,2.878E+00,1.725E+00,3.142E+00,-4.557E-03,2.532E+00,2.462E+00,5.764E-02,4.887E+00
32,0.000E+00,3.818E-03,8.059E-04,0.000E+00,0.000E+00,0.000E+00,2.965E-03,1.105E-02,4.960E-01,1.791E+00,-2.533E-01,2.629E+00,1.614E+00,3.142E+00,-4.740E-03,2.455E+00,2.384E+00,5.866E-02,4.032E+00,1.690E+00,-2.496E-01,3.056E+00,1.878E+00,3.142E+00,-2.005E-03,2.738E+00,2.703E+00,1.061E-01,3.319E+00,1.739E+00,-2.798E-01,3.149E+00,1.710E+00,3.142E+00,-4.360E-03,2.533E+00,2.466E+00,5.731E-02,4.909E+00
33,0.000E+00,3.923E-03,7.953E-04,0.000E+00,0.000E+00,0.000E+00,3.086E-03,1.143E-02,5.110E-01,1.793E+00,-2.697E-01,2.761E+00,1.604E+00,3.142E+00,-4.943E-03,2.465E+00,2.391E+00,5.864E-02,4.033E+00,1.690E+00,-2.536E-01,3.069E+00,1.890E+00,3.142E+00,-2.014E-03,2.740E+00,2.705E+00,1.060E-01,3.323E+00,1.736E+00,-3.011E-01,3.420E+00,1.696E+00,3.142E+00,-4.163E-03,2.535E+00,2.471E+00,5.698E-02,4.932E+00
34,0.000E+00,4.028E-03,7.848E-04,0.000E+00,0.000E+00,0.000E+00,3.207E-03,1.181E-02,5.260E-01,1.794E+00,-2.862E-01,2.894E+00,1.594E+00,3.142E+00,-5.145E-03,2.474E+00,2.397E+00,5.862E-02,4.034E+00,1.690E+00,-2.577E-01,3.083E+00,1.901E+00,3.142E+00,-2.022E-03,2.742E+00,2.707E+00,1.058E-01,3.328E+00,1.734E+00,-3.224E-01,3.690E+00,1.682E+00,3.142E+00,-3.965E-03,2.537E+00,2.476E+00,5.665E-02,4.954E+00
35,0.000E+00,4.132E-03,7.742E-04,0.000E+00,0.000E+00,0.000E+00,3.329E-03,1.219E-02,5.410E-01,1.797E+00,-3.027E-01,3.026E+00,1.583E+00,3.142E+00,-5.347E-03,2.484E+00,2.403E+00,5.860E-02,4.035E+00,1.689E+00,-2.617E-01,3.096E+00,1.913E+00,3.142E+00,-2.031E-03,2.744E+00,2.709E+00,1.056E-01,3.333E+00,1.734E+00,-3.438E-01,3.961E+00,1.667E+00,3.142E+00,-3.768E-03,2.538E+00,2.480E+00,5.632E-02,4.977E+00
36,0.000E+00,4.237E-03,7.637E-04,0.000E+00,0.000E+00,0.000E+00,3.450E-03,1.257E-02,5.560E-01,1.800E+00,-3.191E-01,3.158E+00,1.573E+00,3.142E+00,-5.550E-03,2.494E+00,2.410E+00,5.857E-02,4.036E+00,1.689E+00,-2.657E-01,3.110E+00,1.925E+00,3.142E+00,-2.040E-03,2.746E+00,2.711E+00,1.054E-01,3.338E+00,1.735E+00,-3.651E-01,4.232E+00,1.653E+00,3.142E+00,-3.570E-03,2.540E+00,2.485E+00,5.599E-02,4.999E+00
37,0.000E+00,4.341E-03,7.531E-04,0.000E+00,0.000E+00,0.000E+00,3.571E-03,1.294E-02,5.710E-01,1.804E+00,-3.356E-01,3.290E+00,1.562E+00,3.142E+00,-5.752E-03,2.504E+00,2.416E+00,5.855E-02,4.037E+00,1.689E+00,-2.697E-01,3.123E+00,1.937E+00,3.142E+00,-2.049E-03,2.749E+00,2.713E+00,1.053E-01,3.342E+00,1.738E+00,-3.864E-01,4.503E+00,1.639E+00,3.142E+00,-3.373E-03,2.541E+00,2.490E+00,5.566E-02,5.021E+00
38,0.000E+00,4.446E-03,7.426E-04,0.000E+00,0.000E+00,0.000E+00,3.692E-03,1.332E-02,5.860E-01,1.808E+00,-3.521E-01,3.423E+00,1.552E+00,3.142E+00,-5.954E-03,2.514E+00,2.423E+00,5.853E-02,4.038E+00,1.689E+00,-2.738E-01,3.136E+00,1.949E+00,3.142E+00,-2.058E-03,2.751E+00,2.715E+00,1.051E-01,3.347E+00,1.742E+00,-4.078E-01,4.774E+00,1.625E+00,3.142E+00,-3.176E-03,2.543E+00,2.494E+00,5.533E-02,5.044E+00
39,0.000E+00,4.551E-03,7.320E-04,0.000E+00,0.000E+00,0.000E+00,3.814E-03,1.370E-02,6.010E-01,1.812E+00,-3.685E-01,3.555E+00,1.542E+00,3.142E+00,-6.157E-03,2.524E+00,2.429E+00,5.851E-02,4.039E+00,1.688E+00,-2.778E-01,3.150E+00,1.961E+00,3.142E+00,-2.066E-03,2.753E+00,2.717E+00,1.049E-01,3.352E+00,1.746E+00,-4.291E-01,5.044E+00,1.610E+00,3.142E+00,-2.978E-03,2.545E+00,2.499E+00,5.500E-02,5.066E+00
40,0.000E+00,4.655E-03,7.215E-04,0.000E+00,0.000E+00,0.000E+00,3.935E-03,1.408E-02,6.160E-01,1.817E+00,-3.850E-01,3.687E+00,1.531E+00,3.142E+00,-6.359E-03,2.533E+00,2.435E+00,5.848E-02,4.040E+00,1.688E+00,-2.818E-01,3.163E+00,1.972E+00,3.142E+00,-2.075E-03,2.755E+00,2.719E+00,1.047E-01,3.356E+00,1.752E+00,-4.504E-01,5.315E+00,1.596E+00,3.142E+00,-2.781E-03,2.546E+00,2.503E+00,5.467E-02,5.089E+00
41,0.000E+00,4.760E-03,7.109E-04,0.000E+00,0.000E+00,0.000E+00,4.056E-03,1.446E-02,6.310E-01,1.822E+00,-4.015E-01,3.819E+00,1.521E+00,3.142E+00,-6.561E-03,2.543E+00,2.442E+00,5.846E-02,4.041E+00,1.688E+00,-2.859E-01,3.177E+00,1.984E+00,3.142E+00,-2.084E-03,2.757E+00,2.721E+00,1.045E-01,3.361E+00,1.758E+00,-4.718E-01,5.586E+00,1.582E+00,3.142E+00,-2.584E-03,2.548E+00,2.508E+00,5.434E-02,5.111E+00
42,0.000E+00,4.864E-03,7.004E-04,0.000E+00,0.000E+00,0.000E+00,4.178E-03,1.484E-02,6.461E-01,1.827E+00,-4.179E-01,3.952E+00,1.510E+00,3.142E+00,-6.764E-03,2.553E+00,2.448E+00,5.844E-02,4.042E+00,1.687E+00,-2.899E-01,3.190E+00,1.996E+00,3.142E+00,-2.093E-03,2.759E+00,2.723E+00,1.044E-01,3.366E+00,1.765E+00,-4.931E-01,5.857E+00,1.567E+00,3.142E+00,-2.386E-03,2.550E+00,2.513E+00,5.401E-02,5.133E+00
43,0.000E+00,4.969E-03,6.898E-04,0.000E+00,0.000E+00,0.000E+00,4.299E-03,1.522E-02,6.611E-01,1.833E+00,-4.344E-01,4.084E+00,1.500E+00,3.142E+00,-6.966E-03,2.563E+00,2.455E+00,5.842E-02,4.043E+00,1.687E+00,-2.939E-01,3.204E+00,2.008E+00,3.142E+00,-2.102E-03,2.762E+00,2.725E+00,1.042E-01,3.370E+00,1.773E+00,-5.144E-01,6.128E+00,1.553E+00,3.142E+00,-2.189E-03,2.551E+00,2.517E+00,5.368E-02,5.156E+00
44,0.000E+00,5.074E-03,6.793E-04,0.000E+00,0.000E+00,0.000E+00,4.420E-03,1.560E-02,6.761E-01,1.838E+00,-4.509E-01,4.216E+00,1.489E+00,3.142E+00,-7.169E-03,2.573E+00,2.461E+00,5.840E-02,4.044E+00,1.687E+00,-2.979E-01,3.217E+00,2.020E+00,3.142E+00,-2.111E-03,2.764E+00,2.727E+00,1.040E-01,3.375E+00,1.781E+00,-5.358E-01,6.398E+00,1.539E+00,3.142E+00,-1.991E-03,2.553E+00,2.522E+00,5.335E-02,5.178E+00
45,0.000E+00,5.178E-03,6.688E-04,0.000E+00,0.000E+00,0.000E+00,4.541E-03,1.597E-02,6.911E-01,1.844E+00,-4.673E-01,4.348E+00,1.479E+00,3.142E+00,-7.371E-03,2.583E+00,2.467E+00,5.837E-02,4.046E+00,1.687E+00,-3.020E-01,3.231E+00,2.032E+00,3.142E+00,-2.119E-03,2.766E+00,2.729E+00,1.038E-01,3.380E+00,1.789E+00,-5.571E-01,6.669E+00,1.524E+00,3.142E+00,-1.794E-03,2.555E+00,2.526E+00,5.302E-02,5.201E+00
46,0.000E+00,5.457E-03,6.441E-04,0.000E+00,0.000E+00,1.953E-07,4.850E-03,1.673E-02,7.267E-01,1.831E+00,-4.897E-01,4.822E+00,1.488E+00,3.142E+00,-6.897E-03,2.563E+00,2.456E+00,5.784E-02,4.072E+00,1.680E+00,-3.051E-01,3.265E+00,2.065E+00,3.142E+00,-2.198E-03,2.776E+00,2.737E+00,1.036E-01,3.386E+00,1.782E+00,-5.443E-01,6.129E+00,1.591E+00,3.142E+00,-2.316E-03,2.563E+00,2.527E+00,5.319E-02,5.188E+00
47,0.000E+00,5.736E-03,6.195E-04,0.000E+00,0.000E+00,3.906E-07,5.158E-03,1.748E-02,7.623E-01,1.821E+00,-5.121E-01,5.296E+00,1.497E+00,3.142E+00,-6.423E-03,2.543E+00,2.444E+00,5.730E-02,4.099E+00,1.673E+00,-3.083E-01,3.300E+00,2.099E+00,3.142E+00,-2.277E-03,2.785E+00,2.746E+00,1.034E-01,3.391E+00,1.779E+00,-5.315E-01,5.588E+00,1.657E+00,3.142E+00,-2.837E-03,2.571E+00,2.527E+00,5.336E-02,5.176E+00
48,0.000E+00,6.015E-03,5.949E-04,0.000E+00,0.000E+00,5.859E-07,5.466E-03,1.823E-02,7.979E-01,1.813E+00,-5.345E-01,5.770E+00,1.506E+00,3.142E+00,-5.949E-03,2.523E+00,2.432E+00,5.676E-02,4.125E+00,1.667E+00,-3.115E-01,3.335E+00,2.133E+00,3.142E+00,-2.356E-03,2.795E+00,2.754E+00,1.032E-01,3.397E+00,1.779E+00,-5.188E-01,5.048E+00,1.723E+00,3.142E+00,-3.359E-03,2.580E+00,2.527E+00,5.353E-02,5.164E+00
49,0.000E+00,6.154E-03,5.826E-04,0.000E+00,0.000E+00,6.836E-07,5.620E-03,1.861E-02,8.157E-01,1.809E+00,-5.457E-01,6.007E+00,1.511E+00,3.142E+00,-5.712E-03,2.514E+00,2.426E+00,5.649E-02,4.139E+00,1.664E+00,-3.131E-01,3.352E+00,2.149E+00,3.142E+00,-2.396E-03,2.800E+00,2.758E+00,1.031E-01,3.400E+00,1.780E+00,-5.124E-01,4.778E+00,1.757E+00,3.142E+00,-3.620E-03,2.584E+00,2.527E+00,5.361E-02,5.158E+00
50,0.000E+00,6.294E-03,5.703E-04,0.000E+00,0.000E+00,7.812E-07,5.774E-03,1.899E-02,8.335E-01,1.806E+00,-5.570E-01,6.244E+00,1.515E+00,3.142E+00,-5.475E-03,2.504E+00,2.421E+00,5.623E-02,4.152E+00,1.661E+00,-3.146E-01,3.369E+00,2.166E+00,3.142E+00,-2.435E-03,2.805E+00,2.762E+00,1.030E-01,3.403E+00,1.782E+00,-5.060E-01,4.507E+00,1.790E+00,3.142E+00,-3.880E-03,2.588E+00,2.527E+00,5.370E-02,5.151E+00
51,0.000E+00,6.691E-03,4.992E-04,0.000E+00,0.000E+00,8.789E-07,6.227E-03,2.015E-02,8.850E-01,1.798E+00,-5.740E-01,6.412E+00,1.562E+00,3.142E+00,-5.472E-03,2.524E+00,2.440E+00,5.555E-02,4.189E+00,1.660E+00,-3.261E-01,3.513E+00,2.151E+00,3.142E+00,-2.136E-03,2.803E+00,2.765E+00,1.027E-01,3.412E+00,1.765E+00,-5.259E-01,4.988E+00,1.814E+00,3.142E+00,-3.871E-03,2.599E+00,2.538E+00,5.296E-02,5.209E+00
52,0.000E+00,7.088E-03,4.281E-04,0.000E+00,0.000E+00,9.766E-07,6.680E-03,2.132E-02,9.366E-01,1.791E+00,-5.911E-01,6.580E+00,1.608E+00,3.142E+00,-5.468E-03,2.544E+00,2.459E+00,5.488E-02,4.226E+00,1.659E+00,-3.376E-01,3.657E+00,2.136E+00,3.142E+00,-1.837E-03,2.801E+00,2.768E+00,1.023E-01,3.422E+00,1.749E+00,-5.459E-01,5.469E+00,1.838E+00,3.142E+00,-3.861E-03,2.611E+00,2.549E+00,5.223E-02,5.267E+00
53,0.000E+00,7.486E-03,3.570E-04,0.000E+00,0.000E+00,1.074E-06,7.134E-03,2.248E-02,9.881E-01,1.783E+00,-6.081E-01,6.748E+00,1.654E+00,3.142E+00,-5.464E-03,2.564E+00,2.478E+00,5.420E-02,4.264E+00,1.659E+00,-3.490E-01,3.802E+00,2.121E+00,3.142E+00,-1.539E-03,2.798E+00,2.771E+00,1.020E-01,3.431E+00,1.736E+00,-5.658E-01,5.950E+00,1.862E+00,3.142E+00,-3.851E-03,2.622E+00,2.560E+00,5.150E-02,5.325E+00
54,0.000E+00,7.685E-03,3.215E-04,0.000E+00,0.000E+00,1.123E-06,7.360E-03,2.306E-02,1.014E+00,1.779E+00,-6.167E-01,6.832E+00,1.678E+00,3.142E+00,-5.463E-03,2.574E+00,2.488E+00,5.386E-02,4.282E+00,1.660E+00,-3.547E-01,3.874E+00,2.114E+00,3.142E+00,-1.389E-03,2.797E+00,2.773E+00,1.018E-01,3.436E+00,1.730E+00,-5.758E-01,6.190E+00,1.874E+00,3.142E+00,-3.846E-03,2.628E+00,2.566E+00,5.113E-02,5.353E+00
55,0.000E+00,7.883E-03,2.859E-04,0.000E+00,0.000E+00,1.172E-06,7.587E-03,2.365E-02,1.040E+00,1.775E+00,-6.252E-01,6.916E+00,1.701E+00,3.142E+00,-5.461E-03,2.584E+00,2.498E+00,5.353E-02,4.301E+00,1.660E+00,-3.605E-01,3.946E+00,2.106E+00,3.142E+00,-1.240E-03,2.796E+00,2.774E+00,1.017E-01,3.441E+00,1.725E+00,-5.858E-01,6.430E+00,1.886E+00,3.142E+00,-3.841E-03,2.634E+00,2.571E+00,5.077E-02,5.382E+00
56,0.000E+00,8.281E-03,2.148E-04,0.000E+00,0.000E+00,1.270E-06,8.040E-03,2.481E-02,1.091E+00,1.768E+00,-6.423E-01,7.084E+00,1.747E+00,3.142E+00,-5.457E-03,2.604E+00,2.517E+00,5.285E-02,4.338E+00,1.661E+00,-3.719E-01,4.090E+00,2.091E+00,3.142E+00,-9.406E-04,2.794E+00,2.777E+00,1.013E-01,3.450E+00,1.715E+00,-6.057E-01,6.911E+00,1.910E+00,3.142E+00,-3.832E-03,2.645E+00,2.583E+00,5.004E-02,5.440E+00
57,0.000E+00,8.678E-03,1.438E-04,0.000E+00,0.000E+00,1.367E-06,8.493E-03,2.597E-02,1.143E+00,1.761E+00,-6.593E-01,7.252E+00,1.794E+00,3.142E+00,-5.454E-03,2.624E+00,2.536E+00,5.218E-02,4.375E+00,1.662E+00,-3.834E-01,4.234E+00,2.076E+00,3.142E+00,-6.417E-04,2.791E+00,2.780E+00,1.010E-01,3.460E+00,1.706E+00,-6.256E-01,7.392E+00,1.934E+00,3.142E+00,-3.822E-03,2.656E+00,2.594E+00,4.930E-02,5.498E+00
58,0.000E+00,9.075E-03,7.266E-05,0.000E+00,0.000E+00,1.465E-06,8.946E-03,2.714E-02,1.194E+00,1.753E+00,-6.764E-01,7.420E+00,1.840E+00,3.142E+00,-5.450E-03,2.644E+00,2.556E+00,5.150E-02,4.412E+00,1.664E+00,-3.948E-01,4.378E+00,2.061E+00,3.142E+00,-3.428E-04,2.789E+00,2.783E+00,1.007E-01,3.469E+00,1.698E+00,-6.456E-01,7.873E+00,1.958E+00,3.142E+00,-3.812E-03,2.668E+00,2.605E+00,4.857E-02,5.555E+00
59,0.000E+00,9.274E-03,3.711E-05,0.000E+00,0.000E+00,1.514E-06,9.173E-03,2.772E-02,1.220E+00,1.750E+00,-6.849E-01,7.504E+00,1.863E+00,3.142E+00,-5.448E-03,2.654E+00,2.565E+00,5.116E-02,4.431E+00,1.665E+00,-4.006E-01,4.450E+00,2.054E+00,3.142E+00,-1.933E-04,2.788E+00,2.784E+00,1.005E-01,3.474E+00,1.695E+00,-6.556E-01,8.113E+00,1.970E+00,3.142E+00,-3.807E-03,2.674E+00,2.611E+00,4.821E-02,5.584E+00
60,0.000E+00,9.473E-03,1.562E-06,0.000E+00,0.000E+00,1.562E-06,9.399E-03,2.830E-02,1.246E+00,1.746E+00,-6.934E-01,7.588E+00,1.886E+00,3.142E+00,-5.447E-03,2.664E+00,2.575E+00,5.083E-02,4.450E+00,1.666E+00,-4.063E-01,4.522E+00,2.046E+00,3.142E+00,-4.384E-05,2.787E+00,2.786E+00,1.003E-01,3.479E+00,1.692E+00,-6.655E-01,8.353E+00,1.982E+00,3.142E+00,-3.802E-03,2.679E+00,2.616E+00,4.784E-02,5.613E+00
61,0.000E+00,1.011E-02,1.172E-06,0.000E+00,0.000E+00,1.953E-06,1.003E-02,3.017E-02,1.329E+00,1.733E+00,-7.185E-01,8.124E+00,1.939E+00,3.142E+00,-6.463E-03,2.691E+00,2.584E+00,5.015E-02,4.491E+00,1.623E+00,-4.518E-01,6.190E+00,2.012E+00,3.142E+00,-4.485E-04,2.791E+00,2.783E+00,9.955E-02,3.502E+00,1.662E+00,-6.803E-01,9.044E+00,2.081E+00,3.142E+00,-3.516E-03,2.672E+00,2.614E+00,4.749E-02,5.644E+00
62,0.000E+00,1.076E-02,7.812E-07,0.000E+00,0.000E+00,2.344E-06,1.066E-02,3.203E-02,1.413E+00,1.720E+00,-7.435E-01,8.660E+00,1.991E+00,3.142E+00,-7.479E-03,2.718E+00,2.593E+00,4.948E-02,4.533E+00,1.602E+00,-4.974E-01,7.857E+00,1.978E+00,3.142E+00,-8.532E-04,2.795E+00,2.780E+00,9.876E-02,3.526E+00,1.635E+00,-6.951E-01,9.735E+00,2.179E+00,3.142E+00,-3.230E-03,2.664E+00,2.611E+00,4.714E-02,5.675E+00
63,0.000E+00,1.140E-02,3.906E-07,0.000E+00,0.000E+00,2.734E-06,1.128E-02,3.390E-02,1.496E+00,1.708E+00,-7.685E-01,9.196E+00,2.043E+00,3.142E+00,-8.495E-03,2.745E+00,2.602E+00,4.880E-02,4.575E+00,1.595E+00,-5.429E-01,9.524E+00,1.944E+00,3.142E+00,-1.258E-03,2.799E+00,2.776E+00,9.798E-02,3.549E+00,1.610E+00,-7.100E-01,1.043E+01,2.277E+00,3.142E+00,-2.943E-03,2.657E+00,2.608E+00,4.679E-02,5.706E+00
64,0.000E+00,1.172E-02,1.953E-07,0.000E+00,0.000E+00,2.930E-06,1.160E-02,3.483E-02,1.538E+00,1.703E+00,-7.810E-01,9.464E+00,2.069E+00,3.142E+00,-9.004E-03,2.759E+00,2.607E+00,4.847E-02,4.596E+00,1.595E+00,-5.657E-01,1.036E+01,1.927E+00,3.142E+00,-1.460E-03,2.800E+00,2.775E+00,9.759E-02,3.561E+00,1.599E+00,-7.174E-01,1.077E+01,2.326E+00,3.142E+00,-2.800E-03,2.653E+00,2.607E+00,4.662E-02,5.722E+00
65,0.000E+00,1.204E-02,0.000E+00,0.000E+00,0.000E+00,3.125E-06,1.191E-02,3.576E-02,1.579E+00,1.697E+00,-7.935E-01,9.732E+00,2.095E+00,3.142E+00,-9.512E-03,2.772E+00,2.611E+00,4.813E-02,4.617E+00,1.597E+00,-5.885E-01,1.119E+01,1.910E+00,3.142E+00,-1.662E-03,2.802E+00,2.773E+00,9.720E-02,3.572E+00,1.587E+00,-7.248E-01,1.112E+01,2.375E+00,3.142E+00,-2.657E-03,2.649E+00,2.606E+00,4.644E-02,5.737E+00
66,0.000E+00,1.297E-02,0.000E+00,0.000E+00,0.000E+00,4.102E-06,1.288E-02,3.861E-02,1.703E+00,1.590E+00,-8.538E-01,1.938E+01,2.186E+00,3.142E+00,-8.399E-03,2.775E+00,2.632E+00,4.721E-02,4.680E+00,1.568E+00,-6.059E-01,1.323E+01,1.934E+00,3.142E+00,-1.060E-03,2.766E+00,2.748E+00,9.718E-02,3.573E+00,1.541E+00,-7.681E-01,1.680E+01,2.326E+00,3.142E+00,-3.364E-03,2.666E+00,2.610E+00,4.582E-02,5.796E+00
67,0.000E+00,1.389E-02,0.000E+00,0.000E+00,0.000E+00,5.078E-06,1.384E-02,4.145E-02,1.828E+00,1.538E+00,-9.140E-01,2.904E+01,2.277E+00,3.142E+00,-7.286E-03,2.777E+00,2.652E+00,4.629E-02,4.743E+00,1.545E+00,-6.234E-01,1.527E+01,1.958E+00,3.142E+00,-4.568E-04,2.730E+00,2.722E+00,9.717E-02,3.573E+00,1.523E+00,-8.114E-01,2.247E+01,2.276E+00,3.142E+00,-4.072E-03,2.682E+00,2.615E+00,4.520E-02,5.855E+00
68,0.000E+00,1.482E-02,0.000E+00,0.000E+00,0.000E+00,6.055E-06,1.480E-02,4.430E-02,1.952E+00,1.509E+00,-9.743E-01,3.869E+01,2.368E+00,3.142E+00,-6.173E-03,2.779E+00,2.673E+00,4.538E-02,4.806E+00,1.526E+00,-6.409E-01,1.730E+01,1.982E+00,3.142E+00,1.461E-04,2.694E+00,2.696E+00,9.715E-02,3.574E+00,1.520E+00,-8.547E-01,2.815E+01,2.227E+00,3.142E+00,-4.779E-03,2.699E+00,2.619E+00,4.457E-02,5.915E+00
69,0.000E+00,1.528E-02,0.000E+00,0.000E+00,0.000E+00,6.543E-06,1.529E-02,4.572E-02,2.014E+00,1.499E+00,-1.004E+00,4.352E+01,2.413E+00,3.142E+00,-5.617E-03,2.780E+00,2.683E+00,4.492E-02,4.838E+00,1.518E+00,-6.496E-01,1.832E+01,1.994E+00,3.142E+00,4.475E-04,2.676E+00,2.684E+00,9.714E-02,3.574E+00,1.523E+00,-8.763E-01,3.099E+01,2.202E+00,3.142E+00,-5.133E-03,2.707E+00,2.621E+00,4.426E-02,5.944E+00
70,0.000E+00,1.574E-02,0.000E+00,0.000E+00,0.000E+00,7.031E-06,1.577E-02,4.714E-02,2.076E+00,1.491E+00,-1.035E+00,4.834E+01,2.458E+00,3.142E+00,-5.061E-03,2.781E+00,2.694E+00,4.446E-02,4.869E+00,1.511E+00,-6.584E-01,1.934E+01,2.006E+00,3.142E+00,7.489E-04,2.658E+00,2.671E+00,9.714E-02,3.574E+00,1.527E+00,-8.979E-01,3.383E+01,2.177E+00,3.142E+00,-5.486E-03,2.715E+00,2.623E+00,4.395E-02,5.974E+00
71,0.000E+00,1.661E-02,0.000E+00,0.000E+00,0.000E+00,8.594E-06,1.669E-02,4.985E-02,2.194E+00,1.463E+00,-1.014E+00,4.643E+01,2.581E+00,3.142E+00,-3.310E-03,2.708E+00,2.652E+00,4.395E-02,4.907E+00,1.480E+00,-6.481E-01,1.889E+01,2.150E+00,3.142E+00,4.380E-04,2.670E+00,2.677E+00,9.705E-02,3.577E+00,1.470E+00,-8.799E-01,3.286E+01,2.428E+00,3.142E+00,-4.090E-03,2.647E+00,2.580E+00,4.464E-02,5.907E+00
72,0.000E+00,1.747E-02,0.000E+00,0.000E+00,0.000E+00,1.016E-05,1.761E-02,5.255E-02,2.311E+00,1.437E+00,-9.943E-01,4.451E+01,2.703E+00,3.142E+00,-1.559E-03,2.635E+00,2.609E+00,4.344E-02,4.945E+00,1.450E+00,-6.379E-01,1.844E+01,2.294E+00,3.142E+00,1.270E-04,2.681E+00,2.683E+00,9.697E-02,3.579E+00,1.421E+00,-8.618E-01,3.188E+01,2.678E+00,3.142E+00,-2.693E-03,2.579E+00,2.536E+00,4.534E-02,5.839E+00
73,0.000E+00,1.850E-02,0.000E+00,0.000E+00,0.000E+00,1.563E-05,1.858E-02,5.545E-02,2.442E+00,1.390E+00,-9.913E-01,4.659E+01,2.940E+00,3.142E+00,-2.136E-03,2.712E+00,2.676E+00,4.256E-02,5.014E+00,1.427E+00,-6.315E-01,1.836E+01,2.409E+00,3.142E+00,1.789E-03,2.610E+00,2.639E+00,9.590E-02,3.613E+00,1.374E+00,-8.687E-01,3.710E+01,2.848E+00,3.142E+00,4.175E-03,2.457E+00,2.518E+00,4.425E-02,5.946E+00
74,0.000E+00,1.953E-02,0.000E+00,0.000E+00,0.000E+00,2.109E-05,1.955E-02,5.835E-02,2.573E+00,1.348E+00,-9.882E-01,4.867E+01,3.177E+00,3.142E+00,-2.713E-03,2.790E+00,2.742E+00,4.169E-02,5.082E+00,1.404E+00,-6.252E-01,1.829E+01,2.525E+00,3.142E+00,3.451E-03,2.539E+00,2.595E+00,9.484E-02,3.646E+00,1.333E+00,-8.757E-01,4.231E+01,3.018E+00,3.142E+00,1.104E-02,2.334E+00,2.499E+00,4.316E-02,6.054E+00
75,0.000E+00,2.063E-02,0.000E+00,0.000E+00,0.000E+00,2.070E-05,2.066E-02,6.181E-02,2.721E+00,1.288E+00,-9.814E-01,5.057E+01,3.575E+00,3.142E+00,-1.766E-03,2.681E+00,2.651E+00,4.163E-02,5.087E+00,1.371E+00,-6.085E-01,1.734E+01,2.744E+00,3.142E+00,2.365E-03,2.541E+00,2.579E+00,9.337E-02,3.695E+00,1.306E+00,-8.554E-01,3.716E+01,3.277E+00,3.142E+00,1.153E-02,2.296E+00,2.464E+00,4.223E-02,6.152E+00
76,0.000E+00,2.172E-02,0.000E+00,0.000E+00,0.000E+00,2.031E-05,2.177E-02,6.528E-02,2.869E+00,1.235E+00,-9.746E-01,5.247E+01,3.973E+00,3.142E+00,-8.187E-04,2.573E+00,2.560E+00,4.157E-02,5.091E+00,1.341E+00,-5.918E-01,1.639E+01,2.964E+00,3.142E+00,1.279E-03,2.543E+00,2.564E+00,9.191E-02,3.743E+00,1.287E+00,-8.351E-01,3.200E+01,3.535E+00,3.142E+00,1.201E-02,2.257E+00,2.430E+00,4.131E-02,6.250E+00
77,0.000E+00,2.289E-02,0.000E+00,0.000E+00,0.000E+00,3.086E-05,2.283E-02,6.858E-02,3.017E+00,1.182E+00,-9.599E-01,4.833E+01,4.562E+00,3.142E+00,4.931E-03,2.492E+00,2.568E+00,4.057E-02,5.175E+00,1.313E+00,-5.862E-01,1.641E+01,3.165E+00,3.142E+00,4.761E-03,2.430E+00,2.500E+00,9.327E-02,3.698E+00,1.214E+00,-8.054E-01,2.920E+01,4.244E+00,3.142E+00,8.252E-03,2.316E+00,2.435E+00,4.053E-02,6.338E+00
78,0.000E+00,2.405E-02,0.000E+00,0.000E+00,0.000E+00,4.141E-05,2.389E-02,7.187E-02,3.165E+00,1.141E+00,-9.451E-01,4.418E+01,5.152E+00,3.142E+00,1.068E-02,2.410E+00,2.576E+00,3.956E-02,5.260E+00,1.286E+00,-5.806E-01,1.643E+01,3.366E+00,3.142E+00,8.244E-03,2.317E+00,2.437E+00,9.463E-02,3.653E+00,1.160E+00,-7.758E-01,2.640E+01,4.952E+00,3.142E+00,4.496E-03,2.374E+00,2.440E+00,3.974E-02,6.426E+00
79,0.000E+00,2.487E-02,0.000E+00,0.000E+00,1.172E-06,4.922E-05,2.474E-02,7.444E-02,3.276E+00,1.066E+00,-9.248E-01,4.118E+01,6.352E+00,3.142E+00,1.289E-02,2.364E+00,2.560E+00,3.797E-02,5.408E+00,1.251E+00,-5.676E-01,1.560E+01,3.730E+00,3.142E+00,8.764E-03,2.246E+00,2.369E+00,9.340E-02,3.694E+00,1.117E+00,-7.726E-01,2.702E+01,5.500E+00,3.142E+00,5.806E-03,2.315E+00,2.398E+00,3.816E-02,6.624E+00
80,0.000E+00,2.569E-02,0.000E+00,0.000E+00,2.344E-06,5.703E-05,2.559E-02,7.701E-02,3.386E+00,1.010E+00,-9.045E-01,3.818E+01,7.553E+00,3.142E+00,1.511E-02,2.318E+00,2.545E+00,3.637E-02,5.556E+00,1.222E+00,-5.545E-01,1.478E+01,4.093E+00,3.142E+00,9.283E-03,2.175E+00,2.301E+00,9.217E-02,3.734E+00,1.079E+00,-7.695E-01,2.765E+01,6.047E+00,3.142E+00,7.117E-03,2.256E+00,2.356E+00,3.657E-02,6.822E+00
81,0.000E+00,2.571E-02,0.000E+00,0.000E+00,3.047E-05,1.453E-04,2.573E-02,7.718E-02,3.397E+00,8.930E-01,-8.700E-01,3.352E+01,1.151E+01,3.142E+00,2.873E-02,2.130E+00,2.534E+00,3.683E-02,5.511E+00,1.166E+00,-5.409E-01,1.423E+01,4.830E+00,3.142E+00,2.050E-02,1.988E+00,2.240E+00,8.899E-02,3.848E+00,1.019E+00,-7.581E-01,2.611E+01,7.401E+00,3.142E+00,2.613E-02,2.005E+00,2.331E+00,3.733E-02,6.724E+00
82,0.000E+00,2.573E-02,0.000E+00,0.000E+00,5.859E-05,2.336E-04,2.587E-02,7.734E-02,3.408E+00,8.317E-01,-8.355E-01,2.886E+01,1.548E+01,3.142E+00,4.236E-02,1.943E+00,2.523E+00,3.730E-02,5.465E+00,1.122E+00,-5.273E-01,1.368E+01,5.567E+00,3.142E+00,3.172E-02,1.800E+00,2.179E+00,8.582E-02,3.962E+00,9.752E-01,-7.467E-01,2.457E+01,8.755E+00,3.142E+00,4.514E-02,1.754E+00,2.306E+00,3.809E-02,6.625E+00
83,0.000E+00,2.349E-02,0.000E+00,0.000E+00,5.313E-05,2.246E-04,2.357E-02,7.041E-02,3.107E+00,7.527E-01,-7.934E-01,2.385E+01,2.494E+01,3.142E+00,5.583E-02,1.763E+00,2.470E+00,3.322E-02,5.930E+00,1.035E+00,-5.166E-01,1.346E+01,7.441E+00,3.142E+00,6.037E-02,1.489E+00,2.100E+00,8.399E-02,4.034E+00,8.606E-01,-7.133E-01,2.112E+01,1.450E+01,3.142E+00,6.707E-02,1.516E+00,2.253E+00,3.390E-02,7.259E+00
84,0.000E+00,2.125E-02,0.000E+00,0.000E+00,4.766E-05,2.156E-04,2.127E-02,6.347E-02,2.806E+00,7.296E-01,-7.512E-01,1.885E+01,3.440E+01,3.142E+00,6.931E-02,1.582E+00,2.417E+00,2.913E-02,6.394E+00,9.747E-01,-5.059E-01,1.324E+01,9.316E+00,3.142E+00,8.901E-02,1.178E+00,2.021E+00,8.216E-02,4.107E+00,8.130E-01,-6.798E-01,1.767E+01,2.024E+01,3.142E+00,8.901E-02,1.278E+00,2.200E+00,2.971E-02,7.894E+00
85,0.000E+00,1.474E-02,0.000E+00,0.000E+00,9.766E-05,2.668E-04,1.477E-02,4.414E-02,1.954E+00,6.742E-01,-7.151E-01,1.518E+01,6.743E+01,3.142E+00,7.916E-02,1.446E+00,2.313E+00,2.444E-02,7.233E+00,9.119E-01,-4.805E-01,1.121E+01,1.365E+01,3.142E+00,8.901E-02,1.046E+00,1.779E+00,7.673E-02,4.359E+00,7.425E-01,-6.448E-01,1.407E+01,3.832E+01,3.142E+00,8.901E-02,1.157E+00,1.966E+00,2.692E-02,8.495E+00
86,0.000E+00,8.233E-03,0.000E+00,0.000E+00,1.477E-04,3.180E-04,8.281E-03,2.480E-02,1.103E+00,6.831E-01,-6.790E-01,1.152E+01,1.005E+02,3.142E+00,8.901E-02,1.310E+00,2.210E+00,1.976E-02,8.071E+00,8.932E-01,-4.551E-01,9.176E+00,1.799E+01,3.142E+00,8.901E-02,9.148E-01,1.537E+00,7.131E-02,4.612E+00,7.469E-01,-6.097E-01,1.047E+01,5.641E+01,3.142E+00,8.901E-02,1.037E+00,1.733E+00,2.413E-02,9.096E+00
87,0.000E+00,4.131E-03,0.000E+00,0.000E+00,1.051E-04,2.320E-04,4.191E-03,1.258E-02,5.593E-01,7.643E-01,-6.998E-01,6.976E+00,1.266E+02,3.142E+00,8.901E-02,1.240E+00,2.085E+00,1.393E-02,1.049E+01,9.735E-01,-5.051E-01,8.639E+00,1.425E+01,3.142E+00,8.900E-02,7.962E-01,1.352E+00,7.000E-02,4.683E+00,7.119E-01,-7.805E-01,2.172E+01,3.426E+01,3.142E+00,-1.375E-01,4.241E+00,1.390E+00,1.795E-02,1.171E+01
88,0.000E+00,2.969E-05,0.000E+00,0.000E+00,6.250E-05,1.461E-04,1.000E-04,3.617E-04,1.608E-02,8.909E-01,-7.205E-01,2.432E+00,1.528E+02,3.142E+00,8.901E-02,1.169E+00,1.961E+00,8.095E-03,1.291E+01,1.077E+00,-5.550E-01,8.103E+00,1.050E+01,3.142E+00,8.899E-02,6.776E-01,1.168E+00,6.869E-02,4.754E+00,9.060E-01,-9.513E-01,3.296E+01,1.211E+01,3.142E+00,-3.641E-01,7.445E+00,1.047E+00,1.177E-02,1.433E+01
89,0.000E+00,0.000E+00,0.000E+00,0.000E+00,0.000E+00,3.906E-06,1.562E-06,4.688E-06,1.814E-04,3.142E+00,0.000E+00,0.000E+00,0.000E+00,0.000E+00,0.000E+00,0.000E+00,0.000E+00,0.000E+00,0.000E+00,3.142E+00,0.000E+00,0.000E+00,0.000E+00,0.000E+00,0.000E+00,0.000E+00,0.000E+00,0.000E+00,0.000E+00,3.142E+00,0.000E+00,0.000E+00,0.000E+00,0.000E+00,0.000E+00,0.000E+00,0.000E+00,0.000E+00,0.000E+00
