alpha,H,Si,O,Si_1,O_1,amu/ion,phiK_O,phiTilt_O,phiM_O,phiN_O,thetaK_O,thetaTilt_O,thetaM_O,thetaN_O,energyK_O,energyE_O,phiK_Si,phiTilt_Si,phiM_Si,phiN_Si,thetaK_Si,thetaTilt_Si,thetaM_Si,thetaN_Si,energyK_Si,energyE_Si
0,0.000E+00,2.247E-03,0.000E+00,1.340E-03,6.472E-03,2.043E-01,1.725E+00,6.863E-03,1.531E+00,1.581E+00,3.142E+00,2.697E-04,2.521E+00,2.525E+00,1.177E-01,3.040E+00,1.821E+00,-1.371E-02,1.512E+00,1.237E+00,3.142E+00,-2.474E-03,2.415E+00,2.379E+00,6.640E-02,4.385E+00
1,0.000E+00,2.247E-03,0.000E+00,1.359E-03,6.519E-03,2.056E-01,1.716E+00,-9.639E-03,1.616E+00,1.598E+00,3.142E+00,1.706E-05,2.526E+00,2.526E+00,1.176E-01,3.043E+00,1.812E+00,-1.970E-02,1.532E+00,1.284E+00,3.142E+00,-2.480E-03,2.428E+00,2.392E+00,6.634E-02,4.388E+00
2,0.000E+00,2.247E-03,0.000E+00,1.379E-03,6.566E-03,2.069E-01,1.714E+00,-2.614E-02,1.700E+00,1.615E+00,3.142E+00,-2.356E-04,2.532E+00,2.528E+00,1.175E-01,3.046E+00,1.803E+00,-2.569E-02,1.553E+00,1.332E+00,3.142E+00,-2.485E-03,2.441E+00,2.405E+00,6.629E-02,4.391E+00
3,0.000E+00,2.247E-03,0.000E+00,1.398E-03,6.613E-03,2.082E-01,1.713E+00,-4.264E-02,1.785E+00,1.631E+00,3.142E+00,-4.883E-04,2.537E+00,2.529E+00,1.174E-01,3.048E+00,1.795E+00,-3.168E-02,1.573E+00,1.379E+00,3.142E+00,-2.491E-03,2.455E+00,2.417E+00,6.623E-02,4.394E+00
4,0.000E+00,2.247E-03,0.000E+00,1.408E-03,6.636E-03,2.088E-01,1.713E+00,-5.089E-02,1.827E+00,1.640E+00,3.142E+00,-6.146E-04,2.540E+00,2.530E+00,1.173E-01,3.050E+00,1.790E+00,-3.467E-02,1.584E+00,1.402E+00,3.142E+00,-2.493E-03,2.461E+00,2.424E+00,6.620E-02,4.395E+00
5,0.000E+00,2.246E-03,0.000E+00,1.418E-03,6.659E-03,2.095E-01,1.712E+00,-5.915E-02,1.869E+00,1.648E+00,3.142E+00,-7.409E-04,2.542E+00,2.531E+00,1.172E-01,3.051E+00,1.786E+00,-3.767E-02,1.594E+00,1.426E+00,3.142E+00,-2.496E-03,2.468E+00,2.430E+00,6.617E-02,4.397E+00
6,0.000E+00,2.246E-03,0.000E+00,1.438E-03,6.706E-03,2.108E-01,1.712E+00,-7.565E-02,1.953E+00,1.665E+00,3.142E+00,-9.936E-04,2.548E+00,2.532E+00,1.171E-01,3.054E+00,1.778E+00,-4.366E-02,1.615E+00,1.473E+00,3.142E+00,-2.502E-03,2.481E+00,2.443E+00,6.612E-02,4.400E+00
7,0.000E+00,2.246E-03,0.000E+00,1.457E-03,6.753E-03,2.121E-01,1.712E+00,-9.215E-02,2.038E+00,1.682E+00,3.142E+00,-1.246E-03,2.553E+00,2.533E+00,1.170E-01,3.056E+00,1.770E+00,-4.965E-02,1.635E+00,1.520E+00,3.142E+00,-2.507E-03,2.494E+00,2.456E+00,6.606E-02,4.403E+00
8,0.000E+00,2.246E-03,0.000E+00,1.477E-03,6.800E-03,2.134E-01,1.712E+00,-1.087E-01,2.122E+00,1.698E+00,3.142E+00,-1.499E-03,2.558E+00,2.535E+00,1.169E-01,3.059E+00,1.763E+00,-5.564E-02,1.656E+00,1.568E+00,3.142E+00,-2.512E-03,2.508E+00,2.469E+00,6.600E-02,4.406E+00
9,0.000E+00,2.246E-03,0.000E+00,1.486E-03,6.823E-03,2.140E-01,1.712E+00,-1.169E-01,2.164E+00,1.707E+00,3.142E+00,-1.625E-03,2.561E+00,2.535E+00,1.168E-01,3.060E+00,1.759E+00,-5.863E-02,1.666E+00,1.591E+00,3.142E+00,-2.515E-03,2.514E+00,2.476E+00,6.597E-02,4.407E+00
10,0.000E+00,2.246E-03,0.000E+00,1.496E-03,6.847E-03,2.146E-01,1.712E+00,-1.252E-01,2.206E+00,1.715E+00,3.142E+00,-1.752E-03,2.564E+00,2.536E+00,1.168E-01,3.061E+00,1.756E+00,-6.163E-02,1.676E+00,1.615E+00,3.142E+00,-2.518E-03,2.521E+00,2.482E+00,6.594E-02,4.409E+00
11,0.000E+00,2.299E-03,0.000E+00,1.514E-03,7.010E-03,2.192E-01,1.715E+00,-1.367E-01,2.266E+00,1.713E+00,3.142E+00,-2.094E-03,2.572E+00,2.538E+00,1.165E-01,3.067E+00,1.761E+00,-7.608E-02,1.731E+00,1.609E+00,3.142E+00,-2.711E-03,2.516E+00,2.474E+00,6.565E-02,4.424E+00
12,0.000E+00,2.352E-03,0.000E+00,1.532E-03,7.173E-03,2.238E-01,1.718E+00,-1.482E-01,2.325E+00,1.710E+00,3.142E+00,-2.436E-03,2.580E+00,2.541E+00,1.163E-01,3.073E+00,1.767E+00,-9.054E-02,1.786E+00,1.604E+00,3.142E+00,-2.904E-03,2.511E+00,2.467E+00,6.536E-02,4.439E+00
13,0.000E+00,2.405E-03,0.000E+00,1.549E-03,7.336E-03,2.284E-01,1.721E+00,-1.597E-01,2.384E+00,1.708E+00,3.142E+00,-2.778E-03,2.588E+00,2.543E+00,1.160E-01,3.079E+00,1.773E+00,-1.050E-01,1.841E+00,1.599E+00,3.142E+00,-3.098E-03,2.506E+00,2.459E+00,6.507E-02,4.455E+00
14,0.000E+00,2.431E-03,0.000E+00,1.558E-03,7.418E-03,2.307E-01,1.723E+00,-1.654E-01,2.414E+00,1.707E+00,3.142E+00,-2.950E-03,2.592E+00,2.544E+00,1.159E-01,3.081E+00,1.775E+00,-1.122E-01,1.868E+00,1.596E+00,3.142E+00,-3.194E-03,2.504E+00,2.455E+00,6.493E-02,4.462E+00
15,0.000E+00,2.457E-03,0.000E+00,1.567E-03,7.499E-03,2.330E-01,1.724E+00,-1.712E-01,2.443E+00,1.705E+00,3.142E+00,-3.121E-03,2.596E+00,2.546E+00,1.158E-01,3.084E+00,1.778E+00,-1.194E-01,1.895E+00,1.593E+00,3.142E+00,-3.291E-03,2.501E+00,2.451E+00,6.479E-02,4.470E+00
16,0.000E+00,2.510E-03,0.000E+00,1.585E-03,7.662E-03,2.376E-01,1.728E+00,-1.827E-01,2.503E+00,1.703E+00,3.142E+00,-3.463E-03,2.604E+00,2.548E+00,1.155E-01,3.090E+00,1.784E+00,-1.339E-01,1.950E+00,1.588E+00,3.142E+00,-3.484E-03,2.496E+00,2.444E+00,6.450E-02,4.485E+00
17,0.000E+00,2.563E-03,0.000E+00,1.603E-03,7.825E-03,2.422E-01,1.731E+00,-1.942E-01,2.562E+00,1.701E+00,3.142E+00,-3.805E-03,2.612E+00,2.550E+00,1.153E-01,3.096E+00,1.790E+00,-1.484E-01,2.005E+00,1.582E+00,3.142E+00,-3.678E-03,2.491E+00,2.436E+00,6.421E-02,4.500E+00
18,0.000E+00,2.616E-03,0.000E+00,1.621E-03,7.988E-03,2.468E-01,1.735E+00,-2.057E-01,2.621E+00,1.698E+00,3.142E+00,-4.147E-03,2.619E+00,2.553E+00,1.150E-01,3.101E+00,1.796E+00,-1.628E-01,2.060E+00,1.577E+00,3.142E+00,-3.871E-03,2.486E+00,2.428E+00,6.392E-02,4.516E+00
19,0.000E+00,2.642E-03,0.000E+00,1.629E-03,8.070E-03,2.491E-01,1.736E+00,-2.114E-01,2.651E+00,1.697E+00,3.142E+00,-4.319E-03,2.623E+00,2.554E+00,1.149E-01,3.104E+00,1.799E+00,-1.700E-01,2.087E+00,1.574E+00,3.142E+00,-3.968E-03,2.484E+00,2.424E+00,6.377E-02,4.523E+00
20,0.000E+00,2.669E-03,0.000E+00,1.638E-03,8.152E-03,2.514E-01,1.738E+00,-2.172E-01,2.680E+00,1.696E+00,3.142E+00,-4.490E-03,2.627E+00,2.555E+00,1.147E-01,3.107E+00,1.802E+00,-1.773E-01,2.114E+00,1.571E+00,3.142E+00,-4.064E-03,2.481E+00,2.420E+00,6.363E-02,4.531E+00
21,0.000E+00,2.748E-03,0.000E+00,1.719E-03,8.423E-03,2.602E-01,1.735E+00,-2.316E-01,2.814E+00,1.700E+00,3.142E+00,-3.974E-03,2.625E+00,2.561E+00,1.140E-01,3.124E+00,1.806E+00,-1.974E-01,2.218E+00,1.569E+00,3.142E+00,-4.085E-03,2.480E+00,2.418E+00,6.316E-02,4.557E+00
22,0.000E+00,2.827E-03,0.000E+00,1.799E-03,8.694E-03,2.690E-01,1.732E+00,-2.461E-01,2.948E+00,1.705E+00,3.142E+00,-3.458E-03,2.622E+00,2.566E+00,1.133E-01,3.142E+00,1.809E+00,-2.176E-01,2.322E+00,1.566E+00,3.142E+00,-4.105E-03,2.478E+00,2.416E+00,6.270E-02,4.584E+00
23,0.000E+00,2.906E-03,0.000E+00,1.880E-03,8.965E-03,2.778E-01,1.730E+00,-2.606E-01,3.081E+00,1.709E+00,3.142E+00,-2.942E-03,2.619E+00,2.572E+00,1.126E-01,3.159E+00,1.814E+00,-2.378E-01,2.426E+00,1.563E+00,3.142E+00,-4.126E-03,2.476E+00,2.414E+00,6.224E-02,4.610E+00
24,0.000E+00,2.945E-03,0.000E+00,1.920E-03,9.100E-03,2.822E-01,1.730E+00,-2.678E-01,3.148E+00,1.712E+00,3.142E+00,-2.684E-03,2.618E+00,2.575E+00,1.122E-01,3.167E+00,1.816E+00,-2.478E-01,2.478E+00,1.562E+00,3.142E+00,-4.136E-03,2.475E+00,2.413E+00,6.200E-02,4.624E+00
25,0.000E+00,2.985E-03,0.000E+00,1.961E-03,9.236E-03,2.867E-01,1.729E+00,-2.750E-01,3.215E+00,1.714E+00,3.142E+00,-2.427E-03,2.617E+00,2.577E+00,1.119E-01,3.176E+00,1.818E+00,-2.579E-01,2.530E+00,1.560E+00,3.142E+00,-4.146E-03,2.474E+00,2.412E+00,6.177E-02,4.637E+00
26,0.000E+00,3.064E-03,0.000E+00,2.041E-03,9.507E-03,2.955E-01,1.728E+00,-2.895E-01,3.348E+00,1.718E+00,3.142E+00,-1.911E-03,2.614E+00,2.583E+00,1.111E-01,3.193E+00,1.823E+00,-2.781E-01,2.634E+00,1.558E+00,3.142E+00,-4.167E-03,2.472E+00,2.410E+00,6.131E-02,4.664E+00
27,0.000E+00,3.143E-03,0.000E+00,2.122E-03,9.778E-03,3.043E-01,1.727E+00,-3.040E-01,3.482E+00,1.723E+00,3.142E+00,-1.395E-03,2.611E+00,2.589E+00,1.104E-01,3.211E+00,1.828E+00,-2.982E-01,2.738E+00,1.555E+00,3.142E+00,-4.188E-03,2.471E+00,2.408E+00,6.084E-02,4.690E+00
28,0.000E+00,3.222E-03,0.000E+00,2.202E-03,1.005E-02,3.131E-01,1.727E+00,-3.184E-01,3.616E+00,1.727E+00,3.142E+00,-8.793E-04,2.609E+00,2.594E+00,1.097E-01,3.228E+00,1.834E+00,-3.184E-01,2.842E+00,1.552E+00,3.142E+00,-4.208E-03,2.469E+00,2.406E+00,6.038E-02,4.717E+00
29,0.000E+00,3.261E-03,0.000E+00,2.243E-03,1.018E-02,3.175E-01,1.727E+00,-3.256E-01,3.682E+00,1.730E+00,3.142E+00,-6.214E-04,2.607E+00,2.597E+00,1.093E-01,3.236E+00,1.836E+00,-3.285E-01,2.894E+00,1.551E+00,3.142E+00,-4.219E-03,2.468E+00,2.405E+00,6.015E-02,4.730E+00
30,0.000E+00,3.301E-03,0.000E+00,2.283E-03,1.032E-02,3.219E-01,1.727E+00,-3.329E-01,3.749E+00,1.732E+00,3.142E+00,-3.635E-04,2.606E+00,2.600E+00,1.090E-01,3.245E+00,1.839E+00,-3.386E-01,2.946E+00,1.549E+00,3.142E+00,-4.229E-03,2.467E+00,2.404E+00,5.992E-02,4.743E+00
31,0.000E+00,3.545E-03,0.000E+00,2.473E-03,1.118E-02,3.478E-01,1.719E+00,-3.415E-01,3.831E+00,1.768E+00,3.142E+00,-5.764E-04,2.607E+00,2.597E+00,1.083E-01,3.264E+00,1.828E+00,-3.707E-01,3.356E+00,1.544E+00,3.142E+00,-4.004E-03,2.467E+00,2.407E+00,5.979E-02,4.751E+00
32,0.000E+00,3.667E-03,0.000E+00,2.568E-03,1.160E-02,3.608E-01,1.716E+00,-3.458E-01,3.872E+00,1.787E+00,3.142E+00,-6.828E-04,2.607E+00,2.596E+00,1.079E-01,3.274E+00,1.824E+00,-3.867E-01,3.562E+00,1.541E+00,3.142E+00,-3.892E-03,2.467E+00,2.409E+00,5.973E-02,4.754E+00
33,0.000E+00,3.789E-03,0.000E+00,2.662E-03,1.203E-02,3.737E-01,1.712E+00,-3.502E-01,3.913E+00,1.805E+00,3.142E+00,-7.892E-04,2.607E+00,2.594E+00,1.075E-01,3.283E+00,1.822E+00,-4.028E-01,3.767E+00,1.539E+00,3.142E+00,-3.780E-03,2.467E+00,2.411E+00,5.966E-02,4.758E+00
34,0.000E+00,3.911E-03,0.000E+00,2.757E-03,1.246E-02,3.867E-01,1.709E+00,-3.545E-01,3.954E+00,1.823E+00,3.142E+00,-8.957E-04,2.608E+00,2.593E+00,1.072E-01,3.293E+00,1.820E+00,-4.188E-01,3.972E+00,1.536E+00,3.142E+00,-3.668E-03,2.467E+00,2.412E+00,5.960E-02,4.762E+00
35,0.000E+00,4.033E-03,0.000E+00,2.852E-03,1.289E-02,3.996E-01,1.706E+00,-3.588E-01,3.996E+00,1.841E+00,3.142E+00,-1.002E-03,2.608E+00,2.592E+00,1.068E-01,3.303E+00,1.818E+00,-4.349E-01,4.177E+00,1.533E+00,3.142E+00,-3.556E-03,2.467E+00,2.414E+00,5.954E-02,4.766E+00
36,0.000E+00,4.155E-03,0.000E+00,2.947E-03,1.332E-02,4.125E-01,1.702E+00,-3.631E-01,4.037E+00,1.859E+00,3.142E+00,-1.109E-03,2.608E+00,2.590E+00,1.064E-01,3.312E+00,1.818E+00,-4.509E-01,4.382E+00,1.530E+00,3.142E+00,-3.444E-03,2.467E+00,2.416E+00,5.948E-02,4.770E+00
37,0.000E+00,4.277E-03,0.000E+00,3.042E-03,1.375E-02,4.255E-01,1.699E+00,-3.674E-01,4.078E+00,1.877E+00,3.142E+00,-1.215E-03,2.609E+00,2.589E+00,1.061E-01,3.322E+00,1.818E+00,-4.669E-01,4.588E+00,1.528E+00,3.142E+00,-3.331E-03,2.467E+00,2.417E+00,5.941E-02,4.774E+00
38,0.000E+00,4.399E-03,0.000E+00,3.137E-03,1.417E-02,4.384E-01,1.696E+00,-3.717E-01,4.119E+00,1.896E+00,3.142E+00,-1.321E-03,2.609E+00,2.588E+00,1.057E-01,3.331E+00,1.819E+00,-4.830E-01,4.793E+00,1.525E+00,3.142E+00,-3.219E-03,2.467E+00,2.419E+00,5.935E-02,4.777E+00
39,0.000E+00,4.521E-03,0.000E+00,3.232E-03,1.460E-02,4.514E-01,1.692E+00,-3.761E-01,4.160E+00,1.914E+00,3.142E+00,-1.428E-03,2.609E+00,2.586E+00,1.054E-01,3.341E+00,1.820E+00,-4.990E-01,4.998E+00,1.522E+00,3.142E+00,-3.107E-03,2.467E+00,2.421E+00,5.929E-02,4.781E+00
40,0.000E+00,4.644E-03,0.000E+00,3.327E-03,1.503E-02,4.643E-01,1.689E+00,-3.804E-01,4.201E+00,1.932E+00,3.142E+00,-1.534E-03,2.610E+00,2.585E+00,1.050E-01,3.350E+00,1.821E+00,-5.151E-01,5.203E+00,1.520E+00,3.142E+00,-2.995E-03,2.467E+00,2.422E+00,5.923E-02,4.785E+00
41,0.000E+00,4.766E-03,0.000E+00,3.422E-03,1.546E-02,4.773E-01,1.686E+00,-3.847E-01,4.242E+00,1.950E+00,3.142E+00,-1.641E-03,2.610E+00,2.583E+00,1.046E-01,3.360E+00,1.823E+00,-5.311E-01,5.408E+00,1.517E+00,3.142E+00,-2.883E-03,2.467E+00,2.424E+00,5.916E-02,4.789E+00
42,0.000E+00,4.888E-03,0.000E+00,3.517E-03,1.589E-02,4.902E-01,1.683E+00,-3.890E-01,4.283E+00,1.968E+00,3.142E+00,-1.747E-03,2.610E+00,2.582E+00,1.043E-01,3.370E+00,1.825E+00,-5.472E-01,5.613E+00,1.514E+00,3.142E+00,-2.770E-03,2.467E+00,2.426E+00,5.910E-02,4.793E+00
43,0.000E+00,5.010E-03,0.000E+00,3.612E-03,1.632E-02,5.032E-01,1.680E+00,-3.933E-01,4.324E+00,1.986E+00,3.142E+00,-1.854E-03,2.611E+00,2.581E+00,1.039E-01,3.379E+00,1.827E+00,-5.632E-01,5.819E+00,1.511E+00,3.142E+00,-2.658E-03,2.467E+00,2.427E+00,5.904E-02,4.796E+00
44,0.000E+00,5.132E-03,0.000E+00,3.707E-03,1.674E-02,5.161E-01,1.677E+00,-3.976E-01,4.365E+00,2.005E+00,3.142E+00,-1.960E-03,2.611E+00,2.579E+00,1.035E-01,3.389E+00,1.830E+00,-5.793E-01,6.024E+00,1.509E+00,3.142E+00,-2.546E-03,2.467E+00,2.429E+00,5.897E-02,4.800E+00
45,0.000E+00,5.254E-03,0.000E+00,3.802E-03,1.717E-02,5.291E-01,1.674E+00,-4.020E-01,4.406E+00,2.023E+00,3.142E+00,-2.066E-03,2.611E+00,2.578E+00,1.032E-01,3.398E+00,1.833E+00,-5.953E-01,6.229E+00,1.506E+00,3.142E+00,-2.434E-03,2.467E+00,2.431E+00,5.891E-02,4.804E+00
46,0.000E+00,5.415E-03,0.000E+00,4.097E-03,1.817E-02,5.579E-01,1.667E+00,-4.047E-01,4.430E+00,2.062E+00,3.142E+00,-2.602E-03,2.637E+00,2.595E+00,1.032E-01,3.397E+00,1.806E+00,-6.100E-01,6.746E+00,1.573E+00,3.142E+00,-3.426E-03,2.503E+00,2.450E+00,5.817E-02,4.852E+00
47,0.000E+00,5.576E-03,0.000E+00,4.393E-03,1.917E-02,5.867E-01,1.661E+00,-4.075E-01,4.453E+00,2.101E+00,3.142E+00,-3.138E-03,2.663E+00,2.611E+00,1.033E-01,3.395E+00,1.780E+00,-6.247E-01,7.263E+00,1.640E+00,3.142E+00,-4.418E-03,2.539E+00,2.470E+00,5.742E-02,4.900E+00
48,0.000E+00,5.737E-03,0.000E+00,4.688E-03,2.017E-02,6.156E-01,1.654E+00,-4.103E-01,4.476E+00,2.140E+00,3.142E+00,-3.673E-03,2.689E+00,2.628E+00,1.033E-01,3.394E+00,1.757E+00,-6.395E-01,7.780E+00,1.706E+00,3.142E+00,-5.411E-03,2.575E+00,2.490E+00,5.668E-02,4.948E+00
49,0.000E+00,5.817E-03,0.000E+00,4.836E-03,2.067E-02,6.300E-01,1.651E+00,-4.117E-01,4.488E+00,2.159E+00,3.142E+00,-3.941E-03,2.702E+00,2.636E+00,1.033E-01,3.393E+00,1.746E+00,-6.468E-01,8.039E+00,1.740E+00,3.142E+00,-5.907E-03,2.593E+00,2.499E+00,5.631E-02,4.972E+00
50,0.000E+00,5.898E-03,0.000E+00,4.984E-03,2.117E-02,6.444E-01,1.648E+00,-4.130E-01,4.500E+00,2.179E+00,3.142E+00,-4.209E-03,2.715E+00,2.645E+00,1.034E-01,3.393E+00,1.735E+00,-6.542E-01,8.297E+00,1.773E+00,3.142E+00,-6.403E-03,2.611E+00,2.509E+00,5.593E-02,4.996E+00
51,0.000E+00,6.248E-03,0.000E+00,5.374E-03,2.257E-02,6.876E-01,1.641E+00,-4.209E-01,4.690E+00,2.189E+00,3.142E+00,-3.912E-03,2.716E+00,2.650E+00,1.029E-01,3.407E+00,1.726E+00,-6.534E-01,8.079E+00,1.833E+00,3.142E+00,-5.985E-03,2.610E+00,2.515E+00,5.551E-02,5.026E+00
52,0.000E+00,6.598E-03,0.000E+00,5.765E-03,2.397E-02,7.307E-01,1.634E+00,-4.288E-01,4.881E+00,2.198E+00,3.142E+00,-3.614E-03,2.716E+00,2.655E+00,1.024E-01,3.422E+00,1.717E+00,-6.526E-01,7.860E+00,1.893E+00,3.142E+00,-5.567E-03,2.610E+00,2.521E+00,5.509E-02,5.056E+00
53,0.000E+00,6.948E-03,0.000E+00,6.156E-03,2.537E-02,7.739E-01,1.627E+00,-4.366E-01,5.072E+00,2.208E+00,3.142E+00,-3.316E-03,2.717E+00,2.661E+00,1.019E-01,3.436E+00,1.709E+00,-6.518E-01,7.642E+00,1.952E+00,3.142E+00,-5.149E-03,2.609E+00,2.527E+00,5.467E-02,5.086E+00
54,0.000E+00,7.123E-03,0.000E+00,6.351E-03,2.607E-02,7.955E-01,1.624E+00,-4.406E-01,5.167E+00,2.213E+00,3.142E+00,-3.168E-03,2.717E+00,2.663E+00,1.016E-01,3.443E+00,1.705E+00,-6.514E-01,7.533E+00,1.982E+00,3.142E+00,-4.940E-03,2.609E+00,2.530E+00,5.445E-02,5.100E+00
55,0.000E+00,7.298E-03,0.000E+00,6.547E-03,2.677E-02,8.171E-01,1.621E+00,-4.445E-01,5.262E+00,2.217E+00,3.142E+00,-3.019E-03,2.717E+00,2.666E+00,1.014E-01,3.450E+00,1.702E+00,-6.510E-01,7.424E+00,2.012E+00,3.142E+00,-4.731E-03,2.608E+00,2.533E+00,5.424E-02,5.115E+00
56,0.000E+00,7.649E-03,0.000E+00,6.938E-03,2.816E-02,8.603E-01,1.616E+00,-4.524E-01,5.453E+00,2.227E+00,3.142E+00,-2.721E-03,2.717E+00,2.671E+00,1.009E-01,3.465E+00,1.695E+00,-6.502E-01,7.205E+00,2.072E+00,3.142E+00,-4.313E-03,2.608E+00,2.539E+00,5.382E-02,5.145E+00
57,0.000E+00,7.999E-03,0.000E+00,7.329E-03,2.956E-02,9.034E-01,1.611E+00,-4.602E-01,5.643E+00,2.237E+00,3.142E+00,-2.424E-03,2.718E+00,2.677E+00,1.003E-01,3.479E+00,1.689E+00,-6.494E-01,6.987E+00,2.131E+00,3.142E+00,-3.895E-03,2.607E+00,2.545E+00,5.340E-02,5.175E+00
58,0.000E+00,8.349E-03,0.000E+00,7.719E-03,3.096E-02,9.466E-01,1.606E+00,-4.681E-01,5.834E+00,2.246E+00,3.142E+00,-2.126E-03,2.718E+00,2.682E+00,9.984E-02,3.493E+00,1.683E+00,-6.486E-01,6.769E+00,2.191E+00,3.142E+00,-3.477E-03,2.607E+00,2.551E+00,5.298E-02,5.205E+00
59,0.000E+00,8.524E-03,0.000E+00,7.915E-03,3.166E-02,9.682E-01,1.603E+00,-4.720E-01,5.929E+00,2.251E+00,3.142E+00,-1.978E-03,2.718E+00,2.685E+00,9.959E-02,3.501E+00,1.681E+00,-6.482E-01,6.659E+00,2.221E+00,3.142E+00,-3.268E-03,2.606E+00,2.554E+00,5.276E-02,5.220E+00
60,0.000E+00,8.699E-03,0.000E+00,8.110E-03,3.236E-02,9.898E-01,1.601E+00,-4.760E-01,6.024E+00,2.256E+00,3.142E+00,-1.829E-03,2.718E+00,2.687E+00,9.934E-02,3.508E+00,1.678E+00,-6.478E-01,6.550E+00,2.251E+00,3.142E+00,-3.059E-03,2.606E+00,2.557E+00,5.255E-02,5.235E+00
61,0.000E+00,9.206E-03,0.000E+00,8.764E-03,3.470E-02,1.060E+00,1.562E+00,-5.234E-01,8.544E+00,2.177E+00,3.142E+00,-1.010E-03,2.681E+00,2.663E+00,9.855E-02,3.532E+00,1.638E+00,-6.840E-01,8.690E+00,2.251E+00,3.142E+00,-2.883E-03,2.592E+00,2.546E+00,5.239E-02,5.247E+00
62,0.000E+00,9.714E-03,0.000E+00,9.418E-03,3.704E-02,1.130E+00,1.549E+00,-5.709E-01,1.106E+01,2.097E+00,3.142E+00,-1.904E-04,2.643E+00,2.639E+00,9.775E-02,3.556E+00,1.613E+00,-7.202E-01,1.083E+01,2.252E+00,3.142E+00,-2.707E-03,2.578E+00,2.535E+00,5.223E-02,5.259E+00
63,0.000E+00,1.022E-02,0.000E+00,1.007E-02,3.939E-02,1.200E+00,1.553E+00,-6.183E-01,1.358E+01,2.018E+00,3.142E+00,6.288E-04,2.606E+00,2.616E+00,9.696E-02,3.580E+00,1.597E+00,-7.564E-01,1.297E+01,2.252E+00,3.142E+00,-2.532E-03,2.564E+00,2.524E+00,5.208E-02,5.271E+00
64,0.000E+00,1.047E-02,0.000E+00,1.040E-02,4.056E-02,1.235E+00,1.558E+00,-6.420E-01,1.484E+01,1.978E+00,3.142E+00,1.038E-03,2.587E+00,2.604E+00,9.657E-02,3.592E+00,1.592E+00,-7.745E-01,1.404E+01,2.252E+00,3.142E+00,-2.444E-03,2.557E+00,2.518E+00,5.200E-02,5.277E+00
65,0.000E+00,1.073E-02,0.000E+00,1.073E-02,4.173E-02,1.270E+00,1.566E+00,-6.657E-01,1.610E+01,1.939E+00,3.142E+00,1.448E-03,2.568E+00,2.592E+00,9.617E-02,3.604E+00,1.588E+00,-7.926E-01,1.511E+01,2.253E+00,3.142E+00,-2.356E-03,2.550E+00,2.513E+00,5.192E-02,5.283E+00
66,0.000E+00,1.148E-02,0.000E+00,1.173E-02,4.500E-02,1.372E+00,1.547E+00,-6.642E-01,1.658E+01,1.994E+00,3.142E+00,1.744E-03,2.550E+00,2.578E+00,9.655E-02,3.593E+00,1.544E+00,-8.151E-01,1.994E+01,2.284E+00,3.142E+00,-1.084E-03,2.523E+00,2.506E+00,5.110E-02,5.348E+00
67,0.000E+00,1.224E-02,0.000E+00,1.273E-02,4.828E-02,1.474E+00,1.529E+00,-6.626E-01,1.705E+01,2.050E+00,3.142E+00,2.040E-03,2.532E+00,2.564E+00,9.692E-02,3.581E+00,1.514E+00,-8.375E-01,2.477E+01,2.315E+00,3.142E+00,1.884E-04,2.496E+00,2.499E+00,5.029E-02,5.413E+00
68,0.000E+00,1.300E-02,0.000E+00,1.373E-02,5.155E-02,1.575E+00,1.511E+00,-6.611E-01,1.753E+01,2.106E+00,3.142E+00,2.336E-03,2.514E+00,2.551E+00,9.730E-02,3.569E+00,1.491E+00,-8.599E-01,2.960E+01,2.347E+00,3.142E+00,1.460E-03,2.470E+00,2.492E+00,4.948E-02,5.478E+00
69,0.000E+00,1.337E-02,0.000E+00,1.423E-02,5.319E-02,1.626E+00,1.502E+00,-6.603E-01,1.777E+01,2.134E+00,3.142E+00,2.484E-03,2.505E+00,2.544E+00,9.748E-02,3.564E+00,1.482E+00,-8.711E-01,3.201E+01,2.362E+00,3.142E+00,2.097E-03,2.456E+00,2.488E+00,4.907E-02,5.510E+00
70,0.000E+00,1.375E-02,0.000E+00,1.473E-02,5.483E-02,1.677E+00,1.494E+00,-6.595E-01,1.801E+01,2.162E+00,3.142E+00,2.632E-03,2.496E+00,2.537E+00,9.767E-02,3.558E+00,1.474E+00,-8.824E-01,3.442E+01,2.378E+00,3.142E+00,2.733E-03,2.443E+00,2.484E+00,4.866E-02,5.543E+00
71,0.000E+00,1.441E-02,0.000E+00,1.563E-02,5.811E-02,1.773E+00,1.462E+00,-6.483E-01,1.823E+01,2.276E+00,3.142E+00,1.649E-03,2.541E+00,2.567E+00,9.753E-02,3.562E+00,1.436E+00,-8.794E-01,3.542E+01,2.551E+00,3.142E+00,9.962E-04,2.457E+00,2.473E+00,4.935E-02,5.486E+00
72,0.000E+00,1.506E-02,0.000E+00,1.653E-02,6.140E-02,1.870E+00,1.432E+00,-6.371E-01,1.846E+01,2.391E+00,3.142E+00,6.660E-04,2.585E+00,2.596E+00,9.739E-02,3.566E+00,1.401E+00,-8.765E-01,3.641E+01,2.725E+00,3.142E+00,-7.402E-04,2.472E+00,2.461E+00,5.003E-02,5.430E+00
73,0.000E+00,1.566E-02,0.000E+00,1.777E-02,6.504E-02,1.980E+00,1.418E+00,-6.257E-01,1.767E+01,2.482E+00,3.142E+00,8.653E-04,2.534E+00,2.548E+00,9.793E-02,3.550E+00,1.365E+00,-8.599E-01,3.319E+01,2.987E+00,3.142E+00,7.623E-03,2.318E+00,2.423E+00,4.949E-02,5.474E+00
74,0.000E+00,1.626E-02,0.000E+00,1.901E-02,6.868E-02,2.089E+00,1.405E+00,-6.143E-01,1.687E+01,2.573E+00,3.142E+00,1.065E-03,2.483E+00,2.499E+00,9.848E-02,3.534E+00,1.337E+00,-8.433E-01,2.997E+01,3.250E+00,3.142E+00,1.599E-02,2.164E+00,2.385E+00,4.895E-02,5.519E+00
75,0.000E+00,1.731E-02,0.000E+00,2.030E-02,7.299E-02,2.224E+00,1.369E+00,-6.025E-01,1.622E+01,2.820E+00,3.142E+00,2.569E-03,2.461E+00,2.500E+00,9.611E-02,3.608E+00,1.297E+00,-8.315E-01,3.019E+01,3.516E+00,3.142E+00,1.407E-02,2.171E+00,2.365E+00,4.788E-02,5.612E+00
76,0.000E+00,1.836E-02,0.000E+00,2.160E-02,7.730E-02,2.359E+00,1.338E+00,-5.907E-01,1.558E+01,3.067E+00,3.142E+00,4.074E-03,2.440E+00,2.501E+00,9.375E-02,3.682E+00,1.260E+00,-8.197E-01,3.041E+01,3.782E+00,3.142E+00,1.216E-02,2.178E+00,2.345E+00,4.680E-02,5.704E+00
77,0.000E+00,1.899E-02,0.000E+00,2.327E-02,8.184E-02,2.496E+00,1.321E+00,-5.834E-01,1.510E+01,3.223E+00,3.142E+00,4.513E-03,2.393E+00,2.460E+00,9.372E-02,3.683E+00,1.225E+00,-7.928E-01,2.719E+01,4.186E+00,3.142E+00,7.726E-03,2.246E+00,2.353E+00,4.724E-02,5.666E+00
78,0.000E+00,1.962E-02,0.000E+00,2.495E-02,8.637E-02,2.634E+00,1.305E+00,-5.760E-01,1.463E+01,3.380E+00,3.142E+00,4.952E-03,2.347E+00,2.419E+00,9.369E-02,3.684E+00,1.199E+00,-7.659E-01,2.397E+01,4.591E+00,3.142E+00,3.295E-03,2.314E+00,2.360E+00,4.768E-02,5.627E+00
79,0.000E+00,2.022E-02,0.000E+00,2.619E-02,9.003E-02,2.744E+00,1.259E+00,-5.644E-01,1.451E+01,3.780E+00,3.142E+00,1.150E-02,2.179E+00,2.330E+00,9.224E-02,3.732E+00,1.155E+00,-7.591E-01,2.407E+01,5.126E+00,3.142E+00,1.053E-02,2.189E+00,2.329E+00,4.590E-02,5.792E+00
80,0.000E+00,2.083E-02,0.000E+00,2.743E-02,9.369E-02,2.854E+00,1.219E+00,-5.529E-01,1.440E+01,4.180E+00,3.142E+00,1.804E-02,2.011E+00,2.241E+00,9.080E-02,3.781E+00,1.117E+00,-7.523E-01,2.418E+01,5.661E+00,3.142E+00,1.776E-02,2.064E+00,2.298E+00,4.413E-02,5.956E+00
81,0.000E+00,2.048E-02,0.000E+00,2.848E-02,9.500E-02,2.895E+00,1.171E+00,-5.431E-01,1.409E+01,4.816E+00,3.142E+00,3.186E-02,1.831E+00,2.208E+00,8.868E-02,3.857E+00,1.016E+00,-7.334E-01,2.355E+01,7.678E+00,3.142E+00,2.850E-02,1.910E+00,2.262E+00,4.222E-02,6.159E+00
82,0.000E+00,2.012E-02,0.000E+00,2.952E-02,9.631E-02,2.935E+00,1.130E+00,-5.332E-01,1.378E+01,5.451E+00,3.142E+00,4.568E-02,1.652E+00,2.175E+00,8.657E-02,3.933E+00,9.462E-01,-7.145E-01,2.292E+01,9.696E+00,3.142E+00,3.924E-02,1.757E+00,2.226E+00,4.031E-02,6.361E+00
83,0.000E+00,1.820E-02,0.000E+00,2.821E-02,9.002E-02,2.744E+00,1.065E+00,-5.161E-01,1.270E+01,6.983E+00,3.142E+00,6.735E-02,1.393E+00,2.058E+00,8.483E-02,4.001E+00,8.568E-01,-6.830E-01,1.952E+01,1.500E+01,3.142E+00,6.413E-02,1.476E+00,2.134E+00,3.830E-02,6.610E+00
84,0.000E+00,1.628E-02,0.000E+00,2.689E-02,8.373E-02,2.552E+00,1.023E+00,-4.989E-01,1.161E+01,8.514E+00,3.142E+00,8.901E-02,1.134E+00,1.940E+00,8.308E-02,4.069E+00,8.209E-01,-6.515E-01,1.613E+01,2.030E+01,3.142E+00,8.901E-02,1.195E+00,2.043E+00,3.629E-02,6.859E+00
85,0.000E+00,1.177E-02,0.000E+00,1.983E-02,6.135E-02,1.869E+00,9.284E-01,-4.751E-01,1.016E+01,1.388E+01,3.142E+00,0.000E+00,0.000E+00,0.000E+00,7.753E-02,4.323E+00,7.383E-01,-6.158E-01,1.311E+01,4.144E+01,3.142E+00,8.901E-02,1.106E+00,1.873E+00,3.182E-02,7.608E+00
86,0.000E+00,7.263E-03,0.000E+00,1.277E-02,3.898E-02,1.186E+00,8.919E-01,-4.512E-01,8.711E+00,1.924E+01,3.142E+00,0.000E+00,0.000E+00,0.000E+00,7.198E-02,4.577E+00,7.362E-01,-5.802E-01,1.009E+01,6.259E+01,3.142E+00,8.901E-02,1.017E+00,1.703E+00,2.734E-02,8.357E+00
87,0.000E+00,3.664E-03,0.000E+00,6.539E-03,2.001E-02,6.067E-01,9.632E-01,-4.927E-01,7.666E+00,1.690E+01,3.142E+00,0.000E+00,0.000E+00,0.000E+00,6.461E-02,5.041E+00,7.787E-01,-6.588E-01,1.018E+01,4.993E+01,3.142E+00,-2.741E-01,1.110E+01,1.204E+00,1.862E-02,1.211E+01
88,0.000E+00,6.562E-05,0.000E+00,3.117E-04,1.045E-03,2.732E-02,1.043E+00,-5.343E-01,6.620E+00,1.456E+01,3.142E+00,8.900E-02,5.837E-01,1.018E+00,5.724E-02,5.505E+00,8.294E-01,-7.374E-01,1.028E+01,3.727E+01,3.142E+00,-6.372E-01,2.118E+01,7.046E-01,9.888E-03,1.586E+01
89,0.000E+00,0.000E+00,0.000E+00,5.469E-06,1.719E-05,4.286E-04,3.142E+00,0.000E+00,0.000E+00,0.000E+00,0.000E+00,0.000E+00,0.000E+00,0.000E+00,0.000E+00,0.000E+00,3.142E+00,0.000E+00,0.000E+00,0.000E+00,0.000E+00,0.000E+00,0.000E+00,0.000E+00,0.000E+00,0.000E+00
