alpha,H,Mg,Al,O,Mg_1,O_1,Al_2,O_2,amu/ion,phiK_Al,phiTilt_Al,phiM_Al,phiN_Al,thetaK_Al,thetaTilt_Al,thetaM_Al,thetaN_Al,energyK_Al,energyE_Al,phiK_Mg,phiTilt_Mg,phiM_Mg,phiN_Mg,thetaK_Mg,thetaTilt_Mg,thetaM_Mg,thetaN_Mg,energyK_Mg,energyE_Mg,phiK_O,phiTilt_O,phiM_O,phiN_O,thetaK_O,thetaTilt_O,thetaM_O,thetaN_O,energyK_O,energyE_O
0,0.000E+00,1.749E-03,1.065E-03,0.000E+00,0.000E+00,0.000E+00,3.695E-03,8.743E-03,3.108E-01,1.740E+00,-4.118E-02,1.772E+00,1.502E+00,3.142E+00,-3.572E-03,2.595E+00,2.538E+00,9.615E-02,3.307E+00,1.858E+00,5.427E-02,1.142E+00,1.377E+00,3.142E+00,2.355E-03,2.406E+00,2.442E+00,2.283E-01,1.633E+00,1.685E+00,-4.873E-02,2.065E+00,1.573E+00,3.142E+00,-3.332E-03,2.694E+00,2.638E+00,1.283E-01,2.826E+00
1,0.000E+00,1.740E-03,1.064E-03,0.000E+00,0.000E+00,0.000E+00,3.727E-03,8.817E-03,3.126E-01,1.736E+00,-4.546E-02,1.778E+00,1.540E+00,3.142E+00,-3.839E-03,2.599E+00,2.537E+00,9.594E-02,3.313E+00,1.806E+00,2.137E-02,1.387E+00,1.347E+00,3.142E+00,1.113E-03,2.448E+00,2.463E+00,2.267E-01,1.644E+00,1.680E+00,-6.031E-02,2.135E+00,1.605E+00,3.142E+00,-3.000E-03,2.696E+00,2.646E+00,1.282E-01,2.828E+00
2,0.000E+00,1.732E-03,1.064E-03,0.000E+00,0.000E+00,0.000E+00,3.759E-03,8.890E-03,3.145E-01,1.731E+00,-4.974E-02,1.784E+00,1.578E+00,3.142E+00,-4.105E-03,2.603E+00,2.537E+00,9.573E-02,3.319E+00,1.775E+00,-1.152E-02,1.633E+00,1.317E+00,3.142E+00,-1.288E-04,2.489E+00,2.484E+00,2.250E-01,1.655E+00,1.676E+00,-7.189E-02,2.205E+00,1.637E+00,3.142E+00,-2.668E-03,2.698E+00,2.653E+00,1.281E-01,2.829E+00
3,0.000E+00,1.723E-03,1.064E-03,0.000E+00,0.000E+00,0.000E+00,3.791E-03,8.964E-03,3.163E-01,1.727E+00,-5.402E-02,1.790E+00,1.616E+00,3.142E+00,-4.372E-03,2.607E+00,2.537E+00,9.551E-02,3.325E+00,1.775E+00,-4.442E-02,1.878E+00,1.286E+00,3.142E+00,-1.371E-03,2.530E+00,2.505E+00,2.234E-01,1.665E+00,1.671E+00,-8.347E-02,2.276E+00,1.669E+00,3.142E+00,-2.337E-03,2.700E+00,2.661E+00,1.281E-01,2.830E+00
4,0.000E+00,1.718E-03,1.063E-03,0.000E+00,0.000E+00,0.000E+00,3.806E-03,9.000E-03,3.172E-01,1.725E+00,-5.616E-02,1.793E+00,1.635E+00,3.142E+00,-4.505E-03,2.609E+00,2.536E+00,9.541E-02,3.328E+00,1.777E+00,-6.087E-02,2.000E+00,1.271E+00,3.142E+00,-1.992E-03,2.551E+00,2.515E+00,2.226E-01,1.671E+00,1.669E+00,-8.926E-02,2.311E+00,1.685E+00,3.142E+00,-2.171E-03,2.701E+00,2.664E+00,1.280E-01,2.831E+00
5,0.000E+00,1.714E-03,1.063E-03,0.000E+00,0.000E+00,0.000E+00,3.822E-03,9.037E-03,3.181E-01,1.723E+00,-5.830E-02,1.796E+00,1.654E+00,3.142E+00,-4.638E-03,2.610E+00,2.536E+00,9.530E-02,3.331E+00,1.779E+00,-7.732E-02,2.123E+00,1.256E+00,3.142E+00,-2.613E-03,2.572E+00,2.526E+00,2.218E-01,1.676E+00,1.667E+00,-9.505E-02,2.346E+00,1.700E+00,3.142E+00,-2.005E-03,2.702E+00,2.668E+00,1.280E-01,2.832E+00
6,0.000E+00,1.705E-03,1.063E-03,0.000E+00,0.000E+00,0.000E+00,3.854E-03,9.111E-03,3.199E-01,1.719E+00,-6.258E-02,1.802E+00,1.692E+00,3.142E+00,-4.905E-03,2.614E+00,2.536E+00,9.509E-02,3.337E+00,1.788E+00,-1.102E-01,2.368E+00,1.226E+00,3.142E+00,-3.855E-03,2.613E+00,2.547E+00,2.201E-01,1.686E+00,1.663E+00,-1.066E-01,2.416E+00,1.732E+00,3.142E+00,-1.673E-03,2.704E+00,2.676E+00,1.279E-01,2.833E+00
7,0.000E+00,1.696E-03,1.063E-03,0.000E+00,0.000E+00,0.000E+00,3.886E-03,9.184E-03,3.217E-01,1.715E+00,-6.685E-02,1.808E+00,1.730E+00,3.142E+00,-5.171E-03,2.618E+00,2.535E+00,9.488E-02,3.342E+00,1.799E+00,-1.431E-01,2.613E+00,1.196E+00,3.142E+00,-5.097E-03,2.655E+00,2.568E+00,2.185E-01,1.697E+00,1.659E+00,-1.182E-01,2.487E+00,1.764E+00,3.142E+00,-1.341E-03,2.706E+00,2.683E+00,1.278E-01,2.834E+00
8,0.000E+00,1.688E-03,1.062E-03,0.000E+00,0.000E+00,0.000E+00,3.917E-03,9.258E-03,3.235E-01,1.711E+00,-7.113E-02,1.814E+00,1.768E+00,3.142E+00,-5.437E-03,2.622E+00,2.535E+00,9.466E-02,3.348E+00,1.813E+00,-1.760E-01,2.858E+00,1.165E+00,3.142E+00,-6.339E-03,2.696E+00,2.589E+00,2.169E-01,1.708E+00,1.655E+00,-1.298E-01,2.557E+00,1.796E+00,3.142E+00,-1.009E-03,2.708E+00,2.691E+00,1.278E-01,2.836E+00
9,0.000E+00,1.683E-03,1.062E-03,0.000E+00,0.000E+00,0.000E+00,3.933E-03,9.294E-03,3.244E-01,1.709E+00,-7.327E-02,1.817E+00,1.787E+00,3.142E+00,-5.571E-03,2.624E+00,2.535E+00,9.456E-02,3.351E+00,1.821E+00,-1.925E-01,2.981E+00,1.150E+00,3.142E+00,-6.960E-03,2.717E+00,2.600E+00,2.161E-01,1.713E+00,1.653E+00,-1.356E-01,2.592E+00,1.812E+00,3.142E+00,-8.431E-04,2.709E+00,2.695E+00,1.277E-01,2.836E+00
10,0.000E+00,1.679E-03,1.062E-03,0.000E+00,0.000E+00,0.000E+00,3.949E-03,9.331E-03,3.253E-01,1.707E+00,-7.541E-02,1.820E+00,1.806E+00,3.142E+00,-5.704E-03,2.626E+00,2.535E+00,9.445E-02,3.354E+00,1.829E+00,-2.089E-01,3.104E+00,1.135E+00,3.142E+00,-7.581E-03,2.737E+00,2.611E+00,2.153E-01,1.718E+00,1.652E+00,-1.414E-01,2.627E+00,1.828E+00,3.142E+00,-6.771E-04,2.710E+00,2.699E+00,1.277E-01,2.837E+00
11,0.000E+00,1.754E-03,1.080E-03,0.000E+00,0.000E+00,0.000E+00,4.041E-03,9.515E-03,3.330E-01,1.715E+00,-8.829E-02,1.874E+00,1.781E+00,3.142E+00,-5.409E-03,2.620E+00,2.534E+00,9.463E-02,3.349E+00,1.802E+00,-2.064E-01,3.032E+00,1.240E+00,3.142E+00,-7.196E-03,2.742E+00,2.621E+00,2.153E-01,1.718E+00,1.655E+00,-1.509E-01,2.667E+00,1.830E+00,3.142E+00,-8.643E-04,2.711E+00,2.696E+00,1.268E-01,2.855E+00
12,0.000E+00,1.829E-03,1.098E-03,0.000E+00,0.000E+00,0.000E+00,4.132E-03,9.699E-03,3.407E-01,1.723E+00,-1.012E-01,1.928E+00,1.756E+00,3.142E+00,-5.114E-03,2.614E+00,2.532E+00,9.481E-02,3.344E+00,1.778E+00,-2.039E-01,2.960E+00,1.346E+00,3.142E+00,-6.810E-03,2.746E+00,2.632E+00,2.154E-01,1.717E+00,1.659E+00,-1.605E-01,2.707E+00,1.832E+00,3.142E+00,-1.051E-03,2.711E+00,2.693E+00,1.259E-01,2.874E+00
13,0.000E+00,1.903E-03,1.116E-03,0.000E+00,0.000E+00,0.000E+00,4.223E-03,9.883E-03,3.484E-01,1.732E+00,-1.141E-01,1.982E+00,1.731E+00,3.142E+00,-4.819E-03,2.608E+00,2.531E+00,9.499E-02,3.339E+00,1.757E+00,-2.014E-01,2.888E+00,1.451E+00,3.142E+00,-6.425E-03,2.751E+00,2.643E+00,2.155E-01,1.717E+00,1.663E+00,-1.700E-01,2.746E+00,1.835E+00,3.142E+00,-1.239E-03,2.712E+00,2.691E+00,1.250E-01,2.892E+00
14,0.000E+00,1.941E-03,1.125E-03,0.000E+00,0.000E+00,0.000E+00,4.269E-03,9.976E-03,3.523E-01,1.736E+00,-1.205E-01,2.009E+00,1.719E+00,3.142E+00,-4.671E-03,2.605E+00,2.531E+00,9.508E-02,3.337E+00,1.747E+00,-2.001E-01,2.852E+00,1.504E+00,3.142E+00,-6.232E-03,2.753E+00,2.648E+00,2.156E-01,1.716E+00,1.665E+00,-1.748E-01,2.766E+00,1.836E+00,3.142E+00,-1.332E-03,2.712E+00,2.689E+00,1.245E-01,2.901E+00
15,0.000E+00,1.978E-03,1.134E-03,0.000E+00,0.000E+00,0.000E+00,4.315E-03,1.007E-02,3.562E-01,1.740E+00,-1.269E-01,2.036E+00,1.707E+00,3.142E+00,-4.524E-03,2.602E+00,2.530E+00,9.517E-02,3.334E+00,1.738E+00,-1.989E-01,2.816E+00,1.556E+00,3.142E+00,-6.039E-03,2.755E+00,2.653E+00,2.156E-01,1.716E+00,1.666E+00,-1.796E-01,2.786E+00,1.837E+00,3.142E+00,-1.426E-03,2.712E+00,2.688E+00,1.240E-01,2.910E+00
16,0.000E+00,2.053E-03,1.152E-03,0.000E+00,0.000E+00,0.000E+00,4.406E-03,1.025E-02,3.639E-01,1.749E+00,-1.398E-01,2.090E+00,1.682E+00,3.142E+00,-4.229E-03,2.596E+00,2.529E+00,9.534E-02,3.329E+00,1.720E+00,-1.964E-01,2.744E+00,1.661E+00,3.142E+00,-5.654E-03,2.760E+00,2.664E+00,2.157E-01,1.715E+00,1.670E+00,-1.891E-01,2.826E+00,1.839E+00,3.142E+00,-1.613E-03,2.713E+00,2.686E+00,1.231E-01,2.929E+00
17,0.000E+00,2.128E-03,1.170E-03,0.000E+00,0.000E+00,0.000E+00,4.498E-03,1.044E-02,3.716E-01,1.758E+00,-1.527E-01,2.144E+00,1.657E+00,3.142E+00,-3.934E-03,2.591E+00,2.528E+00,9.552E-02,3.324E+00,1.705E+00,-1.939E-01,2.672E+00,1.767E+00,3.142E+00,-5.268E-03,2.764E+00,2.675E+00,2.158E-01,1.715E+00,1.674E+00,-1.987E-01,2.866E+00,1.841E+00,3.142E+00,-1.800E-03,2.713E+00,2.683E+00,1.222E-01,2.947E+00
18,0.000E+00,2.203E-03,1.187E-03,0.000E+00,0.000E+00,0.000E+00,4.589E-03,1.062E-02,3.793E-01,1.767E+00,-1.656E-01,2.198E+00,1.632E+00,3.142E+00,-3.639E-03,2.585E+00,2.527E+00,9.570E-02,3.319E+00,1.691E+00,-1.914E-01,2.600E+00,1.872E+00,3.142E+00,-4.883E-03,2.769E+00,2.685E+00,2.159E-01,1.714E+00,1.677E+00,-2.082E-01,2.905E+00,1.843E+00,3.142E+00,-1.987E-03,2.714E+00,2.680E+00,1.213E-01,2.965E+00
19,0.000E+00,2.240E-03,1.196E-03,0.000E+00,0.000E+00,0.000E+00,4.635E-03,1.071E-02,3.832E-01,1.771E+00,-1.720E-01,2.225E+00,1.620E+00,3.142E+00,-3.491E-03,2.582E+00,2.526E+00,9.579E-02,3.317E+00,1.685E+00,-1.901E-01,2.564E+00,1.925E+00,3.142E+00,-4.690E-03,2.771E+00,2.691E+00,2.159E-01,1.714E+00,1.679E+00,-2.130E-01,2.925E+00,1.844E+00,3.142E+00,-2.081E-03,2.714E+00,2.679E+00,1.208E-01,2.974E+00
20,0.000E+00,2.277E-03,1.205E-03,0.000E+00,0.000E+00,0.000E+00,4.680E-03,1.080E-02,3.870E-01,1.776E+00,-1.785E-01,2.252E+00,1.607E+00,3.142E+00,-3.344E-03,2.579E+00,2.526E+00,9.588E-02,3.314E+00,1.679E+00,-1.889E-01,2.528E+00,1.977E+00,3.142E+00,-4.497E-03,2.773E+00,2.696E+00,2.160E-01,1.714E+00,1.681E+00,-2.178E-01,2.945E+00,1.845E+00,3.142E+00,-2.174E-03,2.715E+00,2.678E+00,1.204E-01,2.983E+00
21,0.000E+00,2.392E-03,1.223E-03,0.000E+00,0.000E+00,0.000E+00,4.874E-03,1.116E-02,4.012E-01,1.770E+00,-1.934E-01,2.342E+00,1.640E+00,3.142E+00,-3.199E-03,2.572E+00,2.521E+00,9.524E-02,3.333E+00,1.676E+00,-2.117E-01,2.780E+00,1.938E+00,3.142E+00,-4.287E-03,2.752E+00,2.679E+00,2.135E-01,1.732E+00,1.678E+00,-2.193E-01,2.920E+00,1.881E+00,3.142E+00,-2.101E-03,2.717E+00,2.681E+00,1.197E-01,2.999E+00
22,0.000E+00,2.506E-03,1.241E-03,0.000E+00,0.000E+00,0.000E+00,5.068E-03,1.152E-02,4.154E-01,1.765E+00,-2.083E-01,2.432E+00,1.672E+00,3.142E+00,-3.054E-03,2.565E+00,2.516E+00,9.459E-02,3.352E+00,1.676E+00,-2.345E-01,3.032E+00,1.899E+00,3.142E+00,-4.077E-03,2.730E+00,2.661E+00,2.110E-01,1.750E+00,1.675E+00,-2.208E-01,2.894E+00,1.917E+00,3.142E+00,-2.027E-03,2.719E+00,2.685E+00,1.190E-01,3.015E+00
23,0.000E+00,2.620E-03,1.258E-03,0.000E+00,0.000E+00,0.000E+00,5.262E-03,1.187E-02,4.296E-01,1.760E+00,-2.232E-01,2.523E+00,1.704E+00,3.142E+00,-2.908E-03,2.558E+00,2.512E+00,9.395E-02,3.370E+00,1.679E+00,-2.573E-01,3.284E+00,1.860E+00,3.142E+00,-3.867E-03,2.709E+00,2.644E+00,2.086E-01,1.769E+00,1.673E+00,-2.223E-01,2.869E+00,1.952E+00,3.142E+00,-1.954E-03,2.722E+00,2.689E+00,1.183E-01,3.030E+00
24,0.000E+00,2.677E-03,1.267E-03,0.000E+00,0.000E+00,0.000E+00,5.359E-03,1.205E-02,4.367E-01,1.757E+00,-2.306E-01,2.568E+00,1.720E+00,3.142E+00,-2.836E-03,2.554E+00,2.510E+00,9.363E-02,3.380E+00,1.681E+00,-2.687E-01,3.410E+00,1.840E+00,3.142E+00,-3.761E-03,2.698E+00,2.635E+00,2.073E-01,1.778E+00,1.672E+00,-2.231E-01,2.856E+00,1.970E+00,3.142E+00,-1.917E-03,2.723E+00,2.690E+00,1.179E-01,3.038E+00
25,0.000E+00,2.734E-03,1.276E-03,0.000E+00,0.000E+00,0.000E+00,5.456E-03,1.223E-02,4.438E-01,1.755E+00,-2.381E-01,2.613E+00,1.736E+00,3.142E+00,-2.763E-03,2.551E+00,2.507E+00,9.331E-02,3.389E+00,1.683E+00,-2.801E-01,3.536E+00,1.821E+00,3.142E+00,-3.656E-03,2.687E+00,2.626E+00,2.061E-01,1.787E+00,1.671E+00,-2.238E-01,2.844E+00,1.988E+00,3.142E+00,-1.880E-03,2.724E+00,2.692E+00,1.175E-01,3.046E+00
26,0.000E+00,2.848E-03,1.294E-03,0.000E+00,0.000E+00,0.000E+00,5.650E-03,1.259E-02,4.580E-01,1.750E+00,-2.530E-01,2.703E+00,1.768E+00,3.142E+00,-2.618E-03,2.544E+00,2.503E+00,9.267E-02,3.407E+00,1.690E+00,-3.029E-01,3.788E+00,1.781E+00,3.142E+00,-3.446E-03,2.666E+00,2.609E+00,2.036E-01,1.805E+00,1.668E+00,-2.253E-01,2.818E+00,2.024E+00,3.142E+00,-1.807E-03,2.726E+00,2.696E+00,1.168E-01,3.061E+00
27,0.000E+00,2.962E-03,1.312E-03,0.000E+00,0.000E+00,0.000E+00,5.844E-03,1.294E-02,4.721E-01,1.746E+00,-2.679E-01,2.794E+00,1.801E+00,3.142E+00,-2.473E-03,2.537E+00,2.498E+00,9.203E-02,3.426E+00,1.698E+00,-3.257E-01,4.040E+00,1.742E+00,3.142E+00,-3.236E-03,2.645E+00,2.592E+00,2.012E-01,1.824E+00,1.666E+00,-2.269E-01,2.793E+00,2.059E+00,3.142E+00,-1.733E-03,2.729E+00,2.699E+00,1.161E-01,3.077E+00
28,0.000E+00,3.076E-03,1.329E-03,0.000E+00,0.000E+00,0.000E+00,6.037E-03,1.330E-02,4.863E-01,1.742E+00,-2.828E-01,2.884E+00,1.833E+00,3.142E+00,-2.328E-03,2.530E+00,2.494E+00,9.138E-02,3.445E+00,1.707E+00,-3.485E-01,4.292E+00,1.703E+00,3.142E+00,-3.026E-03,2.623E+00,2.574E+00,1.987E-01,1.842E+00,1.664E+00,-2.284E-01,2.768E+00,2.095E+00,3.142E+00,-1.659E-03,2.731E+00,2.703E+00,1.154E-01,3.092E+00
29,0.000E+00,3.134E-03,1.338E-03,0.000E+00,0.000E+00,0.000E+00,6.134E-03,1.348E-02,4.934E-01,1.740E+00,-2.903E-01,2.929E+00,1.849E+00,3.142E+00,-2.256E-03,2.526E+00,2.491E+00,9.106E-02,3.454E+00,1.713E+00,-3.599E-01,4.418E+00,1.684E+00,3.142E+00,-2.920E-03,2.612E+00,2.565E+00,1.975E-01,1.851E+00,1.663E+00,-2.291E-01,2.755E+00,2.113E+00,3.142E+00,-1.623E-03,2.732E+00,2.705E+00,1.151E-01,3.100E+00
30,0.000E+00,3.191E-03,1.347E-03,0.000E+00,0.000E+00,0.000E+00,6.231E-03,1.366E-02,5.005E-01,1.738E+00,-2.977E-01,2.975E+00,1.865E+00,3.142E+00,-2.183E-03,2.523E+00,2.489E+00,9.074E-02,3.463E+00,1.718E+00,-3.713E-01,4.544E+00,1.664E+00,3.142E+00,-2.815E-03,2.602E+00,2.557E+00,1.962E-01,1.861E+00,1.662E+00,-2.299E-01,2.742E+00,2.131E+00,3.142E+00,-1.586E-03,2.734E+00,2.706E+00,1.147E-01,3.108E+00
31,0.000E+00,3.495E-03,1.235E-03,0.000E+00,0.000E+00,0.000E+00,6.873E-03,1.480E-02,5.404E-01,1.715E+00,-3.253E-01,3.438E+00,1.876E+00,3.142E+00,-2.077E-03,2.530E+00,2.498E+00,8.968E-02,3.498E+00,1.706E+00,-3.700E-01,4.541E+00,1.716E+00,3.142E+00,-3.294E-03,2.628E+00,2.574E+00,1.966E-01,1.858E+00,1.645E+00,-2.520E-01,3.085E+00,2.130E+00,3.142E+00,-1.763E-03,2.739E+00,2.709E+00,1.144E-01,3.115E+00
32,0.000E+00,3.647E-03,1.178E-03,0.000E+00,0.000E+00,0.000E+00,7.194E-03,1.537E-02,5.604E-01,1.706E+00,-3.391E-01,3.670E+00,1.882E+00,3.142E+00,-2.024E-03,2.534E+00,2.502E+00,8.915E-02,3.516E+00,1.700E+00,-3.693E-01,4.539E+00,1.741E+00,3.142E+00,-3.533E-03,2.641E+00,2.583E+00,1.968E-01,1.856E+00,1.638E+00,-2.630E-01,3.256E+00,2.129E+00,3.142E+00,-1.851E-03,2.742E+00,2.710E+00,1.142E-01,3.119E+00
33,0.000E+00,3.799E-03,1.122E-03,0.000E+00,0.000E+00,0.000E+00,7.515E-03,1.593E-02,5.803E-01,1.698E+00,-3.529E-01,3.901E+00,1.888E+00,3.142E+00,-1.970E-03,2.537E+00,2.507E+00,8.862E-02,3.533E+00,1.694E+00,-3.687E-01,4.538E+00,1.767E+00,3.142E+00,-3.772E-03,2.654E+00,2.591E+00,1.969E-01,1.855E+00,1.632E+00,-2.740E-01,3.427E+00,2.129E+00,3.142E+00,-1.939E-03,2.744E+00,2.711E+00,1.141E-01,3.123E+00
34,0.000E+00,3.951E-03,1.066E-03,0.000E+00,0.000E+00,0.000E+00,7.836E-03,1.650E-02,6.003E-01,1.691E+00,-3.667E-01,4.133E+00,1.893E+00,3.142E+00,-1.917E-03,2.541E+00,2.511E+00,8.808E-02,3.551E+00,1.688E+00,-3.681E-01,4.536E+00,1.793E+00,3.142E+00,-4.011E-03,2.667E+00,2.600E+00,1.971E-01,1.853E+00,1.626E+00,-2.850E-01,3.598E+00,2.128E+00,3.142E+00,-2.028E-03,2.747E+00,2.712E+00,1.139E-01,3.126E+00
35,0.000E+00,4.104E-03,1.010E-03,0.000E+00,0.000E+00,0.000E+00,8.158E-03,1.707E-02,6.203E-01,1.686E+00,-3.804E-01,4.365E+00,1.899E+00,3.142E+00,-1.864E-03,2.544E+00,2.515E+00,8.755E-02,3.569E+00,1.682E+00,-3.674E-01,4.535E+00,1.819E+00,3.142E+00,-4.250E-03,2.680E+00,2.609E+00,1.973E-01,1.852E+00,1.622E+00,-2.961E-01,3.769E+00,2.127E+00,3.142E+00,-2.116E-03,2.750E+00,2.713E+00,1.138E-01,3.130E+00
36,0.000E+00,4.256E-03,9.538E-04,0.000E+00,0.000E+00,0.000E+00,8.479E-03,1.764E-02,6.402E-01,1.680E+00,-3.942E-01,4.596E+00,1.905E+00,3.142E+00,-1.811E-03,2.548E+00,2.520E+00,8.702E-02,3.586E+00,1.676E+00,-3.668E-01,4.533E+00,1.845E+00,3.142E+00,-4.490E-03,2.693E+00,2.617E+00,1.975E-01,1.850E+00,1.618E+00,-3.071E-01,3.940E+00,2.127E+00,3.142E+00,-2.204E-03,2.752E+00,2.714E+00,1.136E-01,3.134E+00
37,0.000E+00,4.408E-03,8.977E-04,0.000E+00,0.000E+00,0.000E+00,8.800E-03,1.821E-02,6.602E-01,1.676E+00,-4.080E-01,4.828E+00,1.910E+00,3.142E+00,-1.758E-03,2.552E+00,2.524E+00,8.649E-02,3.604E+00,1.671E+00,-3.662E-01,4.532E+00,1.871E+00,3.142E+00,-4.729E-03,2.706E+00,2.626E+00,1.977E-01,1.849E+00,1.614E+00,-3.181E-01,4.111E+00,2.126E+00,3.142E+00,-2.293E-03,2.755E+00,2.715E+00,1.134E-01,3.137E+00
38,0.000E+00,4.560E-03,8.415E-04,0.000E+00,0.000E+00,0.000E+00,9.121E-03,1.878E-02,6.801E-01,1.672E+00,-4.218E-01,5.059E+00,1.916E+00,3.142E+00,-1.705E-03,2.555E+00,2.529E+00,8.596E-02,3.621E+00,1.665E+00,-3.655E-01,4.530E+00,1.896E+00,3.142E+00,-4.968E-03,2.719E+00,2.634E+00,1.978E-01,1.848E+00,1.611E+00,-3.292E-01,4.282E+00,2.126E+00,3.142E+00,-2.381E-03,2.758E+00,2.717E+00,1.133E-01,3.141E+00
39,0.000E+00,4.712E-03,7.854E-04,0.000E+00,0.000E+00,0.000E+00,9.442E-03,1.935E-02,7.001E-01,1.669E+00,-4.356E-01,5.291E+00,1.922E+00,3.142E+00,-1.651E-03,2.559E+00,2.533E+00,8.543E-02,3.639E+00,1.660E+00,-3.649E-01,4.529E+00,1.922E+00,3.142E+00,-5.207E-03,2.732E+00,2.643E+00,1.980E-01,1.846E+00,1.609E+00,-3.402E-01,4.453E+00,2.125E+00,3.142E+00,-2.470E-03,2.760E+00,2.718E+00,1.131E-01,3.145E+00
40,0.000E+00,4.864E-03,7.292E-04,0.000E+00,0.000E+00,0.000E+00,9.763E-03,1.992E-02,7.200E-01,1.667E+00,-4.493E-01,5.523E+00,1.928E+00,3.142E+00,-1.598E-03,2.563E+00,2.537E+00,8.490E-02,3.656E+00,1.654E+00,-3.642E-01,4.527E+00,1.948E+00,3.142E+00,-5.446E-03,2.745E+00,2.652E+00,1.982E-01,1.845E+00,1.607E+00,-3.512E-01,4.624E+00,2.125E+00,3.142E+00,-2.558E-03,2.763E+00,2.719E+00,1.130E-01,3.149E+00
41,0.000E+00,5.016E-03,6.730E-04,0.000E+00,0.000E+00,0.000E+00,1.008E-02,2.049E-02,7.400E-01,1.665E+00,-4.631E-01,5.754E+00,1.933E+00,3.142E+00,-1.545E-03,2.566E+00,2.542E+00,8.437E-02,3.674E+00,1.649E+00,-3.636E-01,4.525E+00,1.974E+00,3.142E+00,-5.685E-03,2.758E+00,2.660E+00,1.984E-01,1.843E+00,1.605E+00,-3.623E-01,4.796E+00,2.124E+00,3.142E+00,-2.646E-03,2.766E+00,2.720E+00,1.128E-01,3.152E+00
42,0.000E+00,5.169E-03,6.169E-04,0.000E+00,0.000E+00,0.000E+00,1.040E-02,2.106E-02,7.600E-01,1.663E+00,-4.769E-01,5.986E+00,1.939E+00,3.142E+00,-1.492E-03,2.570E+00,2.546E+00,8.384E-02,3.691E+00,1.644E+00,-3.630E-01,4.524E+00,2.000E+00,3.142E+00,-5.925E-03,2.771E+00,2.669E+00,1.986E-01,1.842E+00,1.604E+00,-3.733E-01,4.967E+00,2.123E+00,3.142E+00,-2.735E-03,2.769E+00,2.721E+00,1.127E-01,3.156E+00
43,0.000E+00,5.321E-03,5.607E-04,0.000E+00,0.000E+00,0.000E+00,1.073E-02,2.163E-02,7.799E-01,1.662E+00,-4.907E-01,6.218E+00,1.945E+00,3.142E+00,-1.439E-03,2.573E+00,2.550E+00,8.330E-02,3.709E+00,1.639E+00,-3.623E-01,4.522E+00,2.026E+00,3.142E+00,-6.164E-03,2.784E+00,2.678E+00,1.987E-01,1.840E+00,1.603E+00,-3.843E-01,5.138E+00,2.123E+00,3.142E+00,-2.823E-03,2.771E+00,2.722E+00,1.125E-01,3.160E+00
44,0.000E+00,5.473E-03,5.046E-04,0.000E+00,0.000E+00,0.000E+00,1.105E-02,2.220E-02,7.999E-01,1.661E+00,-5.045E-01,6.449E+00,1.950E+00,3.142E+00,-1.386E-03,2.577E+00,2.555E+00,8.277E-02,3.726E+00,1.633E+00,-3.617E-01,4.521E+00,2.051E+00,3.142E+00,-6.403E-03,2.797E+00,2.686E+00,1.989E-01,1.839E+00,1.602E+00,-3.954E-01,5.309E+00,2.122E+00,3.142E+00,-2.911E-03,2.774E+00,2.723E+00,1.123E-01,3.163E+00
45,0.000E+00,5.625E-03,4.484E-04,0.000E+00,0.000E+00,0.000E+00,1.137E-02,2.277E-02,8.198E-01,1.660E+00,-5.183E-01,6.681E+00,1.956E+00,3.142E+00,-1.332E-03,2.581E+00,2.559E+00,8.224E-02,3.744E+00,1.628E+00,-3.611E-01,4.519E+00,2.077E+00,3.142E+00,-6.642E-03,2.810E+00,2.695E+00,1.991E-01,1.837E+00,1.602E+00,-4.064E-01,5.480E+00,2.122E+00,3.142E+00,-3.000E-03,2.777E+00,2.724E+00,1.122E-01,3.167E+00
46,0.000E+00,5.895E-03,3.367E-04,0.000E+00,0.000E+00,1.953E-07,1.216E-02,2.420E-02,8.677E-01,1.656E+00,-5.184E-01,6.567E+00,1.997E+00,3.142E+00,-1.818E-03,2.590E+00,2.561E+00,8.179E-02,3.760E+00,1.641E+00,-3.571E-01,4.316E+00,2.063E+00,3.142E+00,-6.501E-03,2.812E+00,2.699E+00,1.971E-01,1.854E+00,1.605E+00,-4.005E-01,5.314E+00,2.124E+00,3.142E+00,-2.904E-03,2.792E+00,2.741E+00,1.116E-01,3.182E+00
47,0.000E+00,6.164E-03,2.250E-04,0.000E+00,0.000E+00,3.906E-07,1.295E-02,2.564E-02,9.156E-01,1.652E+00,-5.186E-01,6.453E+00,2.038E+00,3.142E+00,-2.303E-03,2.600E+00,2.563E+00,8.135E-02,3.777E+00,1.654E+00,-3.532E-01,4.113E+00,2.049E+00,3.142E+00,-6.360E-03,2.813E+00,2.702E+00,1.951E-01,1.871E+00,1.609E+00,-3.947E-01,5.148E+00,2.127E+00,3.142E+00,-2.808E-03,2.808E+00,2.758E+00,1.110E-01,3.196E+00
48,0.000E+00,6.434E-03,1.133E-04,0.000E+00,0.000E+00,5.859E-07,1.375E-02,2.707E-02,9.635E-01,1.648E+00,-5.187E-01,6.339E+00,2.079E+00,3.142E+00,-2.788E-03,2.610E+00,2.565E+00,8.090E-02,3.793E+00,1.667E+00,-3.493E-01,3.909E+00,2.035E+00,3.142E+00,-6.219E-03,2.814E+00,2.706E+00,1.930E-01,1.887E+00,1.613E+00,-3.889E-01,4.983E+00,2.130E+00,3.142E+00,-2.712E-03,2.823E+00,2.775E+00,1.104E-01,3.211E+00
49,0.000E+00,6.569E-03,5.742E-05,0.000E+00,0.000E+00,6.836E-07,1.414E-02,2.779E-02,9.874E-01,1.646E+00,-5.188E-01,6.282E+00,2.100E+00,3.142E+00,-3.031E-03,2.614E+00,2.566E+00,8.067E-02,3.801E+00,1.674E+00,-3.473E-01,3.807E+00,2.028E+00,3.142E+00,-6.148E-03,2.815E+00,2.708E+00,1.920E-01,1.895E+00,1.615E+00,-3.859E-01,4.900E+00,2.131E+00,3.142E+00,-2.664E-03,2.831E+00,2.783E+00,1.101E-01,3.218E+00
50,0.000E+00,6.704E-03,1.562E-06,0.000E+00,0.000E+00,7.812E-07,1.454E-02,2.851E-02,1.011E+00,1.645E+00,-5.189E-01,6.225E+00,2.120E+00,3.142E+00,-3.273E-03,2.619E+00,2.567E+00,8.045E-02,3.809E+00,1.682E+00,-3.454E-01,3.706E+00,2.021E+00,3.142E+00,-6.078E-03,2.816E+00,2.710E+00,1.910E-01,1.904E+00,1.617E+00,-3.830E-01,4.817E+00,2.132E+00,3.142E+00,-2.616E-03,2.839E+00,2.792E+00,1.098E-01,3.226E+00
51,0.000E+00,7.183E-03,1.367E-06,0.000E+00,0.000E+00,6.836E-07,1.547E-02,3.033E-02,1.077E+00,1.636E+00,-5.303E-01,6.523E+00,2.146E+00,3.142E+00,-3.185E-03,2.624E+00,2.572E+00,8.007E-02,3.824E+00,1.659E+00,-3.607E-01,4.102E+00,2.052E+00,3.142E+00,-5.210E-03,2.806E+00,2.715E+00,1.908E-01,1.906E+00,1.608E+00,-3.823E-01,4.806E+00,2.189E+00,3.142E+00,-2.530E-03,2.837E+00,2.791E+00,1.093E-01,3.237E+00
52,0.000E+00,7.661E-03,1.172E-06,0.000E+00,0.000E+00,5.859E-07,1.640E-02,3.215E-02,1.143E+00,1.627E+00,-5.417E-01,6.822E+00,2.172E+00,3.142E+00,-3.097E-03,2.628E+00,2.578E+00,7.970E-02,3.838E+00,1.639E+00,-3.761E-01,4.499E+00,2.083E+00,3.142E+00,-4.343E-03,2.796E+00,2.720E+00,1.905E-01,1.908E+00,1.598E+00,-3.817E-01,4.795E+00,2.245E+00,3.142E+00,-2.444E-03,2.834E+00,2.791E+00,1.089E-01,3.248E+00
53,0.000E+00,8.140E-03,9.766E-07,0.000E+00,0.000E+00,4.883E-07,1.733E-02,3.398E-02,1.209E+00,1.620E+00,-5.531E-01,7.120E+00,2.198E+00,3.142E+00,-3.008E-03,2.633E+00,2.584E+00,7.932E-02,3.853E+00,1.622E+00,-3.915E-01,4.895E+00,2.114E+00,3.142E+00,-3.476E-03,2.786E+00,2.725E+00,1.903E-01,1.910E+00,1.589E+00,-3.810E-01,4.784E+00,2.301E+00,3.142E+00,-2.358E-03,2.832E+00,2.790E+00,1.085E-01,3.259E+00
54,0.000E+00,8.379E-03,8.789E-07,0.000E+00,0.000E+00,4.395E-07,1.779E-02,3.489E-02,1.242E+00,1.616E+00,-5.589E-01,7.269E+00,2.211E+00,3.142E+00,-2.964E-03,2.635E+00,2.587E+00,7.914E-02,3.860E+00,1.614E+00,-3.992E-01,5.094E+00,2.130E+00,3.142E+00,-3.043E-03,2.781E+00,2.728E+00,1.901E-01,1.911E+00,1.585E+00,-3.807E-01,4.779E+00,2.330E+00,3.142E+00,-2.315E-03,2.831E+00,2.790E+00,1.083E-01,3.264E+00
55,0.000E+00,8.618E-03,7.812E-07,0.000E+00,0.000E+00,3.906E-07,1.826E-02,3.580E-02,1.275E+00,1.612E+00,-5.646E-01,7.418E+00,2.223E+00,3.142E+00,-2.920E-03,2.637E+00,2.589E+00,7.895E-02,3.867E+00,1.607E+00,-4.068E-01,5.292E+00,2.145E+00,3.142E+00,-2.609E-03,2.776E+00,2.731E+00,1.900E-01,1.912E+00,1.581E+00,-3.803E-01,4.774E+00,2.358E+00,3.142E+00,-2.272E-03,2.830E+00,2.790E+00,1.080E-01,3.270E+00
56,0.000E+00,9.097E-03,5.859E-07,0.000E+00,0.000E+00,2.930E-07,1.919E-02,3.762E-02,1.341E+00,1.605E+00,-5.760E-01,7.717E+00,2.249E+00,3.142E+00,-2.831E-03,2.641E+00,2.595E+00,7.857E-02,3.882E+00,1.593E+00,-4.222E-01,5.689E+00,2.176E+00,3.142E+00,-1.742E-03,2.766E+00,2.736E+00,1.898E-01,1.915E+00,1.572E+00,-3.797E-01,4.763E+00,2.414E+00,3.142E+00,-2.186E-03,2.828E+00,2.789E+00,1.076E-01,3.281E+00
57,0.000E+00,9.576E-03,3.906E-07,0.000E+00,0.000E+00,1.953E-07,2.012E-02,3.944E-02,1.407E+00,1.599E+00,-5.874E-01,8.015E+00,2.275E+00,3.142E+00,-2.743E-03,2.646E+00,2.601E+00,7.820E-02,3.896E+00,1.581E+00,-4.376E-01,6.085E+00,2.207E+00,3.142E+00,-8.748E-04,2.756E+00,2.741E+00,1.895E-01,1.917E+00,1.564E+00,-3.790E-01,4.752E+00,2.471E+00,3.142E+00,-2.100E-03,2.826E+00,2.789E+00,1.072E-01,3.292E+00
58,0.000E+00,1.005E-02,1.953E-07,0.000E+00,0.000E+00,9.766E-08,2.105E-02,4.127E-02,1.473E+00,1.593E+00,-5.988E-01,8.313E+00,2.301E+00,3.142E+00,-2.655E-03,2.650E+00,2.607E+00,7.782E-02,3.910E+00,1.570E+00,-4.530E-01,6.482E+00,2.238E+00,3.142E+00,-7.611E-06,2.746E+00,2.746E+00,1.892E-01,1.919E+00,1.556E+00,-3.783E-01,4.741E+00,2.527E+00,3.142E+00,-2.014E-03,2.824E+00,2.788E+00,1.067E-01,3.303E+00
59,0.000E+00,1.029E-02,9.766E-08,0.000E+00,0.000E+00,4.883E-08,2.151E-02,4.218E-02,1.506E+00,1.590E+00,-6.045E-01,8.463E+00,2.314E+00,3.142E+00,-2.611E-03,2.652E+00,2.609E+00,7.763E-02,3.918E+00,1.565E+00,-4.606E-01,6.680E+00,2.254E+00,3.142E+00,4.260E-04,2.741E+00,2.749E+00,1.891E-01,1.920E+00,1.552E+00,-3.780E-01,4.736E+00,2.556E+00,3.142E+00,-1.970E-03,2.823E+00,2.788E+00,1.065E-01,3.308E+00
60,0.000E+00,1.053E-02,0.000E+00,0.000E+00,0.000E+00,0.000E+00,2.198E-02,4.309E-02,1.538E+00,1.587E+00,-6.102E-01,8.612E+00,2.327E+00,3.142E+00,-2.566E-03,2.654E+00,2.612E+00,7.745E-02,3.925E+00,1.561E+00,-4.683E-01,6.878E+00,2.269E+00,3.142E+00,8.595E-04,2.737E+00,2.751E+00,1.890E-01,1.921E+00,1.548E+00,-3.777E-01,4.730E+00,2.584E+00,3.142E+00,-1.927E-03,2.822E+00,2.788E+00,1.063E-01,3.314E+00
61,0.000E+00,1.125E-02,0.000E+00,0.000E+00,0.000E+00,9.766E-07,2.337E-02,4.589E-02,1.638E+00,1.577E+00,-6.143E-01,8.965E+00,2.346E+00,3.142E+00,-3.319E-03,2.675E+00,2.620E+00,7.674E-02,3.954E+00,1.549E+00,-5.071E-01,8.974E+00,2.121E+00,3.142E+00,9.741E-04,2.693E+00,2.709E+00,1.900E-01,1.913E+00,1.541E+00,-3.961E-01,5.159E+00,2.558E+00,3.142E+00,-1.022E-03,2.790E+00,2.771E+00,1.059E-01,3.325E+00
62,0.000E+00,1.198E-02,0.000E+00,0.000E+00,0.000E+00,1.953E-06,2.475E-02,4.869E-02,1.738E+00,1.568E+00,-6.183E-01,9.319E+00,2.365E+00,3.142E+00,-4.072E-03,2.696E+00,2.628E+00,7.603E-02,3.983E+00,1.557E+00,-5.460E-01,1.107E+01,1.973E+00,3.142E+00,1.089E-03,2.649E+00,2.667E+00,1.910E-01,1.904E+00,1.536E+00,-4.145E-01,5.588E+00,2.532E+00,3.142E+00,-1.171E-04,2.757E+00,2.755E+00,1.055E-01,3.336E+00
63,0.000E+00,1.270E-02,0.000E+00,0.000E+00,0.000E+00,2.930E-06,2.614E-02,5.149E-02,1.838E+00,1.558E+00,-6.224E-01,9.673E+00,2.385E+00,3.142E+00,-4.824E-03,2.717E+00,2.635E+00,7.532E-02,4.012E+00,1.579E+00,-5.848E-01,1.317E+01,1.824E+00,3.142E+00,1.203E-03,2.605E+00,2.624E+00,1.921E-01,1.895E+00,1.533E+00,-4.329E-01,6.016E+00,2.506E+00,3.142E+00,7.880E-04,2.725E+00,2.738E+00,1.051E-01,3.347E+00
64,0.000E+00,1.306E-02,0.000E+00,0.000E+00,0.000E+00,3.418E-06,2.683E-02,5.289E-02,1.887E+00,1.554E+00,-6.244E-01,9.850E+00,2.395E+00,3.142E+00,-5.201E-03,2.727E+00,2.639E+00,7.496E-02,4.027E+00,1.594E+00,-6.042E-01,1.421E+01,1.750E+00,3.142E+00,1.260E-03,2.583E+00,2.603E+00,1.926E-01,1.891E+00,1.532E+00,-4.421E-01,6.231E+00,2.493E+00,3.142E+00,1.241E-03,2.709E+00,2.730E+00,1.049E-01,3.352E+00
65,0.000E+00,1.342E-02,0.000E+00,0.000E+00,0.000E+00,3.906E-06,2.752E-02,5.429E-02,1.937E+00,1.550E+00,-6.264E-01,1.003E+01,2.404E+00,3.142E+00,-5.577E-03,2.738E+00,2.643E+00,7.461E-02,4.041E+00,1.612E+00,-6.236E-01,1.526E+01,1.676E+00,3.142E+00,1.318E-03,2.561E+00,2.582E+00,1.931E-01,1.886E+00,1.532E+00,-4.513E-01,6.445E+00,2.481E+00,3.142E+00,1.693E-03,2.693E+00,2.722E+00,1.047E-01,3.358E+00
66,0.000E+00,1.437E-02,0.000E+00,0.000E+00,5.859E-07,5.859E-06,2.961E-02,5.833E-02,2.082E+00,1.504E+00,-6.634E-01,1.392E+01,2.397E+00,3.142E+00,-4.321E-03,2.692E+00,2.619E+00,7.340E-02,4.095E+00,1.573E+00,-6.203E-01,1.557E+01,1.808E+00,3.142E+00,3.397E-04,2.585E+00,2.590E+00,1.933E-01,1.885E+00,1.492E+00,-4.942E-01,8.992E+00,2.399E+00,3.142E+00,1.151E-03,2.678E+00,2.698E+00,1.043E-01,3.368E+00
67,0.000E+00,1.533E-02,0.000E+00,0.000E+00,1.172E-06,7.813E-06,3.171E-02,6.238E-02,2.226E+00,1.479E+00,-7.004E-01,1.781E+01,2.389E+00,3.142E+00,-3.065E-03,2.646E+00,2.594E+00,7.219E-02,4.149E+00,1.536E+00,-6.170E-01,1.588E+01,1.940E+00,3.142E+00,-6.382E-04,2.608E+00,2.597E+00,1.935E-01,1.883E+00,1.477E+00,-5.371E-01,1.154E+01,2.318E+00,3.142E+00,6.082E-04,2.664E+00,2.674E+00,1.039E-01,3.378E+00
68,0.000E+00,1.628E-02,0.000E+00,0.000E+00,1.758E-06,9.766E-06,3.380E-02,6.642E-02,2.371E+00,1.466E+00,-7.374E-01,2.170E+01,2.382E+00,3.142E+00,-1.810E-03,2.600E+00,2.570E+00,7.098E-02,4.203E+00,1.502E+00,-6.137E-01,1.619E+01,2.072E+00,3.142E+00,-1.616E-03,2.632E+00,2.605E+00,1.937E-01,1.882E+00,1.477E+00,-5.800E-01,1.409E+01,2.237E+00,3.142E+00,6.571E-05,2.649E+00,2.650E+00,1.036E-01,3.388E+00
69,0.000E+00,1.676E-02,0.000E+00,0.000E+00,2.051E-06,1.074E-05,3.484E-02,6.845E-02,2.443E+00,1.462E+00,-7.559E-01,2.364E+01,2.378E+00,3.142E+00,-1.182E-03,2.577E+00,2.558E+00,7.038E-02,4.230E+00,1.486E+00,-6.121E-01,1.634E+01,2.138E+00,3.142E+00,-2.105E-03,2.644E+00,2.609E+00,1.938E-01,1.881E+00,1.481E+00,-6.015E-01,1.536E+01,2.197E+00,3.142E+00,-2.055E-04,2.642E+00,2.638E+00,1.034E-01,3.393E+00
70,0.000E+00,1.724E-02,0.000E+00,0.000E+00,2.344E-06,1.172E-05,3.589E-02,7.047E-02,2.515E+00,1.460E+00,-7.744E-01,2.559E+01,2.374E+00,3.142E+00,-5.539E-04,2.555E+00,2.546E+00,6.977E-02,4.257E+00,1.471E+00,-6.104E-01,1.650E+01,2.204E+00,3.142E+00,-2.594E-03,2.656E+00,2.613E+00,1.939E-01,1.880E+00,1.487E+00,-6.230E-01,1.663E+01,2.156E+00,3.142E+00,-4.768E-04,2.634E+00,2.627E+00,1.032E-01,3.398E+00
71,0.000E+00,1.815E-02,0.000E+00,0.000E+00,1.953E-06,8.984E-06,3.765E-02,7.396E-02,2.641E+00,1.433E+00,-7.880E-01,2.891E+01,2.455E+00,3.142E+00,7.062E-04,2.571E+00,2.583E+00,6.847E-02,4.321E+00,1.424E+00,-5.851E-01,1.602E+01,2.407E+00,3.142E+00,1.795E-03,2.556E+00,2.583E+00,1.911E-01,1.903E+00,1.455E+00,-6.025E-01,1.547E+01,2.336E+00,3.142E+00,8.499E-04,2.621E+00,2.635E+00,1.012E-01,3.455E+00
72,0.000E+00,1.906E-02,0.000E+00,0.000E+00,1.562E-06,6.250E-06,3.941E-02,7.745E-02,2.766E+00,1.410E+00,-8.016E-01,3.224E+01,2.535E+00,3.142E+00,1.966E-03,2.588E+00,2.620E+00,6.716E-02,4.385E+00,1.382E+00,-5.598E-01,1.554E+01,2.610E+00,3.142E+00,6.184E-03,2.457E+00,2.553E+00,1.884E-01,1.926E+00,1.427E+00,-5.820E-01,1.431E+01,2.516E+00,3.142E+00,2.177E-03,2.607E+00,2.643E+00,9.921E-02,3.512E+00
73,0.000E+00,2.010E-02,0.000E+00,0.000E+00,5.859E-06,1.016E-05,4.157E-02,8.168E-02,2.917E+00,1.379E+00,-7.774E-01,2.883E+01,2.748E+00,3.142E+00,7.281E-04,2.586E+00,2.598E+00,6.733E-02,4.376E+00,1.360E+00,-5.703E-01,1.696E+01,2.685E+00,3.142E+00,9.438E-03,2.390E+00,2.533E+00,1.885E-01,1.926E+00,1.400E+00,-5.875E-01,1.560E+01,2.598E+00,3.142E+00,2.302E-03,2.604E+00,2.641E+00,9.853E-02,3.532E+00
74,0.000E+00,2.114E-02,0.000E+00,0.000E+00,1.016E-05,1.406E-05,4.372E-02,8.592E-02,3.069E+00,1.355E+00,-7.533E-01,2.542E+01,2.960E+00,3.142E+00,-5.100E-04,2.584E+00,2.575E+00,6.750E-02,4.367E+00,1.340E+00,-5.807E-01,1.838E+01,2.761E+00,3.142E+00,1.269E-02,2.324E+00,2.513E+00,1.885E-01,1.925E+00,1.376E+00,-5.929E-01,1.689E+01,2.679E+00,3.142E+00,2.427E-03,2.600E+00,2.639E+00,9.786E-02,3.552E+00
75,0.000E+00,2.214E-02,0.000E+00,0.000E+00,1.758E-05,2.578E-05,4.594E-02,9.019E-02,3.222E+00,1.312E+00,-7.470E-01,2.523E+01,3.269E+00,3.142E+00,5.532E-03,2.411E+00,2.489E+00,6.648E-02,4.420E+00,1.297E+00,-5.535E-01,1.628E+01,3.144E+00,3.142E+00,9.053E-03,2.354E+00,2.488E+00,1.898E-01,1.915E+00,1.357E+00,-5.837E-01,1.625E+01,2.827E+00,3.142E+00,1.972E-03,2.577E+00,2.609E+00,9.790E-02,3.551E+00
76,0.000E+00,2.315E-02,0.000E+00,0.000E+00,2.500E-05,3.750E-05,4.816E-02,9.447E-02,3.375E+00,1.274E+00,-7.406E-01,2.505E+01,3.578E+00,3.142E+00,1.157E-02,2.239E+00,2.403E+00,6.546E-02,4.472E+00,1.267E+00,-5.262E-01,1.418E+01,3.528E+00,3.142E+00,5.414E-03,2.384E+00,2.464E+00,1.910E-01,1.904E+00,1.339E+00,-5.744E-01,1.560E+01,2.976E+00,3.142E+00,1.517E-03,2.554E+00,2.578E+00,9.795E-02,3.550E+00
77,0.000E+00,2.398E-02,0.000E+00,0.000E+00,8.945E-05,9.609E-05,4.987E-02,9.792E-02,3.499E+00,1.242E+00,-7.349E-01,2.493E+01,3.861E+00,3.142E+00,1.815E-02,2.159E+00,2.411E+00,6.336E-02,4.589E+00,1.224E+00,-5.156E-01,1.419E+01,3.910E+00,3.142E+00,5.984E-03,2.304E+00,2.389E+00,1.954E-01,1.868E+00,1.300E+00,-5.625E-01,1.512E+01,3.292E+00,3.142E+00,5.825E-03,2.439E+00,2.526E+00,9.588E-02,3.615E+00
78,0.000E+00,2.482E-02,0.000E+00,0.000E+00,1.539E-04,1.547E-04,5.158E-02,1.014E-01,3.623E+00,1.213E+00,-7.293E-01,2.481E+01,4.143E+00,3.142E+00,2.472E-02,2.079E+00,2.419E+00,6.127E-02,4.705E+00,1.186E+00,-5.050E-01,1.419E+01,4.291E+00,3.142E+00,6.553E-03,2.225E+00,2.315E+00,1.997E-01,1.833E+00,1.266E+00,-5.506E-01,1.464E+01,3.608E+00,3.142E+00,1.013E-02,2.324E+00,2.474E+00,9.381E-02,3.679E+00
79,0.000E+00,2.484E-02,0.000E+00,0.000E+00,5.453E-04,4.969E-04,5.241E-02,1.026E-01,3.681E+00,1.151E+00,-7.135E-01,2.426E+01,4.852E+00,3.142E+00,2.036E-02,2.085E+00,2.362E+00,5.940E-02,4.820E+00,1.141E+00,-4.966E-01,1.463E+01,4.766E+00,3.142E+00,1.848E-02,2.054E+00,2.290E+00,1.953E-01,1.869E+00,1.227E+00,-5.453E-01,1.467E+01,3.996E+00,3.142E+00,1.327E-02,2.228E+00,2.414E+00,9.162E-02,3.754E+00
80,0.000E+00,2.487E-02,0.000E+00,0.000E+00,9.367E-04,8.391E-04,5.324E-02,1.038E-01,3.738E+00,1.101E+00,-6.977E-01,2.372E+01,5.560E+00,3.142E+00,1.601E-02,2.091E+00,2.304E+00,5.753E-02,4.936E+00,1.100E+00,-4.882E-01,1.507E+01,5.241E+00,3.142E+00,3.041E-02,1.884E+00,2.266E+00,1.910E-01,1.904E+00,1.191E+00,-5.399E-01,1.470E+01,4.384E+00,3.142E+00,1.642E-02,2.131E+00,2.355E+00,8.942E-02,3.829E+00
81,0.000E+00,2.362E-02,0.000E+00,0.000E+00,1.478E-03,1.262E-03,5.182E-02,1.007E-01,3.639E+00,1.027E+00,-6.831E-01,2.202E+01,7.172E+00,3.142E+00,4.046E-02,1.802E+00,2.276E+00,5.470E-02,5.136E+00,1.028E+00,-4.698E-01,1.442E+01,6.672E+00,3.142E+00,2.799E-02,1.860E+00,2.202E+00,1.836E-01,1.971E+00,1.128E+00,-5.316E-01,1.437E+01,5.331E+00,3.142E+00,2.658E-02,1.931E+00,2.256E+00,8.774E-02,3.891E+00
82,0.000E+00,2.237E-02,0.000E+00,0.000E+00,2.019E-03,1.684E-03,5.041E-02,9.750E-02,3.540E+00,9.764E-01,-6.685E-01,2.033E+01,8.783E+00,3.142E+00,6.490E-02,1.513E+00,2.247E+00,5.188E-02,5.336E+00,9.765E-01,-4.513E-01,1.376E+01,8.103E+00,3.142E+00,2.556E-02,1.835E+00,2.137E+00,1.763E-01,2.038E+00,1.078E+00,-5.233E-01,1.404E+01,6.277E+00,3.142E+00,3.675E-02,1.731E+00,2.156E+00,8.607E-02,3.952E+00
83,0.000E+00,1.848E-02,0.000E+00,0.000E+00,2.471E-03,2.055E-03,4.330E-02,8.306E-02,3.040E+00,8.981E-01,-6.513E-01,1.834E+01,1.252E+01,3.142E+00,7.696E-02,1.322E+00,2.083E+00,4.911E-02,5.570E+00,8.834E-01,-4.204E-01,1.195E+01,1.292E+01,3.142E+00,5.729E-02,1.482E+00,2.034E+00,1.721E-01,2.082E+00,1.018E+00,-5.087E-01,1.310E+01,7.998E+00,3.142E+00,6.288E-02,1.433E+00,2.043E+00,8.200E-02,4.121E+00
84,0.000E+00,1.459E-02,0.000E+00,0.000E+00,2.924E-03,2.425E-03,3.619E-02,6.863E-02,2.539E+00,8.561E-01,-6.340E-01,1.635E+01,1.627E+01,3.142E+00,8.901E-02,1.132E+00,1.918E+00,4.633E-02,5.804E+00,8.450E-01,-3.895E-01,1.015E+01,1.773E+01,3.142E+00,8.901E-02,1.129E+00,1.932E+00,1.678E-01,2.126E+00,9.772E-01,-4.942E-01,1.216E+01,9.719E+00,3.142E+00,8.901E-02,1.136E+00,1.930E+00,7.794E-02,4.289E+00
85,0.000E+00,9.247E-03,0.000E+00,0.000E+00,1.906E-03,1.552E-03,2.310E-02,4.368E-02,1.618E+00,7.698E-01,-5.948E-01,1.288E+01,3.251E+01,3.142E+00,0.000E+00,0.000E+00,0.000E+00,4.024E-02,6.522E+00,8.620E-01,-3.894E-01,8.892E+00,1.915E+01,3.142E+00,0.000E+00,0.000E+00,0.000E+00,1.466E-01,2.419E+00,9.112E-01,-4.740E-01,1.035E+01,1.475E+01,3.142E+00,8.901E-02,1.006E+00,1.697E+00,7.314E-02,4.531E+00
86,0.000E+00,3.902E-03,0.000E+00,0.000E+00,8.883E-04,6.789E-04,9.996E-03,1.873E-02,6.967E-01,7.736E-01,-5.556E-01,9.406E+00,4.875E+01,3.142E+00,0.000E+00,0.000E+00,0.000E+00,3.414E-02,7.240E+00,8.866E-01,-3.892E-01,7.638E+00,2.057E+01,3.142E+00,0.000E+00,0.000E+00,0.000E+00,1.254E-01,2.712E+00,8.927E-01,-4.538E-01,8.545E+00,1.978E+01,3.142E+00,8.901E-02,8.759E-01,1.464E+00,6.834E-02,4.774E+00
87,0.000E+00,1.953E-03,0.000E+00,0.000E+00,4.555E-04,3.512E-04,5.022E-03,9.402E-03,3.501E-01,7.742E-01,-6.958E-01,1.497E+01,3.128E+01,3.142E+00,0.000E+00,0.000E+00,0.000E+00,2.635E-02,9.096E+00,8.098E-01,-6.351E-01,2.611E+01,1.359E+01,3.142E+00,0.000E+00,0.000E+00,0.000E+00,1.130E-01,2.980E+00,9.562E-01,-5.570E-01,1.005E+01,1.443E+01,3.142E+00,0.000E+00,0.000E+00,0.000E+00,6.076E-02,5.305E+00
88,0.000E+00,3.906E-06,0.000E+00,0.000E+00,2.266E-05,2.344E-05,4.766E-05,7.031E-05,3.431E-03,9.159E-01,-8.360E-01,2.053E+01,1.380E+01,3.142E+00,-6.298E-01,2.507E+01,7.468E-01,1.856E-02,1.095E+01,1.024E+00,-8.811E-01,4.458E+01,6.608E+00,3.142E+00,8.900E-02,8.307E-01,1.428E+00,1.007E-01,3.247E+00,1.076E+00,-6.602E-01,1.156E+01,9.085E+00,3.142E+00,0.000E+00,0.000E+00,0.000E+00,5.319E-02,5.835E+00
89,0.000E+00,0.000E+00,0.000E+00,0.000E+00,0.000E+00,0.000E+00,0.000E+00,0.000E+00,0.000E+00,3.142E+00,0.000E+00,0.000E+00,0.000E+00,0.000E+00,0.000E+00,0.000E+00,0.000E+00,0.000E+00,0.000E+00,3.142E+00,0.000E+00,0.000E+00,0.000E+00,0.000E+00,0.000E+00,0.000E+00,0.000E+00,0.000E+00,0.000E+00,3.142E+00,0.000E+00,0.000E+00,0.000E+00,0.000E+00,0.000E+00,0.000E+00,0.000E+00,0.000E+00,0.000E+00
