alpha,He,Mn,S,Mn_1,S_1,amu/ion,phiK_Mn,phiTilt_Mn,phiM_Mn,phiN_Mn,thetaK_Mn,thetaTilt_Mn,thetaM_Mn,thetaN_Mn,energyK_Mn,energyE_Mn,phiK_S,phiTilt_S,phiM_S,phiN_S,thetaK_S,thetaTilt_S,thetaM_S,thetaN_S,energyK_S,energyE_S
0,0.000E+00,1.302E-02,0.000E+00,6.114E-02,7.391E-02,6.444E+00,1.792E+00,-5.696E-03,1.418E+00,1.407E+00,3.142E+00,-1.238E-04,2.390E+00,2.388E+00,1.521E-01,2.842E+00,1.820E+00,4.268E-02,1.183E+00,1.509E+00,3.142E+00,-1.617E-03,2.500E+00,2.475E+00,1.612E-01,2.767E+00
1,0.000E+00,1.294E-02,0.000E+00,6.157E-02,7.428E-02,6.475E+00,1.790E+00,-2.934E-02,1.582E+00,1.379E+00,3.142E+00,3.421E-04,2.381E+00,2.385E+00,1.521E-01,2.842E+00,1.803E+00,3.241E-02,1.232E+00,1.531E+00,3.142E+00,-1.614E-03,2.499E+00,2.474E+00,1.604E-01,2.779E+00
2,0.000E+00,1.287E-02,0.000E+00,6.200E-02,7.465E-02,6.506E+00,1.791E+00,-5.298E-02,1.747E+00,1.350E+00,3.142E+00,8.080E-04,2.371E+00,2.382E+00,1.521E-01,2.842E+00,1.787E+00,2.215E-02,1.281E+00,1.552E+00,3.142E+00,-1.612E-03,2.499E+00,2.474E+00,1.597E-01,2.792E+00
3,0.000E+00,1.279E-02,0.000E+00,6.243E-02,7.502E-02,6.538E+00,1.795E+00,-7.662E-02,1.911E+00,1.321E+00,3.142E+00,1.274E-03,2.361E+00,2.379E+00,1.521E-01,2.841E+00,1.771E+00,1.188E-02,1.331E+00,1.574E+00,3.142E+00,-1.609E-03,2.498E+00,2.473E+00,1.590E-01,2.804E+00
4,0.000E+00,1.275E-02,0.000E+00,6.265E-02,7.520E-02,6.553E+00,1.798E+00,-8.844E-02,1.993E+00,1.307E+00,3.142E+00,1.507E-03,2.357E+00,2.378E+00,1.521E-01,2.841E+00,1.763E+00,6.752E-03,1.355E+00,1.585E+00,3.142E+00,-1.608E-03,2.498E+00,2.473E+00,1.586E-01,2.810E+00
5,0.000E+00,1.271E-02,0.000E+00,6.286E-02,7.539E-02,6.569E+00,1.801E+00,-1.003E-01,2.075E+00,1.292E+00,3.142E+00,1.740E-03,2.352E+00,2.376E+00,1.521E-01,2.841E+00,1.755E+00,1.619E-03,1.380E+00,1.596E+00,3.142E+00,-1.607E-03,2.498E+00,2.473E+00,1.582E-01,2.816E+00
6,0.000E+00,1.263E-02,0.000E+00,6.329E-02,7.576E-02,6.600E+00,1.809E+00,-1.239E-01,2.239E+00,1.264E+00,3.142E+00,2.206E-03,2.342E+00,2.374E+00,1.521E-01,2.841E+00,1.749E+00,-8.646E-03,1.429E+00,1.617E+00,3.142E+00,-1.604E-03,2.497E+00,2.473E+00,1.575E-01,2.828E+00
7,0.000E+00,1.256E-02,0.000E+00,6.372E-02,7.613E-02,6.631E+00,1.818E+00,-1.475E-01,2.403E+00,1.235E+00,3.142E+00,2.671E-03,2.332E+00,2.371E+00,1.521E-01,2.841E+00,1.746E+00,-1.891E-02,1.478E+00,1.639E+00,3.142E+00,-1.602E-03,2.497E+00,2.472E+00,1.568E-01,2.841E+00
8,0.000E+00,1.248E-02,0.000E+00,6.415E-02,7.650E-02,6.662E+00,1.829E+00,-1.712E-01,2.567E+00,1.206E+00,3.142E+00,3.137E-03,2.323E+00,2.368E+00,1.521E-01,2.841E+00,1.742E+00,-2.918E-02,1.528E+00,1.661E+00,3.142E+00,-1.599E-03,2.496E+00,2.472E+00,1.560E-01,2.853E+00
9,0.000E+00,1.244E-02,0.000E+00,6.437E-02,7.668E-02,6.678E+00,1.835E+00,-1.830E-01,2.649E+00,1.192E+00,3.142E+00,3.370E-03,2.318E+00,2.366E+00,1.521E-01,2.841E+00,1.741E+00,-3.431E-02,1.552E+00,1.672E+00,3.142E+00,-1.598E-03,2.496E+00,2.471E+00,1.557E-01,2.859E+00
10,0.000E+00,1.240E-02,0.000E+00,6.458E-02,7.686E-02,6.694E+00,1.841E+00,-1.948E-01,2.731E+00,1.177E+00,3.142E+00,3.603E-03,2.313E+00,2.365E+00,1.522E-01,2.840E+00,1.739E+00,-3.944E-02,1.577E+00,1.682E+00,3.142E+00,-1.596E-03,2.496E+00,2.471E+00,1.553E-01,2.865E+00
11,0.000E+00,1.258E-02,0.000E+00,6.551E-02,7.795E-02,6.789E+00,1.827E+00,-1.854E-01,2.617E+00,1.240E+00,3.142E+00,3.333E-03,2.318E+00,2.366E+00,1.517E-01,2.849E+00,1.738E+00,-4.868E-02,1.627E+00,1.687E+00,3.142E+00,-1.682E-03,2.500E+00,2.475E+00,1.555E-01,2.863E+00
12,0.000E+00,1.276E-02,0.000E+00,6.643E-02,7.903E-02,6.884E+00,1.814E+00,-1.759E-01,2.503E+00,1.303E+00,3.142E+00,3.062E-03,2.323E+00,2.367E+00,1.512E-01,2.857E+00,1.737E+00,-5.792E-02,1.678E+00,1.692E+00,3.142E+00,-1.768E-03,2.505E+00,2.478E+00,1.556E-01,2.860E+00
13,0.000E+00,1.294E-02,0.000E+00,6.735E-02,8.012E-02,6.979E+00,1.803E+00,-1.665E-01,2.389E+00,1.366E+00,3.142E+00,2.791E-03,2.328E+00,2.368E+00,1.508E-01,2.865E+00,1.736E+00,-6.715E-02,1.728E+00,1.697E+00,3.142E+00,-1.853E-03,2.510E+00,2.481E+00,1.557E-01,2.858E+00
14,0.000E+00,1.303E-02,0.000E+00,6.781E-02,8.066E-02,7.027E+00,1.799E+00,-1.618E-01,2.332E+00,1.397E+00,3.142E+00,2.656E-03,2.330E+00,2.368E+00,1.505E-01,2.869E+00,1.735E+00,-7.177E-02,1.754E+00,1.700E+00,3.142E+00,-1.896E-03,2.512E+00,2.483E+00,1.558E-01,2.856E+00
15,0.000E+00,1.312E-02,0.000E+00,6.827E-02,8.120E-02,7.075E+00,1.794E+00,-1.570E-01,2.275E+00,1.428E+00,3.142E+00,2.521E-03,2.333E+00,2.369E+00,1.503E-01,2.873E+00,1.735E+00,-7.639E-02,1.779E+00,1.702E+00,3.142E+00,-1.939E-03,2.515E+00,2.485E+00,1.559E-01,2.855E+00
16,0.000E+00,1.330E-02,0.000E+00,6.919E-02,8.229E-02,7.170E+00,1.786E+00,-1.476E-01,2.160E+00,1.491E+00,3.142E+00,2.250E-03,2.338E+00,2.370E+00,1.498E-01,2.882E+00,1.734E+00,-8.563E-02,1.829E+00,1.707E+00,3.142E+00,-2.024E-03,2.519E+00,2.488E+00,1.560E-01,2.853E+00
17,0.000E+00,1.347E-02,0.000E+00,7.012E-02,8.337E-02,7.265E+00,1.780E+00,-1.382E-01,2.046E+00,1.554E+00,3.142E+00,1.980E-03,2.342E+00,2.371E+00,1.494E-01,2.890E+00,1.734E+00,-9.487E-02,1.880E+00,1.712E+00,3.142E+00,-2.110E-03,2.524E+00,2.491E+00,1.562E-01,2.850E+00
18,0.000E+00,1.365E-02,0.000E+00,7.104E-02,8.446E-02,7.360E+00,1.776E+00,-1.287E-01,1.932E+00,1.617E+00,3.142E+00,1.709E-03,2.347E+00,2.372E+00,1.489E-01,2.898E+00,1.733E+00,-1.041E-01,1.931E+00,1.717E+00,3.142E+00,-2.195E-03,2.529E+00,2.495E+00,1.563E-01,2.848E+00
19,0.000E+00,1.374E-02,0.000E+00,7.150E-02,8.500E-02,7.408E+00,1.775E+00,-1.240E-01,1.875E+00,1.648E+00,3.142E+00,1.574E-03,2.350E+00,2.372E+00,1.487E-01,2.902E+00,1.733E+00,-1.087E-01,1.956E+00,1.720E+00,3.142E+00,-2.238E-03,2.531E+00,2.496E+00,1.564E-01,2.847E+00
20,0.000E+00,1.383E-02,0.000E+00,7.196E-02,8.554E-02,7.456E+00,1.774E+00,-1.193E-01,1.818E+00,1.680E+00,3.142E+00,1.438E-03,2.352E+00,2.373E+00,1.484E-01,2.906E+00,1.733E+00,-1.133E-01,1.981E+00,1.722E+00,3.142E+00,-2.281E-03,2.534E+00,2.498E+00,1.565E-01,2.845E+00
21,0.000E+00,1.404E-02,0.000E+00,7.377E-02,8.760E-02,7.632E+00,1.771E+00,-1.328E-01,1.926E+00,1.667E+00,3.142E+00,1.169E-03,2.360E+00,2.377E+00,1.481E-01,2.913E+00,1.731E+00,-1.172E-01,2.005E+00,1.733E+00,3.142E+00,-1.907E-03,2.528E+00,2.499E+00,1.558E-01,2.858E+00
22,0.000E+00,1.425E-02,0.000E+00,7.557E-02,8.966E-02,7.809E+00,1.769E+00,-1.463E-01,2.035E+00,1.654E+00,3.142E+00,8.988E-04,2.368E+00,2.381E+00,1.477E-01,2.919E+00,1.729E+00,-1.211E-01,2.029E+00,1.744E+00,3.142E+00,-1.533E-03,2.523E+00,2.499E+00,1.551E-01,2.870E+00
23,0.000E+00,1.446E-02,0.000E+00,7.738E-02,9.172E-02,7.986E+00,1.768E+00,-1.598E-01,2.143E+00,1.641E+00,3.142E+00,6.290E-04,2.376E+00,2.385E+00,1.474E-01,2.926E+00,1.726E+00,-1.249E-01,2.053E+00,1.755E+00,3.142E+00,-1.159E-03,2.518E+00,2.500E+00,1.544E-01,2.883E+00
24,0.000E+00,1.456E-02,0.000E+00,7.828E-02,9.275E-02,8.074E+00,1.767E+00,-1.665E-01,2.197E+00,1.634E+00,3.142E+00,4.942E-04,2.380E+00,2.387E+00,1.472E-01,2.929E+00,1.725E+00,-1.269E-01,2.065E+00,1.760E+00,3.142E+00,-9.726E-04,2.516E+00,2.500E+00,1.540E-01,2.889E+00
25,0.000E+00,1.467E-02,0.000E+00,7.918E-02,9.378E-02,8.163E+00,1.767E+00,-1.732E-01,2.251E+00,1.628E+00,3.142E+00,3.593E-04,2.384E+00,2.389E+00,1.470E-01,2.932E+00,1.724E+00,-1.288E-01,2.077E+00,1.766E+00,3.142E+00,-7.857E-04,2.513E+00,2.501E+00,1.537E-01,2.895E+00
26,0.000E+00,1.488E-02,0.000E+00,8.099E-02,9.584E-02,8.339E+00,1.768E+00,-1.867E-01,2.359E+00,1.614E+00,3.142E+00,8.949E-05,2.392E+00,2.393E+00,1.467E-01,2.939E+00,1.722E+00,-1.327E-01,2.100E+00,1.777E+00,3.142E+00,-4.118E-04,2.508E+00,2.502E+00,1.530E-01,2.908E+00
27,0.000E+00,1.508E-02,0.000E+00,8.279E-02,9.791E-02,8.516E+00,1.769E+00,-2.002E-01,2.467E+00,1.601E+00,3.142E+00,-1.803E-04,2.400E+00,2.397E+00,1.463E-01,2.945E+00,1.720E+00,-1.366E-01,2.124E+00,1.787E+00,3.142E+00,-3.800E-05,2.503E+00,2.502E+00,1.523E-01,2.920E+00
28,0.000E+00,1.529E-02,0.000E+00,8.460E-02,9.997E-02,8.693E+00,1.770E+00,-2.137E-01,2.575E+00,1.588E+00,3.142E+00,-4.501E-04,2.408E+00,2.401E+00,1.460E-01,2.952E+00,1.718E+00,-1.404E-01,2.148E+00,1.798E+00,3.142E+00,3.358E-04,2.498E+00,2.503E+00,1.516E-01,2.933E+00
29,0.000E+00,1.540E-02,0.000E+00,8.550E-02,1.010E-01,8.781E+00,1.771E+00,-2.205E-01,2.629E+00,1.582E+00,3.142E+00,-5.850E-04,2.412E+00,2.403E+00,1.458E-01,2.955E+00,1.717E+00,-1.424E-01,2.160E+00,1.804E+00,3.142E+00,5.227E-04,2.495E+00,2.503E+00,1.512E-01,2.939E+00
30,0.000E+00,1.550E-02,0.000E+00,8.641E-02,1.020E-01,8.870E+00,1.772E+00,-2.272E-01,2.684E+00,1.575E+00,3.142E+00,-7.198E-04,2.416E+00,2.405E+00,1.456E-01,2.958E+00,1.716E+00,-1.443E-01,2.172E+00,1.809E+00,3.142E+00,7.097E-04,2.493E+00,2.504E+00,1.509E-01,2.945E+00
31,0.000E+00,1.613E-02,0.000E+00,9.145E-02,1.077E-01,9.363E+00,1.767E+00,-2.294E-01,2.688E+00,1.605E+00,3.142E+00,-4.531E-04,2.411E+00,2.405E+00,1.453E-01,2.965E+00,1.715E+00,-1.522E-01,2.230E+00,1.812E+00,3.142E+00,7.526E-04,2.492E+00,2.503E+00,1.509E-01,2.944E+00
32,0.000E+00,1.644E-02,0.000E+00,9.397E-02,1.105E-01,9.610E+00,1.764E+00,-2.304E-01,2.690E+00,1.620E+00,3.142E+00,-3.198E-04,2.409E+00,2.405E+00,1.451E-01,2.968E+00,1.714E+00,-1.562E-01,2.259E+00,1.813E+00,3.142E+00,7.741E-04,2.491E+00,2.503E+00,1.510E-01,2.943E+00
33,0.000E+00,1.675E-02,0.000E+00,9.650E-02,1.134E-01,9.856E+00,1.762E+00,-2.315E-01,2.692E+00,1.635E+00,3.142E+00,-1.864E-04,2.407E+00,2.404E+00,1.450E-01,2.971E+00,1.714E+00,-1.601E-01,2.288E+00,1.814E+00,3.142E+00,7.956E-04,2.491E+00,2.503E+00,1.510E-01,2.943E+00
34,0.000E+00,1.707E-02,0.000E+00,9.902E-02,1.162E-01,1.010E+01,1.759E+00,-2.326E-01,2.694E+00,1.650E+00,3.142E+00,-5.304E-05,2.405E+00,2.404E+00,1.448E-01,2.975E+00,1.713E+00,-1.641E-01,2.317E+00,1.816E+00,3.142E+00,8.171E-04,2.490E+00,2.503E+00,1.510E-01,2.942E+00
35,0.000E+00,1.738E-02,0.000E+00,1.015E-01,1.190E-01,1.035E+01,1.757E+00,-2.337E-01,2.696E+00,1.666E+00,3.142E+00,8.032E-05,2.403E+00,2.404E+00,1.446E-01,2.978E+00,1.712E+00,-1.681E-01,2.346E+00,1.817E+00,3.142E+00,8.386E-04,2.490E+00,2.503E+00,1.511E-01,2.941E+00
36,0.000E+00,1.769E-02,0.000E+00,1.041E-01,1.219E-01,1.060E+01,1.754E+00,-2.347E-01,2.698E+00,1.681E+00,3.142E+00,2.137E-04,2.401E+00,2.404E+00,1.444E-01,2.981E+00,1.712E+00,-1.720E-01,2.375E+00,1.818E+00,3.142E+00,8.601E-04,2.489E+00,2.503E+00,1.511E-01,2.941E+00
37,0.000E+00,1.801E-02,0.000E+00,1.066E-01,1.247E-01,1.084E+01,1.752E+00,-2.358E-01,2.701E+00,1.696E+00,3.142E+00,3.470E-04,2.399E+00,2.404E+00,1.443E-01,2.985E+00,1.711E+00,-1.760E-01,2.404E+00,1.819E+00,3.142E+00,8.816E-04,2.489E+00,2.502E+00,1.511E-01,2.940E+00
38,0.000E+00,1.832E-02,0.000E+00,1.091E-01,1.275E-01,1.109E+01,1.749E+00,-2.369E-01,2.703E+00,1.711E+00,3.142E+00,4.804E-04,2.397E+00,2.404E+00,1.441E-01,2.988E+00,1.711E+00,-1.799E-01,2.433E+00,1.821E+00,3.142E+00,9.031E-04,2.488E+00,2.502E+00,1.512E-01,2.940E+00
39,0.000E+00,1.863E-02,0.000E+00,1.116E-01,1.304E-01,1.134E+01,1.747E+00,-2.380E-01,2.705E+00,1.726E+00,3.142E+00,6.138E-04,2.395E+00,2.404E+00,1.439E-01,2.991E+00,1.711E+00,-1.839E-01,2.461E+00,1.822E+00,3.142E+00,9.246E-04,2.488E+00,2.502E+00,1.512E-01,2.939E+00
40,0.000E+00,1.894E-02,0.000E+00,1.142E-01,1.332E-01,1.158E+01,1.744E+00,-2.391E-01,2.707E+00,1.741E+00,3.142E+00,7.471E-04,2.392E+00,2.403E+00,1.438E-01,2.994E+00,1.710E+00,-1.879E-01,2.490E+00,1.823E+00,3.142E+00,9.460E-04,2.487E+00,2.502E+00,1.512E-01,2.938E+00
41,0.000E+00,1.926E-02,0.000E+00,1.167E-01,1.360E-01,1.183E+01,1.742E+00,-2.401E-01,2.709E+00,1.756E+00,3.142E+00,8.805E-04,2.390E+00,2.403E+00,1.436E-01,2.998E+00,1.710E+00,-1.918E-01,2.519E+00,1.825E+00,3.142E+00,9.675E-04,2.487E+00,2.502E+00,1.513E-01,2.938E+00
42,0.000E+00,1.957E-02,0.000E+00,1.192E-01,1.389E-01,1.208E+01,1.739E+00,-2.412E-01,2.711E+00,1.771E+00,3.142E+00,1.014E-03,2.388E+00,2.403E+00,1.434E-01,3.001E+00,1.710E+00,-1.958E-01,2.548E+00,1.826E+00,3.142E+00,9.890E-04,2.486E+00,2.502E+00,1.513E-01,2.937E+00
43,0.000E+00,1.988E-02,0.000E+00,1.217E-01,1.417E-01,1.232E+01,1.737E+00,-2.423E-01,2.713E+00,1.786E+00,3.142E+00,1.147E-03,2.386E+00,2.403E+00,1.433E-01,3.004E+00,1.709E+00,-1.997E-01,2.577E+00,1.827E+00,3.142E+00,1.011E-03,2.486E+00,2.502E+00,1.513E-01,2.936E+00
44,0.000E+00,2.020E-02,0.000E+00,1.242E-01,1.445E-01,1.257E+01,1.735E+00,-2.434E-01,2.715E+00,1.801E+00,3.142E+00,1.281E-03,2.384E+00,2.403E+00,1.431E-01,3.008E+00,1.709E+00,-2.037E-01,2.606E+00,1.828E+00,3.142E+00,1.032E-03,2.485E+00,2.501E+00,1.514E-01,2.936E+00
45,0.000E+00,2.051E-02,0.000E+00,1.268E-01,1.474E-01,1.282E+01,1.732E+00,-2.444E-01,2.718E+00,1.816E+00,3.142E+00,1.414E-03,2.382E+00,2.403E+00,1.429E-01,3.011E+00,1.709E+00,-2.077E-01,2.635E+00,1.830E+00,3.142E+00,1.053E-03,2.485E+00,2.501E+00,1.514E-01,2.935E+00
46,0.000E+00,2.116E-02,0.000E+00,1.321E-01,1.533E-01,1.333E+01,1.730E+00,-2.706E-01,3.086E+00,1.749E+00,3.142E+00,1.584E-03,2.382E+00,2.405E+00,1.426E-01,3.017E+00,1.703E+00,-2.011E-01,2.585E+00,1.859E+00,3.142E+00,1.207E-03,2.484E+00,2.503E+00,1.507E-01,2.949E+00
47,0.000E+00,2.181E-02,0.000E+00,1.374E-01,1.593E-01,1.385E+01,1.732E+00,-2.968E-01,3.455E+00,1.683E+00,3.142E+00,1.755E-03,2.381E+00,2.407E+00,1.422E-01,3.024E+00,1.698E+00,-1.945E-01,2.535E+00,1.889E+00,3.142E+00,1.360E-03,2.483E+00,2.504E+00,1.500E-01,2.962E+00
48,0.000E+00,2.246E-02,0.000E+00,1.427E-01,1.653E-01,1.437E+01,1.739E+00,-3.230E-01,3.823E+00,1.617E+00,3.142E+00,1.925E-03,2.381E+00,2.409E+00,1.419E-01,3.031E+00,1.693E+00,-1.879E-01,2.484E+00,1.919E+00,3.142E+00,1.513E-03,2.483E+00,2.506E+00,1.492E-01,2.975E+00
49,0.000E+00,2.279E-02,0.000E+00,1.454E-01,1.682E-01,1.463E+01,1.744E+00,-3.361E-01,4.008E+00,1.583E+00,3.142E+00,2.010E-03,2.381E+00,2.410E+00,1.417E-01,3.034E+00,1.691E+00,-1.846E-01,2.459E+00,1.934E+00,3.142E+00,1.590E-03,2.482E+00,2.507E+00,1.489E-01,2.982E+00
50,0.000E+00,2.311E-02,0.000E+00,1.480E-01,1.712E-01,1.489E+01,1.750E+00,-3.492E-01,4.192E+00,1.550E+00,3.142E+00,2.095E-03,2.381E+00,2.411E+00,1.416E-01,3.037E+00,1.689E+00,-1.813E-01,2.434E+00,1.949E+00,3.142E+00,1.666E-03,2.482E+00,2.507E+00,1.485E-01,2.989E+00
51,0.000E+00,2.406E-02,0.000E+00,1.558E-01,1.799E-01,1.565E+01,1.743E+00,-3.553E-01,4.353E+00,1.558E+00,3.142E+00,2.205E-03,2.377E+00,2.409E+00,1.417E-01,3.035E+00,1.686E+00,-1.905E-01,2.550E+00,1.930E+00,3.142E+00,2.064E-03,2.471E+00,2.502E+00,1.484E-01,2.990E+00
52,0.000E+00,2.501E-02,0.000E+00,1.635E-01,1.886E-01,1.640E+01,1.736E+00,-3.613E-01,4.513E+00,1.565E+00,3.142E+00,2.314E-03,2.373E+00,2.407E+00,1.418E-01,3.032E+00,1.683E+00,-1.997E-01,2.665E+00,1.911E+00,3.142E+00,2.462E-03,2.460E+00,2.497E+00,1.484E-01,2.992E+00
53,0.000E+00,2.596E-02,0.000E+00,1.712E-01,1.972E-01,1.715E+01,1.729E+00,-3.673E-01,4.674E+00,1.573E+00,3.142E+00,2.424E-03,2.370E+00,2.405E+00,1.420E-01,3.029E+00,1.682E+00,-2.089E-01,2.781E+00,1.893E+00,3.142E+00,2.860E-03,2.449E+00,2.492E+00,1.483E-01,2.993E+00
54,0.000E+00,2.643E-02,0.000E+00,1.751E-01,2.016E-01,1.753E+01,1.726E+00,-3.703E-01,4.754E+00,1.577E+00,3.142E+00,2.479E-03,2.368E+00,2.404E+00,1.421E-01,3.028E+00,1.681E+00,-2.135E-01,2.839E+00,1.883E+00,3.142E+00,3.059E-03,2.444E+00,2.490E+00,1.483E-01,2.994E+00
55,0.000E+00,2.690E-02,0.000E+00,1.789E-01,2.059E-01,1.791E+01,1.723E+00,-3.734E-01,4.835E+00,1.581E+00,3.142E+00,2.534E-03,2.366E+00,2.403E+00,1.421E-01,3.026E+00,1.681E+00,-2.181E-01,2.897E+00,1.874E+00,3.142E+00,3.258E-03,2.438E+00,2.487E+00,1.482E-01,2.995E+00
56,0.000E+00,2.785E-02,0.000E+00,1.866E-01,2.146E-01,1.866E+01,1.717E+00,-3.794E-01,4.995E+00,1.588E+00,3.142E+00,2.643E-03,2.363E+00,2.401E+00,1.423E-01,3.023E+00,1.680E+00,-2.273E-01,3.012E+00,1.855E+00,3.142E+00,3.655E-03,2.427E+00,2.482E+00,1.481E-01,2.996E+00
57,0.000E+00,2.880E-02,0.000E+00,1.943E-01,2.233E-01,1.942E+01,1.711E+00,-3.854E-01,5.156E+00,1.596E+00,3.142E+00,2.753E-03,2.359E+00,2.399E+00,1.424E-01,3.021E+00,1.680E+00,-2.365E-01,3.128E+00,1.837E+00,3.142E+00,4.053E-03,2.416E+00,2.477E+00,1.481E-01,2.997E+00
58,0.000E+00,2.975E-02,0.000E+00,2.021E-01,2.319E-01,2.017E+01,1.706E+00,-3.915E-01,5.316E+00,1.604E+00,3.142E+00,2.863E-03,2.355E+00,2.397E+00,1.425E-01,3.018E+00,1.681E+00,-2.457E-01,3.243E+00,1.818E+00,3.142E+00,4.451E-03,2.406E+00,2.472E+00,1.480E-01,2.999E+00
59,0.000E+00,3.022E-02,0.000E+00,2.059E-01,2.363E-01,2.055E+01,1.703E+00,-3.945E-01,5.397E+00,1.608E+00,3.142E+00,2.918E-03,2.353E+00,2.396E+00,1.426E-01,3.017E+00,1.682E+00,-2.503E-01,3.301E+00,1.809E+00,3.142E+00,4.650E-03,2.400E+00,2.470E+00,1.479E-01,3.000E+00
60,0.000E+00,3.070E-02,0.000E+00,2.098E-01,2.406E-01,2.093E+01,1.701E+00,-3.975E-01,5.477E+00,1.611E+00,3.142E+00,2.972E-03,2.352E+00,2.395E+00,1.427E-01,3.015E+00,1.682E+00,-2.549E-01,3.359E+00,1.800E+00,3.142E+00,4.849E-03,2.395E+00,2.467E+00,1.479E-01,3.000E+00
61,0.000E+00,3.211E-02,1.953E-07,2.218E-01,2.540E-01,2.209E+01,1.694E+00,-4.209E-01,6.388E+00,1.550E+00,3.142E+00,2.325E-03,2.360E+00,2.393E+00,1.419E-01,3.030E+00,1.664E+00,-2.823E-01,3.999E+00,1.751E+00,3.142E+00,3.301E-03,2.430E+00,2.479E+00,1.477E-01,3.005E+00
62,0.000E+00,3.352E-02,3.906E-07,2.338E-01,2.675E-01,2.326E+01,1.695E+00,-4.442E-01,7.299E+00,1.489E+00,3.142E+00,1.677E-03,2.368E+00,2.392E+00,1.412E-01,3.045E+00,1.655E+00,-3.096E-01,4.639E+00,1.702E+00,3.142E+00,1.754E-03,2.464E+00,2.490E+00,1.474E-01,3.010E+00
63,0.000E+00,3.493E-02,5.859E-07,2.458E-01,2.809E-01,2.443E+01,1.701E+00,-4.676E-01,8.210E+00,1.429E+00,3.142E+00,1.030E-03,2.376E+00,2.390E+00,1.405E-01,3.060E+00,1.653E+00,-3.370E-01,5.280E+00,1.654E+00,3.142E+00,2.059E-04,2.499E+00,2.502E+00,1.472E-01,3.014E+00
64,0.000E+00,3.564E-02,6.836E-07,2.518E-01,2.876E-01,2.501E+01,1.706E+00,-4.793E-01,8.665E+00,1.398E+00,3.142E+00,7.063E-04,2.379E+00,2.390E+00,1.401E-01,3.067E+00,1.654E+00,-3.507E-01,5.600E+00,1.629E+00,3.142E+00,-5.680E-04,2.517E+00,2.508E+00,1.471E-01,3.017E+00
65,0.000E+00,3.634E-02,7.812E-07,2.578E-01,2.944E-01,2.560E+01,1.712E+00,-4.910E-01,9.121E+00,1.368E+00,3.142E+00,3.825E-04,2.383E+00,2.389E+00,1.397E-01,3.074E+00,1.656E+00,-3.643E-01,5.920E+00,1.605E+00,3.142E+00,-1.342E-03,2.534E+00,2.513E+00,1.469E-01,3.019E+00
66,0.000E+00,3.830E-02,9.766E-07,2.739E-01,3.124E-01,2.717E+01,1.685E+00,-4.913E-01,9.404E+00,1.435E+00,3.142E+00,1.742E-03,2.344E+00,2.368E+00,1.401E-01,3.066E+00,1.642E+00,-3.739E-01,6.284E+00,1.629E+00,3.142E+00,-6.473E-04,2.513E+00,2.503E+00,1.460E-01,3.037E+00
67,0.000E+00,4.025E-02,1.172E-06,2.900E-01,3.304E-01,2.874E+01,1.660E+00,-4.917E-01,9.688E+00,1.503E+00,3.142E+00,3.102E-03,2.305E+00,2.348E+00,1.405E-01,3.058E+00,1.630E+00,-3.835E-01,6.648E+00,1.652E+00,3.142E+00,4.728E-05,2.492E+00,2.492E+00,1.451E-01,3.055E+00
68,0.000E+00,4.220E-02,1.367E-06,3.062E-01,3.484E-01,3.031E+01,1.635E+00,-4.920E-01,9.971E+00,1.570E+00,3.142E+00,4.462E-03,2.266E+00,2.327E+00,1.409E-01,3.051E+00,1.618E+00,-3.931E-01,7.011E+00,1.676E+00,3.142E+00,7.418E-04,2.471E+00,2.482E+00,1.442E-01,3.073E+00
69,0.000E+00,4.318E-02,1.465E-06,3.142E-01,3.574E-01,3.110E+01,1.623E+00,-4.922E-01,1.011E+01,1.604E+00,3.142E+00,5.142E-03,2.246E+00,2.317E+00,1.411E-01,3.047E+00,1.613E+00,-3.978E-01,7.193E+00,1.688E+00,3.142E+00,1.089E-03,2.460E+00,2.476E+00,1.438E-01,3.082E+00
70,0.000E+00,4.416E-02,1.562E-06,3.223E-01,3.664E-01,3.188E+01,1.612E+00,-4.924E-01,1.025E+01,1.638E+00,3.142E+00,5.822E-03,2.226E+00,2.306E+00,1.413E-01,3.043E+00,1.608E+00,-4.026E-01,7.375E+00,1.699E+00,3.142E+00,1.436E-03,2.449E+00,2.471E+00,1.433E-01,3.091E+00
71,0.000E+00,4.535E-02,1.953E-06,3.378E-01,3.831E-01,3.333E+01,1.591E+00,-4.602E-01,9.237E+00,1.725E+00,3.142E+00,4.373E-03,2.256E+00,2.316E+00,1.392E-01,3.085E+00,1.604E+00,-3.864E-01,7.009E+00,1.716E+00,3.142E+00,2.992E-03,2.433E+00,2.478E+00,1.459E-01,3.041E+00
72,0.000E+00,4.655E-02,2.344E-06,3.533E-01,3.998E-01,3.478E+01,1.575E+00,-4.279E-01,8.221E+00,1.812E+00,3.142E+00,2.925E-03,2.286E+00,2.327E+00,1.372E-01,3.127E+00,1.601E+00,-3.702E-01,6.643E+00,1.733E+00,3.142E+00,4.547E-03,2.416E+00,2.484E+00,1.484E-01,2.990E+00
73,0.000E+00,4.835E-02,1.562E-06,3.699E-01,4.184E-01,3.639E+01,1.564E+00,-4.153E-01,7.863E+00,1.869E+00,3.142E+00,1.714E-03,2.307E+00,2.331E+00,1.386E-01,3.098E+00,1.595E+00,-3.803E-01,6.978E+00,1.738E+00,3.142E+00,1.662E-03,2.476E+00,2.500E+00,1.480E-01,2.998E+00
74,0.000E+00,5.014E-02,7.812E-07,3.866E-01,4.369E-01,3.800E+01,1.555E+00,-4.027E-01,7.505E+00,1.926E+00,3.142E+00,5.032E-04,2.329E+00,2.336E+00,1.400E-01,3.068E+00,1.590E+00,-3.905E-01,7.313E+00,1.743E+00,3.142E+00,-1.223E-03,2.536E+00,2.516E+00,1.476E-01,3.006E+00
75,0.000E+00,5.255E-02,1.172E-06,4.043E-01,4.569E-01,3.975E+01,1.533E+00,-3.933E-01,7.291E+00,2.042E+00,3.142E+00,1.202E-03,2.298E+00,2.315E+00,1.396E-01,3.077E+00,1.548E+00,-3.587E-01,6.588E+00,1.959E+00,3.142E+00,1.731E-03,2.459E+00,2.484E+00,1.456E-01,3.045E+00
76,0.000E+00,5.495E-02,1.562E-06,4.221E-01,4.770E-01,4.150E+01,1.513E+00,-3.838E-01,7.077E+00,2.158E+00,3.142E+00,1.900E-03,2.267E+00,2.293E+00,1.392E-01,3.085E+00,1.515E+00,-3.269E-01,5.863E+00,2.175E+00,3.142E+00,4.685E-03,2.382E+00,2.452E+00,1.437E-01,3.084E+00
77,0.000E+00,5.488E-02,3.906E-06,4.412E-01,4.961E-01,4.316E+01,1.488E+00,-3.905E-01,7.427E+00,2.259E+00,3.142E+00,3.273E-03,2.262E+00,2.307E+00,1.383E-01,3.103E+00,1.504E+00,-3.269E-01,6.019E+00,2.202E+00,3.142E+00,4.595E-03,2.333E+00,2.400E+00,1.441E-01,3.074E+00
78,0.000E+00,5.480E-02,6.250E-06,4.604E-01,5.152E-01,4.482E+01,1.465E+00,-3.971E-01,7.776E+00,2.360E+00,3.142E+00,4.646E-03,2.256E+00,2.321E+00,1.375E-01,3.121E+00,1.493E+00,-3.270E-01,6.175E+00,2.229E+00,3.142E+00,4.506E-03,2.285E+00,2.348E+00,1.446E-01,3.065E+00
79,0.000E+00,5.653E-02,3.906E-06,4.753E-01,5.319E-01,4.627E+01,1.446E+00,-3.751E-01,7.054E+00,2.549E+00,3.142E+00,7.883E-03,2.156E+00,2.259E+00,1.342E-01,3.194E+00,1.472E+00,-3.134E-01,5.871E+00,2.382E+00,3.142E+00,5.921E-03,2.235E+00,2.317E+00,1.418E-01,3.122E+00
80,0.000E+00,5.826E-02,1.562E-06,4.902E-01,5.485E-01,4.772E+01,1.432E+00,-3.531E-01,6.333E+00,2.739E+00,3.142E+00,1.112E-02,2.055E+00,2.197E+00,1.309E-01,3.267E+00,1.455E+00,-2.997E-01,5.567E+00,2.534E+00,3.142E+00,7.336E-03,2.186E+00,2.285E+00,1.391E-01,3.180E+00
81,0.000E+00,5.839E-02,2.734E-06,4.973E-01,5.558E-01,4.835E+01,1.388E+00,-3.402E-01,6.340E+00,3.032E+00,3.142E+00,2.242E-02,1.866E+00,2.123E+00,1.289E-01,3.312E+00,1.417E+00,-2.910E-01,5.604E+00,2.762E+00,3.142E+00,7.610E-03,2.137E+00,2.237E+00,1.382E-01,3.199E+00
82,0.000E+00,5.852E-02,3.906E-06,5.044E-01,5.630E-01,4.898E+01,1.348E+00,-3.274E-01,6.348E+00,3.325E+00,3.142E+00,3.371E-02,1.677E+00,2.049E+00,1.270E-01,3.358E+00,1.382E+00,-2.823E-01,5.641E+00,2.990E+00,3.142E+00,7.883E-03,2.088E+00,2.189E+00,1.373E-01,3.218E+00
83,0.000E+00,5.558E-02,3.516E-06,4.906E-01,5.461E-01,4.751E+01,1.293E+00,-3.188E-01,6.352E+00,3.866E+00,3.142E+00,3.226E-02,1.629E+00,1.972E+00,1.251E-01,3.406E+00,1.330E+00,-2.686E-01,5.514E+00,3.474E+00,3.142E+00,1.592E-02,1.909E+00,2.090E+00,1.352E-01,3.266E+00
84,0.000E+00,5.263E-02,3.125E-06,4.767E-01,5.293E-01,4.605E+01,1.247E+00,-3.102E-01,6.356E+00,4.406E+00,3.142E+00,3.080E-02,1.581E+00,1.896E+00,1.232E-01,3.454E+00,1.286E+00,-2.549E-01,5.386E+00,3.957E+00,3.142E+00,2.396E-02,1.730E+00,1.992E+00,1.331E-01,3.313E+00
85,0.000E+00,4.385E-02,1.953E-06,4.004E-01,4.442E-01,3.865E+01,1.197E+00,-2.983E-01,6.125E+00,5.284E+00,3.142E+00,5.987E-02,1.241E+00,1.719E+00,1.177E-01,3.609E+00,1.228E+00,-2.444E-01,5.425E+00,4.689E+00,3.142E+00,5.084E-02,1.392E+00,1.836E+00,1.298E-01,3.395E+00
86,0.000E+00,3.507E-02,7.812E-07,3.240E-01,3.591E-01,3.124E+01,1.158E+00,-2.865E-01,5.893E+00,6.162E+00,3.142E+00,8.895E-02,9.019E-01,1.542E+00,1.123E-01,3.763E+00,1.179E+00,-2.339E-01,5.463E+00,5.420E+00,3.142E+00,7.772E-02,1.055E+00,1.679E+00,1.264E-01,3.477E+00
87,0.000E+00,1.827E-02,3.906E-07,1.662E-01,1.844E-01,1.605E+01,1.451E+00,-1.432E-01,2.946E+00,3.081E+00,1.571E+00,4.448E-02,4.509E-01,7.711E-01,5.613E-02,1.882E+00,1.491E+00,-1.169E-01,2.731E+00,2.710E+00,1.571E+00,3.886E-02,5.277E-01,8.397E-01,6.322E-02,1.739E+00
88,0.000E+00,1.473E-03,0.000E+00,8.375E-03,9.769E-03,8.542E-01,3.142E+00,0.000E+00,0.000E+00,0.000E+00,0.000E+00,0.000E+00,0.000E+00,0.000E+00,0.000E+00,0.000E+00,3.142E+00,0.000E+00,0.000E+00,0.000E+00,0.000E+00,0.000E+00,0.000E+00,0.000E+00,0.000E+00,0.000E+00
89,0.000E+00,0.000E+00,0.000E+00,0.000E+00,0.000E+00,0.000E+00,3.142E+00,0.000E+00,0.000E+00,0.000E+00,0.000E+00,0.000E+00,0.000E+00,0.000E+00,0.000E+00,0.000E+00,3.142E+00,0.000E+00,0.000E+00,0.000E+00,0.000E+00,0.000E+00,0.000E+00,0.000E+00,0.000E+00,0.000E+00
