alpha,He,Ca,Al,Si,O,Ca_1,O_1,Si_2,O_2,Al_3,O_3,amu/ion,phiK_Al,phiTilt_Al,phiM_Al,phiN_Al,thetaK_Al,thetaTilt_Al,thetaM_Al,thetaN_Al,energyK_Al,energyE_Al,phiK_Ca,phiTilt_Ca,phiM_Ca,phiN_Ca,thetaK_Ca,thetaTilt_Ca,thetaM_Ca,thetaN_Ca,energyK_Ca,energyE_Ca,phiK_O,phiTilt_O,phiM_O,phiN_O,thetaK_O,thetaTilt_O,thetaM_O,thetaN_O,energyK_O,energyE_O,phiK_Si,phiTilt_Si,phiM_Si,phiN_Si,thetaK_Si,thetaTilt_Si,thetaM_Si,thetaN_Si,energyK_Si,energyE_Si
0,0.000E+00,0.000E+00,0.000E+00,9.594E-03,0.000E+00,7.094E-03,9.185E-03,4.611E-03,1.683E-02,1.431E-02,3.115E-02,1.984E+00,1.813E+00,4.922E-02,1.089E+00,1.682E+00,1.814E+00,-1.268E-03,2.475E+00,2.456E+00,1.065E-01,4.117E+00,1.796E+00,-1.005E-02,1.448E+00,1.383E+00,1.784E+00,9.299E-03,2.219E+00,2.348E+00,1.345E-01,3.244E+00,1.715E+00,5.190E-03,1.553E+00,1.612E+00,1.715E+00,1.245E-03,2.582E+00,2.602E+00,1.351E-01,3.352E+00,1.830E+00,-1.092E-02,1.424E+00,1.265E+00,1.817E+00,2.717E-03,2.236E+00,2.273E+00,9.305E-02,4.662E+00
1,0.000E+00,0.000E+00,0.000E+00,9.695E-03,0.000E+00,7.168E-03,9.299E-03,4.616E-03,1.691E-02,1.444E-02,3.132E-02,1.999E+00,1.768E+00,1.805E-02,1.290E+00,1.638E+00,1.788E+00,-8.508E-04,2.465E+00,2.452E+00,1.064E-01,4.120E+00,1.779E+00,-4.656E-03,1.394E+00,1.484E+00,1.780E+00,8.626E-03,2.240E+00,2.360E+00,1.340E-01,3.255E+00,1.709E+00,-7.022E-03,1.617E+00,1.619E+00,1.703E+00,1.150E-03,2.580E+00,2.599E+00,1.348E-01,3.360E+00,1.826E+00,-4.483E-02,1.660E+00,1.240E+00,1.793E+00,2.374E-03,2.242E+00,2.274E+00,9.265E-02,4.681E+00
2,0.000E+00,0.000E+00,0.000E+00,9.795E-03,0.000E+00,7.242E-03,9.413E-03,4.620E-03,1.698E-02,1.457E-02,3.150E-02,2.014E+00,1.745E+00,-1.313E-02,1.491E+00,1.595E+00,1.762E+00,-4.332E-04,2.455E+00,2.449E+00,1.064E-01,4.123E+00,1.766E+00,7.392E-04,1.340E+00,1.585E+00,1.777E+00,7.953E-03,2.261E+00,2.372E+00,1.336E-01,3.266E+00,1.709E+00,-1.923E-02,1.680E+00,1.625E+00,1.691E+00,1.055E-03,2.578E+00,2.595E+00,1.345E-01,3.369E+00,1.827E+00,-7.874E-02,1.895E+00,1.215E+00,1.768E+00,2.031E-03,2.249E+00,2.276E+00,9.225E-02,4.700E+00
3,0.000E+00,0.000E+00,0.000E+00,9.896E-03,0.000E+00,7.316E-03,9.527E-03,4.625E-03,1.705E-02,1.470E-02,3.167E-02,2.030E+00,1.748E+00,-4.430E-02,1.692E+00,1.552E+00,1.736E+00,-1.560E-05,2.446E+00,2.445E+00,1.063E-01,4.125E+00,1.760E+00,6.134E-03,1.285E+00,1.686E+00,1.773E+00,7.280E-03,2.282E+00,2.384E+00,1.331E-01,3.277E+00,1.708E+00,-3.145E-02,1.744E+00,1.632E+00,1.678E+00,9.597E-04,2.577E+00,2.592E+00,1.341E-01,3.377E+00,1.833E+00,-1.126E-01,2.130E+00,1.190E+00,1.743E+00,1.688E-03,2.255E+00,2.278E+00,9.185E-02,4.720E+00
4,0.000E+00,0.000E+00,0.000E+00,9.947E-03,0.000E+00,7.354E-03,9.584E-03,4.627E-03,1.709E-02,1.477E-02,3.176E-02,2.037E+00,1.750E+00,-5.989E-02,1.793E+00,1.530E+00,1.723E+00,1.932E-04,2.441E+00,2.443E+00,1.062E-01,4.127E+00,1.758E+00,8.831E-03,1.258E+00,1.737E+00,1.771E+00,6.944E-03,2.292E+00,2.390E+00,1.329E-01,3.282E+00,1.709E+00,-3.755E-02,1.776E+00,1.635E+00,1.672E+00,9.121E-04,2.576E+00,2.590E+00,1.340E-01,3.381E+00,1.837E+00,-1.296E-01,2.248E+00,1.177E+00,1.731E+00,1.516E-03,2.258E+00,2.279E+00,9.165E-02,4.729E+00
5,0.000E+00,0.000E+00,0.000E+00,9.997E-03,0.000E+00,7.391E-03,9.642E-03,4.629E-03,1.712E-02,1.483E-02,3.185E-02,2.045E+00,1.754E+00,-7.547E-02,1.893E+00,1.508E+00,1.710E+00,4.020E-04,2.436E+00,2.442E+00,1.062E-01,4.128E+00,1.756E+00,1.153E-02,1.231E+00,1.787E+00,1.769E+00,6.608E-03,2.302E+00,2.395E+00,1.326E-01,3.288E+00,1.709E+00,-4.366E-02,1.808E+00,1.639E+00,1.666E+00,8.645E-04,2.575E+00,2.589E+00,1.338E-01,3.385E+00,1.842E+00,-1.466E-01,2.365E+00,1.165E+00,1.719E+00,1.344E-03,2.261E+00,2.280E+00,9.145E-02,4.739E+00
6,0.000E+00,0.000E+00,0.000E+00,1.010E-02,0.000E+00,7.465E-03,9.756E-03,4.633E-03,1.720E-02,1.496E-02,3.203E-02,2.060E+00,1.763E+00,-1.066E-01,2.095E+00,1.465E+00,1.684E+00,8.196E-04,2.426E+00,2.438E+00,1.061E-01,4.131E+00,1.754E+00,1.692E-02,1.177E+00,1.888E+00,1.765E+00,5.935E-03,2.323E+00,2.407E+00,1.322E-01,3.299E+00,1.709E+00,-5.587E-02,1.871E+00,1.645E+00,1.654E+00,7.692E-04,2.573E+00,2.586E+00,1.335E-01,3.393E+00,1.853E+00,-1.805E-01,2.601E+00,1.140E+00,1.694E+00,1.001E-03,2.268E+00,2.281E+00,9.105E-02,4.758E+00
7,0.000E+00,0.000E+00,0.000E+00,1.020E-02,0.000E+00,7.539E-03,9.870E-03,4.638E-03,1.727E-02,1.509E-02,3.220E-02,2.075E+00,1.775E+00,-1.378E-01,2.296E+00,1.421E+00,1.659E+00,1.237E-03,2.416E+00,2.435E+00,1.061E-01,4.134E+00,1.753E+00,2.232E-02,1.123E+00,1.990E+00,1.762E+00,5.262E-03,2.344E+00,2.419E+00,1.317E-01,3.310E+00,1.710E+00,-6.808E-02,1.935E+00,1.652E+00,1.642E+00,6.740E-04,2.571E+00,2.582E+00,1.331E-01,3.401E+00,1.867E+00,-2.144E-01,2.836E+00,1.115E+00,1.670E+00,6.576E-04,2.274E+00,2.283E+00,9.065E-02,4.778E+00
8,0.000E+00,0.000E+00,0.000E+00,1.030E-02,0.000E+00,7.613E-03,9.984E-03,4.642E-03,1.734E-02,1.522E-02,3.238E-02,2.091E+00,1.789E+00,-1.690E-01,2.497E+00,1.378E+00,1.633E+00,1.655E-03,2.407E+00,2.431E+00,1.060E-01,4.136E+00,1.754E+00,2.771E-02,1.069E+00,2.091E+00,1.758E+00,4.589E-03,2.365E+00,2.431E+00,1.312E-01,3.321E+00,1.710E+00,-8.029E-02,1.999E+00,1.658E+00,1.630E+00,5.787E-04,2.570E+00,2.579E+00,1.328E-01,3.409E+00,1.883E+00,-2.483E-01,3.071E+00,1.090E+00,1.645E+00,3.143E-04,2.281E+00,2.285E+00,9.025E-02,4.797E+00
9,0.000E+00,0.000E+00,0.000E+00,1.035E-02,0.000E+00,7.650E-03,1.004E-02,4.644E-03,1.738E-02,1.529E-02,3.247E-02,2.098E+00,1.797E+00,-1.846E-01,2.598E+00,1.356E+00,1.620E+00,1.864E-03,2.402E+00,2.429E+00,1.059E-01,4.138E+00,1.755E+00,3.041E-02,1.041E+00,2.141E+00,1.756E+00,4.253E-03,2.375E+00,2.437E+00,1.310E-01,3.326E+00,1.711E+00,-8.640E-02,2.031E+00,1.662E+00,1.624E+00,5.311E-04,2.569E+00,2.577E+00,1.326E-01,3.413E+00,1.892E+00,-2.652E-01,3.189E+00,1.077E+00,1.633E+00,1.426E-04,2.284E+00,2.286E+00,9.005E-02,4.807E+00
10,0.000E+00,0.000E+00,0.000E+00,1.040E-02,0.000E+00,7.688E-03,1.010E-02,4.646E-03,1.742E-02,1.535E-02,3.255E-02,2.106E+00,1.806E+00,-2.002E-01,2.698E+00,1.335E+00,1.607E+00,2.072E-03,2.397E+00,2.428E+00,1.059E-01,4.139E+00,1.756E+00,3.311E-02,1.014E+00,2.192E+00,1.754E+00,3.917E-03,2.385E+00,2.443E+00,1.307E-01,3.332E+00,1.711E+00,-9.251E-02,2.063E+00,1.665E+00,1.618E+00,4.835E-04,2.568E+00,2.576E+00,1.325E-01,3.417E+00,1.901E+00,-2.822E-01,3.306E+00,1.064E+00,1.621E+00,-2.901E-05,2.287E+00,2.287E+00,8.985E-02,4.816E+00
11,0.000E+00,0.000E+00,0.000E+00,1.049E-02,0.000E+00,7.810E-03,1.024E-02,4.851E-03,1.800E-02,1.558E-02,3.298E-02,2.144E+00,1.799E+00,-2.091E-01,2.751E+00,1.369E+00,1.595E+00,1.910E-03,2.396E+00,2.424E+00,1.057E-01,4.146E+00,1.673E+00,-1.720E-02,1.458E+00,2.088E+00,1.717E+00,3.751E-03,2.382E+00,2.437E+00,1.309E-01,3.328E+00,1.709E+00,-1.035E-01,2.136E+00,1.673E+00,1.607E+00,5.785E-04,2.568E+00,2.577E+00,1.323E-01,3.421E+00,1.889E+00,-2.932E-01,3.429E+00,1.099E+00,1.603E+00,2.090E-04,2.284E+00,2.287E+00,9.032E-02,4.794E+00
12,0.000E+00,0.000E+00,0.000E+00,1.058E-02,0.000E+00,7.933E-03,1.038E-02,5.055E-03,1.858E-02,1.581E-02,3.341E-02,2.182E+00,1.793E+00,-2.181E-01,2.804E+00,1.402E+00,1.582E+00,1.748E-03,2.395E+00,2.421E+00,1.055E-01,4.153E+00,1.656E+00,-6.751E-02,1.902E+00,1.984E+00,1.680E+00,3.585E-03,2.378E+00,2.431E+00,1.310E-01,3.325E+00,1.708E+00,-1.145E-01,2.210E+00,1.680E+00,1.596E+00,6.734E-04,2.568E+00,2.579E+00,1.321E-01,3.425E+00,1.877E+00,-3.042E-01,3.552E+00,1.133E+00,1.586E+00,4.470E-04,2.281E+00,2.287E+00,9.080E-02,4.771E+00
13,0.000E+00,0.000E+00,0.000E+00,1.067E-02,0.000E+00,8.056E-03,1.052E-02,5.260E-03,1.917E-02,1.605E-02,3.384E-02,2.220E+00,1.787E+00,-2.271E-01,2.857E+00,1.436E+00,1.570E+00,1.586E-03,2.395E+00,2.418E+00,1.053E-01,4.161E+00,1.656E+00,-1.178E-01,2.345E+00,1.880E+00,1.644E+00,3.420E-03,2.375E+00,2.425E+00,1.312E-01,3.321E+00,1.707E+00,-1.254E-01,2.283E+00,1.688E+00,1.586E+00,7.684E-04,2.568E+00,2.581E+00,1.320E-01,3.429E+00,1.866E+00,-3.152E-01,3.675E+00,1.167E+00,1.568E+00,6.849E-04,2.278E+00,2.288E+00,9.127E-02,4.748E+00
14,0.000E+00,0.000E+00,0.000E+00,1.071E-02,0.000E+00,8.117E-03,1.059E-02,5.362E-03,1.946E-02,1.616E-02,3.406E-02,2.239E+00,1.784E+00,-2.315E-01,2.884E+00,1.453E+00,1.564E+00,1.505E-03,2.394E+00,2.416E+00,1.052E-01,4.164E+00,1.660E+00,-1.430E-01,2.567E+00,1.827E+00,1.625E+00,3.337E-03,2.373E+00,2.422E+00,1.312E-01,3.320E+00,1.706E+00,-1.309E-01,2.320E+00,1.692E+00,1.580E+00,8.159E-04,2.569E+00,2.582E+00,1.319E-01,3.431E+00,1.861E+00,-3.207E-01,3.737E+00,1.184E+00,1.559E+00,8.039E-04,2.277E+00,2.288E+00,9.151E-02,4.737E+00
15,0.000E+00,0.000E+00,0.000E+00,1.076E-02,0.000E+00,8.179E-03,1.066E-02,5.464E-03,1.975E-02,1.628E-02,3.427E-02,2.257E+00,1.781E+00,-2.360E-01,2.910E+00,1.470E+00,1.558E+00,1.424E-03,2.394E+00,2.415E+00,1.051E-01,4.168E+00,1.667E+00,-1.681E-01,2.789E+00,1.775E+00,1.607E+00,3.254E-03,2.371E+00,2.419E+00,1.313E-01,3.318E+00,1.706E+00,-1.364E-01,2.357E+00,1.696E+00,1.575E+00,8.634E-04,2.569E+00,2.582E+00,1.318E-01,3.433E+00,1.855E+00,-3.262E-01,3.798E+00,1.201E+00,1.550E+00,9.229E-04,2.276E+00,2.288E+00,9.175E-02,4.725E+00
16,0.000E+00,0.000E+00,0.000E+00,1.085E-02,0.000E+00,8.302E-03,1.080E-02,5.669E-03,2.034E-02,1.651E-02,3.470E-02,2.295E+00,1.775E+00,-2.450E-01,2.964E+00,1.504E+00,1.545E+00,1.261E-03,2.393E+00,2.412E+00,1.049E-01,4.175E+00,1.689E+00,-2.184E-01,3.233E+00,1.671E+00,1.570E+00,3.088E-03,2.368E+00,2.413E+00,1.315E-01,3.314E+00,1.705E+00,-1.474E-01,2.430E+00,1.704E+00,1.564E+00,9.584E-04,2.569E+00,2.584E+00,1.317E-01,3.437E+00,1.845E+00,-3.372E-01,3.921E+00,1.235E+00,1.533E+00,1.161E-03,2.273E+00,2.289E+00,9.222E-02,4.703E+00
17,0.000E+00,0.000E+00,0.000E+00,1.094E-02,0.000E+00,8.424E-03,1.094E-02,5.873E-03,2.092E-02,1.674E-02,3.513E-02,2.333E+00,1.769E+00,-2.540E-01,3.017E+00,1.538E+00,1.533E+00,1.099E-03,2.392E+00,2.409E+00,1.047E-01,4.182E+00,1.717E+00,-2.687E-01,3.676E+00,1.567E+00,1.533E+00,2.923E-03,2.364E+00,2.407E+00,1.316E-01,3.311E+00,1.704E+00,-1.584E-01,2.504E+00,1.711E+00,1.553E+00,1.053E-03,2.569E+00,2.586E+00,1.315E-01,3.441E+00,1.835E+00,-3.483E-01,4.044E+00,1.269E+00,1.515E+00,1.399E-03,2.270E+00,2.289E+00,9.270E-02,4.680E+00
18,0.000E+00,0.000E+00,0.000E+00,1.103E-02,0.000E+00,8.547E-03,1.108E-02,6.078E-03,2.151E-02,1.697E-02,3.556E-02,2.371E+00,1.764E+00,-2.629E-01,3.070E+00,1.572E+00,1.521E+00,9.370E-04,2.392E+00,2.405E+00,1.046E-01,4.189E+00,1.752E+00,-3.191E-01,4.120E+00,1.463E+00,1.497E+00,2.757E-03,2.361E+00,2.401E+00,1.318E-01,3.308E+00,1.704E+00,-1.694E-01,2.578E+00,1.719E+00,1.543E+00,1.148E-03,2.569E+00,2.587E+00,1.313E-01,3.445E+00,1.826E+00,-3.593E-01,4.167E+00,1.304E+00,1.498E+00,1.637E-03,2.267E+00,2.290E+00,9.317E-02,4.657E+00
19,0.000E+00,0.000E+00,0.000E+00,1.107E-02,0.000E+00,8.609E-03,1.115E-02,6.180E-03,2.180E-02,1.708E-02,3.577E-02,2.390E+00,1.761E+00,-2.674E-01,3.096E+00,1.589E+00,1.514E+00,8.559E-04,2.391E+00,2.404E+00,1.045E-01,4.193E+00,1.772E+00,-3.442E-01,4.342E+00,1.411E+00,1.478E+00,2.674E-03,2.359E+00,2.398E+00,1.318E-01,3.306E+00,1.703E+00,-1.749E-01,2.614E+00,1.723E+00,1.537E+00,1.196E-03,2.569E+00,2.588E+00,1.312E-01,3.447E+00,1.821E+00,-3.648E-01,4.229E+00,1.321E+00,1.489E+00,1.756E-03,2.266E+00,2.290E+00,9.341E-02,4.646E+00
20,0.000E+00,0.000E+00,0.000E+00,1.112E-02,0.000E+00,8.670E-03,1.122E-02,6.282E-03,2.209E-02,1.720E-02,3.599E-02,2.409E+00,1.758E+00,-2.719E-01,3.123E+00,1.606E+00,1.508E+00,7.748E-04,2.391E+00,2.402E+00,1.044E-01,4.197E+00,1.793E+00,-3.694E-01,4.564E+00,1.359E+00,1.460E+00,2.591E-03,2.357E+00,2.395E+00,1.319E-01,3.304E+00,1.703E+00,-1.803E-01,2.651E+00,1.727E+00,1.532E+00,1.243E-03,2.569E+00,2.589E+00,1.312E-01,3.449E+00,1.817E+00,-3.703E-01,4.290E+00,1.338E+00,1.480E+00,1.875E-03,2.264E+00,2.290E+00,9.365E-02,4.634E+00
21,0.000E+00,0.000E+00,0.000E+00,1.141E-02,0.000E+00,8.954E-03,1.151E-02,6.514E-03,2.287E-02,1.778E-02,3.708E-02,2.485E+00,1.754E+00,-2.742E-01,3.125E+00,1.634E+00,1.503E+00,7.309E-04,2.393E+00,2.404E+00,1.038E-01,4.217E+00,1.783E+00,-3.519E-01,4.284E+00,1.409E+00,1.473E+00,2.267E-03,2.370E+00,2.403E+00,1.307E-01,3.333E+00,1.698E+00,-1.825E-01,2.669E+00,1.752E+00,1.526E+00,1.301E-03,2.575E+00,2.596E+00,1.311E-01,3.451E+00,1.813E+00,-3.637E-01,4.148E+00,1.367E+00,1.484E+00,2.254E-03,2.262E+00,2.293E+00,9.351E-02,4.641E+00
22,0.000E+00,0.000E+00,0.000E+00,1.171E-02,0.000E+00,9.238E-03,1.180E-02,6.745E-03,2.365E-02,1.836E-02,3.818E-02,2.562E+00,1.749E+00,-2.766E-01,3.128E+00,1.661E+00,1.498E+00,6.870E-04,2.396E+00,2.406E+00,1.033E-01,4.238E+00,1.774E+00,-3.344E-01,4.003E+00,1.459E+00,1.486E+00,1.943E-03,2.384E+00,2.412E+00,1.296E-01,3.362E+00,1.693E+00,-1.846E-01,2.686E+00,1.777E+00,1.520E+00,1.358E-03,2.581E+00,2.603E+00,1.310E-01,3.453E+00,1.809E+00,-3.570E-01,4.006E+00,1.395E+00,1.488E+00,2.633E-03,2.259E+00,2.295E+00,9.336E-02,4.647E+00
23,0.000E+00,0.000E+00,0.000E+00,1.200E-02,0.000E+00,9.523E-03,1.208E-02,6.977E-03,2.443E-02,1.894E-02,3.927E-02,2.638E+00,1.745E+00,-2.789E-01,3.131E+00,1.689E+00,1.492E+00,6.432E-04,2.398E+00,2.407E+00,1.028E-01,4.258E+00,1.768E+00,-3.170E-01,3.723E+00,1.509E+00,1.499E+00,1.619E-03,2.397E+00,2.420E+00,1.284E-01,3.392E+00,1.688E+00,-1.868E-01,2.703E+00,1.802E+00,1.514E+00,1.416E-03,2.587E+00,2.610E+00,1.309E-01,3.455E+00,1.806E+00,-3.504E-01,3.864E+00,1.424E+00,1.492E+00,3.012E-03,2.257E+00,2.298E+00,9.322E-02,4.654E+00
24,0.000E+00,0.000E+00,0.000E+00,1.215E-02,0.000E+00,9.665E-03,1.223E-02,7.093E-03,2.482E-02,1.923E-02,3.981E-02,2.677E+00,1.743E+00,-2.801E-01,3.132E+00,1.703E+00,1.490E+00,6.212E-04,2.399E+00,2.408E+00,1.025E-01,4.268E+00,1.765E+00,-3.083E-01,3.583E+00,1.534E+00,1.506E+00,1.457E-03,2.404E+00,2.425E+00,1.278E-01,3.406E+00,1.686E+00,-1.879E-01,2.712E+00,1.814E+00,1.511E+00,1.444E-03,2.590E+00,2.613E+00,1.309E-01,3.456E+00,1.804E+00,-3.471E-01,3.793E+00,1.439E+00,1.494E+00,3.202E-03,2.255E+00,2.299E+00,9.315E-02,4.657E+00
25,0.000E+00,0.000E+00,0.000E+00,1.230E-02,0.000E+00,9.807E-03,1.237E-02,7.209E-03,2.522E-02,1.952E-02,4.036E-02,2.715E+00,1.740E+00,-2.812E-01,3.134E+00,1.717E+00,1.487E+00,5.993E-04,2.400E+00,2.409E+00,1.023E-01,4.279E+00,1.764E+00,-2.995E-01,3.443E+00,1.559E+00,1.513E+00,1.295E-03,2.410E+00,2.429E+00,1.273E-01,3.421E+00,1.684E+00,-1.889E-01,2.721E+00,1.827E+00,1.508E+00,1.473E-03,2.593E+00,2.617E+00,1.309E-01,3.456E+00,1.803E+00,-3.438E-01,3.722E+00,1.453E+00,1.496E+00,3.392E-03,2.254E+00,2.301E+00,9.308E-02,4.661E+00
26,0.000E+00,0.000E+00,0.000E+00,1.260E-02,0.000E+00,1.009E-02,1.266E-02,7.440E-03,2.600E-02,2.010E-02,4.145E-02,2.791E+00,1.736E+00,-2.836E-01,3.137E+00,1.745E+00,1.482E+00,5.554E-04,2.402E+00,2.411E+00,1.017E-01,4.299E+00,1.762E+00,-2.821E-01,3.163E+00,1.609E+00,1.526E+00,9.708E-04,2.424E+00,2.438E+00,1.261E-01,3.450E+00,1.679E+00,-1.911E-01,2.738E+00,1.852E+00,1.502E+00,1.531E-03,2.599E+00,2.624E+00,1.308E-01,3.458E+00,1.801E+00,-3.372E-01,3.580E+00,1.482E+00,1.500E+00,3.771E-03,2.251E+00,2.303E+00,9.294E-02,4.667E+00
27,0.000E+00,0.000E+00,0.000E+00,1.289E-02,0.000E+00,1.038E-02,1.294E-02,7.672E-03,2.678E-02,2.068E-02,4.255E-02,2.868E+00,1.732E+00,-2.859E-01,3.139E+00,1.773E+00,1.477E+00,5.115E-04,2.405E+00,2.412E+00,1.012E-01,4.320E+00,1.764E+00,-2.646E-01,2.883E+00,1.659E+00,1.539E+00,6.467E-04,2.437E+00,2.446E+00,1.249E-01,3.479E+00,1.674E+00,-1.932E-01,2.756E+00,1.877E+00,1.496E+00,1.588E-03,2.605E+00,2.631E+00,1.307E-01,3.460E+00,1.800E+00,-3.306E-01,3.438E+00,1.511E+00,1.504E+00,4.150E-03,2.249E+00,2.306E+00,9.280E-02,4.674E+00
28,0.000E+00,0.000E+00,0.000E+00,1.319E-02,0.000E+00,1.066E-02,1.323E-02,7.904E-03,2.756E-02,2.127E-02,4.364E-02,2.944E+00,1.728E+00,-2.883E-01,3.142E+00,1.801E+00,1.471E+00,4.676E-04,2.407E+00,2.414E+00,1.007E-01,4.340E+00,1.769E+00,-2.472E-01,2.602E+00,1.709E+00,1.552E+00,3.226E-04,2.450E+00,2.455E+00,1.238E-01,3.508E+00,1.670E+00,-1.954E-01,2.773E+00,1.902E+00,1.490E+00,1.646E-03,2.610E+00,2.637E+00,1.307E-01,3.462E+00,1.800E+00,-3.240E-01,3.296E+00,1.540E+00,1.508E+00,4.529E-03,2.246E+00,2.309E+00,9.266E-02,4.680E+00
29,0.000E+00,0.000E+00,0.000E+00,1.334E-02,0.000E+00,1.080E-02,1.337E-02,8.019E-03,2.795E-02,2.156E-02,4.419E-02,2.982E+00,1.726E+00,-2.894E-01,3.144E+00,1.815E+00,1.469E+00,4.457E-04,2.408E+00,2.415E+00,1.004E-01,4.351E+00,1.773E+00,-2.384E-01,2.462E+00,1.734E+00,1.559E+00,1.606E-04,2.457E+00,2.459E+00,1.232E-01,3.523E+00,1.667E+00,-1.964E-01,2.782E+00,1.914E+00,1.487E+00,1.674E-03,2.613E+00,2.641E+00,1.306E-01,3.463E+00,1.800E+00,-3.207E-01,3.225E+00,1.554E+00,1.510E+00,4.719E-03,2.245E+00,2.310E+00,9.258E-02,4.684E+00
30,0.000E+00,0.000E+00,0.000E+00,1.349E-02,0.000E+00,1.094E-02,1.352E-02,8.135E-03,2.834E-02,2.185E-02,4.473E-02,3.021E+00,1.724E+00,-2.906E-01,3.145E+00,1.829E+00,1.466E+00,4.238E-04,2.409E+00,2.416E+00,1.002E-01,4.361E+00,1.778E+00,-2.297E-01,2.322E+00,1.759E+00,1.565E+00,-1.475E-06,2.463E+00,2.463E+00,1.226E-01,3.537E+00,1.665E+00,-1.975E-01,2.791E+00,1.927E+00,1.484E+00,1.703E-03,2.616E+00,2.644E+00,1.306E-01,3.464E+00,1.800E+00,-3.174E-01,3.154E+00,1.568E+00,1.512E+00,4.908E-03,2.243E+00,2.311E+00,9.251E-02,4.687E+00
31,0.000E+00,0.000E+00,0.000E+00,1.422E-02,0.000E+00,1.169E-02,1.435E-02,8.911E-03,3.072E-02,2.335E-02,4.756E-02,3.230E+00,1.723E+00,-2.952E-01,3.203E+00,1.822E+00,1.463E+00,2.879E-04,2.423E+00,2.427E+00,9.982E-02,4.375E+00,1.763E+00,-2.539E-01,2.637E+00,1.746E+00,1.543E+00,5.219E-04,2.459E+00,2.467E+00,1.220E-01,3.554E+00,1.661E+00,-1.941E-01,2.745E+00,1.963E+00,1.484E+00,1.345E-03,2.627E+00,2.649E+00,1.301E-01,3.476E+00,1.796E+00,-3.201E-01,3.164E+00,1.590E+00,1.507E+00,4.297E-03,2.269E+00,2.328E+00,9.160E-02,4.734E+00
32,0.000E+00,0.000E+00,0.000E+00,1.459E-02,0.000E+00,1.206E-02,1.476E-02,9.299E-03,3.192E-02,2.410E-02,4.897E-02,3.335E+00,1.723E+00,-2.975E-01,3.232E+00,1.819E+00,1.461E+00,2.199E-04,2.429E+00,2.433E+00,9.965E-02,4.382E+00,1.757E+00,-2.660E-01,2.795E+00,1.739E+00,1.531E+00,7.836E-04,2.456E+00,2.468E+00,1.217E-01,3.562E+00,1.659E+00,-1.925E-01,2.723E+00,1.981E+00,1.484E+00,1.167E-03,2.632E+00,2.651E+00,1.299E-01,3.483E+00,1.794E+00,-3.215E-01,3.169E+00,1.600E+00,1.505E+00,3.991E-03,2.281E+00,2.336E+00,9.115E-02,4.757E+00
33,0.000E+00,0.000E+00,0.000E+00,1.496E-02,0.000E+00,1.244E-02,1.517E-02,9.687E-03,3.311E-02,2.485E-02,5.038E-02,3.440E+00,1.723E+00,-2.998E-01,3.261E+00,1.815E+00,1.459E+00,1.520E-04,2.436E+00,2.438E+00,9.947E-02,4.390E+00,1.752E+00,-2.781E-01,2.953E+00,1.732E+00,1.520E+00,1.045E-03,2.454E+00,2.470E+00,1.214E-01,3.570E+00,1.657E+00,-1.908E-01,2.700E+00,1.999E+00,1.484E+00,9.878E-04,2.637E+00,2.653E+00,1.296E-01,3.489E+00,1.793E+00,-3.229E-01,3.174E+00,1.611E+00,1.503E+00,3.685E-03,2.294E+00,2.345E+00,9.069E-02,4.780E+00
34,0.000E+00,0.000E+00,0.000E+00,1.533E-02,0.000E+00,1.281E-02,1.559E-02,1.008E-02,3.430E-02,2.560E-02,5.179E-02,3.544E+00,1.723E+00,-3.020E-01,3.291E+00,1.812E+00,1.458E+00,8.406E-05,2.443E+00,2.444E+00,9.930E-02,4.397E+00,1.748E+00,-2.902E-01,3.110E+00,1.726E+00,1.509E+00,1.307E-03,2.452E+00,2.471E+00,1.211E-01,3.579E+00,1.655E+00,-1.891E-01,2.677E+00,2.017E+00,1.484E+00,8.090E-04,2.643E+00,2.656E+00,1.294E-01,3.495E+00,1.791E+00,-3.242E-01,3.179E+00,1.621E+00,1.500E+00,3.379E-03,2.306E+00,2.353E+00,9.023E-02,4.803E+00
35,0.000E+00,0.000E+00,0.000E+00,1.570E-02,0.000E+00,1.318E-02,1.600E-02,1.046E-02,3.549E-02,2.634E-02,5.320E-02,3.649E+00,1.723E+00,-3.043E-01,3.320E+00,1.808E+00,1.456E+00,1.612E-05,2.449E+00,2.449E+00,9.913E-02,4.404E+00,1.744E+00,-3.023E-01,3.268E+00,1.719E+00,1.497E+00,1.569E-03,2.449E+00,2.473E+00,1.208E-01,3.587E+00,1.653E+00,-1.874E-01,2.655E+00,2.035E+00,1.483E+00,6.301E-04,2.648E+00,2.658E+00,1.291E-01,3.502E+00,1.789E+00,-3.256E-01,3.184E+00,1.632E+00,1.498E+00,3.074E-03,2.319E+00,2.361E+00,8.978E-02,4.827E+00
36,0.000E+00,0.000E+00,0.000E+00,1.606E-02,0.000E+00,1.356E-02,1.642E-02,1.085E-02,3.668E-02,2.709E-02,5.462E-02,3.754E+00,1.723E+00,-3.066E-01,3.349E+00,1.805E+00,1.454E+00,-5.182E-05,2.456E+00,2.455E+00,9.896E-02,4.411E+00,1.742E+00,-3.144E-01,3.425E+00,1.713E+00,1.486E+00,1.830E-03,2.447E+00,2.475E+00,1.205E-01,3.595E+00,1.651E+00,-1.857E-01,2.632E+00,2.053E+00,1.483E+00,4.513E-04,2.653E+00,2.660E+00,1.289E-01,3.508E+00,1.787E+00,-3.270E-01,3.189E+00,1.642E+00,1.496E+00,2.768E-03,2.331E+00,2.369E+00,8.932E-02,4.850E+00
37,0.000E+00,0.000E+00,0.000E+00,1.643E-02,0.000E+00,1.393E-02,1.683E-02,1.124E-02,3.788E-02,2.784E-02,5.603E-02,3.858E+00,1.723E+00,-3.089E-01,3.378E+00,1.801E+00,1.452E+00,-1.198E-04,2.463E+00,2.461E+00,9.879E-02,4.418E+00,1.740E+00,-3.265E-01,3.583E+00,1.706E+00,1.475E+00,2.092E-03,2.445E+00,2.476E+00,1.202E-01,3.603E+00,1.649E+00,-1.840E-01,2.610E+00,2.071E+00,1.483E+00,2.725E-04,2.658E+00,2.663E+00,1.286E-01,3.515E+00,1.785E+00,-3.283E-01,3.194E+00,1.653E+00,1.493E+00,2.462E-03,2.344E+00,2.378E+00,8.887E-02,4.873E+00
38,0.000E+00,0.000E+00,0.000E+00,1.680E-02,0.000E+00,1.430E-02,1.725E-02,1.163E-02,3.907E-02,2.859E-02,5.744E-02,3.963E+00,1.723E+00,-3.112E-01,3.407E+00,1.798E+00,1.451E+00,-1.877E-04,2.469E+00,2.466E+00,9.861E-02,4.426E+00,1.739E+00,-3.386E-01,3.740E+00,1.699E+00,1.463E+00,2.354E-03,2.442E+00,2.478E+00,1.199E-01,3.612E+00,1.648E+00,-1.824E-01,2.587E+00,2.089E+00,1.483E+00,9.367E-05,2.664E+00,2.665E+00,1.284E-01,3.521E+00,1.783E+00,-3.297E-01,3.199E+00,1.663E+00,1.491E+00,2.156E-03,2.356E+00,2.386E+00,8.841E-02,4.896E+00
39,0.000E+00,0.000E+00,0.000E+00,1.717E-02,0.000E+00,1.468E-02,1.766E-02,1.202E-02,4.026E-02,2.934E-02,5.885E-02,4.068E+00,1.723E+00,-3.135E-01,3.436E+00,1.794E+00,1.449E+00,-2.556E-04,2.476E+00,2.472E+00,9.844E-02,4.433E+00,1.738E+00,-3.507E-01,3.898E+00,1.693E+00,1.452E+00,2.616E-03,2.440E+00,2.480E+00,1.196E-01,3.620E+00,1.646E+00,-1.807E-01,2.564E+00,2.107E+00,1.483E+00,-8.516E-05,2.669E+00,2.667E+00,1.281E-01,3.527E+00,1.782E+00,-3.311E-01,3.204E+00,1.674E+00,1.489E+00,1.850E-03,2.369E+00,2.394E+00,8.796E-02,4.920E+00
40,0.000E+00,0.000E+00,0.000E+00,1.754E-02,0.000E+00,1.505E-02,1.807E-02,1.240E-02,4.145E-02,3.009E-02,6.026E-02,4.173E+00,1.723E+00,-3.158E-01,3.465E+00,1.791E+00,1.447E+00,-3.236E-04,2.483E+00,2.478E+00,9.827E-02,4.440E+00,1.738E+00,-3.628E-01,4.056E+00,1.686E+00,1.441E+00,2.877E-03,2.438E+00,2.481E+00,1.193E-01,3.628E+00,1.644E+00,-1.790E-01,2.542E+00,2.125E+00,1.483E+00,-2.640E-04,2.674E+00,2.670E+00,1.279E-01,3.534E+00,1.780E+00,-3.324E-01,3.209E+00,1.684E+00,1.486E+00,1.544E-03,2.381E+00,2.403E+00,8.750E-02,4.943E+00
41,0.000E+00,0.000E+00,0.000E+00,1.791E-02,0.000E+00,1.542E-02,1.849E-02,1.279E-02,4.264E-02,3.084E-02,6.168E-02,4.277E+00,1.723E+00,-3.181E-01,3.494E+00,1.787E+00,1.446E+00,-3.915E-04,2.489E+00,2.483E+00,9.810E-02,4.447E+00,1.738E+00,-3.749E-01,4.213E+00,1.680E+00,1.429E+00,3.139E-03,2.435E+00,2.483E+00,1.190E-01,3.636E+00,1.643E+00,-1.773E-01,2.519E+00,2.143E+00,1.483E+00,-4.428E-04,2.680E+00,2.672E+00,1.277E-01,3.540E+00,1.778E+00,-3.338E-01,3.214E+00,1.695E+00,1.484E+00,1.239E-03,2.394E+00,2.411E+00,8.704E-02,4.966E+00
42,0.000E+00,0.000E+00,0.000E+00,1.828E-02,0.000E+00,1.580E-02,1.890E-02,1.318E-02,4.383E-02,3.159E-02,6.309E-02,4.382E+00,1.724E+00,-3.204E-01,3.523E+00,1.783E+00,1.444E+00,-4.595E-04,2.496E+00,2.489E+00,9.793E-02,4.454E+00,1.738E+00,-3.870E-01,4.371E+00,1.673E+00,1.418E+00,3.401E-03,2.433E+00,2.484E+00,1.188E-01,3.645E+00,1.641E+00,-1.756E-01,2.497E+00,2.161E+00,1.483E+00,-6.216E-04,2.685E+00,2.674E+00,1.274E-01,3.546E+00,1.776E+00,-3.352E-01,3.219E+00,1.705E+00,1.482E+00,9.328E-04,2.406E+00,2.419E+00,8.659E-02,4.989E+00
43,0.000E+00,0.000E+00,0.000E+00,1.864E-02,0.000E+00,1.617E-02,1.932E-02,1.357E-02,4.503E-02,3.234E-02,6.450E-02,4.487E+00,1.724E+00,-3.226E-01,3.552E+00,1.780E+00,1.442E+00,-5.274E-04,2.503E+00,2.494E+00,9.775E-02,4.461E+00,1.739E+00,-3.991E-01,4.528E+00,1.666E+00,1.407E+00,3.662E-03,2.431E+00,2.486E+00,1.185E-01,3.653E+00,1.640E+00,-1.739E-01,2.474E+00,2.180E+00,1.483E+00,-8.005E-04,2.690E+00,2.676E+00,1.272E-01,3.553E+00,1.775E+00,-3.365E-01,3.224E+00,1.716E+00,1.479E+00,6.270E-04,2.419E+00,2.427E+00,8.613E-02,5.013E+00
44,0.000E+00,0.000E+00,0.000E+00,1.901E-02,0.000E+00,1.654E-02,1.973E-02,1.396E-02,4.622E-02,3.309E-02,6.591E-02,4.592E+00,1.724E+00,-3.249E-01,3.581E+00,1.776E+00,1.441E+00,-5.953E-04,2.509E+00,2.500E+00,9.758E-02,4.469E+00,1.741E+00,-4.112E-01,4.686E+00,1.660E+00,1.395E+00,3.924E-03,2.428E+00,2.488E+00,1.182E-01,3.661E+00,1.639E+00,-1.723E-01,2.451E+00,2.198E+00,1.483E+00,-9.793E-04,2.695E+00,2.679E+00,1.269E-01,3.559E+00,1.773E+00,-3.379E-01,3.229E+00,1.726E+00,1.477E+00,3.211E-04,2.431E+00,2.436E+00,8.568E-02,5.036E+00
45,0.000E+00,0.000E+00,0.000E+00,1.938E-02,0.000E+00,1.692E-02,2.015E-02,1.434E-02,4.741E-02,3.384E-02,6.732E-02,4.696E+00,1.724E+00,-3.272E-01,3.610E+00,1.773E+00,1.439E+00,-6.633E-04,2.516E+00,2.506E+00,9.741E-02,4.476E+00,1.742E+00,-4.233E-01,4.844E+00,1.653E+00,1.384E+00,4.186E-03,2.426E+00,2.489E+00,1.179E-01,3.670E+00,1.637E+00,-1.706E-01,2.429E+00,2.216E+00,1.483E+00,-1.158E-03,2.701E+00,2.681E+00,1.267E-01,3.565E+00,1.771E+00,-3.393E-01,3.234E+00,1.737E+00,1.474E+00,1.532E-05,2.444E+00,2.444E+00,8.522E-02,5.059E+00
46,0.000E+00,0.000E+00,0.000E+00,2.035E-02,0.000E+00,1.784E-02,2.133E-02,1.532E-02,5.047E-02,3.572E-02,7.062E-02,4.959E+00,1.707E+00,-3.672E-01,4.372E+00,1.747E+00,1.398E+00,1.991E-03,2.498E+00,2.530E+00,9.804E-02,4.449E+00,1.726E+00,-4.244E-01,5.153E+00,1.659E+00,1.368E+00,6.524E-03,2.414E+00,2.514E+00,1.207E-01,3.590E+00,1.634E+00,-1.829E-01,2.574E+00,2.188E+00,1.470E+00,-8.709E-04,2.704E+00,2.689E+00,1.263E-01,3.576E+00,1.751E+00,-3.925E-01,4.265E+00,1.665E+00,1.426E+00,-1.321E-03,2.485E+00,2.465E+00,8.410E-02,5.123E+00
47,0.000E+00,0.000E+00,0.000E+00,2.083E-02,0.000E+00,1.830E-02,2.192E-02,1.581E-02,5.201E-02,3.666E-02,7.227E-02,5.090E+00,1.702E+00,-3.872E-01,4.753E+00,1.734E+00,1.378E+00,3.318E-03,2.490E+00,2.542E+00,9.835E-02,4.436E+00,1.718E+00,-4.249E-01,5.308E+00,1.661E+00,1.360E+00,7.692E-03,2.409E+00,2.526E+00,1.222E-01,3.550E+00,1.633E+00,-1.890E-01,2.647E+00,2.175E+00,1.464E+00,-7.272E-04,2.706E+00,2.694E+00,1.261E-01,3.581E+00,1.748E+00,-4.191E-01,4.781E+00,1.630E+00,1.401E+00,-1.989E-03,2.506E+00,2.476E+00,8.354E-02,5.154E+00
48,0.000E+00,0.000E+00,0.000E+00,2.132E-02,0.000E+00,1.876E-02,2.251E-02,1.629E-02,5.354E-02,3.760E-02,7.391E-02,5.222E+00,1.700E+00,-4.072E-01,5.134E+00,1.721E+00,1.358E+00,4.645E-03,2.481E+00,2.554E+00,9.866E-02,4.423E+00,1.710E+00,-4.254E-01,5.463E+00,1.664E+00,1.352E+00,8.861E-03,2.403E+00,2.538E+00,1.236E-01,3.510E+00,1.632E+00,-1.951E-01,2.719E+00,2.161E+00,1.457E+00,-5.836E-04,2.708E+00,2.698E+00,1.259E-01,3.587E+00,1.750E+00,-4.458E-01,5.296E+00,1.594E+00,1.377E+00,-2.657E-03,2.527E+00,2.486E+00,8.297E-02,5.186E+00
49,0.000E+00,0.000E+00,0.000E+00,2.247E-02,0.000E+00,1.974E-02,2.361E-02,1.720E-02,5.613E-02,3.952E-02,7.822E-02,5.499E+00,1.692E+00,-4.145E-01,5.358E+00,1.731E+00,1.346E+00,2.888E-03,2.501E+00,2.546E+00,9.830E-02,4.438E+00,1.679E+00,-5.356E-01,1.059E+01,1.479E+00,1.292E+00,4.043E-03,2.470E+00,2.532E+00,1.236E-01,3.510E+00,1.638E+00,-2.320E-01,3.229E+00,1.995E+00,1.438E+00,-1.531E-04,2.711E+00,2.708E+00,1.258E-01,3.588E+00,1.769E+00,-5.071E-01,6.780E+00,1.457E+00,1.357E+00,-1.096E-03,2.463E+00,2.446E+00,8.410E-02,5.122E+00
50,0.000E+00,0.000E+00,0.000E+00,2.304E-02,0.000E+00,2.023E-02,2.417E-02,1.766E-02,5.743E-02,4.049E-02,8.037E-02,5.638E+00,1.688E+00,-4.181E-01,5.470E+00,1.736E+00,1.340E+00,2.010E-03,2.511E+00,2.543E+00,9.812E-02,4.446E+00,1.700E+00,-5.907E-01,1.315E+01,1.386E+00,1.262E+00,1.633E-03,2.504E+00,2.529E+00,1.236E-01,3.510E+00,1.646E+00,-2.504E-01,3.484E+00,1.912E+00,1.429E+00,6.216E-05,2.712E+00,2.713E+00,1.258E-01,3.589E+00,1.787E+00,-5.377E-01,7.521E+00,1.388E+00,1.347E+00,-3.151E-04,2.432E+00,2.427E+00,8.467E-02,5.091E+00
51,0.000E+00,0.000E+00,0.000E+00,2.361E-02,0.000E+00,2.072E-02,2.472E-02,1.811E-02,5.873E-02,4.145E-02,8.252E-02,5.776E+00,1.684E+00,-4.217E-01,5.583E+00,1.742E+00,1.335E+00,1.132E-03,2.521E+00,2.539E+00,9.794E-02,4.453E+00,1.735E+00,-6.458E-01,1.572E+01,1.294E+00,1.232E+00,-7.760E-04,2.538E+00,2.526E+00,1.236E-01,3.510E+00,1.657E+00,-2.688E-01,3.739E+00,1.829E+00,1.419E+00,2.774E-04,2.714E+00,2.719E+00,1.258E-01,3.590E+00,1.809E+00,-5.684E-01,8.263E+00,1.319E+00,1.337E+00,4.653E-04,2.400E+00,2.407E+00,8.523E-02,5.059E+00
52,0.000E+00,0.000E+00,0.000E+00,2.467E-02,0.000E+00,2.201E-02,2.615E-02,1.961E-02,6.349E-02,4.409E-02,8.677E-02,6.138E+00,1.653E+00,-3.939E-01,5.261E+00,1.863E+00,1.330E+00,-5.963E-04,2.577E+00,2.567E+00,9.591E-02,4.543E+00,1.726E+00,-6.765E-01,1.947E+01,1.264E+00,1.211E+00,7.063E-04,2.501E+00,2.511E+00,1.219E-01,3.558E+00,1.655E+00,-2.845E-01,4.040E+00,1.793E+00,1.406E+00,-3.494E-06,2.707E+00,2.707E+00,1.255E-01,3.597E+00,1.771E+00,-5.743E-01,9.213E+00,1.372E+00,1.305E+00,1.631E-03,2.380E+00,2.404E+00,8.371E-02,5.145E+00
53,0.000E+00,0.000E+00,0.000E+00,2.520E-02,0.000E+00,2.265E-02,2.686E-02,2.036E-02,6.587E-02,4.541E-02,8.889E-02,6.318E+00,1.639E+00,-3.800E-01,5.100E+00,1.923E+00,1.328E+00,-1.460E-03,2.605E+00,2.581E+00,9.490E-02,4.588E+00,1.726E+00,-6.919E-01,2.135E+01,1.250E+00,1.201E+00,1.447E-03,2.482E+00,2.504E+00,1.210E-01,3.582E+00,1.654E+00,-2.923E-01,4.190E+00,1.774E+00,1.400E+00,-1.440E-04,2.703E+00,2.701E+00,1.254E-01,3.600E+00,1.754E+00,-5.773E-01,9.688E+00,1.398E+00,1.289E+00,2.214E-03,2.371E+00,2.403E+00,8.295E-02,5.188E+00
54,0.000E+00,0.000E+00,0.000E+00,2.573E-02,0.000E+00,2.329E-02,2.758E-02,2.110E-02,6.825E-02,4.673E-02,9.101E-02,6.499E+00,1.625E+00,-3.661E-01,4.939E+00,1.984E+00,1.326E+00,-2.324E-03,2.633E+00,2.595E+00,9.389E-02,4.632E+00,1.728E+00,-7.073E-01,2.322E+01,1.235E+00,1.191E+00,2.189E-03,2.463E+00,2.497E+00,1.201E-01,3.606E+00,1.654E+00,-3.001E-01,4.341E+00,1.756E+00,1.394E+00,-2.844E-04,2.700E+00,2.695E+00,1.253E-01,3.604E+00,1.737E+00,-5.802E-01,1.016E+01,1.425E+00,1.273E+00,2.796E-03,2.361E+00,2.402E+00,8.220E-02,5.232E+00
55,0.000E+00,0.000E+00,0.000E+00,2.711E-02,0.000E+00,2.484E-02,2.932E-02,2.272E-02,7.310E-02,4.967E-02,9.640E-02,6.916E+00,1.642E+00,-4.330E-01,6.699E+00,1.757E+00,1.306E+00,-1.228E-03,2.595E+00,2.575E+00,9.583E-02,4.546E+00,1.676E+00,-6.445E-01,1.859E+01,1.368E+00,1.196E+00,3.148E-03,2.483E+00,2.532E+00,1.194E-01,3.626E+00,1.641E+00,-3.059E-01,4.523E+00,1.790E+00,1.378E+00,-5.302E-05,2.692E+00,2.691E+00,1.235E-01,3.654E+00,1.731E+00,-6.101E-01,1.264E+01,1.362E+00,1.254E+00,1.769E-03,2.373E+00,2.398E+00,8.214E-02,5.235E+00
56,0.000E+00,0.000E+00,0.000E+00,2.779E-02,0.000E+00,2.562E-02,3.019E-02,2.353E-02,7.553E-02,5.114E-02,9.909E-02,7.125E+00,1.663E+00,-4.664E-01,7.578E+00,1.644E+00,1.296E+00,-6.800E-04,2.576E+00,2.565E+00,9.680E-02,4.503E+00,1.658E+00,-6.131E-01,1.627E+01,1.435E+00,1.199E+00,3.628E-03,2.493E+00,2.550E+00,1.190E-01,3.636E+00,1.634E+00,-3.088E-01,4.614E+00,1.806E+00,1.370E+00,6.268E-05,2.688E+00,2.689E+00,1.226E-01,3.679E+00,1.733E+00,-6.250E-01,1.387E+01,1.330E+00,1.245E+00,1.255E-03,2.378E+00,2.397E+00,8.211E-02,5.237E+00
57,0.000E+00,0.000E+00,0.000E+00,2.848E-02,0.000E+00,2.640E-02,3.106E-02,2.434E-02,7.796E-02,5.261E-02,1.018E-01,7.334E+00,1.690E+00,-4.999E-01,8.458E+00,1.530E+00,1.286E+00,-1.319E-04,2.557E+00,2.555E+00,9.778E-02,4.460E+00,1.647E+00,-5.816E-01,1.395E+01,1.502E+00,1.202E+00,4.107E-03,2.503E+00,2.567E+00,1.187E-01,3.647E+00,1.628E+00,-3.117E-01,4.705E+00,1.823E+00,1.362E+00,1.784E-04,2.685E+00,2.688E+00,1.217E-01,3.704E+00,1.737E+00,-6.399E-01,1.511E+01,1.299E+00,1.236E+00,7.411E-04,2.384E+00,2.395E+00,8.208E-02,5.239E+00
58,0.000E+00,0.000E+00,0.000E+00,3.037E-02,3.906E-07,2.806E-02,3.293E-02,2.564E-02,8.201E-02,5.598E-02,1.088E-01,7.788E+00,1.668E+00,-5.448E-01,1.158E+01,1.473E+00,1.250E+00,1.154E-03,2.529E+00,2.546E+00,9.603E-02,4.537E+00,1.635E+00,-6.120E-01,1.672E+01,1.492E+00,1.179E+00,4.550E-03,2.437E+00,2.506E+00,1.207E-01,3.589E+00,1.625E+00,-3.561E-01,5.946E+00,1.702E+00,1.335E+00,8.045E-04,2.671E+00,2.685E+00,1.233E-01,3.658E+00,1.727E+00,-6.321E-01,1.525E+01,1.306E+00,1.232E+00,1.949E-03,2.377E+00,2.406E+00,8.249E-02,5.215E+00
59,0.000E+00,0.000E+00,0.000E+00,3.132E-02,5.859E-07,2.889E-02,3.387E-02,2.629E-02,8.403E-02,5.767E-02,1.123E-01,8.015E+00,1.666E+00,-5.672E-01,1.314E+01,1.444E+00,1.231E+00,1.797E-03,2.514E+00,2.542E+00,9.516E-02,4.576E+00,1.632E+00,-6.272E-01,1.811E+01,1.487E+00,1.168E+00,4.771E-03,2.404E+00,2.475E+00,1.218E-01,3.560E+00,1.631E+00,-3.782E-01,6.567E+00,1.642E+00,1.322E+00,1.118E-03,2.665E+00,2.683E+00,1.242E-01,3.634E+00,1.722E+00,-6.281E-01,1.532E+01,1.310E+00,1.230E+00,2.553E-03,2.374E+00,2.411E+00,8.270E-02,5.202E+00
60,0.000E+00,0.000E+00,0.000E+00,3.226E-02,7.812E-07,2.972E-02,3.481E-02,2.695E-02,8.606E-02,5.935E-02,1.158E-01,8.242E+00,1.668E+00,-5.896E-01,1.470E+01,1.415E+00,1.213E+00,2.440E-03,2.500E+00,2.538E+00,9.429E-02,4.614E+00,1.631E+00,-6.424E-01,1.949E+01,1.482E+00,1.156E+00,4.992E-03,2.371E+00,2.444E+00,1.228E-01,3.531E+00,1.640E+00,-4.004E-01,7.187E+00,1.581E+00,1.309E+00,1.431E-03,2.658E+00,2.682E+00,1.250E-01,3.611E+00,1.716E+00,-6.242E-01,1.539E+01,1.313E+00,1.229E+00,3.156E-03,2.370E+00,2.416E+00,8.290E-02,5.190E+00
61,0.000E+00,0.000E+00,0.000E+00,3.438E-02,3.906E-07,3.193E-02,3.722E-02,2.924E-02,9.290E-02,6.373E-02,1.240E-01,8.851E+00,1.648E+00,-5.853E-01,1.517E+01,1.448E+00,1.201E+00,2.170E-03,2.517E+00,2.551E+00,9.543E-02,4.563E+00,1.596E+00,-5.965E-01,1.612E+01,1.621E+00,1.162E+00,5.041E-03,2.361E+00,2.435E+00,1.219E-01,3.555E+00,1.629E+00,-3.818E-01,6.778E+00,1.628E+00,1.313E+00,1.838E-04,2.695E+00,2.698E+00,1.250E-01,3.612E+00,1.709E+00,-6.134E-01,1.487E+01,1.334E+00,1.230E+00,1.868E-03,2.381E+00,2.409E+00,8.334E-02,5.165E+00
62,0.000E+00,0.000E+00,0.000E+00,3.545E-02,1.953E-07,3.303E-02,3.842E-02,3.038E-02,9.632E-02,6.593E-02,1.281E-01,9.156E+00,1.639E+00,-5.832E-01,1.541E+01,1.464E+00,1.195E+00,2.035E-03,2.526E+00,2.558E+00,9.599E-02,4.538E+00,1.584E+00,-5.735E-01,1.444E+01,1.691E+00,1.164E+00,5.066E-03,2.356E+00,2.430E+00,1.215E-01,3.567E+00,1.624E+00,-3.725E-01,6.574E+00,1.652E+00,1.316E+00,-4.397E-04,2.713E+00,2.706E+00,1.250E-01,3.612E+00,1.705E+00,-6.080E-01,1.461E+01,1.344E+00,1.230E+00,1.223E-03,2.387E+00,2.405E+00,8.356E-02,5.152E+00
63,0.000E+00,0.000E+00,0.000E+00,3.651E-02,0.000E+00,3.413E-02,3.963E-02,3.153E-02,9.974E-02,6.812E-02,1.321E-01,9.461E+00,1.629E+00,-5.810E-01,1.565E+01,1.480E+00,1.189E+00,1.899E-03,2.534E+00,2.564E+00,9.656E-02,4.513E+00,1.576E+00,-5.506E-01,1.275E+01,1.761E+00,1.167E+00,5.091E-03,2.351E+00,2.425E+00,1.210E-01,3.580E+00,1.619E+00,-3.632E-01,6.369E+00,1.675E+00,1.318E+00,-1.063E-03,2.732E+00,2.714E+00,1.249E-01,3.612E+00,1.701E+00,-6.025E-01,1.435E+01,1.355E+00,1.231E+00,5.787E-04,2.392E+00,2.401E+00,8.379E-02,5.140E+00
64,0.000E+00,0.000E+00,0.000E+00,3.864E-02,3.906E-07,3.660E-02,4.216E-02,3.447E-02,1.085E-01,7.318E-02,1.416E-01,1.017E+01,1.601E+00,-5.498E-01,1.392E+01,1.587E+00,1.188E+00,2.579E-03,2.506E+00,2.546E+00,9.624E-02,4.527E+00,1.557E+00,-5.233E-01,1.209E+01,1.811E+00,1.169E+00,1.490E-03,2.432E+00,2.453E+00,1.202E-01,3.602E+00,1.608E+00,-3.871E-01,7.370E+00,1.647E+00,1.294E+00,-2.176E-04,2.703E+00,2.699E+00,1.244E-01,3.628E+00,1.638E+00,-5.658E-01,1.307E+01,1.542E+00,1.209E+00,-4.342E-05,2.441E+00,2.441E+00,8.244E-02,5.219E+00
65,0.000E+00,0.000E+00,0.000E+00,3.971E-02,5.859E-07,3.784E-02,4.343E-02,3.594E-02,1.129E-01,7.572E-02,1.463E-01,1.053E+01,1.589E+00,-5.342E-01,1.305E+01,1.641E+00,1.188E+00,2.919E-03,2.491E+00,2.537E+00,9.607E-02,4.534E+00,1.547E+00,-5.097E-01,1.175E+01,1.836E+00,1.170E+00,-3.101E-04,2.473E+00,2.467E+00,1.198E-01,3.614E+00,1.604E+00,-3.990E-01,7.871E+00,1.633E+00,1.282E+00,2.052E-04,2.689E+00,2.692E+00,1.241E-01,3.636E+00,1.610E+00,-5.475E-01,1.243E+01,1.636E+00,1.198E+00,-3.545E-04,2.466E+00,2.460E+00,8.177E-02,5.258E+00
66,0.000E+00,0.000E+00,0.000E+00,4.078E-02,7.812E-07,3.908E-02,4.469E-02,3.742E-02,1.173E-01,7.825E-02,1.510E-01,1.088E+01,1.579E+00,-5.186E-01,1.219E+01,1.694E+00,1.187E+00,3.259E-03,2.477E+00,2.528E+00,9.591E-02,4.541E+00,1.538E+00,-4.961E-01,1.142E+01,1.861E+00,1.172E+00,-2.110E-03,2.514E+00,2.481E+00,1.194E-01,3.625E+00,1.602E+00,-4.109E-01,8.371E+00,1.619E+00,1.271E+00,6.280E-04,2.675E+00,2.685E+00,1.238E-01,3.644E+00,1.585E+00,-5.291E-01,1.179E+01,1.730E+00,1.188E+00,-6.656E-04,2.490E+00,2.480E+00,8.109E-02,5.298E+00
67,0.000E+00,0.000E+00,0.000E+00,4.385E-02,3.906E-07,4.213E-02,4.813E-02,4.040E-02,1.265E-01,8.424E-02,1.623E-01,1.172E+01,1.571E+00,-5.009E-01,1.131E+01,1.742E+00,1.192E+00,2.568E-03,2.478E+00,2.518E+00,9.583E-02,4.545E+00,1.495E+00,-4.927E-01,1.180E+01,2.023E+00,1.141E+00,-5.967E-04,2.502E+00,2.493E+00,1.194E-01,3.626E+00,1.584E+00,-3.886E-01,7.778E+00,1.698E+00,1.272E+00,5.697E-04,2.672E+00,2.682E+00,1.241E-01,3.637E+00,1.567E+00,-5.197E-01,1.159E+01,1.795E+00,1.179E+00,-9.566E-05,2.447E+00,2.445E+00,8.126E-02,5.288E+00
68,0.000E+00,0.000E+00,0.000E+00,4.539E-02,1.953E-07,4.366E-02,4.985E-02,4.189E-02,1.310E-01,8.723E-02,1.679E-01,1.214E+01,1.568E+00,-4.921E-01,1.088E+01,1.766E+00,1.195E+00,2.223E-03,2.478E+00,2.512E+00,9.579E-02,4.547E+00,1.475E+00,-4.910E-01,1.198E+01,2.104E+00,1.126E+00,1.601E-04,2.497E+00,2.499E+00,1.193E-01,3.627E+00,1.576E+00,-3.775E-01,7.482E+00,1.738E+00,1.272E+00,5.405E-04,2.671E+00,2.680E+00,1.242E-01,3.633E+00,1.558E+00,-5.150E-01,1.149E+01,1.827E+00,1.175E+00,1.893E-04,2.425E+00,2.428E+00,8.134E-02,5.283E+00
69,0.000E+00,0.000E+00,0.000E+00,4.692E-02,0.000E+00,4.518E-02,5.157E-02,4.338E-02,1.356E-01,9.023E-02,1.736E-01,1.255E+01,1.565E+00,-4.832E-01,1.044E+01,1.789E+00,1.198E+00,1.878E-03,2.478E+00,2.507E+00,9.574E-02,4.549E+00,1.456E+00,-4.893E-01,1.217E+01,2.185E+00,1.110E+00,9.170E-04,2.491E+00,2.505E+00,1.193E-01,3.628E+00,1.569E+00,-3.663E-01,7.185E+00,1.777E+00,1.273E+00,5.114E-04,2.669E+00,2.678E+00,1.243E-01,3.630E+00,1.550E+00,-5.103E-01,1.140E+01,1.859E+00,1.171E+00,4.743E-04,2.403E+00,2.410E+00,8.143E-02,5.278E+00
70,0.000E+00,0.000E+00,0.000E+00,4.999E-02,0.000E+00,4.883E-02,5.552E-02,4.770E-02,1.480E-01,9.762E-02,1.864E-01,1.357E+01,1.533E+00,-4.615E-01,9.914E+00,1.917E+00,1.187E+00,2.230E-03,2.471E+00,2.505E+00,9.542E-02,4.563E+00,1.453E+00,-4.785E-01,1.176E+01,2.200E+00,1.114E+00,1.276E-03,2.521E+00,2.541E+00,1.196E-01,3.620E+00,1.549E+00,-3.687E-01,7.488E+00,1.832E+00,1.255E+00,9.970E-04,2.638E+00,2.654E+00,1.246E-01,3.622E+00,1.554E+00,-4.969E-01,1.072E+01,1.857E+00,1.182E+00,1.533E-03,2.353E+00,2.375E+00,8.315E-02,5.178E+00
71,0.000E+00,0.000E+00,0.000E+00,5.153E-02,0.000E+00,5.066E-02,5.750E-02,4.986E-02,1.542E-01,1.013E-01,1.928E-01,1.408E+01,1.519E+00,-4.506E-01,9.649E+00,1.981E+00,1.182E+00,2.407E-03,2.467E+00,2.504E+00,9.525E-02,4.570E+00,1.452E+00,-4.731E-01,1.155E+01,2.208E+00,1.116E+00,1.456E-03,2.536E+00,2.559E+00,1.197E-01,3.616E+00,1.539E+00,-3.698E-01,7.639E+00,1.859E+00,1.247E+00,1.240E-03,2.622E+00,2.643E+00,1.247E-01,3.618E+00,1.557E+00,-4.903E-01,1.038E+01,1.855E+00,1.188E+00,2.063E-03,2.328E+00,2.357E+00,8.401E-02,5.128E+00
72,0.000E+00,0.000E+00,0.000E+00,5.306E-02,0.000E+00,5.249E-02,5.947E-02,5.203E-02,1.604E-01,1.050E-01,1.992E-01,1.459E+01,1.505E+00,-4.397E-01,9.385E+00,2.045E+00,1.176E+00,2.583E-03,2.463E+00,2.503E+00,9.509E-02,4.578E+00,1.451E+00,-4.677E-01,1.134E+01,2.216E+00,1.118E+00,1.635E-03,2.551E+00,2.577E+00,1.199E-01,3.612E+00,1.529E+00,-3.710E-01,7.790E+00,1.886E+00,1.238E+00,1.483E-03,2.607E+00,2.631E+00,1.249E-01,3.614E+00,1.560E+00,-4.836E-01,1.004E+01,1.854E+00,1.194E+00,2.593E-03,2.303E+00,2.340E+00,8.488E-02,5.078E+00
73,0.000E+00,0.000E+00,0.000E+00,5.571E-02,0.000E+00,5.543E-02,6.247E-02,5.523E-02,1.693E-01,1.109E-01,2.109E-01,1.541E+01,1.487E+00,-4.327E-01,9.587E+00,2.088E+00,1.166E+00,1.886E-03,2.401E+00,2.430E+00,9.653E-02,4.515E+00,1.409E+00,-4.488E-01,1.071E+01,2.473E+00,1.098E+00,1.688E-03,2.477E+00,2.502E+00,1.169E-01,3.700E+00,1.517E+00,-3.587E-01,7.461E+00,1.957E+00,1.236E+00,1.128E-03,2.611E+00,2.630E+00,1.256E-01,3.594E+00,1.517E+00,-4.645E-01,9.826E+00,2.021E+00,1.173E+00,6.851E-04,2.379E+00,2.388E+00,8.479E-02,5.083E+00
74,0.000E+00,0.000E+00,0.000E+00,5.836E-02,0.000E+00,5.837E-02,6.547E-02,5.844E-02,1.782E-01,1.168E-01,2.225E-01,1.623E+01,1.470E+00,-4.257E-01,9.788E+00,2.130E+00,1.157E+00,1.188E-03,2.339E+00,2.356E+00,9.797E-02,4.452E+00,1.373E+00,-4.299E-01,1.008E+01,2.731E+00,1.078E+00,1.741E-03,2.402E+00,2.428E+00,1.139E-01,3.787E+00,1.506E+00,-3.465E-01,7.132E+00,2.028E+00,1.234E+00,7.725E-04,2.616E+00,2.629E+00,1.263E-01,3.575E+00,1.478E+00,-4.454E-01,9.609E+00,2.188E+00,1.153E+00,-1.222E-03,2.455E+00,2.437E+00,8.470E-02,5.088E+00
75,0.000E+00,0.000E+00,0.000E+00,6.061E-02,3.906E-07,6.160E-02,6.898E-02,6.258E-02,1.898E-01,1.232E-01,2.330E-01,1.712E+01,1.444E+00,-3.951E-01,8.616E+00,2.326E+00,1.159E+00,1.452E-04,2.361E+00,2.363E+00,9.847E-02,4.431E+00,1.396E+00,-4.060E-01,8.881E+00,2.657E+00,1.113E+00,7.806E-04,2.384E+00,2.396E+00,1.181E-01,3.667E+00,1.489E+00,-3.308E-01,6.822E+00,2.119E+00,1.231E+00,4.849E-04,2.598E+00,2.606E+00,1.248E-01,3.617E+00,1.457E+00,-4.254E-01,8.755E+00,2.357E+00,1.150E+00,1.923E-03,2.321E+00,2.346E+00,8.421E-02,5.116E+00
76,0.000E+00,0.000E+00,0.000E+00,6.286E-02,7.812E-07,6.482E-02,7.249E-02,6.672E-02,2.014E-01,1.297E-01,2.436E-01,1.801E+01,1.429E+00,-3.646E-01,7.443E+00,2.523E+00,1.161E+00,-8.978E-04,2.383E+00,2.370E+00,9.896E-02,4.410E+00,1.425E+00,-3.821E-01,7.679E+00,2.583E+00,1.147E+00,-1.800E-04,2.366E+00,2.363E+00,1.222E-01,3.547E+00,1.474E+00,-3.151E-01,6.512E+00,2.209E+00,1.228E+00,1.973E-04,2.580E+00,2.583E+00,1.233E-01,3.659E+00,1.442E+00,-4.053E-01,7.902E+00,2.527E+00,1.147E+00,5.068E-03,2.188E+00,2.256E+00,8.372E-02,5.143E+00
77,0.000E+00,0.000E+00,0.000E+00,6.535E-02,1.562E-06,6.793E-02,7.527E-02,7.051E-02,2.121E-01,1.359E-01,2.551E-01,1.888E+01,1.408E+00,-3.631E-01,7.557E+00,2.636E+00,1.145E+00,2.563E-03,2.335E+00,2.371E+00,9.819E-02,4.443E+00,1.368E+00,-3.722E-01,7.727E+00,2.961E+00,1.110E+00,2.111E-03,2.337E+00,2.367E+00,1.169E-01,3.704E+00,1.458E+00,-3.061E-01,6.440E+00,2.282E+00,1.221E+00,2.374E-03,2.527E+00,2.564E+00,1.234E-01,3.655E+00,1.412E+00,-3.975E-01,7.917E+00,2.701E+00,1.128E+00,3.006E-03,2.217E+00,2.258E+00,8.263E-02,5.207E+00
78,0.000E+00,0.000E+00,0.000E+00,6.783E-02,2.344E-06,7.104E-02,7.806E-02,7.430E-02,2.228E-01,1.422E-01,2.666E-01,1.975E+01,1.389E+00,-3.616E-01,7.671E+00,2.748E+00,1.129E+00,6.025E-03,2.286E+00,2.372E+00,9.741E-02,4.476E+00,1.319E+00,-3.622E-01,7.775E+00,3.339E+00,1.072E+00,4.403E-03,2.309E+00,2.371E+00,1.116E-01,3.861E+00,1.443E+00,-2.971E-01,6.369E+00,2.356E+00,1.213E+00,4.551E-03,2.473E+00,2.544E+00,1.235E-01,3.652E+00,1.384E+00,-3.896E-01,7.932E+00,2.874E+00,1.110E+00,9.441E-04,2.246E+00,2.259E+00,8.155E-02,5.270E+00
79,0.000E+00,0.000E+00,0.000E+00,6.913E-02,1.953E-06,7.411E-02,8.091E-02,7.913E-02,2.354E-01,1.483E-01,2.758E-01,2.061E+01,1.355E+00,-3.453E-01,7.361E+00,3.015E+00,1.113E+00,7.026E-03,2.227E+00,2.324E+00,9.522E-02,4.574E+00,1.301E+00,-3.468E-01,7.513E+00,3.504E+00,1.066E+00,6.126E-03,2.279E+00,2.365E+00,1.122E-01,3.843E+00,1.424E+00,-2.844E-01,6.050E+00,2.514E+00,1.207E+00,3.769E-03,2.449E+00,2.507E+00,1.231E-01,3.663E+00,1.361E+00,-3.705E-01,7.685E+00,3.025E+00,1.101E+00,8.196E-03,2.099E+00,2.201E+00,8.195E-02,5.246E+00
80,0.000E+00,0.000E+00,0.000E+00,7.042E-02,1.562E-06,7.719E-02,8.377E-02,8.395E-02,2.479E-01,1.544E-01,2.850E-01,2.146E+01,1.326E+00,-3.290E-01,7.051E+00,3.282E+00,1.096E+00,8.028E-03,2.168E+00,2.275E+00,9.303E-02,4.672E+00,1.285E+00,-3.314E-01,7.251E+00,3.669E+00,1.061E+00,7.849E-03,2.249E+00,2.359E+00,1.127E-01,3.825E+00,1.408E+00,-2.718E-01,5.732E+00,2.672E+00,1.201E+00,2.986E-03,2.425E+00,2.470E+00,1.228E-01,3.673E+00,1.339E+00,-3.514E-01,7.438E+00,3.177E+00,1.093E+00,1.545E-02,1.953E+00,2.142E+00,8.236E-02,5.222E+00
81,0.000E+00,0.000E+00,0.000E+00,7.055E-02,1.172E-06,7.901E-02,8.503E-02,8.740E-02,2.558E-01,1.580E-01,2.902E-01,2.196E+01,1.296E+00,-3.137E-01,6.926E+00,3.534E+00,1.081E+00,1.279E-02,2.044E+00,2.204E+00,9.183E-02,4.730E+00,1.234E+00,-3.206E-01,7.562E+00,4.070E+00,1.026E+00,2.175E-02,2.006E+00,2.272E+00,1.116E-01,3.860E+00,1.369E+00,-2.527E-01,5.568E+00,2.947E+00,1.181E+00,4.858E-03,2.339E+00,2.409E+00,1.218E-01,3.701E+00,1.293E+00,-3.395E-01,7.269E+00,3.625E+00,1.065E+00,1.218E-02,1.957E+00,2.106E+00,8.076E-02,5.320E+00
82,0.000E+00,0.000E+00,0.000E+00,7.069E-02,7.812E-07,8.084E-02,8.630E-02,9.085E-02,2.637E-01,1.616E-01,2.954E-01,2.246E+01,1.269E+00,-2.984E-01,6.802E+00,3.787E+00,1.065E+00,1.755E-02,1.920E+00,2.132E+00,9.062E-02,4.788E+00,1.189E+00,-3.098E-01,7.873E+00,4.471E+00,9.906E-01,3.566E-02,1.762E+00,2.184E+00,1.105E-01,3.896E+00,1.334E+00,-2.336E-01,5.405E+00,3.222E+00,1.161E+00,6.730E-03,2.253E+00,2.347E+00,1.208E-01,3.729E+00,1.254E+00,-3.275E-01,7.100E+00,4.072E+00,1.038E+00,8.909E-03,1.962E+00,2.069E+00,7.915E-02,5.418E+00
83,0.000E+00,0.000E+00,0.000E+00,6.674E-02,3.906E-07,7.865E-02,8.315E-02,9.055E-02,2.596E-01,1.573E-01,2.854E-01,2.186E+01,1.218E+00,-2.819E-01,6.478E+00,4.493E+00,1.037E+00,2.620E-02,1.749E+00,2.035E+00,8.958E-02,4.840E+00,1.136E+00,-2.884E-01,7.294E+00,5.479E+00,9.649E-01,4.728E-02,1.554E+00,2.046E+00,1.105E-01,3.896E+00,1.276E+00,-2.259E-01,5.512E+00,3.760E+00,1.119E+00,9.099E-03,2.116E+00,2.233E+00,1.197E-01,3.764E+00,1.175E+00,-2.996E-01,6.917E+00,5.123E+00,9.934E-01,4.089E-02,1.580E+00,1.959E+00,7.792E-02,5.499E+00
84,0.000E+00,0.000E+00,0.000E+00,6.279E-02,0.000E+00,7.646E-02,8.001E-02,9.025E-02,2.555E-01,1.530E-01,2.754E-01,2.126E+01,1.179E+00,-2.654E-01,6.154E+00,5.200E+00,1.008E+00,3.485E-02,1.577E+00,1.937E+00,8.855E-02,4.892E+00,1.099E+00,-2.669E-01,6.716E+00,6.488E+00,9.392E-01,5.890E-02,1.346E+00,1.908E+00,1.105E-01,3.896E+00,1.226E+00,-2.183E-01,5.620E+00,4.299E+00,1.076E+00,1.147E-02,1.979E+00,2.119E+00,1.185E-01,3.799E+00,1.114E+00,-2.716E-01,6.733E+00,6.174E+00,9.490E-01,7.287E-02,1.197E+00,1.849E+00,7.669E-02,5.579E+00
85,0.000E+00,0.000E+00,0.000E+00,4.911E-02,0.000E+00,6.142E-02,6.381E-02,7.382E-02,2.069E-01,1.228E-01,2.201E-01,1.708E+01,1.060E+00,-2.503E-01,6.604E+00,7.412E+00,9.306E-01,6.548E-02,1.214E+00,1.731E+00,8.406E-02,5.148E+00,9.650E-01,-2.522E-01,7.080E+00,1.055E+01,8.568E-01,7.864E-02,1.069E+00,1.674E+00,1.026E-01,4.197E+00,1.146E+00,-2.144E-01,5.998E+00,5.344E+00,1.015E+00,4.748E-02,1.512E+00,1.923E+00,1.154E-01,3.896E+00,9.923E-01,-2.557E-01,7.038E+00,9.428E+00,8.737E-01,8.485E-02,9.593E-01,1.578E+00,7.097E-02,6.027E+00
86,0.000E+00,0.000E+00,0.000E+00,3.543E-02,0.000E+00,4.638E-02,4.762E-02,5.739E-02,1.584E-01,9.269E-02,1.647E-01,1.290E+01,9.762E-01,-2.352E-01,7.055E+00,9.624E+00,8.529E-01,9.611E-02,8.508E-01,1.524E+00,7.957E-02,5.403E+00,8.824E-01,-2.374E-01,7.443E+00,1.461E+01,7.743E-01,9.837E-02,7.919E-01,1.440E+00,9.461E-02,4.499E+00,1.082E+00,-2.105E-01,6.377E+00,6.388E+00,9.543E-01,8.350E-02,1.045E+00,1.727E+00,1.124E-01,3.994E+00,9.130E-01,-2.398E-01,7.343E+00,1.268E+01,7.984E-01,9.683E-02,7.218E-01,1.307E+00,6.525E-02,6.475E+00
87,0.000E+00,0.000E+00,0.000E+00,1.779E-02,0.000E+00,2.331E-02,2.395E-02,2.884E-02,7.961E-02,4.657E-02,8.283E-02,6.483E+00,1.252E+00,-1.176E-01,3.528E+00,4.812E+00,4.265E-01,4.805E-02,4.254E-01,7.622E-01,3.978E-02,2.702E+00,1.136E+00,-1.187E-01,3.721E+00,7.304E+00,3.871E-01,4.919E-02,3.960E-01,7.201E-01,4.730E-02,2.249E+00,1.386E+00,-1.052E-01,3.188E+00,3.194E+00,4.771E-01,4.175E-02,5.227E-01,8.635E-01,5.620E-02,1.997E+00,1.173E+00,-1.199E-01,3.672E+00,6.340E+00,3.992E-01,4.841E-02,3.609E-01,6.536E-01,3.263E-02,3.238E+00
88,0.000E+00,0.000E+00,0.000E+00,1.594E-04,0.000E+00,2.430E-04,2.914E-04,2.836E-04,8.594E-04,4.547E-04,9.586E-04,6.820E-02,3.142E+00,0.000E+00,0.000E+00,0.000E+00,0.000E+00,0.000E+00,0.000E+00,0.000E+00,0.000E+00,0.000E+00,3.142E+00,0.000E+00,0.000E+00,0.000E+00,0.000E+00,0.000E+00,0.000E+00,0.000E+00,0.000E+00,0.000E+00,3.142E+00,0.000E+00,0.000E+00,0.000E+00,0.000E+00,0.000E+00,0.000E+00,0.000E+00,0.000E+00,0.000E+00,3.142E+00,0.000E+00,0.000E+00,0.000E+00,0.000E+00,0.000E+00,0.000E+00,0.000E+00,0.000E+00,0.000E+00
89,0.000E+00,0.000E+00,0.000E+00,0.000E+00,0.000E+00,0.000E+00,0.000E+00,0.000E+00,0.000E+00,0.000E+00,0.000E+00,0.000E+00,3.142E+00,0.000E+00,0.000E+00,0.000E+00,0.000E+00,0.000E+00,0.000E+00,0.000E+00,0.000E+00,0.000E+00,3.142E+00,0.000E+00,0.000E+00,0.000E+00,0.000E+00,0.000E+00,0.000E+00,0.000E+00,0.000E+00,0.000E+00,3.142E+00,0.000E+00,0.000E+00,0.000E+00,0.000E+00,0.000E+00,0.000E+00,0.000E+00,0.000E+00,0.000E+00,3.142E+00,0.000E+00,0.000E+00,0.000E+00,0.000E+00,0.000E+00,0.000E+00,0.000E+00,0.000E+00,0.000E+00
