alpha,He,Cr,S,Cr_1,S_1,amu/ion,phiK_Cr,phiTilt_Cr,phiM_Cr,phiN_Cr,thetaK_Cr,thetaTilt_Cr,thetaM_Cr,thetaN_Cr,energyK_Cr,energyE_Cr,phiK_S,phiTilt_S,phiM_S,phiN_S,thetaK_S,thetaTilt_S,thetaM_S,thetaN_S,energyK_S,energyE_S
0,0.000E+00,1.694E-02,3.125E-06,3.684E-02,7.099E-02,5.072E+00,1.865E+00,2.591E-02,1.173E+00,1.319E+00,3.142E+00,-3.603E-03,2.376E+00,2.324E+00,8.765E-02,4.739E+00,1.776E+00,-3.699E-02,1.788E+00,1.313E+00,3.142E+00,6.121E-04,2.505E+00,2.515E+00,1.586E-01,2.809E+00
1,0.000E+00,1.685E-02,3.125E-06,3.719E-02,7.145E-02,5.101E+00,1.841E+00,1.315E-02,1.225E+00,1.365E+00,3.142E+00,-3.343E-03,2.369E+00,2.321E+00,8.781E-02,4.732E+00,1.762E+00,-3.721E-02,1.774E+00,1.382E+00,3.142E+00,2.643E-04,2.515E+00,2.519E+00,1.586E-01,2.809E+00
2,0.000E+00,1.676E-02,3.125E-06,3.754E-02,7.190E-02,5.129E+00,1.818E+00,3.863E-04,1.277E+00,1.410E+00,3.142E+00,-3.084E-03,2.363E+00,2.318E+00,8.797E-02,4.724E+00,1.750E+00,-3.743E-02,1.760E+00,1.450E+00,3.142E+00,-8.348E-05,2.525E+00,2.524E+00,1.586E-01,2.809E+00
3,0.000E+00,1.667E-02,3.125E-06,3.790E-02,7.236E-02,5.157E+00,1.809E+00,-1.238E-02,1.329E+00,1.455E+00,3.142E+00,-2.825E-03,2.356E+00,2.315E+00,8.812E-02,4.716E+00,1.738E+00,-3.765E-02,1.746E+00,1.518E+00,3.142E+00,-4.313E-04,2.535E+00,2.528E+00,1.586E-01,2.810E+00
4,0.000E+00,1.662E-02,3.125E-06,3.808E-02,7.259E-02,5.171E+00,1.805E+00,-1.876E-02,1.355E+00,1.478E+00,3.142E+00,-2.695E-03,2.353E+00,2.314E+00,8.820E-02,4.712E+00,1.732E+00,-3.776E-02,1.738E+00,1.552E+00,3.142E+00,-6.051E-04,2.540E+00,2.530E+00,1.586E-01,2.810E+00
5,0.000E+00,1.658E-02,3.125E-06,3.825E-02,7.281E-02,5.186E+00,1.802E+00,-2.514E-02,1.381E+00,1.501E+00,3.142E+00,-2.565E-03,2.349E+00,2.313E+00,8.828E-02,4.708E+00,1.727E+00,-3.787E-02,1.731E+00,1.586E+00,3.142E+00,-7.790E-04,2.545E+00,2.533E+00,1.585E-01,2.810E+00
6,0.000E+00,1.649E-02,3.125E-06,3.861E-02,7.327E-02,5.214E+00,1.794E+00,-3.790E-02,1.433E+00,1.546E+00,3.142E+00,-2.306E-03,2.343E+00,2.310E+00,8.844E-02,4.701E+00,1.716E+00,-3.810E-02,1.717E+00,1.654E+00,3.142E+00,-1.127E-03,2.555E+00,2.537E+00,1.585E-01,2.810E+00
7,0.000E+00,1.640E-02,3.125E-06,3.896E-02,7.373E-02,5.242E+00,1.787E+00,-5.066E-02,1.485E+00,1.592E+00,3.142E+00,-2.047E-03,2.336E+00,2.307E+00,8.860E-02,4.693E+00,1.706E+00,-3.832E-02,1.703E+00,1.722E+00,3.142E+00,-1.475E-03,2.565E+00,2.541E+00,1.585E-01,2.811E+00
8,0.000E+00,1.631E-02,3.125E-06,3.931E-02,7.418E-02,5.271E+00,1.780E+00,-6.343E-02,1.537E+00,1.637E+00,3.142E+00,-1.787E-03,2.329E+00,2.304E+00,8.876E-02,4.685E+00,1.697E+00,-3.854E-02,1.689E+00,1.791E+00,3.142E+00,-1.822E-03,2.575E+00,2.546E+00,1.585E-01,2.811E+00
9,0.000E+00,1.626E-02,3.125E-06,3.949E-02,7.441E-02,5.285E+00,1.777E+00,-6.981E-02,1.563E+00,1.660E+00,3.142E+00,-1.658E-03,2.326E+00,2.303E+00,8.884E-02,4.681E+00,1.692E+00,-3.865E-02,1.682E+00,1.825E+00,3.142E+00,-1.996E-03,2.580E+00,2.548E+00,1.585E-01,2.811E+00
10,0.000E+00,1.622E-02,3.125E-06,3.967E-02,7.464E-02,5.299E+00,1.774E+00,-7.619E-02,1.589E+00,1.682E+00,3.142E+00,-1.528E-03,2.322E+00,2.301E+00,8.891E-02,4.678E+00,1.688E+00,-3.876E-02,1.675E+00,1.859E+00,3.142E+00,-2.170E-03,2.585E+00,2.550E+00,1.585E-01,2.811E+00
11,0.000E+00,1.644E-02,3.320E-06,4.034E-02,7.578E-02,5.382E+00,1.777E+00,-9.335E-02,1.690E+00,1.654E+00,3.142E+00,-1.338E-03,2.327E+00,2.309E+00,8.866E-02,4.690E+00,1.687E+00,-5.039E-02,1.755E+00,1.847E+00,3.142E+00,-1.881E-03,2.581E+00,2.551E+00,1.582E-01,2.816E+00
12,0.000E+00,1.666E-02,3.516E-06,4.102E-02,7.691E-02,5.465E+00,1.781E+00,-1.105E-01,1.791E+00,1.626E+00,3.142E+00,-1.148E-03,2.332E+00,2.316E+00,8.841E-02,4.702E+00,1.686E+00,-6.202E-02,1.836E+00,1.835E+00,3.142E+00,-1.592E-03,2.577E+00,2.552E+00,1.579E-01,2.821E+00
13,0.000E+00,1.688E-02,3.711E-06,4.170E-02,7.804E-02,5.548E+00,1.786E+00,-1.277E-01,1.892E+00,1.598E+00,3.142E+00,-9.580E-04,2.337E+00,2.324E+00,8.816E-02,4.714E+00,1.686E+00,-7.365E-02,1.917E+00,1.823E+00,3.142E+00,-1.303E-03,2.574E+00,2.553E+00,1.576E-01,2.826E+00
14,0.000E+00,1.699E-02,3.809E-06,4.203E-02,7.861E-02,5.589E+00,1.788E+00,-1.363E-01,1.943E+00,1.584E+00,3.142E+00,-8.630E-04,2.339E+00,2.327E+00,8.804E-02,4.721E+00,1.687E+00,-7.946E-02,1.957E+00,1.817E+00,3.142E+00,-1.159E-03,2.572E+00,2.553E+00,1.575E-01,2.829E+00
15,0.000E+00,1.710E-02,3.906E-06,4.237E-02,7.918E-02,5.631E+00,1.791E+00,-1.448E-01,1.993E+00,1.570E+00,3.142E+00,-7.681E-04,2.342E+00,2.331E+00,8.791E-02,4.727E+00,1.687E+00,-8.527E-02,1.998E+00,1.810E+00,3.142E+00,-1.015E-03,2.570E+00,2.554E+00,1.573E-01,2.831E+00
16,0.000E+00,1.732E-02,4.102E-06,4.305E-02,8.031E-02,5.714E+00,1.798E+00,-1.620E-01,2.094E+00,1.542E+00,3.142E+00,-5.781E-04,2.347E+00,2.339E+00,8.766E-02,4.739E+00,1.688E+00,-9.690E-02,2.079E+00,1.798E+00,3.142E+00,-7.257E-04,2.566E+00,2.554E+00,1.570E-01,2.836E+00
17,0.000E+00,1.754E-02,4.297E-06,4.372E-02,8.145E-02,5.797E+00,1.805E+00,-1.792E-01,2.195E+00,1.514E+00,3.142E+00,-3.882E-04,2.352E+00,2.346E+00,8.741E-02,4.751E+00,1.689E+00,-1.085E-01,2.159E+00,1.786E+00,3.142E+00,-4.368E-04,2.562E+00,2.555E+00,1.567E-01,2.841E+00
18,0.000E+00,1.776E-02,4.492E-06,4.440E-02,8.258E-02,5.880E+00,1.813E+00,-1.963E-01,2.296E+00,1.486E+00,3.142E+00,-1.982E-04,2.356E+00,2.354E+00,8.716E-02,4.763E+00,1.691E+00,-1.202E-01,2.240E+00,1.774E+00,3.142E+00,-1.479E-04,2.558E+00,2.556E+00,1.564E-01,2.846E+00
19,0.000E+00,1.787E-02,4.590E-06,4.474E-02,8.315E-02,5.921E+00,1.817E+00,-2.049E-01,2.347E+00,1.472E+00,3.142E+00,-1.032E-04,2.359E+00,2.357E+00,8.704E-02,4.770E+00,1.692E+00,-1.260E-01,2.281E+00,1.768E+00,3.142E+00,-3.503E-06,2.557E+00,2.556E+00,1.563E-01,2.848E+00
20,0.000E+00,1.798E-02,4.688E-06,4.508E-02,8.372E-02,5.963E+00,1.822E+00,-2.135E-01,2.397E+00,1.458E+00,3.142E+00,-8.250E-06,2.361E+00,2.361E+00,8.691E-02,4.776E+00,1.693E+00,-1.318E-01,2.321E+00,1.762E+00,3.142E+00,1.409E-04,2.555E+00,2.557E+00,1.562E-01,2.851E+00
21,0.000E+00,1.827E-02,4.883E-06,4.643E-02,8.588E-02,6.117E+00,1.815E+00,-2.299E-01,2.559E+00,1.463E+00,3.142E+00,-4.156E-04,2.371E+00,2.364E+00,8.698E-02,4.773E+00,1.692E+00,-1.345E-01,2.335E+00,1.772E+00,3.142E+00,-1.733E-05,2.557E+00,2.557E+00,1.561E-01,2.852E+00
22,0.000E+00,1.855E-02,5.078E-06,4.778E-02,8.804E-02,6.272E+00,1.810E+00,-2.463E-01,2.720E+00,1.468E+00,3.142E+00,-8.229E-04,2.380E+00,2.368E+00,8.704E-02,4.769E+00,1.691E+00,-1.372E-01,2.349E+00,1.783E+00,3.142E+00,-1.756E-04,2.559E+00,2.557E+00,1.560E-01,2.853E+00
23,0.000E+00,1.884E-02,5.273E-06,4.913E-02,9.021E-02,6.426E+00,1.805E+00,-2.626E-01,2.881E+00,1.473E+00,3.142E+00,-1.230E-03,2.389E+00,2.371E+00,8.711E-02,4.766E+00,1.689E+00,-1.400E-01,2.363E+00,1.793E+00,3.142E+00,-3.339E-04,2.562E+00,2.556E+00,1.560E-01,2.853E+00
24,0.000E+00,1.898E-02,5.371E-06,4.980E-02,9.129E-02,6.503E+00,1.804E+00,-2.708E-01,2.962E+00,1.475E+00,3.142E+00,-1.434E-03,2.394E+00,2.373E+00,8.714E-02,4.765E+00,1.689E+00,-1.413E-01,2.370E+00,1.798E+00,3.142E+00,-4.130E-04,2.563E+00,2.556E+00,1.560E-01,2.854E+00
25,0.000E+00,1.913E-02,5.469E-06,5.048E-02,9.237E-02,6.580E+00,1.802E+00,-2.790E-01,3.043E+00,1.478E+00,3.142E+00,-1.637E-03,2.399E+00,2.374E+00,8.717E-02,4.763E+00,1.688E+00,-1.427E-01,2.377E+00,1.803E+00,3.142E+00,-4.921E-04,2.564E+00,2.556E+00,1.559E-01,2.854E+00
26,0.000E+00,1.941E-02,5.664E-06,5.183E-02,9.453E-02,6.735E+00,1.799E+00,-2.954E-01,3.204E+00,1.483E+00,3.142E+00,-2.045E-03,2.408E+00,2.378E+00,8.723E-02,4.760E+00,1.687E+00,-1.454E-01,2.391E+00,1.813E+00,3.142E+00,-6.504E-04,2.566E+00,2.556E+00,1.559E-01,2.855E+00
27,0.000E+00,1.970E-02,5.859E-06,5.317E-02,9.669E-02,6.889E+00,1.797E+00,-3.118E-01,3.366E+00,1.488E+00,3.142E+00,-2.452E-03,2.417E+00,2.381E+00,8.730E-02,4.757E+00,1.686E+00,-1.481E-01,2.405E+00,1.823E+00,3.142E+00,-8.086E-04,2.569E+00,2.556E+00,1.558E-01,2.856E+00
28,0.000E+00,1.998E-02,6.055E-06,5.452E-02,9.885E-02,7.044E+00,1.796E+00,-3.282E-01,3.527E+00,1.493E+00,3.142E+00,-2.859E-03,2.427E+00,2.384E+00,8.736E-02,4.753E+00,1.685E+00,-1.508E-01,2.419E+00,1.834E+00,3.142E+00,-9.669E-04,2.571E+00,2.556E+00,1.558E-01,2.857E+00
29,0.000E+00,2.013E-02,6.152E-06,5.520E-02,9.993E-02,7.121E+00,1.795E+00,-3.364E-01,3.608E+00,1.496E+00,3.142E+00,-3.063E-03,2.431E+00,2.386E+00,8.739E-02,4.752E+00,1.684E+00,-1.522E-01,2.426E+00,1.839E+00,3.142E+00,-1.046E-03,2.572E+00,2.556E+00,1.558E-01,2.858E+00
30,0.000E+00,2.027E-02,6.250E-06,5.587E-02,1.010E-01,7.198E+00,1.795E+00,-3.446E-01,3.688E+00,1.498E+00,3.142E+00,-3.267E-03,2.436E+00,2.388E+00,8.743E-02,4.750E+00,1.683E+00,-1.536E-01,2.433E+00,1.844E+00,3.142E+00,-1.125E-03,2.573E+00,2.556E+00,1.557E-01,2.858E+00
31,0.000E+00,2.092E-02,7.715E-06,5.971E-02,1.070E-01,7.623E+00,1.788E+00,-3.411E-01,3.634E+00,1.532E+00,3.142E+00,-2.496E-03,2.425E+00,2.388E+00,8.675E-02,4.786E+00,1.682E+00,-1.649E-01,2.528E+00,1.841E+00,3.142E+00,-1.213E-03,2.584E+00,2.565E+00,1.551E-01,2.870E+00
32,0.000E+00,2.125E-02,8.447E-06,6.163E-02,1.100E-01,7.835E+00,1.785E+00,-3.394E-01,3.606E+00,1.548E+00,3.142E+00,-2.111E-03,2.420E+00,2.389E+00,8.641E-02,4.804E+00,1.682E+00,-1.706E-01,2.575E+00,1.839E+00,3.142E+00,-1.257E-03,2.590E+00,2.570E+00,1.547E-01,2.876E+00
33,0.000E+00,2.158E-02,9.180E-06,6.355E-02,1.130E-01,8.048E+00,1.781E+00,-3.377E-01,3.579E+00,1.565E+00,3.142E+00,-1.726E-03,2.415E+00,2.389E+00,8.607E-02,4.822E+00,1.682E+00,-1.763E-01,2.623E+00,1.837E+00,3.142E+00,-1.301E-03,2.595E+00,2.574E+00,1.544E-01,2.882E+00
34,0.000E+00,2.190E-02,9.912E-06,6.547E-02,1.159E-01,8.260E+00,1.778E+00,-3.360E-01,3.552E+00,1.582E+00,3.142E+00,-1.341E-03,2.409E+00,2.389E+00,8.573E-02,4.839E+00,1.682E+00,-1.819E-01,2.670E+00,1.836E+00,3.142E+00,-1.345E-03,2.601E+00,2.579E+00,1.541E-01,2.888E+00
35,0.000E+00,2.223E-02,1.064E-05,6.739E-02,1.189E-01,8.473E+00,1.775E+00,-3.343E-01,3.524E+00,1.598E+00,3.142E+00,-9.556E-04,2.404E+00,2.390E+00,8.539E-02,4.857E+00,1.681E+00,-1.876E-01,2.718E+00,1.834E+00,3.142E+00,-1.389E-03,2.606E+00,2.583E+00,1.538E-01,2.893E+00
36,0.000E+00,2.255E-02,1.138E-05,6.931E-02,1.219E-01,8.685E+00,1.772E+00,-3.325E-01,3.497E+00,1.615E+00,3.142E+00,-5.704E-04,2.399E+00,2.390E+00,8.505E-02,4.875E+00,1.681E+00,-1.933E-01,2.766E+00,1.832E+00,3.142E+00,-1.433E-03,2.611E+00,2.588E+00,1.534E-01,2.899E+00
37,0.000E+00,2.288E-02,1.211E-05,7.123E-02,1.249E-01,8.898E+00,1.769E+00,-3.308E-01,3.470E+00,1.631E+00,3.142E+00,-1.852E-04,2.393E+00,2.390E+00,8.471E-02,4.893E+00,1.681E+00,-1.990E-01,2.813E+00,1.831E+00,3.142E+00,-1.477E-03,2.617E+00,2.593E+00,1.531E-01,2.905E+00
38,0.000E+00,2.320E-02,1.284E-05,7.315E-02,1.279E-01,9.110E+00,1.766E+00,-3.291E-01,3.442E+00,1.648E+00,3.142E+00,2.000E-04,2.388E+00,2.390E+00,8.437E-02,4.911E+00,1.682E+00,-2.046E-01,2.861E+00,1.829E+00,3.142E+00,-1.521E-03,2.622E+00,2.597E+00,1.528E-01,2.911E+00
39,0.000E+00,2.353E-02,1.357E-05,7.507E-02,1.309E-01,9.323E+00,1.763E+00,-3.274E-01,3.415E+00,1.665E+00,3.142E+00,5.852E-04,2.382E+00,2.391E+00,8.404E-02,4.929E+00,1.682E+00,-2.103E-01,2.908E+00,1.827E+00,3.142E+00,-1.566E-03,2.628E+00,2.602E+00,1.524E-01,2.917E+00
40,0.000E+00,2.386E-02,1.431E-05,7.699E-02,1.338E-01,9.535E+00,1.761E+00,-3.257E-01,3.387E+00,1.681E+00,3.142E+00,9.704E-04,2.377E+00,2.391E+00,8.370E-02,4.946E+00,1.682E+00,-2.160E-01,2.956E+00,1.826E+00,3.142E+00,-1.610E-03,2.633E+00,2.607E+00,1.521E-01,2.923E+00
41,0.000E+00,2.418E-02,1.504E-05,7.891E-02,1.368E-01,9.748E+00,1.758E+00,-3.240E-01,3.360E+00,1.698E+00,3.142E+00,1.356E-03,2.372E+00,2.391E+00,8.336E-02,4.964E+00,1.683E+00,-2.216E-01,3.003E+00,1.824E+00,3.142E+00,-1.654E-03,2.639E+00,2.611E+00,1.518E-01,2.929E+00
42,0.000E+00,2.451E-02,1.577E-05,8.083E-02,1.398E-01,9.960E+00,1.755E+00,-3.223E-01,3.333E+00,1.714E+00,3.142E+00,1.741E-03,2.366E+00,2.392E+00,8.302E-02,4.982E+00,1.683E+00,-2.273E-01,3.051E+00,1.822E+00,3.142E+00,-1.698E-03,2.644E+00,2.616E+00,1.514E-01,2.935E+00
43,0.000E+00,2.483E-02,1.650E-05,8.275E-02,1.428E-01,1.017E+01,1.753E+00,-3.205E-01,3.305E+00,1.731E+00,3.142E+00,2.126E-03,2.361E+00,2.392E+00,8.268E-02,5.000E+00,1.683E+00,-2.330E-01,3.099E+00,1.821E+00,3.142E+00,-1.742E-03,2.650E+00,2.621E+00,1.511E-01,2.941E+00
44,0.000E+00,2.516E-02,1.724E-05,8.467E-02,1.458E-01,1.039E+01,1.750E+00,-3.188E-01,3.278E+00,1.748E+00,3.142E+00,2.511E-03,2.356E+00,2.392E+00,8.234E-02,5.018E+00,1.684E+00,-2.387E-01,3.146E+00,1.819E+00,3.142E+00,-1.786E-03,2.655E+00,2.625E+00,1.508E-01,2.946E+00
45,0.000E+00,2.549E-02,1.797E-05,8.659E-02,1.488E-01,1.060E+01,1.748E+00,-3.171E-01,3.251E+00,1.764E+00,3.142E+00,2.896E-03,2.350E+00,2.392E+00,8.200E-02,5.036E+00,1.685E+00,-2.443E-01,3.194E+00,1.817E+00,3.142E+00,-1.830E-03,2.660E+00,2.630E+00,1.505E-01,2.952E+00
46,0.000E+00,2.627E-02,1.836E-05,9.045E-02,1.549E-01,1.103E+01,1.757E+00,-3.326E-01,3.450E+00,1.697E+00,3.142E+00,1.128E-03,2.381E+00,2.396E+00,8.194E-02,5.039E+00,1.681E+00,-2.292E-01,3.035E+00,1.850E+00,3.142E+00,-1.433E-03,2.660E+00,2.636E+00,1.503E-01,2.956E+00
47,0.000E+00,2.706E-02,1.875E-05,9.431E-02,1.610E-01,1.147E+01,1.768E+00,-3.481E-01,3.649E+00,1.630E+00,3.142E+00,-6.409E-04,2.411E+00,2.400E+00,8.188E-02,5.042E+00,1.678E+00,-2.141E-01,2.875E+00,1.882E+00,3.142E+00,-1.036E-03,2.659E+00,2.642E+00,1.501E-01,2.959E+00
48,0.000E+00,2.785E-02,1.914E-05,9.817E-02,1.670E-01,1.191E+01,1.782E+00,-3.636E-01,3.848E+00,1.563E+00,3.142E+00,-2.409E-03,2.441E+00,2.404E+00,8.182E-02,5.046E+00,1.677E+00,-1.990E-01,2.716E+00,1.914E+00,3.142E+00,-6.389E-04,2.658E+00,2.648E+00,1.499E-01,2.963E+00
49,0.000E+00,2.824E-02,1.934E-05,1.001E-01,1.701E-01,1.213E+01,1.789E+00,-3.714E-01,3.947E+00,1.529E+00,3.142E+00,-3.294E-03,2.456E+00,2.406E+00,8.179E-02,5.048E+00,1.676E+00,-1.915E-01,2.637E+00,1.930E+00,3.142E+00,-4.404E-04,2.658E+00,2.651E+00,1.498E-01,2.964E+00
50,0.000E+00,2.864E-02,1.953E-05,1.020E-01,1.731E-01,1.234E+01,1.797E+00,-3.791E-01,4.046E+00,1.496E+00,3.142E+00,-4.178E-03,2.471E+00,2.408E+00,8.176E-02,5.049E+00,1.676E+00,-1.839E-01,2.557E+00,1.946E+00,3.142E+00,-2.419E-04,2.658E+00,2.654E+00,1.497E-01,2.966E+00
51,0.000E+00,2.969E-02,2.451E-05,1.079E-01,1.824E-01,1.300E+01,1.782E+00,-3.841E-01,4.217E+00,1.523E+00,3.142E+00,-3.552E-03,2.456E+00,2.403E+00,8.153E-02,5.062E+00,1.669E+00,-1.896E-01,2.646E+00,1.960E+00,3.142E+00,-6.028E-04,2.661E+00,2.651E+00,1.499E-01,2.963E+00
52,0.000E+00,3.074E-02,2.949E-05,1.138E-01,1.916E-01,1.366E+01,1.768E+00,-3.890E-01,4.387E+00,1.551E+00,3.142E+00,-2.926E-03,2.442E+00,2.398E+00,8.130E-02,5.075E+00,1.661E+00,-1.953E-01,2.736E+00,1.973E+00,3.142E+00,-9.637E-04,2.665E+00,2.649E+00,1.500E-01,2.961E+00
53,0.000E+00,3.180E-02,3.447E-05,1.198E-01,2.008E-01,1.432E+01,1.755E+00,-3.940E-01,4.558E+00,1.579E+00,3.142E+00,-2.301E-03,2.428E+00,2.393E+00,8.108E-02,5.088E+00,1.654E+00,-2.010E-01,2.825E+00,1.987E+00,3.142E+00,-1.325E-03,2.669E+00,2.647E+00,1.502E-01,2.958E+00
54,0.000E+00,3.232E-02,3.696E-05,1.227E-01,2.054E-01,1.465E+01,1.748E+00,-3.964E-01,4.643E+00,1.593E+00,3.142E+00,-1.988E-03,2.420E+00,2.391E+00,8.096E-02,5.095E+00,1.650E+00,-2.039E-01,2.870E+00,1.994E+00,3.142E+00,-1.505E-03,2.671E+00,2.645E+00,1.502E-01,2.957E+00
55,0.000E+00,3.285E-02,3.945E-05,1.257E-01,2.100E-01,1.498E+01,1.742E+00,-3.989E-01,4.728E+00,1.607E+00,3.142E+00,-1.675E-03,2.413E+00,2.388E+00,8.085E-02,5.101E+00,1.647E+00,-2.067E-01,2.915E+00,2.000E+00,3.142E+00,-1.686E-03,2.672E+00,2.644E+00,1.503E-01,2.955E+00
56,0.000E+00,3.390E-02,4.443E-05,1.316E-01,2.192E-01,1.563E+01,1.730E+00,-4.039E-01,4.899E+00,1.635E+00,3.142E+00,-1.049E-03,2.399E+00,2.383E+00,8.062E-02,5.114E+00,1.640E+00,-2.124E-01,3.004E+00,2.014E+00,3.142E+00,-2.046E-03,2.676E+00,2.642E+00,1.505E-01,2.952E+00
57,0.000E+00,3.496E-02,4.941E-05,1.375E-01,2.285E-01,1.629E+01,1.718E+00,-4.088E-01,5.069E+00,1.662E+00,3.142E+00,-4.234E-04,2.385E+00,2.378E+00,8.040E-02,5.127E+00,1.634E+00,-2.181E-01,3.094E+00,2.027E+00,3.142E+00,-2.407E-03,2.680E+00,2.640E+00,1.506E-01,2.950E+00
58,0.000E+00,3.601E-02,5.439E-05,1.434E-01,2.377E-01,1.695E+01,1.706E+00,-4.138E-01,5.240E+00,1.690E+00,3.142E+00,2.024E-04,2.370E+00,2.373E+00,8.017E-02,5.140E+00,1.628E+00,-2.239E-01,3.183E+00,2.041E+00,3.142E+00,-2.768E-03,2.684E+00,2.637E+00,1.508E-01,2.947E+00
59,0.000E+00,3.654E-02,5.688E-05,1.464E-01,2.423E-01,1.728E+01,1.701E+00,-4.162E-01,5.325E+00,1.704E+00,3.142E+00,5.153E-04,2.363E+00,2.370E+00,8.006E-02,5.147E+00,1.625E+00,-2.267E-01,3.228E+00,2.048E+00,3.142E+00,-2.949E-03,2.686E+00,2.636E+00,1.508E-01,2.945E+00
60,0.000E+00,3.706E-02,5.938E-05,1.493E-01,2.469E-01,1.761E+01,1.695E+00,-4.187E-01,5.410E+00,1.718E+00,3.142E+00,8.282E-04,2.356E+00,2.368E+00,7.994E-02,5.153E+00,1.622E+00,-2.296E-01,3.272E+00,2.054E+00,3.142E+00,-3.129E-03,2.687E+00,2.635E+00,1.509E-01,2.944E+00
61,0.000E+00,3.846E-02,5.547E-05,1.586E-01,2.610E-01,1.861E+01,1.666E+00,-4.660E-01,7.566E+00,1.631E+00,3.142E+00,5.976E-05,2.370E+00,2.370E+00,7.966E-02,5.170E+00,1.609E+00,-2.666E-01,4.079E+00,1.938E+00,3.142E+00,-2.385E-03,2.666E+00,2.626E+00,1.503E-01,2.955E+00
62,0.000E+00,3.985E-02,5.156E-05,1.678E-01,2.750E-01,1.961E+01,1.664E+00,-5.133E-01,9.721E+00,1.545E+00,3.142E+00,-7.087E-04,2.383E+00,2.373E+00,7.937E-02,5.187E+00,1.611E+00,-3.037E-01,4.885E+00,1.822E+00,3.142E+00,-1.641E-03,2.645E+00,2.617E+00,1.497E-01,2.967E+00
63,0.000E+00,4.124E-02,4.766E-05,1.770E-01,2.891E-01,2.062E+01,1.678E+00,-5.606E-01,1.188E+01,1.458E+00,3.142E+00,-1.477E-03,2.397E+00,2.375E+00,7.909E-02,5.204E+00,1.624E+00,-3.408E-01,5.692E+00,1.706E+00,3.142E+00,-8.972E-04,2.623E+00,2.608E+00,1.491E-01,2.978E+00
64,0.000E+00,4.194E-02,4.570E-05,1.816E-01,2.961E-01,2.112E+01,1.690E+00,-5.843E-01,1.295E+01,1.415E+00,3.142E+00,-1.861E-03,2.404E+00,2.376E+00,7.894E-02,5.213E+00,1.634E+00,-3.594E-01,6.095E+00,1.648E+00,3.142E+00,-5.252E-04,2.613E+00,2.604E+00,1.488E-01,2.983E+00
65,0.000E+00,4.264E-02,4.375E-05,1.862E-01,3.031E-01,2.162E+01,1.704E+00,-6.079E-01,1.403E+01,1.372E+00,3.142E+00,-2.246E-03,2.410E+00,2.378E+00,7.880E-02,5.221E+00,1.646E+00,-3.779E-01,6.498E+00,1.590E+00,3.142E+00,-1.532E-04,2.602E+00,2.599E+00,1.485E-01,2.989E+00
66,0.000E+00,4.441E-02,4.961E-05,1.982E-01,3.213E-01,2.292E+01,1.671E+00,-5.914E-01,1.356E+01,1.466E+00,3.142E+00,-9.666E-04,2.402E+00,2.388E+00,7.856E-02,5.236E+00,1.630E+00,-3.728E-01,6.560E+00,1.629E+00,3.142E+00,-2.204E-04,2.594E+00,2.591E+00,1.473E-01,3.012E+00
67,0.000E+00,4.618E-02,5.547E-05,2.102E-01,3.395E-01,2.422E+01,1.639E+00,-5.750E-01,1.310E+01,1.559E+00,3.142E+00,3.124E-04,2.394E+00,2.399E+00,7.832E-02,5.250E+00,1.614E+00,-3.677E-01,6.622E+00,1.668E+00,3.142E+00,-2.877E-04,2.587E+00,2.582E+00,1.461E-01,3.035E+00
68,0.000E+00,4.795E-02,6.133E-05,2.222E-01,3.578E-01,2.552E+01,1.610E+00,-5.585E-01,1.263E+01,1.653E+00,3.142E+00,1.591E-03,2.386E+00,2.410E+00,7.808E-02,5.265E+00,1.599E+00,-3.626E-01,6.684E+00,1.707E+00,3.142E+00,-3.550E-04,2.579E+00,2.574E+00,1.449E-01,3.059E+00
69,0.000E+00,4.883E-02,6.426E-05,2.281E-01,3.669E-01,2.617E+01,1.597E+00,-5.503E-01,1.240E+01,1.700E+00,3.142E+00,2.231E-03,2.382E+00,2.415E+00,7.796E-02,5.272E+00,1.592E+00,-3.600E-01,6.716E+00,1.727E+00,3.142E+00,-3.886E-04,2.576E+00,2.570E+00,1.444E-01,3.070E+00
70,0.000E+00,4.971E-02,6.719E-05,2.341E-01,3.760E-01,2.681E+01,1.584E+00,-5.420E-01,1.216E+01,1.747E+00,3.142E+00,2.870E-03,2.378E+00,2.421E+00,7.784E-02,5.280E+00,1.584E+00,-3.575E-01,6.747E+00,1.747E+00,3.142E+00,-4.222E-04,2.572E+00,2.565E+00,1.438E-01,3.082E+00
71,0.000E+00,5.110E-02,7.031E-05,2.461E-01,3.937E-01,2.808E+01,1.569E+00,-5.288E-01,1.170E+01,1.807E+00,3.142E+00,4.430E-03,2.332E+00,2.395E+00,7.844E-02,5.243E+00,1.559E+00,-3.509E-01,6.578E+00,1.872E+00,3.142E+00,-4.755E-04,2.606E+00,2.598E+00,1.440E-01,3.078E+00
72,0.000E+00,5.248E-02,7.344E-05,2.580E-01,4.114E-01,2.934E+01,1.555E+00,-5.156E-01,1.123E+01,1.867E+00,3.142E+00,5.989E-03,2.285E+00,2.370E+00,7.904E-02,5.207E+00,1.537E+00,-3.443E-01,6.410E+00,1.997E+00,3.142E+00,-5.288E-04,2.640E+00,2.631E+00,1.441E-01,3.074E+00
73,0.000E+00,5.269E-02,8.086E-05,2.722E-01,4.306E-01,3.070E+01,1.540E+00,-4.961E-01,1.023E+01,1.971E+00,3.142E+00,4.712E-03,2.286E+00,2.353E+00,7.930E-02,5.191E+00,1.524E+00,-3.539E-01,6.892E+00,2.006E+00,3.142E+00,-1.121E-04,2.601E+00,2.599E+00,1.443E-01,3.070E+00
74,0.000E+00,5.289E-02,8.828E-05,2.864E-01,4.497E-01,3.206E+01,1.530E+00,-4.766E-01,9.223E+00,2.075E+00,3.142E+00,3.436E-03,2.286E+00,2.335E+00,7.956E-02,5.175E+00,1.513E+00,-3.635E-01,7.373E+00,2.015E+00,3.142E+00,3.045E-04,2.561E+00,2.566E+00,1.445E-01,3.066E+00
75,0.000E+00,5.378E-02,9.102E-05,2.996E-01,4.684E-01,3.340E+01,1.508E+00,-4.675E-01,9.058E+00,2.181E+00,3.142E+00,1.753E-03,2.270E+00,2.295E+00,7.828E-02,5.254E+00,1.501E+00,-3.335E-01,6.534E+00,2.122E+00,3.142E+00,4.110E-04,2.517E+00,2.523E+00,1.448E-01,3.060E+00
76,0.000E+00,5.466E-02,9.375E-05,3.129E-01,4.871E-01,3.473E+01,1.488E+00,-4.584E-01,8.894E+00,2.288E+00,3.142E+00,7.014E-05,2.254E+00,2.255E+00,7.699E-02,5.332E+00,1.497E+00,-3.035E-01,5.696E+00,2.228E+00,3.142E+00,5.174E-04,2.472E+00,2.480E+00,1.452E-01,3.054E+00
77,0.000E+00,5.409E-02,8.945E-05,3.282E-01,5.066E-01,3.612E+01,1.465E+00,-4.431E-01,8.606E+00,2.412E+00,3.142E+00,2.083E-03,2.210E+00,2.237E+00,7.665E-02,5.354E+00,1.479E+00,-3.066E-01,5.861E+00,2.307E+00,3.142E+00,-1.200E-04,2.460E+00,2.459E+00,1.422E-01,3.115E+00
78,0.000E+00,5.352E-02,8.516E-05,3.434E-01,5.261E-01,3.751E+01,1.444E+00,-4.278E-01,8.317E+00,2.537E+00,3.142E+00,4.096E-03,2.165E+00,2.219E+00,7.632E-02,5.375E+00,1.462E+00,-3.097E-01,6.026E+00,2.385E+00,3.142E+00,-7.574E-04,2.449E+00,2.438E+00,1.393E-01,3.175E+00
79,0.000E+00,5.308E-02,8.047E-05,3.553E-01,5.411E-01,3.858E+01,1.409E+00,-4.180E-01,8.153E+00,2.779E+00,3.142E+00,7.545E-03,2.075E+00,2.169E+00,7.597E-02,5.397E+00,1.436E+00,-3.035E-01,6.047E+00,2.528E+00,3.142E+00,1.247E-03,2.372E+00,2.389E+00,1.400E-01,3.159E+00
80,0.000E+00,5.264E-02,7.578E-05,3.671E-01,5.561E-01,3.966E+01,1.377E+00,-4.081E-01,7.989E+00,3.020E+00,3.142E+00,1.099E-02,1.985E+00,2.119E+00,7.562E-02,5.420E+00,1.412E+00,-2.972E-01,6.068E+00,2.670E+00,3.142E+00,3.251E-03,2.295E+00,2.340E+00,1.408E-01,3.143E+00
81,0.000E+00,4.868E-02,7.266E-05,3.732E-01,5.590E-01,3.986E+01,1.324E+00,-3.905E-01,7.738E+00,3.481E+00,3.142E+00,1.966E-02,1.851E+00,2.076E+00,7.380E-02,5.544E+00,1.382E+00,-2.878E-01,5.908E+00,2.921E+00,3.142E+00,3.234E-03,2.244E+00,2.288E+00,1.382E-01,3.199E+00
82,0.000E+00,4.472E-02,6.953E-05,3.793E-01,5.619E-01,4.006E+01,1.280E+00,-3.728E-01,7.488E+00,3.942E+00,3.142E+00,2.833E-02,1.718E+00,2.033E+00,7.197E-02,5.668E+00,1.355E+00,-2.783E-01,5.748E+00,3.171E+00,3.142E+00,3.217E-03,2.194E+00,2.237E+00,1.357E-01,3.255E+00
83,0.000E+00,3.977E-02,5.703E-05,3.635E-01,5.346E-01,3.811E+01,1.218E+00,-3.606E-01,7.365E+00,4.760E+00,3.142E+00,5.867E-02,1.385E+00,1.916E+00,7.088E-02,5.748E+00,1.296E+00,-2.706E-01,5.925E+00,3.658E+00,3.142E+00,1.559E-02,1.943E+00,2.117E+00,1.329E-01,3.318E+00
84,0.000E+00,3.483E-02,4.453E-05,3.478E-01,5.072E-01,3.616E+01,1.169E+00,-3.484E-01,7.243E+00,5.577E+00,3.142E+00,8.901E-02,1.053E+00,1.798E+00,6.979E-02,5.828E+00,1.245E+00,-2.629E-01,6.102E+00,4.144E+00,3.142E+00,2.796E-02,1.692E+00,1.997E+00,1.302E-01,3.382E+00
85,0.000E+00,2.506E-02,2.969E-05,2.765E-01,3.998E-01,2.850E+01,1.105E+00,-3.360E-01,6.926E+00,7.186E+00,3.142E+00,8.889E-02,9.168E-01,1.567E+00,6.595E-02,6.150E+00,1.191E+00,-2.549E-01,5.942E+00,5.030E+00,3.142E+00,5.487E-02,1.353E+00,1.825E+00,1.251E-01,3.519E+00
86,0.000E+00,1.530E-02,1.484E-05,2.052E-01,2.924E-01,2.084E+01,1.061E+00,-3.236E-01,6.609E+00,8.795E+00,3.142E+00,8.877E-02,7.810E-01,1.336E+00,6.210E-02,6.473E+00,1.149E+00,-2.469E-01,5.782E+00,5.917E+00,3.142E+00,8.178E-02,1.015E+00,1.654E+00,1.199E-01,3.655E+00
87,0.000E+00,7.762E-03,7.422E-06,1.033E-01,1.474E-01,1.050E+01,1.328E+00,-1.618E-01,3.305E+00,4.397E+00,1.571E+00,4.439E-02,3.905E-01,6.682E-01,3.105E-02,3.236E+00,1.453E+00,-1.234E-01,2.891E+00,2.958E+00,1.571E+00,4.089E-02,5.073E-01,8.271E-01,5.993E-02,1.828E+00
88,0.000E+00,2.242E-04,0.000E+00,1.519E-03,2.346E-03,1.658E-01,3.142E+00,0.000E+00,0.000E+00,0.000E+00,0.000E+00,0.000E+00,0.000E+00,0.000E+00,0.000E+00,0.000E+00,3.142E+00,0.000E+00,0.000E+00,0.000E+00,0.000E+00,0.000E+00,0.000E+00,0.000E+00,0.000E+00,0.000E+00
89,0.000E+00,0.000E+00,0.000E+00,0.000E+00,0.000E+00,0.000E+00,3.142E+00,0.000E+00,0.000E+00,0.000E+00,0.000E+00,0.000E+00,0.000E+00,0.000E+00,0.000E+00,0.000E+00,3.142E+00,0.000E+00,0.000E+00,0.000E+00,0.000E+00,0.000E+00,0.000E+00,0.000E+00,0.000E+00,0.000E+00
