alpha,He,Fe,Cr,O,Fe_1,O_1,Cr_2,O_2,amu/ion,phiK_Cr,phiTilt_Cr,phiM_Cr,phiN_Cr,thetaK_Cr,thetaTilt_Cr,thetaM_Cr,thetaN_Cr,energyK_Cr,energyE_Cr,phiK_Fe,phiTilt_Fe,phiM_Fe,phiN_Fe,thetaK_Fe,thetaTilt_Fe,thetaM_Fe,thetaN_Fe,energyK_Fe,energyE_Fe,phiK_O,phiTilt_O,phiM_O,phiN_O,thetaK_O,thetaTilt_O,thetaM_O,thetaN_O,energyK_O,energyE_O
0,0.000E+00,2.239E-02,0.000E+00,7.812E-07,9.375E-06,2.453E-04,2.241E-02,6.711E-02,3.494E+00,1.785E+00,2.309E-02,1.253E+00,1.601E+00,3.142E+00,-5.332E-03,2.510E+00,2.429E+00,7.248E-02,5.632E+00,1.868E+00,1.501E-03,1.302E+00,1.175E+00,3.142E+00,-6.112E-03,2.380E+00,2.293E+00,1.068E-01,3.936E+00,1.683E+00,-3.717E-02,2.009E+00,1.567E+00,3.142E+00,-1.262E-03,2.760E+00,2.738E+00,1.470E-01,3.095E+00
1,0.000E+00,2.248E-02,0.000E+00,6.836E-07,9.570E-06,2.451E-04,2.250E-02,6.739E-02,3.508E+00,1.755E+00,3.029E-03,1.366E+00,1.610E+00,3.142E+00,-4.896E-03,2.484E+00,2.410E+00,7.259E-02,5.624E+00,1.863E+00,-2.406E-02,1.457E+00,1.169E+00,3.142E+00,-4.533E-03,2.351E+00,2.286E+00,1.062E-01,3.955E+00,1.679E+00,-3.955E-02,2.008E+00,1.600E+00,3.142E+00,-1.190E-03,2.754E+00,2.733E+00,1.471E-01,3.092E+00
2,0.000E+00,2.256E-02,0.000E+00,5.859E-07,9.766E-06,2.449E-04,2.259E-02,6.767E-02,3.522E+00,1.747E+00,-1.703E-02,1.480E+00,1.618E+00,3.142E+00,-4.460E-03,2.457E+00,2.390E+00,7.270E-02,5.617E+00,1.861E+00,-4.962E-02,1.612E+00,1.163E+00,3.142E+00,-2.954E-03,2.323E+00,2.279E+00,1.057E-01,3.973E+00,1.675E+00,-4.193E-02,2.008E+00,1.634E+00,3.142E+00,-1.118E-03,2.748E+00,2.728E+00,1.473E-01,3.089E+00
3,0.000E+00,2.265E-02,0.000E+00,4.883E-07,9.961E-06,2.447E-04,2.268E-02,6.795E-02,3.536E+00,1.744E+00,-3.709E-02,1.593E+00,1.627E+00,3.142E+00,-4.024E-03,2.430E+00,2.370E+00,7.280E-02,5.609E+00,1.862E+00,-7.518E-02,1.767E+00,1.156E+00,3.142E+00,-1.376E-03,2.294E+00,2.272E+00,1.052E-01,3.992E+00,1.671E+00,-4.430E-02,2.007E+00,1.667E+00,3.142E+00,-1.046E-03,2.742E+00,2.724E+00,1.474E-01,3.086E+00
4,0.000E+00,2.269E-02,0.000E+00,4.395E-07,1.006E-05,2.446E-04,2.273E-02,6.809E-02,3.543E+00,1.743E+00,-4.712E-02,1.650E+00,1.631E+00,3.142E+00,-3.806E-03,2.417E+00,2.361E+00,7.286E-02,5.606E+00,1.863E+00,-8.796E-02,1.844E+00,1.153E+00,3.142E+00,-5.864E-04,2.280E+00,2.269E+00,1.049E-01,4.002E+00,1.669E+00,-4.549E-02,2.007E+00,1.684E+00,3.142E+00,-1.011E-03,2.739E+00,2.721E+00,1.475E-01,3.085E+00
5,0.000E+00,2.274E-02,0.000E+00,3.906E-07,1.016E-05,2.445E-04,2.277E-02,6.823E-02,3.550E+00,1.741E+00,-5.714E-02,1.707E+00,1.635E+00,3.142E+00,-3.588E-03,2.404E+00,2.351E+00,7.291E-02,5.602E+00,1.864E+00,-1.007E-01,1.922E+00,1.150E+00,3.142E+00,2.029E-04,2.266E+00,2.266E+00,1.046E-01,4.011E+00,1.667E+00,-4.668E-02,2.006E+00,1.701E+00,3.142E+00,-9.746E-04,2.736E+00,2.719E+00,1.476E-01,3.083E+00
6,0.000E+00,2.282E-02,0.000E+00,2.930E-07,1.035E-05,2.443E-04,2.286E-02,6.851E-02,3.564E+00,1.740E+00,-7.720E-02,1.820E+00,1.644E+00,3.142E+00,-3.152E-03,2.377E+00,2.331E+00,7.302E-02,5.595E+00,1.868E+00,-1.263E-01,2.077E+00,1.144E+00,3.142E+00,1.782E-03,2.237E+00,2.259E+00,1.041E-01,4.030E+00,1.664E+00,-4.906E-02,2.006E+00,1.734E+00,3.142E+00,-9.029E-04,2.730E+00,2.714E+00,1.477E-01,3.080E+00
7,0.000E+00,2.291E-02,0.000E+00,1.953E-07,1.055E-05,2.441E-04,2.295E-02,6.878E-02,3.578E+00,1.739E+00,-9.726E-02,1.934E+00,1.652E+00,3.142E+00,-2.716E-03,2.351E+00,2.312E+00,7.312E-02,5.587E+00,1.873E+00,-1.519E-01,2.232E+00,1.138E+00,3.142E+00,3.360E-03,2.209E+00,2.252E+00,1.036E-01,4.049E+00,1.660E+00,-5.144E-02,2.005E+00,1.768E+00,3.142E+00,-8.312E-04,2.724E+00,2.709E+00,1.479E-01,3.077E+00
8,0.000E+00,2.299E-02,0.000E+00,9.766E-08,1.074E-05,2.439E-04,2.304E-02,6.906E-02,3.591E+00,1.738E+00,-1.173E-01,2.047E+00,1.661E+00,3.142E+00,-2.280E-03,2.324E+00,2.292E+00,7.323E-02,5.580E+00,1.879E+00,-1.774E-01,2.387E+00,1.131E+00,3.142E+00,4.939E-03,2.181E+00,2.245E+00,1.030E-01,4.067E+00,1.657E+00,-5.382E-02,2.004E+00,1.801E+00,3.142E+00,-7.594E-04,2.717E+00,2.704E+00,1.480E-01,3.074E+00
9,0.000E+00,2.304E-02,0.000E+00,4.883E-08,1.084E-05,2.438E-04,2.308E-02,6.920E-02,3.598E+00,1.739E+00,-1.273E-01,2.104E+00,1.665E+00,3.142E+00,-2.062E-03,2.311E+00,2.282E+00,7.328E-02,5.576E+00,1.883E+00,-1.902E-01,2.464E+00,1.128E+00,3.142E+00,5.728E-03,2.166E+00,2.242E+00,1.028E-01,4.077E+00,1.655E+00,-5.501E-02,2.004E+00,1.818E+00,3.142E+00,-7.236E-04,2.714E+00,2.702E+00,1.481E-01,3.072E+00
10,0.000E+00,2.308E-02,0.000E+00,0.000E+00,1.094E-05,2.437E-04,2.313E-02,6.934E-02,3.605E+00,1.739E+00,-1.374E-01,2.161E+00,1.669E+00,3.142E+00,-1.844E-03,2.298E+00,2.272E+00,7.333E-02,5.572E+00,1.886E+00,-2.030E-01,2.542E+00,1.125E+00,3.142E+00,6.517E-03,2.152E+00,2.238E+00,1.025E-01,4.086E+00,1.653E+00,-5.620E-02,2.004E+00,1.834E+00,3.142E+00,-6.877E-04,2.711E+00,2.700E+00,1.482E-01,3.071E+00
11,0.000E+00,2.353E-02,0.000E+00,9.766E-08,1.279E-05,2.579E-04,2.353E-02,7.054E-02,3.671E+00,1.750E+00,-1.543E-01,2.251E+00,1.630E+00,3.142E+00,-2.301E-03,2.316E+00,2.284E+00,7.315E-02,5.585E+00,1.880E+00,-2.130E-01,2.588E+00,1.157E+00,3.142E+00,5.182E-03,2.187E+00,2.255E+00,1.023E-01,4.094E+00,1.651E+00,-6.084E-02,2.023E+00,1.856E+00,3.142E+00,-9.332E-04,2.727E+00,2.711E+00,1.479E-01,3.077E+00
12,0.000E+00,2.397E-02,0.000E+00,1.953E-07,1.465E-05,2.721E-04,2.393E-02,7.173E-02,3.736E+00,1.761E+00,-1.712E-01,2.342E+00,1.591E+00,3.142E+00,-2.759E-03,2.335E+00,2.296E+00,7.297E-02,5.598E+00,1.874E+00,-2.230E-01,2.635E+00,1.189E+00,3.142E+00,3.846E-03,2.222E+00,2.271E+00,1.021E-01,4.101E+00,1.649E+00,-6.547E-02,2.043E+00,1.878E+00,3.142E+00,-1.179E-03,2.742E+00,2.721E+00,1.476E-01,3.083E+00
13,0.000E+00,2.442E-02,0.000E+00,2.930E-07,1.650E-05,2.862E-04,2.433E-02,7.293E-02,3.801E+00,1.773E+00,-1.881E-01,2.432E+00,1.552E+00,3.142E+00,-3.216E-03,2.354E+00,2.308E+00,7.279E-02,5.611E+00,1.869E+00,-2.330E-01,2.681E+00,1.221E+00,3.142E+00,2.510E-03,2.257E+00,2.288E+00,1.019E-01,4.109E+00,1.647E+00,-7.010E-02,2.062E+00,1.900E+00,3.142E+00,-1.424E-03,2.757E+00,2.732E+00,1.473E-01,3.089E+00
14,0.000E+00,2.464E-02,0.000E+00,3.418E-07,1.743E-05,2.933E-04,2.453E-02,7.353E-02,3.834E+00,1.780E+00,-1.965E-01,2.477E+00,1.532E+00,3.142E+00,-3.444E-03,2.363E+00,2.314E+00,7.270E-02,5.617E+00,1.866E+00,-2.380E-01,2.704E+00,1.237E+00,3.142E+00,1.842E-03,2.274E+00,2.296E+00,1.018E-01,4.113E+00,1.646E+00,-7.242E-02,2.072E+00,1.912E+00,3.142E+00,-1.547E-03,2.765E+00,2.738E+00,1.471E-01,3.092E+00
15,0.000E+00,2.486E-02,0.000E+00,3.906E-07,1.836E-05,3.004E-04,2.474E-02,7.413E-02,3.867E+00,1.786E+00,-2.050E-01,2.522E+00,1.512E+00,3.142E+00,-3.673E-03,2.372E+00,2.320E+00,7.261E-02,5.623E+00,1.863E+00,-2.430E-01,2.727E+00,1.253E+00,3.142E+00,1.174E-03,2.292E+00,2.304E+00,1.017E-01,4.116E+00,1.645E+00,-7.473E-02,2.082E+00,1.923E+00,3.142E+00,-1.670E-03,2.773E+00,2.743E+00,1.470E-01,3.095E+00
16,0.000E+00,2.531E-02,0.000E+00,4.883E-07,2.021E-05,3.146E-04,2.514E-02,7.532E-02,3.932E+00,1.800E+00,-2.219E-01,2.613E+00,1.473E+00,3.142E+00,-4.130E-03,2.391E+00,2.331E+00,7.243E-02,5.636E+00,1.858E+00,-2.530E-01,2.774E+00,1.285E+00,3.142E+00,-1.619E-04,2.327E+00,2.321E+00,1.015E-01,4.124E+00,1.643E+00,-7.937E-02,2.101E+00,1.945E+00,3.142E+00,-1.915E-03,2.788E+00,2.754E+00,1.467E-01,3.101E+00
17,0.000E+00,2.576E-02,0.000E+00,5.859E-07,2.207E-05,3.287E-04,2.554E-02,7.652E-02,3.997E+00,1.814E+00,-2.388E-01,2.703E+00,1.434E+00,3.142E+00,-4.587E-03,2.410E+00,2.343E+00,7.224E-02,5.649E+00,1.853E+00,-2.629E-01,2.820E+00,1.317E+00,3.142E+00,-1.498E-03,2.361E+00,2.337E+00,1.013E-01,4.132E+00,1.640E+00,-8.400E-02,2.120E+00,1.967E+00,3.142E+00,-2.161E-03,2.803E+00,2.765E+00,1.463E-01,3.108E+00
18,0.000E+00,2.620E-02,0.000E+00,6.836E-07,2.393E-05,3.429E-04,2.594E-02,7.772E-02,4.062E+00,1.828E+00,-2.557E-01,2.794E+00,1.395E+00,3.142E+00,-5.044E-03,2.429E+00,2.355E+00,7.206E-02,5.662E+00,1.848E+00,-2.729E-01,2.866E+00,1.349E+00,3.142E+00,-2.834E-03,2.396E+00,2.354E+00,1.011E-01,4.139E+00,1.638E+00,-8.863E-02,2.140E+00,1.989E+00,3.142E+00,-2.407E-03,2.818E+00,2.776E+00,1.460E-01,3.114E+00
19,0.000E+00,2.642E-02,0.000E+00,7.324E-07,2.485E-05,3.500E-04,2.614E-02,7.831E-02,4.095E+00,1.836E+00,-2.641E-01,2.839E+00,1.375E+00,3.142E+00,-5.273E-03,2.438E+00,2.361E+00,7.197E-02,5.668E+00,1.845E+00,-2.779E-01,2.889E+00,1.365E+00,3.142E+00,-3.502E-03,2.414E+00,2.362E+00,1.010E-01,4.143E+00,1.637E+00,-9.095E-02,2.150E+00,2.000E+00,3.142E+00,-2.529E-03,2.826E+00,2.781E+00,1.459E-01,3.117E+00
20,0.000E+00,2.665E-02,0.000E+00,7.812E-07,2.578E-05,3.570E-04,2.634E-02,7.891E-02,4.128E+00,1.844E+00,-2.726E-01,2.884E+00,1.356E+00,3.142E+00,-5.501E-03,2.447E+00,2.367E+00,7.188E-02,5.674E+00,1.843E+00,-2.829E-01,2.913E+00,1.381E+00,3.142E+00,-4.170E-03,2.431E+00,2.371E+00,1.009E-01,4.147E+00,1.636E+00,-9.326E-02,2.159E+00,2.011E+00,3.142E+00,-2.652E-03,2.834E+00,2.786E+00,1.457E-01,3.120E+00
21,0.000E+00,2.735E-02,0.000E+00,8.789E-07,2.910E-05,3.920E-04,2.706E-02,8.102E-02,4.238E+00,1.834E+00,-2.888E-01,3.083E+00,1.371E+00,3.142E+00,-4.768E-03,2.442E+00,2.372E+00,7.167E-02,5.690E+00,1.831E+00,-2.983E-01,3.172E+00,1.381E+00,3.142E+00,-3.462E-03,2.412E+00,2.362E+00,1.007E-01,4.154E+00,1.635E+00,-1.010E-01,2.218E+00,2.013E+00,3.142E+00,-2.110E-03,2.813E+00,2.775E+00,1.456E-01,3.122E+00
22,0.000E+00,2.805E-02,0.000E+00,9.766E-07,3.242E-05,4.270E-04,2.777E-02,8.314E-02,4.349E+00,1.825E+00,-3.051E-01,3.281E+00,1.387E+00,3.142E+00,-4.034E-03,2.436E+00,2.377E+00,7.146E-02,5.705E+00,1.821E+00,-3.137E-01,3.431E+00,1.381E+00,3.142E+00,-2.755E-03,2.394E+00,2.353E+00,1.005E-01,4.162E+00,1.634E+00,-1.087E-01,2.277E+00,2.016E+00,3.142E+00,-1.569E-03,2.792E+00,2.763E+00,1.455E-01,3.124E+00
23,0.000E+00,2.875E-02,0.000E+00,1.074E-06,3.574E-05,4.619E-04,2.848E-02,8.525E-02,4.460E+00,1.818E+00,-3.213E-01,3.479E+00,1.402E+00,3.142E+00,-3.300E-03,2.430E+00,2.382E+00,7.124E-02,5.721E+00,1.813E+00,-3.290E-01,3.690E+00,1.381E+00,3.142E+00,-2.048E-03,2.375E+00,2.345E+00,1.003E-01,4.169E+00,1.632E+00,-1.165E-01,2.336E+00,2.018E+00,3.142E+00,-1.027E-03,2.771E+00,2.752E+00,1.454E-01,3.126E+00
24,0.000E+00,2.910E-02,0.000E+00,1.123E-06,3.740E-05,4.794E-04,2.884E-02,8.631E-02,4.516E+00,1.814E+00,-3.295E-01,3.578E+00,1.410E+00,3.142E+00,-2.933E-03,2.427E+00,2.384E+00,7.114E-02,5.728E+00,1.810E+00,-3.367E-01,3.819E+00,1.381E+00,3.142E+00,-1.694E-03,2.366E+00,2.340E+00,1.002E-01,4.173E+00,1.632E+00,-1.204E-01,2.366E+00,2.019E+00,3.142E+00,-7.565E-04,2.760E+00,2.746E+00,1.454E-01,3.127E+00
25,0.000E+00,2.945E-02,0.000E+00,1.172E-06,3.906E-05,4.969E-04,2.920E-02,8.736E-02,4.571E+00,1.811E+00,-3.376E-01,3.677E+00,1.418E+00,3.142E+00,-2.566E-03,2.424E+00,2.387E+00,7.103E-02,5.736E+00,1.807E+00,-3.444E-01,3.949E+00,1.381E+00,3.142E+00,-1.340E-03,2.356E+00,2.336E+00,1.001E-01,4.177E+00,1.631E+00,-1.242E-01,2.395E+00,2.021E+00,3.142E+00,-4.856E-04,2.750E+00,2.740E+00,1.453E-01,3.128E+00
26,0.000E+00,3.015E-02,0.000E+00,1.270E-06,4.238E-05,5.318E-04,2.991E-02,8.947E-02,4.682E+00,1.805E+00,-3.538E-01,3.875E+00,1.433E+00,3.142E+00,-1.832E-03,2.418E+00,2.392E+00,7.082E-02,5.752E+00,1.802E+00,-3.598E-01,4.208E+00,1.381E+00,3.142E+00,-6.331E-04,2.337E+00,2.328E+00,9.988E-02,4.184E+00,1.630E+00,-1.320E-01,2.454E+00,2.023E+00,3.142E+00,5.596E-05,2.729E+00,2.729E+00,1.452E-01,3.130E+00
27,0.000E+00,3.086E-02,0.000E+00,1.367E-06,4.570E-05,5.668E-04,3.063E-02,9.159E-02,4.793E+00,1.800E+00,-3.701E-01,4.073E+00,1.449E+00,3.142E+00,-1.099E-03,2.413E+00,2.397E+00,7.061E-02,5.767E+00,1.798E+00,-3.751E-01,4.467E+00,1.381E+00,3.142E+00,7.416E-05,2.319E+00,2.319E+00,9.968E-02,4.192E+00,1.630E+00,-1.397E-01,2.513E+00,2.026E+00,3.142E+00,5.976E-04,2.708E+00,2.717E+00,1.451E-01,3.133E+00
28,0.000E+00,3.156E-02,0.000E+00,1.465E-06,4.902E-05,6.018E-04,3.134E-02,9.370E-02,4.903E+00,1.796E+00,-3.864E-01,4.271E+00,1.464E+00,3.142E+00,-3.647E-04,2.407E+00,2.401E+00,7.040E-02,5.782E+00,1.795E+00,-3.905E-01,4.726E+00,1.381E+00,3.142E+00,7.814E-04,2.300E+00,2.310E+00,9.949E-02,4.199E+00,1.629E+00,-1.475E-01,2.572E+00,2.028E+00,3.142E+00,1.139E-03,2.687E+00,2.705E+00,1.450E-01,3.135E+00
29,0.000E+00,3.191E-02,0.000E+00,1.514E-06,5.068E-05,6.192E-04,3.170E-02,9.476E-02,4.959E+00,1.794E+00,-3.945E-01,4.370E+00,1.472E+00,3.142E+00,2.193E-06,2.404E+00,2.404E+00,7.029E-02,5.790E+00,1.793E+00,-3.982E-01,4.855E+00,1.381E+00,3.142E+00,1.135E-03,2.290E+00,2.306E+00,9.939E-02,4.203E+00,1.629E+00,-1.513E-01,2.601E+00,2.029E+00,3.142E+00,1.410E-03,2.676E+00,2.700E+00,1.450E-01,3.136E+00
30,0.000E+00,3.226E-02,0.000E+00,1.562E-06,5.234E-05,6.367E-04,3.205E-02,9.581E-02,5.014E+00,1.792E+00,-4.026E-01,4.469E+00,1.480E+00,3.142E+00,3.691E-04,2.401E+00,2.406E+00,7.019E-02,5.798E+00,1.792E+00,-4.059E-01,4.985E+00,1.381E+00,3.142E+00,1.489E-03,2.281E+00,2.302E+00,9.929E-02,4.207E+00,1.629E+00,-1.552E-01,2.631E+00,2.031E+00,3.142E+00,1.681E-03,2.665E+00,2.694E+00,1.449E-01,3.137E+00
31,0.000E+00,3.420E-02,0.000E+00,4.785E-06,1.770E-04,9.453E-04,3.414E-02,1.018E-01,5.339E+00,1.789E+00,-4.084E-01,4.496E+00,1.500E+00,3.142E+00,4.440E-04,2.396E+00,2.403E+00,6.949E-02,5.854E+00,1.783E+00,-3.943E-01,4.735E+00,1.432E+00,3.142E+00,7.164E-04,2.322E+00,2.331E+00,9.854E-02,4.237E+00,1.629E+00,-1.599E-01,2.673E+00,2.025E+00,3.142E+00,1.263E-03,2.682E+00,2.703E+00,1.444E-01,3.148E+00
32,0.000E+00,3.517E-02,0.000E+00,6.396E-06,2.393E-04,1.100E-03,3.519E-02,1.048E-01,5.501E+00,1.788E+00,-4.113E-01,4.509E+00,1.510E+00,3.142E+00,4.815E-04,2.394E+00,2.401E+00,6.914E-02,5.882E+00,1.779E+00,-3.886E-01,4.610E+00,1.457E+00,3.142E+00,3.303E-04,2.342E+00,2.345E+00,9.817E-02,4.253E+00,1.629E+00,-1.623E-01,2.694E+00,2.023E+00,3.142E+00,1.054E-03,2.690E+00,2.708E+00,1.441E-01,3.154E+00
33,0.000E+00,3.614E-02,0.000E+00,8.008E-06,3.016E-04,1.254E-03,3.623E-02,1.078E-01,5.664E+00,1.787E+00,-4.142E-01,4.522E+00,1.520E+00,3.142E+00,5.190E-04,2.391E+00,2.399E+00,6.880E-02,5.910E+00,1.775E+00,-3.828E-01,4.484E+00,1.482E+00,3.142E+00,-5.589E-05,2.362E+00,2.359E+00,9.779E-02,4.268E+00,1.629E+00,-1.647E-01,2.715E+00,2.020E+00,3.142E+00,8.454E-04,2.699E+00,2.713E+00,1.439E-01,3.159E+00
34,0.000E+00,3.712E-02,0.000E+00,9.619E-06,3.639E-04,1.408E-03,3.728E-02,1.107E-01,5.826E+00,1.786E+00,-4.171E-01,4.535E+00,1.530E+00,3.142E+00,5.564E-04,2.389E+00,2.397E+00,6.845E-02,5.938E+00,1.772E+00,-3.770E-01,4.359E+00,1.507E+00,3.142E+00,-4.420E-04,2.383E+00,2.374E+00,9.742E-02,4.283E+00,1.629E+00,-1.671E-01,2.736E+00,2.018E+00,3.142E+00,6.365E-04,2.707E+00,2.717E+00,1.436E-01,3.165E+00
35,0.000E+00,3.809E-02,0.000E+00,1.123E-05,4.262E-04,1.563E-03,3.832E-02,1.137E-01,5.988E+00,1.784E+00,-4.200E-01,4.548E+00,1.540E+00,3.142E+00,5.939E-04,2.386E+00,2.395E+00,6.810E-02,5.966E+00,1.769E+00,-3.713E-01,4.234E+00,1.532E+00,3.142E+00,-8.282E-04,2.403E+00,2.388E+00,9.705E-02,4.299E+00,1.629E+00,-1.694E-01,2.757E+00,2.015E+00,3.142E+00,4.277E-04,2.715E+00,2.722E+00,1.433E-01,3.170E+00
36,0.000E+00,3.906E-02,0.000E+00,1.284E-05,4.885E-04,1.717E-03,3.937E-02,1.167E-01,6.151E+00,1.783E+00,-4.228E-01,4.561E+00,1.550E+00,3.142E+00,6.313E-04,2.384E+00,2.393E+00,6.776E-02,5.994E+00,1.767E+00,-3.655E-01,4.109E+00,1.557E+00,3.142E+00,-1.214E-03,2.424E+00,2.403E+00,9.667E-02,4.314E+00,1.630E+00,-1.718E-01,2.778E+00,2.012E+00,3.142E+00,2.188E-04,2.724E+00,2.727E+00,1.431E-01,3.176E+00
37,0.000E+00,4.003E-02,0.000E+00,1.445E-05,5.508E-04,1.871E-03,4.041E-02,1.197E-01,6.313E+00,1.782E+00,-4.257E-01,4.574E+00,1.560E+00,3.142E+00,6.688E-04,2.381E+00,2.391E+00,6.741E-02,6.022E+00,1.764E+00,-3.597E-01,3.984E+00,1.582E+00,3.142E+00,-1.601E-03,2.444E+00,2.417E+00,9.630E-02,4.329E+00,1.630E+00,-1.742E-01,2.799E+00,2.010E+00,3.142E+00,9.954E-06,2.732E+00,2.732E+00,1.428E-01,3.182E+00
38,0.000E+00,4.100E-02,0.000E+00,1.606E-05,6.131E-04,2.025E-03,4.146E-02,1.227E-01,6.475E+00,1.781E+00,-4.286E-01,4.587E+00,1.569E+00,3.142E+00,7.063E-04,2.379E+00,2.389E+00,6.706E-02,6.049E+00,1.763E+00,-3.540E-01,3.859E+00,1.607E+00,3.142E+00,-1.987E-03,2.464E+00,2.431E+00,9.592E-02,4.345E+00,1.630E+00,-1.765E-01,2.820E+00,2.007E+00,3.142E+00,-1.989E-04,2.740E+00,2.736E+00,1.425E-01,3.187E+00
39,0.000E+00,4.197E-02,0.000E+00,1.768E-05,6.754E-04,2.180E-03,4.250E-02,1.257E-01,6.638E+00,1.780E+00,-4.315E-01,4.600E+00,1.579E+00,3.142E+00,7.437E-04,2.376E+00,2.387E+00,6.671E-02,6.077E+00,1.762E+00,-3.482E-01,3.734E+00,1.632E+00,3.142E+00,-2.373E-03,2.485E+00,2.446E+00,9.555E-02,4.360E+00,1.630E+00,-1.789E-01,2.840E+00,2.005E+00,3.142E+00,-4.078E-04,2.749E+00,2.741E+00,1.423E-01,3.193E+00
40,0.000E+00,4.294E-02,0.000E+00,1.929E-05,7.377E-04,2.334E-03,4.355E-02,1.287E-01,6.800E+00,1.779E+00,-4.344E-01,4.613E+00,1.589E+00,3.142E+00,7.812E-04,2.374E+00,2.385E+00,6.637E-02,6.105E+00,1.761E+00,-3.424E-01,3.609E+00,1.658E+00,3.142E+00,-2.759E-03,2.505E+00,2.460E+00,9.518E-02,4.375E+00,1.631E+00,-1.813E-01,2.861E+00,2.002E+00,3.142E+00,-6.166E-04,2.757E+00,2.746E+00,1.420E-01,3.198E+00
41,0.000E+00,4.391E-02,0.000E+00,2.090E-05,8.000E-04,2.488E-03,4.459E-02,1.317E-01,6.962E+00,1.777E+00,-4.373E-01,4.626E+00,1.599E+00,3.142E+00,8.186E-04,2.372E+00,2.383E+00,6.602E-02,6.133E+00,1.761E+00,-3.367E-01,3.483E+00,1.683E+00,3.142E+00,-3.145E-03,2.525E+00,2.475E+00,9.480E-02,4.391E+00,1.631E+00,-1.836E-01,2.882E+00,1.999E+00,3.142E+00,-8.255E-04,2.765E+00,2.751E+00,1.418E-01,3.204E+00
42,0.000E+00,4.489E-02,0.000E+00,2.251E-05,8.623E-04,2.643E-03,4.564E-02,1.346E-01,7.125E+00,1.776E+00,-4.402E-01,4.639E+00,1.609E+00,3.142E+00,8.561E-04,2.369E+00,2.382E+00,6.567E-02,6.161E+00,1.761E+00,-3.309E-01,3.358E+00,1.708E+00,3.142E+00,-3.531E-03,2.546E+00,2.489E+00,9.443E-02,4.406E+00,1.631E+00,-1.860E-01,2.903E+00,1.997E+00,3.142E+00,-1.034E-03,2.774E+00,2.755E+00,1.415E-01,3.209E+00
43,0.000E+00,4.586E-02,0.000E+00,2.412E-05,9.246E-04,2.797E-03,4.669E-02,1.376E-01,7.287E+00,1.775E+00,-4.431E-01,4.652E+00,1.619E+00,3.142E+00,8.936E-04,2.367E+00,2.380E+00,6.532E-02,6.189E+00,1.762E+00,-3.251E-01,3.233E+00,1.733E+00,3.142E+00,-3.917E-03,2.566E+00,2.503E+00,9.406E-02,4.421E+00,1.631E+00,-1.884E-01,2.924E+00,1.994E+00,3.142E+00,-1.243E-03,2.782E+00,2.760E+00,1.412E-01,3.215E+00
44,0.000E+00,4.683E-02,0.000E+00,2.573E-05,9.869E-04,2.951E-03,4.773E-02,1.406E-01,7.449E+00,1.774E+00,-4.459E-01,4.665E+00,1.629E+00,3.142E+00,9.310E-04,2.364E+00,2.378E+00,6.498E-02,6.217E+00,1.763E+00,-3.194E-01,3.108E+00,1.758E+00,3.142E+00,-4.304E-03,2.586E+00,2.518E+00,9.368E-02,4.437E+00,1.632E+00,-1.908E-01,2.945E+00,1.992E+00,3.142E+00,-1.452E-03,2.790E+00,2.765E+00,1.410E-01,3.221E+00
45,0.000E+00,4.780E-02,0.000E+00,2.734E-05,1.049E-03,3.105E-03,4.878E-02,1.436E-01,7.612E+00,1.773E+00,-4.488E-01,4.678E+00,1.639E+00,3.142E+00,9.685E-04,2.362E+00,2.376E+00,6.463E-02,6.245E+00,1.765E+00,-3.136E-01,2.983E+00,1.783E+00,3.142E+00,-4.690E-03,2.607E+00,2.532E+00,9.331E-02,4.452E+00,1.632E+00,-1.931E-01,2.966E+00,1.989E+00,3.142E+00,-1.661E-03,2.799E+00,2.769E+00,1.407E-01,3.226E+00
46,0.000E+00,4.968E-02,0.000E+00,3.223E-05,1.333E-03,3.618E-03,5.097E-02,1.496E-01,7.951E+00,1.757E+00,-4.859E-01,5.836E+00,1.584E+00,3.142E+00,-1.883E-04,2.374E+00,2.371E+00,6.498E-02,6.215E+00,1.751E+00,-3.218E-01,3.087E+00,1.834E+00,3.142E+00,-4.497E-03,2.575E+00,2.505E+00,9.451E-02,4.402E+00,1.638E+00,-2.023E-01,3.064E+00,1.946E+00,3.142E+00,-1.807E-03,2.818E+00,2.786E+00,1.418E-01,3.203E+00
47,0.000E+00,5.157E-02,0.000E+00,3.711E-05,1.618E-03,4.131E-03,5.317E-02,1.556E-01,8.291E+00,1.753E+00,-5.229E-01,6.994E+00,1.529E+00,3.142E+00,-1.345E-03,2.386E+00,2.367E+00,6.533E-02,6.186E+00,1.738E+00,-3.300E-01,3.191E+00,1.885E+00,3.142E+00,-4.304E-03,2.544E+00,2.477E+00,9.572E-02,4.352E+00,1.644E+00,-2.115E-01,3.161E+00,1.903E+00,3.142E+00,-1.953E-03,2.837E+00,2.802E+00,1.428E-01,3.181E+00
48,0.000E+00,5.345E-02,0.000E+00,4.199E-05,1.902E-03,4.644E-03,5.536E-02,1.616E-01,8.631E+00,1.758E+00,-5.599E-01,8.151E+00,1.474E+00,3.142E+00,-2.502E-03,2.399E+00,2.362E+00,6.568E-02,6.156E+00,1.725E+00,-3.382E-01,3.295E+00,1.935E+00,3.142E+00,-4.111E-03,2.513E+00,2.450E+00,9.692E-02,4.302E+00,1.651E+00,-2.206E-01,3.259E+00,1.861E+00,3.142E+00,-2.100E-03,2.856E+00,2.818E+00,1.439E-01,3.158E+00
49,0.000E+00,5.440E-02,0.000E+00,4.443E-05,2.044E-03,4.900E-03,5.646E-02,1.646E-01,8.801E+00,1.764E+00,-5.784E-01,8.730E+00,1.447E+00,3.142E+00,-3.080E-03,2.405E+00,2.360E+00,6.585E-02,6.141E+00,1.719E+00,-3.422E-01,3.347E+00,1.961E+00,3.142E+00,-4.015E-03,2.497E+00,2.436E+00,9.752E-02,4.277E+00,1.654E+00,-2.252E-01,3.307E+00,1.839E+00,3.142E+00,-2.173E-03,2.865E+00,2.826E+00,1.445E-01,3.147E+00
50,0.000E+00,5.534E-02,0.000E+00,4.688E-05,2.186E-03,5.156E-03,5.755E-02,1.676E-01,8.971E+00,1.771E+00,-5.969E-01,9.309E+00,1.419E+00,3.142E+00,-3.659E-03,2.411E+00,2.358E+00,6.603E-02,6.126E+00,1.713E+00,-3.463E-01,3.399E+00,1.986E+00,3.142E+00,-3.919E-03,2.481E+00,2.422E+00,9.812E-02,4.252E+00,1.658E+00,-2.298E-01,3.356E+00,1.818E+00,3.142E+00,-2.246E-03,2.875E+00,2.834E+00,1.450E-01,3.135E+00
51,0.000E+00,5.746E-02,0.000E+00,5.225E-05,3.266E-03,7.054E-03,6.075E-02,1.753E-01,9.469E+00,1.752E+00,-6.077E-01,1.047E+01,1.420E+00,3.142E+00,-3.054E-03,2.406E+00,2.361E+00,6.615E-02,6.116E+00,1.667E+00,-3.797E-01,4.574E+00,1.925E+00,3.142E+00,-3.826E-03,2.491E+00,2.433E+00,9.728E-02,4.288E+00,1.648E+00,-2.332E-01,3.462E+00,1.837E+00,3.142E+00,-1.897E-03,2.859E+00,2.824E+00,1.446E-01,3.143E+00
52,0.000E+00,5.958E-02,0.000E+00,5.762E-05,4.347E-03,8.951E-03,6.394E-02,1.830E-01,9.968E+00,1.736E+00,-6.185E-01,1.164E+01,1.421E+00,3.142E+00,-2.450E-03,2.400E+00,2.365E+00,6.628E-02,6.106E+00,1.644E+00,-4.130E-01,5.748E+00,1.863E+00,3.142E+00,-3.734E-03,2.500E+00,2.443E+00,9.644E-02,4.323E+00,1.638E+00,-2.367E-01,3.568E+00,1.856E+00,3.142E+00,-1.548E-03,2.842E+00,2.814E+00,1.442E-01,3.151E+00
53,0.000E+00,6.171E-02,0.000E+00,6.299E-05,5.427E-03,1.085E-02,6.714E-02,1.907E-01,1.047E+01,1.723E+00,-6.294E-01,1.280E+01,1.423E+00,3.142E+00,-1.845E-03,2.395E+00,2.368E+00,6.640E-02,6.095E+00,1.634E+00,-4.464E-01,6.923E+00,1.802E+00,3.142E+00,-3.641E-03,2.509E+00,2.453E+00,9.560E-02,4.359E+00,1.629E+00,-2.401E-01,3.675E+00,1.875E+00,3.142E+00,-1.200E-03,2.826E+00,2.804E+00,1.439E-01,3.159E+00
54,0.000E+00,6.277E-02,0.000E+00,6.567E-05,5.967E-03,1.180E-02,6.873E-02,1.946E-01,1.072E+01,1.718E+00,-6.348E-01,1.338E+01,1.423E+00,3.142E+00,-1.543E-03,2.392E+00,2.370E+00,6.646E-02,6.090E+00,1.633E+00,-4.631E-01,7.510E+00,1.771E+00,3.142E+00,-3.595E-03,2.513E+00,2.459E+00,9.519E-02,4.377E+00,1.624E+00,-2.418E-01,3.728E+00,1.885E+00,3.142E+00,-1.025E-03,2.818E+00,2.799E+00,1.437E-01,3.163E+00
55,0.000E+00,6.383E-02,0.000E+00,6.836E-05,6.507E-03,1.275E-02,7.033E-02,1.984E-01,1.096E+01,1.713E+00,-6.402E-01,1.396E+01,1.424E+00,3.142E+00,-1.241E-03,2.390E+00,2.372E+00,6.652E-02,6.085E+00,1.633E+00,-4.797E-01,8.097E+00,1.741E+00,3.142E+00,-3.548E-03,2.518E+00,2.464E+00,9.477E-02,4.394E+00,1.620E+00,-2.436E-01,3.781E+00,1.895E+00,3.142E+00,-8.512E-04,2.810E+00,2.794E+00,1.435E-01,3.167E+00
56,0.000E+00,6.595E-02,0.000E+00,7.373E-05,7.588E-03,1.464E-02,7.352E-02,2.061E-01,1.146E+01,1.704E+00,-6.510E-01,1.512E+01,1.425E+00,3.142E+00,-6.364E-04,2.384E+00,2.375E+00,6.665E-02,6.075E+00,1.640E+00,-5.131E-01,9.272E+00,1.680E+00,3.142E+00,-3.456E-03,2.527E+00,2.474E+00,9.393E-02,4.430E+00,1.611E+00,-2.470E-01,3.887E+00,1.914E+00,3.142E+00,-5.025E-04,2.793E+00,2.784E+00,1.431E-01,3.175E+00
57,0.000E+00,6.808E-02,0.000E+00,7.910E-05,8.668E-03,1.654E-02,7.672E-02,2.138E-01,1.196E+01,1.696E+00,-6.618E-01,1.629E+01,1.426E+00,3.142E+00,-3.202E-05,2.379E+00,2.378E+00,6.677E-02,6.065E+00,1.653E+00,-5.464E-01,1.045E+01,1.618E+00,3.142E+00,-3.363E-03,2.536E+00,2.484E+00,9.309E-02,4.465E+00,1.603E+00,-2.504E-01,3.993E+00,1.933E+00,3.142E+00,-1.538E-04,2.777E+00,2.774E+00,1.427E-01,3.183E+00
58,0.000E+00,7.020E-02,0.000E+00,8.447E-05,9.749E-03,1.844E-02,7.991E-02,2.215E-01,1.246E+01,1.690E+00,-6.726E-01,1.745E+01,1.427E+00,3.142E+00,5.724E-04,2.373E+00,2.382E+00,6.690E-02,6.054E+00,1.669E+00,-5.798E-01,1.162E+01,1.557E+00,3.142E+00,-3.271E-03,2.546E+00,2.495E+00,9.225E-02,4.501E+00,1.595E+00,-2.539E-01,4.099E+00,1.952E+00,3.142E+00,1.948E-04,2.761E+00,2.764E+00,1.423E-01,3.191E+00
59,0.000E+00,7.126E-02,0.000E+00,8.716E-05,1.029E-02,1.939E-02,8.151E-02,2.253E-01,1.271E+01,1.688E+00,-6.780E-01,1.803E+01,1.428E+00,3.142E+00,8.746E-04,2.371E+00,2.383E+00,6.696E-02,6.049E+00,1.679E+00,-5.965E-01,1.221E+01,1.526E+00,3.142E+00,-3.225E-03,2.550E+00,2.500E+00,9.183E-02,4.519E+00,1.591E+00,-2.556E-01,4.152E+00,1.962E+00,3.142E+00,3.692E-04,2.752E+00,2.759E+00,1.421E-01,3.195E+00
60,0.000E+00,7.232E-02,0.000E+00,8.984E-05,1.083E-02,2.033E-02,8.310E-02,2.292E-01,1.296E+01,1.685E+00,-6.834E-01,1.861E+01,1.429E+00,3.142E+00,1.177E-03,2.368E+00,2.385E+00,6.702E-02,6.044E+00,1.690E+00,-6.131E-01,1.280E+01,1.496E+00,3.142E+00,-3.178E-03,2.555E+00,2.505E+00,9.141E-02,4.536E+00,1.587E+00,-2.573E-01,4.205E+00,1.971E+00,3.142E+00,5.435E-04,2.744E+00,2.754E+00,1.420E-01,3.199E+00
61,0.000E+00,7.549E-02,0.000E+00,9.609E-05,1.255E-02,2.314E-02,8.801E-02,2.411E-01,1.372E+01,1.662E+00,-6.697E-01,1.797E+01,1.495E+00,3.142E+00,2.007E-03,2.375E+00,2.404E+00,6.658E-02,6.081E+00,1.672E+00,-6.211E-01,1.429E+01,1.497E+00,3.142E+00,-1.909E-03,2.529E+00,2.499E+00,9.212E-02,4.505E+00,1.580E+00,-2.825E-01,4.798E+00,1.920E+00,3.142E+00,7.244E-05,2.739E+00,2.740E+00,1.422E-01,3.194E+00
62,0.000E+00,7.867E-02,0.000E+00,1.023E-04,1.427E-02,2.594E-02,9.292E-02,2.531E-01,1.449E+01,1.640E+00,-6.559E-01,1.732E+01,1.562E+00,3.142E+00,2.836E-03,2.381E+00,2.423E+00,6.614E-02,6.118E+00,1.657E+00,-6.291E-01,1.578E+01,1.499E+00,3.142E+00,-6.388E-04,2.502E+00,2.492E+00,9.283E-02,4.474E+00,1.578E+00,-3.077E-01,5.392E+00,1.869E+00,3.142E+00,-3.986E-04,2.733E+00,2.726E+00,1.424E-01,3.189E+00
63,0.000E+00,8.184E-02,0.000E+00,1.086E-04,1.600E-02,2.874E-02,9.782E-02,2.650E-01,1.525E+01,1.619E+00,-6.421E-01,1.667E+01,1.629E+00,3.142E+00,3.666E-03,2.388E+00,2.442E+00,6.569E-02,6.155E+00,1.645E+00,-6.371E-01,1.727E+01,1.500E+00,3.142E+00,6.309E-04,2.476E+00,2.485E+00,9.354E-02,4.443E+00,1.581E+00,-3.329E-01,5.985E+00,1.818E+00,3.142E+00,-8.696E-04,2.727E+00,2.713E+00,1.427E-01,3.183E+00
64,0.000E+00,8.342E-02,0.000E+00,1.117E-04,1.686E-02,3.014E-02,1.003E-01,2.710E-01,1.563E+01,1.610E+00,-6.352E-01,1.635E+01,1.662E+00,3.142E+00,4.081E-03,2.391E+00,2.452E+00,6.547E-02,6.173E+00,1.639E+00,-6.411E-01,1.802E+01,1.501E+00,3.142E+00,1.266E-03,2.463E+00,2.482E+00,9.390E-02,4.427E+00,1.583E+00,-3.456E-01,6.282E+00,1.792E+00,3.142E+00,-1.105E-03,2.725E+00,2.706E+00,1.428E-01,3.181E+00
65,0.000E+00,8.501E-02,0.000E+00,1.148E-04,1.772E-02,3.154E-02,1.027E-01,2.770E-01,1.602E+01,1.600E+00,-6.284E-01,1.602E+01,1.696E+00,3.142E+00,4.496E-03,2.394E+00,2.461E+00,6.525E-02,6.192E+00,1.634E+00,-6.450E-01,1.877E+01,1.501E+00,3.142E+00,1.901E-03,2.450E+00,2.479E+00,9.426E-02,4.411E+00,1.587E+00,-3.582E-01,6.579E+00,1.766E+00,3.142E+00,-1.341E-03,2.722E+00,2.699E+00,1.429E-01,3.178E+00
66,0.000E+00,8.864E-02,0.000E+00,1.219E-04,2.059E-02,3.624E-02,1.092E-01,2.915E-01,1.703E+01,1.576E+00,-6.124E-01,1.557E+01,1.772E+00,3.142E+00,4.759E-03,2.356E+00,2.426E+00,6.536E-02,6.183E+00,1.593E+00,-6.207E-01,1.734E+01,1.641E+00,3.142E+00,2.750E-03,2.397E+00,2.437E+00,9.277E-02,4.479E+00,1.578E+00,-3.519E-01,6.555E+00,1.791E+00,3.142E+00,-1.117E-03,2.723E+00,2.704E+00,1.423E-01,3.191E+00
67,0.000E+00,9.226E-02,0.000E+00,1.289E-04,2.346E-02,4.094E-02,1.157E-01,3.061E-01,1.804E+01,1.553E+00,-5.965E-01,1.511E+01,1.847E+00,3.142E+00,5.022E-03,2.318E+00,2.390E+00,6.547E-02,6.173E+00,1.558E+00,-5.964E-01,1.591E+01,1.781E+00,3.142E+00,3.600E-03,2.343E+00,2.394E+00,9.128E-02,4.546E+00,1.568E+00,-3.457E-01,6.531E+00,1.816E+00,3.142E+00,-8.942E-04,2.724E+00,2.709E+00,1.417E-01,3.205E+00
68,0.000E+00,9.588E-02,0.000E+00,1.359E-04,2.632E-02,4.564E-02,1.222E-01,3.207E-01,1.904E+01,1.531E+00,-5.806E-01,1.465E+01,1.923E+00,3.142E+00,5.284E-03,2.280E+00,2.355E+00,6.558E-02,6.164E+00,1.528E+00,-5.721E-01,1.449E+01,1.921E+00,3.142E+00,4.450E-03,2.290E+00,2.352E+00,8.979E-02,4.614E+00,1.559E+00,-3.394E-01,6.508E+00,1.841E+00,3.142E+00,-6.709E-04,2.726E+00,2.714E+00,1.411E-01,3.218E+00
69,0.000E+00,9.770E-02,0.000E+00,1.395E-04,2.776E-02,4.800E-02,1.255E-01,3.280E-01,1.955E+01,1.521E+00,-5.726E-01,1.442E+01,1.961E+00,3.142E+00,5.416E-03,2.261E+00,2.337E+00,6.563E-02,6.159E+00,1.516E+00,-5.600E-01,1.377E+01,1.991E+00,3.142E+00,4.875E-03,2.263E+00,2.331E+00,8.904E-02,4.648E+00,1.555E+00,-3.363E-01,6.496E+00,1.854E+00,3.142E+00,-5.593E-04,2.726E+00,2.717E+00,1.408E-01,3.225E+00
70,0.000E+00,9.951E-02,0.000E+00,1.430E-04,2.919E-02,5.035E-02,1.287E-01,3.353E-01,2.005E+01,1.511E+00,-5.647E-01,1.420E+01,1.999E+00,3.142E+00,5.547E-03,2.242E+00,2.319E+00,6.569E-02,6.155E+00,1.504E+00,-5.478E-01,1.306E+01,2.061E+00,3.142E+00,5.300E-03,2.237E+00,2.310E+00,8.830E-02,4.682E+00,1.550E+00,-3.332E-01,6.484E+00,1.866E+00,3.142E+00,-4.477E-04,2.727E+00,2.719E+00,1.404E-01,3.232E+00
71,0.000E+00,1.019E-01,0.000E+00,1.422E-04,3.315E-02,5.660E-02,1.350E-01,3.480E-01,2.104E+01,1.484E+00,-5.627E-01,1.448E+01,2.108E+00,3.142E+00,5.131E-03,2.242E+00,2.313E+00,6.514E-02,6.202E+00,1.490E+00,-5.209E-01,1.179E+01,2.156E+00,3.142E+00,5.443E-03,2.275E+00,2.351E+00,8.976E-02,4.613E+00,1.540E+00,-3.300E-01,6.465E+00,1.911E+00,3.142E+00,9.367E-05,2.726E+00,2.728E+00,1.405E-01,3.231E+00
72,0.000E+00,1.042E-01,0.000E+00,1.414E-04,3.710E-02,6.286E-02,1.413E-01,3.607E-01,2.202E+01,1.458E+00,-5.607E-01,1.476E+01,2.216E+00,3.142E+00,4.714E-03,2.242E+00,2.307E+00,6.459E-02,6.249E+00,1.480E+00,-4.940E-01,1.052E+01,2.251E+00,3.142E+00,5.587E-03,2.312E+00,2.392E+00,9.123E-02,4.545E+00,1.529E+00,-3.268E-01,6.447E+00,1.956E+00,3.142E+00,6.350E-04,2.725E+00,2.736E+00,1.405E-01,3.230E+00
73,0.000E+00,1.074E-01,0.000E+00,1.488E-04,4.052E-02,6.825E-02,1.480E-01,3.754E-01,2.306E+01,1.462E+00,-5.440E-01,1.352E+01,2.236E+00,3.142E+00,4.139E-03,2.246E+00,2.302E+00,6.374E-02,6.324E+00,1.438E+00,-4.888E-01,1.091E+01,2.431E+00,3.142E+00,8.150E-03,2.226E+00,2.338E+00,9.104E-02,4.553E+00,1.508E+00,-3.176E-01,6.310E+00,2.063E+00,3.142E+00,2.624E-04,2.704E+00,2.709E+00,1.401E-01,3.240E+00
74,0.000E+00,1.107E-01,0.000E+00,1.562E-04,4.394E-02,7.364E-02,1.547E-01,3.900E-01,2.410E+01,1.467E+00,-5.273E-01,1.227E+01,2.256E+00,3.142E+00,3.564E-03,2.249E+00,2.298E+00,6.289E-02,6.400E+00,1.399E+00,-4.835E-01,1.131E+01,2.611E+00,3.142E+00,1.071E-02,2.140E+00,2.283E+00,9.084E-02,4.562E+00,1.489E+00,-3.085E-01,6.174E+00,2.169E+00,3.142E+00,-1.101E-04,2.683E+00,2.681E+00,1.396E-01,3.251E+00
75,0.000E+00,1.132E-01,0.000E+00,1.527E-04,4.862E-02,8.067E-02,1.619E-01,4.046E-01,2.523E+01,1.417E+00,-5.030E-01,1.130E+01,2.578E+00,3.142E+00,8.626E-03,2.154E+00,2.267E+00,6.308E-02,6.383E+00,1.400E+00,-4.675E-01,1.021E+01,2.696E+00,3.142E+00,1.129E-02,2.125E+00,2.275E+00,8.932E-02,4.634E+00,1.481E+00,-3.040E-01,6.206E+00,2.187E+00,3.142E+00,1.138E-03,2.620E+00,2.638E+00,1.395E-01,3.254E+00
76,0.000E+00,1.158E-01,0.000E+00,1.492E-04,5.330E-02,8.770E-02,1.691E-01,4.192E-01,2.635E+01,1.378E+00,-4.788E-01,1.032E+01,2.901E+00,3.142E+00,1.369E-02,2.060E+00,2.237E+00,6.327E-02,6.366E+00,1.404E+00,-4.515E-01,9.114E+00,2.782E+00,3.142E+00,1.187E-02,2.110E+00,2.267E+00,8.779E-02,4.706E+00,1.473E+00,-2.995E-01,6.237E+00,2.204E+00,3.142E+00,2.386E-03,2.557E+00,2.595E+00,1.393E-01,3.256E+00
77,0.000E+00,1.165E-01,0.000E+00,1.426E-04,5.929E-02,9.649E-02,1.758E-01,4.307E-01,2.740E+01,1.344E+00,-4.552E-01,9.761E+00,3.162E+00,3.142E+00,1.016E-02,2.107E+00,2.239E+00,6.267E-02,6.421E+00,1.371E+00,-4.415E-01,9.160E+00,2.983E+00,3.142E+00,1.785E-02,2.023E+00,2.251E+00,8.746E-02,4.723E+00,1.438E+00,-2.975E-01,6.433E+00,2.370E+00,3.142E+00,1.857E-03,2.539E+00,2.569E+00,1.380E-01,3.286E+00
78,0.000E+00,1.173E-01,0.000E+00,1.359E-04,6.528E-02,1.053E-01,1.825E-01,4.422E-01,2.845E+01,1.315E+00,-4.317E-01,9.203E+00,3.424E+00,3.142E+00,6.626E-03,2.154E+00,2.241E+00,6.206E-02,6.477E+00,1.340E+00,-4.315E-01,9.206E+00,3.184E+00,3.142E+00,2.383E-02,1.936E+00,2.235E+00,8.713E-02,4.739E+00,1.406E+00,-2.955E-01,6.630E+00,2.536E+00,3.142E+00,1.329E-03,2.521E+00,2.542E+00,1.367E-01,3.316E+00
79,0.000E+00,1.156E-01,0.000E+00,1.379E-04,7.222E-02,1.154E-01,1.878E-01,4.479E-01,2.927E+01,1.301E+00,-4.287E-01,9.208E+00,3.539E+00,3.142E+00,6.802E-03,2.093E+00,2.180E+00,6.164E-02,6.517E+00,1.304E+00,-4.236E-01,9.225E+00,3.470E+00,3.142E+00,1.792E-02,1.938E+00,2.160E+00,8.487E-02,4.856E+00,1.383E+00,-2.773E-01,6.261E+00,2.720E+00,3.142E+00,1.753E-03,2.505E+00,2.532E+00,1.349E-01,3.358E+00
80,0.000E+00,1.139E-01,0.000E+00,1.398E-04,7.916E-02,1.255E-01,1.932E-01,4.537E-01,3.010E+01,1.289E+00,-4.258E-01,9.214E+00,3.653E+00,3.142E+00,6.978E-03,2.032E+00,2.119E+00,6.122E-02,6.557E+00,1.272E+00,-4.156E-01,9.245E+00,3.757E+00,3.142E+00,1.200E-02,1.941E+00,2.084E+00,8.261E-02,4.974E+00,1.363E+00,-2.591E-01,5.892E+00,2.904E+00,3.142E+00,2.177E-03,2.489E+00,2.523E+00,1.332E-01,3.400E+00
81,0.000E+00,1.084E-01,0.000E+00,1.188E-04,8.538E-02,1.326E-01,1.938E-01,4.486E-01,3.020E+01,1.220E+00,-4.042E-01,8.870E+00,4.445E+00,3.142E+00,1.160E-02,1.897E+00,2.028E+00,5.992E-02,6.686E+00,1.211E+00,-3.928E-01,9.021E+00,4.417E+00,3.142E+00,2.562E-02,1.746E+00,2.021E+00,8.211E-02,5.001E+00,1.345E+00,-2.585E-01,5.871E+00,3.080E+00,3.142E+00,2.105E-03,2.405E+00,2.436E+00,1.315E-01,3.441E+00
82,0.000E+00,1.029E-01,0.000E+00,9.766E-05,9.161E-02,1.397E-01,1.944E-01,4.435E-01,3.030E+01,1.167E+00,-3.825E-01,8.527E+00,5.236E+00,3.142E+00,1.622E-02,1.762E+00,1.938E+00,5.863E-02,6.815E+00,1.161E+00,-3.700E-01,8.798E+00,5.077E+00,3.142E+00,3.923E-02,1.551E+00,1.957E+00,8.162E-02,5.029E+00,1.327E+00,-2.580E-01,5.849E+00,3.257E+00,3.142E+00,2.033E-03,2.321E+00,2.350E+00,1.298E-01,3.483E+00
83,0.000E+00,9.075E-02,0.000E+00,8.281E-05,9.144E-02,1.377E-01,1.821E-01,4.087E-01,2.839E+01,1.088E+00,-3.691E-01,8.358E+00,6.882E+00,3.142E+00,5.156E-02,1.402E+00,1.849E+00,5.676E-02,7.023E+00,1.118E+00,-3.485E-01,8.176E+00,6.021E+00,3.142E+00,5.893E-02,1.329E+00,1.864E+00,7.859E-02,5.210E+00,1.272E+00,-2.404E-01,5.803E+00,3.758E+00,3.142E+00,1.303E-02,2.065E+00,2.219E+00,1.286E-01,3.515E+00
84,0.000E+00,7.862E-02,0.000E+00,6.797E-05,9.127E-02,1.356E-01,1.698E-01,3.738E-01,2.647E+01,1.032E+00,-3.556E-01,8.189E+00,8.528E+00,3.142E+00,8.691E-02,1.043E+00,1.760E+00,5.488E-02,7.230E+00,1.086E+00,-3.270E-01,7.555E+00,6.965E+00,3.142E+00,7.862E-02,1.107E+00,1.772E+00,7.557E-02,5.391E+00,1.225E+00,-2.229E-01,5.757E+00,4.258E+00,3.142E+00,2.402E-02,1.809E+00,2.087E+00,1.273E-01,3.547E+00
85,0.000E+00,5.728E-02,0.000E+00,4.766E-05,6.765E-02,1.008E-01,1.249E-01,2.738E-01,1.947E+01,9.832E-01,-3.376E-01,7.279E+00,1.154E+01,3.142E+00,8.795E-02,8.749E-01,1.489E+00,5.139E-02,7.694E+00,9.806E-01,-3.113E-01,7.247E+00,1.103E+01,3.142E+00,8.379E-02,9.202E-01,1.517E+00,7.183E-02,5.657E+00,1.170E+00,-2.177E-01,5.929E+00,4.973E+00,3.142E+00,5.076E-02,1.443E+00,1.899E+00,1.237E-01,3.650E+00
86,0.000E+00,3.594E-02,0.000E+00,2.734E-05,4.403E-02,6.604E-02,7.995E-02,1.738E-01,1.246E+01,9.622E-01,-3.195E-01,6.369E+00,1.455E+01,3.142E+00,8.898E-02,7.071E-01,1.218E+00,4.790E-02,8.158E+00,9.220E-01,-2.956E-01,6.939E+00,1.509E+01,3.142E+00,8.896E-02,7.337E-01,1.262E+00,6.808E-02,5.923E+00,1.124E+00,-2.125E-01,6.102E+00,5.688E+00,3.142E+00,7.751E-02,1.077E+00,1.711E+00,1.200E-01,3.753E+00
87,0.000E+00,1.799E-02,0.000E+00,1.367E-05,2.206E-02,3.313E-02,4.002E-02,8.706E-02,6.241E+00,1.209E+00,-1.598E-01,3.185E+00,7.274E+00,1.571E+00,4.449E-02,3.536E-01,6.091E-01,2.395E-02,4.079E+00,1.168E+00,-1.478E-01,3.469E+00,7.543E+00,1.571E+00,4.448E-02,3.668E-01,6.312E-01,3.404E-02,2.961E+00,1.434E+00,-1.062E-01,3.051E+00,2.844E+00,1.571E+00,3.876E-02,5.383E-01,8.555E-01,6.000E-02,1.877E+00
88,0.000E+00,3.984E-05,0.000E+00,0.000E+00,7.969E-05,2.148E-04,1.023E-04,3.547E-04,2.111E-02,3.142E+00,0.000E+00,0.000E+00,0.000E+00,0.000E+00,0.000E+00,0.000E+00,0.000E+00,0.000E+00,0.000E+00,3.142E+00,0.000E+00,0.000E+00,0.000E+00,0.000E+00,0.000E+00,0.000E+00,0.000E+00,0.000E+00,0.000E+00,3.142E+00,0.000E+00,0.000E+00,0.000E+00,0.000E+00,0.000E+00,0.000E+00,0.000E+00,0.000E+00,0.000E+00
89,0.000E+00,0.000E+00,0.000E+00,0.000E+00,0.000E+00,0.000E+00,0.000E+00,0.000E+00,0.000E+00,3.142E+00,0.000E+00,0.000E+00,0.000E+00,0.000E+00,0.000E+00,0.000E+00,0.000E+00,0.000E+00,0.000E+00,3.142E+00,0.000E+00,0.000E+00,0.000E+00,0.000E+00,0.000E+00,0.000E+00,0.000E+00,0.000E+00,0.000E+00,3.142E+00,0.000E+00,0.000E+00,0.000E+00,0.000E+00,0.000E+00,0.000E+00,0.000E+00,0.000E+00,0.000E+00
