alpha,He,Fe,Cr,S,Cr_1,S_1,Fe_2,S_2,amu/ion,phiK_Cr,phiTilt_Cr,phiM_Cr,phiN_Cr,thetaK_Cr,thetaTilt_Cr,thetaM_Cr,thetaN_Cr,energyK_Cr,energyE_Cr,phiK_Fe,phiTilt_Fe,phiM_Fe,phiN_Fe,thetaK_Fe,thetaTilt_Fe,thetaM_Fe,thetaN_Fe,energyK_Fe,energyE_Fe,phiK_S,phiTilt_S,phiM_S,phiN_S,thetaK_S,thetaTilt_S,thetaM_S,thetaN_S,energyK_S,energyE_S
0,0.000E+00,1.814E-02,0.000E+00,1.016E-05,3.819E-02,7.477E-02,3.367E-04,2.031E-04,5.422E+00,1.873E+00,2.963E-02,1.195E+00,1.259E+00,3.142E+00,-7.405E-04,2.277E+00,2.266E+00,8.753E-02,4.745E+00,1.807E+00,-8.541E-02,1.950E+00,1.284E+00,3.142E+00,-2.487E-03,2.303E+00,2.269E+00,1.093E-01,3.852E+00,1.710E+00,-1.664E-02,1.708E+00,1.579E+00,3.142E+00,2.354E-03,2.425E+00,2.460E+00,1.562E-01,2.850E+00
1,0.000E+00,1.820E-02,0.000E+00,9.863E-06,3.836E-02,7.509E-02,3.444E-04,2.077E-04,5.445E+00,1.847E+00,1.417E-02,1.268E+00,1.291E+00,3.142E+00,-8.342E-04,2.282E+00,2.270E+00,8.752E-02,4.745E+00,1.787E+00,-6.906E-02,1.818E+00,1.388E+00,3.142E+00,-1.776E-03,2.300E+00,2.275E+00,1.100E-01,3.829E+00,1.710E+00,-2.463E-02,1.742E+00,1.589E+00,3.142E+00,1.837E-03,2.447E+00,2.474E+00,1.564E-01,2.847E+00
2,0.000E+00,1.826E-02,0.000E+00,9.570E-06,3.852E-02,7.542E-02,3.521E-04,2.123E-04,5.468E+00,1.824E+00,-1.284E-03,1.340E+00,1.322E+00,3.142E+00,-9.279E-04,2.287E+00,2.274E+00,8.752E-02,4.746E+00,1.770E+00,-5.271E-02,1.687E+00,1.493E+00,3.142E+00,-1.065E-03,2.296E+00,2.282E+00,1.108E-01,3.807E+00,1.710E+00,-3.262E-02,1.775E+00,1.600E+00,3.142E+00,1.319E-03,2.468E+00,2.488E+00,1.566E-01,2.844E+00
3,0.000E+00,1.832E-02,0.000E+00,9.277E-06,3.869E-02,7.575E-02,3.599E-04,2.169E-04,5.491E+00,1.818E+00,-1.674E-02,1.412E+00,1.354E+00,3.142E+00,-1.022E-03,2.293E+00,2.279E+00,8.752E-02,4.746E+00,1.756E+00,-3.636E-02,1.556E+00,1.597E+00,3.142E+00,-3.535E-04,2.293E+00,2.288E+00,1.115E-01,3.784E+00,1.711E+00,-4.061E-02,1.809E+00,1.611E+00,3.142E+00,8.015E-04,2.490E+00,2.501E+00,1.567E-01,2.841E+00
4,0.000E+00,1.835E-02,0.000E+00,9.131E-06,3.877E-02,7.591E-02,3.637E-04,2.192E-04,5.502E+00,1.815E+00,-2.447E-02,1.448E+00,1.370E+00,3.142E+00,-1.069E-03,2.295E+00,2.281E+00,8.752E-02,4.746E+00,1.751E+00,-2.819E-02,1.490E+00,1.649E+00,3.142E+00,2.129E-06,2.291E+00,2.291E+00,1.119E-01,3.773E+00,1.711E+00,-4.460E-02,1.826E+00,1.616E+00,3.142E+00,5.428E-04,2.501E+00,2.508E+00,1.568E-01,2.839E+00
5,0.000E+00,1.838E-02,0.000E+00,8.984E-06,3.885E-02,7.608E-02,3.676E-04,2.215E-04,5.514E+00,1.812E+00,-3.220E-02,1.484E+00,1.386E+00,3.142E+00,-1.115E-03,2.298E+00,2.283E+00,8.752E-02,4.746E+00,1.747E+00,-2.001E-02,1.425E+00,1.702E+00,3.142E+00,3.578E-04,2.289E+00,2.295E+00,1.122E-01,3.761E+00,1.711E+00,-4.860E-02,1.842E+00,1.621E+00,3.142E+00,2.840E-04,2.512E+00,2.515E+00,1.569E-01,2.838E+00
6,0.000E+00,1.844E-02,0.000E+00,8.691E-06,3.902E-02,7.641E-02,3.753E-04,2.261E-04,5.537E+00,1.807E+00,-4.766E-02,1.556E+00,1.418E+00,3.142E+00,-1.209E-03,2.303E+00,2.287E+00,8.751E-02,4.746E+00,1.741E+00,-3.664E-03,1.293E+00,1.806E+00,3.142E+00,1.069E-03,2.286E+00,2.301E+00,1.130E-01,3.739E+00,1.712E+00,-5.659E-02,1.876E+00,1.632E+00,3.142E+00,-2.336E-04,2.534E+00,2.529E+00,1.571E-01,2.835E+00
7,0.000E+00,1.850E-02,0.000E+00,8.398E-06,3.919E-02,7.673E-02,3.830E-04,2.307E-04,5.560E+00,1.801E+00,-6.311E-02,1.628E+00,1.449E+00,3.142E+00,-1.303E-03,2.309E+00,2.291E+00,8.751E-02,4.746E+00,1.754E+00,1.269E-02,1.162E+00,1.910E+00,3.142E+00,1.780E-03,2.283E+00,2.307E+00,1.137E-01,3.716E+00,1.712E+00,-6.458E-02,1.909E+00,1.643E+00,3.142E+00,-7.511E-04,2.556E+00,2.543E+00,1.573E-01,2.831E+00
8,0.000E+00,1.856E-02,0.000E+00,8.105E-06,3.935E-02,7.706E-02,3.907E-04,2.353E-04,5.583E+00,1.797E+00,-7.857E-02,1.700E+00,1.481E+00,3.142E+00,-1.396E-03,2.314E+00,2.295E+00,8.751E-02,4.746E+00,1.776E+00,2.904E-02,1.031E+00,2.015E+00,3.142E+00,2.492E-03,2.279E+00,2.314E+00,1.145E-01,3.693E+00,1.713E+00,-7.257E-02,1.943E+00,1.653E+00,3.142E+00,-1.269E-03,2.577E+00,2.557E+00,1.575E-01,2.828E+00
9,0.000E+00,1.859E-02,0.000E+00,7.959E-06,3.943E-02,7.722E-02,3.946E-04,2.375E-04,5.595E+00,1.794E+00,-8.630E-02,1.736E+00,1.497E+00,3.142E+00,-1.443E-03,2.317E+00,2.297E+00,8.751E-02,4.746E+00,1.789E+00,3.721E-02,9.652E-01,2.067E+00,3.142E+00,2.847E-03,2.277E+00,2.317E+00,1.148E-01,3.682E+00,1.713E+00,-7.657E-02,1.960E+00,1.658E+00,3.142E+00,-1.527E-03,2.588E+00,2.564E+00,1.576E-01,2.827E+00
10,0.000E+00,1.862E-02,0.000E+00,7.813E-06,3.952E-02,7.739E-02,3.984E-04,2.398E-04,5.606E+00,1.792E+00,-9.403E-02,1.772E+00,1.513E+00,3.142E+00,-1.490E-03,2.319E+00,2.299E+00,8.751E-02,4.746E+00,1.802E+00,4.539E-02,8.996E-01,2.119E+00,3.142E+00,3.203E-03,2.276E+00,2.320E+00,1.152E-01,3.671E+00,1.713E+00,-8.056E-02,1.977E+00,1.664E+00,3.142E+00,-1.786E-03,2.599E+00,2.570E+00,1.576E-01,2.825E+00
11,0.000E+00,1.881E-02,0.000E+00,7.422E-06,4.014E-02,7.858E-02,5.009E-04,2.626E-04,5.693E+00,1.788E+00,-1.051E-01,1.844E+00,1.522E+00,3.142E+00,-1.598E-03,2.325E+00,2.303E+00,8.725E-02,4.759E+00,1.758E+00,1.505E-02,1.080E+00,2.038E+00,3.142E+00,3.362E-03,2.286E+00,2.334E+00,1.149E-01,3.679E+00,1.713E+00,-8.906E-02,2.033E+00,1.663E+00,3.142E+00,-1.729E-03,2.589E+00,2.562E+00,1.569E-01,2.838E+00
12,0.000E+00,1.899E-02,0.000E+00,7.031E-06,4.076E-02,7.977E-02,6.033E-04,2.854E-04,5.780E+00,1.785E+00,-1.162E-01,1.916E+00,1.531E+00,3.142E+00,-1.705E-03,2.331E+00,2.307E+00,8.699E-02,4.773E+00,1.737E+00,-1.528E-02,1.260E+00,1.957E+00,3.142E+00,3.521E-03,2.297E+00,2.347E+00,1.146E-01,3.688E+00,1.713E+00,-9.756E-02,2.089E+00,1.663E+00,3.142E+00,-1.672E-03,2.580E+00,2.553E+00,1.562E-01,2.850E+00
13,0.000E+00,1.917E-02,0.000E+00,6.641E-06,4.138E-02,8.096E-02,7.058E-04,3.081E-04,5.867E+00,1.782E+00,-1.273E-01,1.988E+00,1.540E+00,3.142E+00,-1.812E-03,2.337E+00,2.311E+00,8.673E-02,4.786E+00,1.739E+00,-4.562E-02,1.440E+00,1.877E+00,3.142E+00,3.680E-03,2.308E+00,2.360E+00,1.143E-01,3.696E+00,1.713E+00,-1.061E-01,2.145E+00,1.663E+00,3.142E+00,-1.615E-03,2.570E+00,2.544E+00,1.555E-01,2.863E+00
14,0.000E+00,1.926E-02,0.000E+00,6.445E-06,4.169E-02,8.156E-02,7.570E-04,3.195E-04,5.910E+00,1.781E+00,-1.328E-01,2.024E+00,1.544E+00,3.142E+00,-1.866E-03,2.339E+00,2.313E+00,8.660E-02,4.792E+00,1.742E+00,-6.078E-02,1.531E+00,1.836E+00,3.142E+00,3.760E-03,2.313E+00,2.367E+00,1.142E-01,3.701E+00,1.713E+00,-1.103E-01,2.173E+00,1.662E+00,3.142E+00,-1.586E-03,2.565E+00,2.540E+00,1.552E-01,2.869E+00
15,0.000E+00,1.935E-02,0.000E+00,6.250E-06,4.200E-02,8.215E-02,8.082E-04,3.309E-04,5.954E+00,1.780E+00,-1.383E-01,2.060E+00,1.549E+00,3.142E+00,-1.920E-03,2.342E+00,2.315E+00,8.647E-02,4.799E+00,1.746E+00,-7.595E-02,1.621E+00,1.796E+00,3.142E+00,3.839E-03,2.318E+00,2.373E+00,1.140E-01,3.705E+00,1.713E+00,-1.146E-01,2.202E+00,1.662E+00,3.142E+00,-1.558E-03,2.560E+00,2.536E+00,1.548E-01,2.875E+00
16,0.000E+00,1.953E-02,0.000E+00,5.859E-06,4.262E-02,8.334E-02,9.106E-04,3.536E-04,6.041E+00,1.777E+00,-1.494E-01,2.133E+00,1.558E+00,3.142E+00,-2.027E-03,2.348E+00,2.319E+00,8.621E-02,4.812E+00,1.757E+00,-1.063E-01,1.801E+00,1.715E+00,3.142E+00,3.998E-03,2.329E+00,2.387E+00,1.138E-01,3.714E+00,1.713E+00,-1.230E-01,2.258E+00,1.662E+00,3.142E+00,-1.501E-03,2.551E+00,2.527E+00,1.541E-01,2.887E+00
17,0.000E+00,1.971E-02,0.000E+00,5.469E-06,4.324E-02,8.453E-02,1.013E-03,3.764E-04,6.128E+00,1.775E+00,-1.605E-01,2.205E+00,1.567E+00,3.142E+00,-2.135E-03,2.354E+00,2.323E+00,8.595E-02,4.825E+00,1.772E+00,-1.366E-01,1.981E+00,1.634E+00,3.142E+00,4.157E-03,2.339E+00,2.400E+00,1.135E-01,3.722E+00,1.714E+00,-1.315E-01,2.314E+00,1.661E+00,3.142E+00,-1.444E-03,2.541E+00,2.518E+00,1.534E-01,2.900E+00
18,0.000E+00,1.989E-02,0.000E+00,5.078E-06,4.386E-02,8.572E-02,1.116E-03,3.991E-04,6.215E+00,1.773E+00,-1.716E-01,2.277E+00,1.576E+00,3.142E+00,-2.242E-03,2.359E+00,2.328E+00,8.568E-02,4.838E+00,1.790E+00,-1.670E-01,2.161E+00,1.553E+00,3.142E+00,4.317E-03,2.350E+00,2.413E+00,1.132E-01,3.731E+00,1.714E+00,-1.400E-01,2.370E+00,1.661E+00,3.142E+00,-1.386E-03,2.531E+00,2.510E+00,1.527E-01,2.912E+00
19,0.000E+00,1.998E-02,0.000E+00,4.883E-06,4.417E-02,8.632E-02,1.167E-03,4.105E-04,6.258E+00,1.773E+00,-1.771E-01,2.313E+00,1.580E+00,3.142E+00,-2.296E-03,2.362E+00,2.330E+00,8.555E-02,4.845E+00,1.800E+00,-1.821E-01,2.252E+00,1.513E+00,3.142E+00,4.396E-03,2.355E+00,2.420E+00,1.130E-01,3.735E+00,1.715E+00,-1.443E-01,2.398E+00,1.661E+00,3.142E+00,-1.358E-03,2.527E+00,2.505E+00,1.523E-01,2.919E+00
20,0.000E+00,2.007E-02,0.000E+00,4.688E-06,4.448E-02,8.691E-02,1.218E-03,4.219E-04,6.302E+00,1.772E+00,-1.827E-01,2.349E+00,1.585E+00,3.142E+00,-2.350E-03,2.365E+00,2.332E+00,8.542E-02,4.852E+00,1.811E+00,-1.973E-01,2.342E+00,1.472E+00,3.142E+00,4.476E-03,2.361E+00,2.426E+00,1.129E-01,3.739E+00,1.715E+00,-1.485E-01,2.426E+00,1.661E+00,3.142E+00,-1.329E-03,2.522E+00,2.501E+00,1.520E-01,2.925E+00
21,0.000E+00,2.019E-02,0.000E+00,5.078E-06,4.562E-02,8.899E-02,1.656E-03,5.693E-04,6.464E+00,1.771E+00,-2.023E-01,2.528E+00,1.566E+00,3.142E+00,-1.996E-03,2.364E+00,2.335E+00,8.513E-02,4.867E+00,1.813E+00,-2.062E-01,2.372E+00,1.480E+00,3.142E+00,3.438E-03,2.370E+00,2.420E+00,1.129E-01,3.740E+00,1.715E+00,-1.530E-01,2.458E+00,1.662E+00,3.142E+00,-1.652E-03,2.537E+00,2.511E+00,1.522E-01,2.920E+00
22,0.000E+00,2.031E-02,0.000E+00,5.469E-06,4.676E-02,9.107E-02,2.094E-03,7.168E-04,6.625E+00,1.772E+00,-2.220E-01,2.707E+00,1.546E+00,3.142E+00,-1.643E-03,2.362E+00,2.339E+00,8.484E-02,4.883E+00,1.815E+00,-2.151E-01,2.402E+00,1.488E+00,3.142E+00,2.401E-03,2.379E+00,2.415E+00,1.128E-01,3.741E+00,1.715E+00,-1.576E-01,2.489E+00,1.663E+00,3.142E+00,-1.975E-03,2.552E+00,2.521E+00,1.525E-01,2.916E+00
23,0.000E+00,2.043E-02,0.000E+00,5.859E-06,4.790E-02,9.314E-02,2.532E-03,8.643E-04,6.787E+00,1.774E+00,-2.417E-01,2.886E+00,1.527E+00,3.142E+00,-1.290E-03,2.361E+00,2.342E+00,8.455E-02,4.898E+00,1.817E+00,-2.240E-01,2.433E+00,1.497E+00,3.142E+00,1.364E-03,2.389E+00,2.409E+00,1.128E-01,3.741E+00,1.715E+00,-1.621E-01,2.520E+00,1.665E+00,3.142E+00,-2.298E-03,2.568E+00,2.531E+00,1.527E-01,2.911E+00
24,0.000E+00,2.049E-02,0.000E+00,6.055E-06,4.847E-02,9.418E-02,2.751E-03,9.380E-04,6.868E+00,1.776E+00,-2.515E-01,2.976E+00,1.518E+00,3.142E+00,-1.114E-03,2.360E+00,2.344E+00,8.440E-02,4.906E+00,1.818E+00,-2.285E-01,2.448E+00,1.501E+00,3.142E+00,8.456E-04,2.393E+00,2.406E+00,1.128E-01,3.742E+00,1.715E+00,-1.643E-01,2.535E+00,1.665E+00,3.142E+00,-2.460E-03,2.576E+00,2.536E+00,1.529E-01,2.909E+00
25,0.000E+00,2.056E-02,0.000E+00,6.250E-06,4.904E-02,9.522E-02,2.970E-03,1.012E-03,6.949E+00,1.778E+00,-2.613E-01,3.065E+00,1.508E+00,3.142E+00,-9.370E-04,2.359E+00,2.346E+00,8.426E-02,4.914E+00,1.819E+00,-2.330E-01,2.463E+00,1.505E+00,3.142E+00,3.271E-04,2.398E+00,2.403E+00,1.128E-01,3.742E+00,1.715E+00,-1.666E-01,2.551E+00,1.666E+00,3.142E+00,-2.621E-03,2.583E+00,2.541E+00,1.530E-01,2.906E+00
26,0.000E+00,2.068E-02,0.000E+00,6.641E-06,5.018E-02,9.730E-02,3.407E-03,1.159E-03,7.111E+00,1.782E+00,-2.810E-01,3.244E+00,1.489E+00,3.142E+00,-5.839E-04,2.358E+00,2.350E+00,8.397E-02,4.929E+00,1.821E+00,-2.419E-01,2.493E+00,1.513E+00,3.142E+00,-7.101E-04,2.407E+00,2.397E+00,1.128E-01,3.743E+00,1.715E+00,-1.711E-01,2.582E+00,1.667E+00,3.142E+00,-2.944E-03,2.599E+00,2.551E+00,1.532E-01,2.902E+00
27,0.000E+00,2.080E-02,0.000E+00,7.031E-06,5.132E-02,9.937E-02,3.845E-03,1.307E-03,7.273E+00,1.788E+00,-3.007E-01,3.423E+00,1.469E+00,3.142E+00,-2.307E-04,2.356E+00,2.353E+00,8.367E-02,4.945E+00,1.823E+00,-2.508E-01,2.524E+00,1.521E+00,3.142E+00,-1.747E-03,2.417E+00,2.391E+00,1.128E-01,3.743E+00,1.715E+00,-1.756E-01,2.613E+00,1.669E+00,3.142E+00,-3.267E-03,2.614E+00,2.561E+00,1.535E-01,2.897E+00
28,0.000E+00,2.092E-02,0.000E+00,7.422E-06,5.246E-02,1.014E-01,4.283E-03,1.454E-03,7.435E+00,1.794E+00,-3.203E-01,3.603E+00,1.450E+00,3.142E+00,1.224E-04,2.355E+00,2.357E+00,8.338E-02,4.960E+00,1.824E+00,-2.597E-01,2.554E+00,1.529E+00,3.142E+00,-2.784E-03,2.426E+00,2.385E+00,1.127E-01,3.744E+00,1.715E+00,-1.801E-01,2.644E+00,1.670E+00,3.142E+00,-3.590E-03,2.629E+00,2.571E+00,1.538E-01,2.893E+00
29,0.000E+00,2.098E-02,0.000E+00,7.617E-06,5.304E-02,1.025E-01,4.502E-03,1.528E-03,7.516E+00,1.798E+00,-3.302E-01,3.692E+00,1.441E+00,3.142E+00,2.990E-04,2.354E+00,2.358E+00,8.324E-02,4.968E+00,1.825E+00,-2.642E-01,2.569E+00,1.533E+00,3.142E+00,-3.303E-03,2.431E+00,2.382E+00,1.127E-01,3.744E+00,1.716E+00,-1.823E-01,2.660E+00,1.671E+00,3.142E+00,-3.752E-03,2.637E+00,2.576E+00,1.539E-01,2.890E+00
30,0.000E+00,2.104E-02,0.000E+00,7.813E-06,5.361E-02,1.035E-01,4.721E-03,1.602E-03,7.596E+00,1.802E+00,-3.400E-01,3.782E+00,1.431E+00,3.142E+00,4.755E-04,2.353E+00,2.360E+00,8.309E-02,4.976E+00,1.826E+00,-2.686E-01,2.585E+00,1.537E+00,3.142E+00,-3.822E-03,2.435E+00,2.379E+00,1.127E-01,3.745E+00,1.716E+00,-1.846E-01,2.675E+00,1.671E+00,3.142E+00,-3.913E-03,2.645E+00,2.581E+00,1.540E-01,2.888E+00
31,0.000E+00,2.150E-02,0.000E+00,9.863E-06,5.665E-02,1.090E-01,5.746E-03,2.168E-03,8.032E+00,1.783E+00,-3.194E-01,3.533E+00,1.514E+00,3.142E+00,-1.922E-04,2.379E+00,2.375E+00,8.287E-02,4.988E+00,1.815E+00,-2.653E-01,2.565E+00,1.585E+00,3.142E+00,-3.835E-03,2.449E+00,2.392E+00,1.121E-01,3.764E+00,1.711E+00,-1.817E-01,2.639E+00,1.703E+00,3.142E+00,-3.186E-03,2.639E+00,2.587E+00,1.537E-01,2.895E+00
32,0.000E+00,2.173E-02,0.000E+00,1.089E-05,5.817E-02,1.117E-01,6.259E-03,2.452E-03,8.249E+00,1.775E+00,-3.091E-01,3.409E+00,1.556E+00,3.142E+00,-5.260E-04,2.391E+00,2.383E+00,8.276E-02,4.994E+00,1.809E+00,-2.637E-01,2.556E+00,1.608E+00,3.142E+00,-3.841E-03,2.455E+00,2.398E+00,1.118E-01,3.774E+00,1.708E+00,-1.803E-01,2.621E+00,1.718E+00,3.142E+00,-2.823E-03,2.636E+00,2.590E+00,1.535E-01,2.898E+00
33,0.000E+00,2.197E-02,0.000E+00,1.191E-05,5.969E-02,1.145E-01,6.772E-03,2.735E-03,8.467E+00,1.767E+00,-2.988E-01,3.284E+00,1.598E+00,3.142E+00,-8.599E-04,2.404E+00,2.390E+00,8.265E-02,5.000E+00,1.804E+00,-2.620E-01,2.546E+00,1.632E+00,3.142E+00,-3.848E-03,2.462E+00,2.405E+00,1.115E-01,3.784E+00,1.706E+00,-1.789E-01,2.603E+00,1.734E+00,3.142E+00,-2.459E-03,2.633E+00,2.593E+00,1.533E-01,2.901E+00
34,0.000E+00,2.220E-02,0.000E+00,1.294E-05,6.121E-02,1.172E-01,7.284E-03,3.018E-03,8.684E+00,1.761E+00,-2.885E-01,3.160E+00,1.640E+00,3.142E+00,-1.194E-03,2.417E+00,2.398E+00,8.253E-02,5.006E+00,1.798E+00,-2.604E-01,2.536E+00,1.656E+00,3.142E+00,-3.854E-03,2.469E+00,2.411E+00,1.112E-01,3.794E+00,1.704E+00,-1.775E-01,2.585E+00,1.750E+00,3.142E+00,-2.096E-03,2.630E+00,2.596E+00,1.531E-01,2.904E+00
35,0.000E+00,2.243E-02,0.000E+00,1.396E-05,6.273E-02,1.199E-01,7.797E-03,3.302E-03,8.902E+00,1.755E+00,-2.782E-01,3.036E+00,1.681E+00,3.142E+00,-1.528E-03,2.430E+00,2.405E+00,8.242E-02,5.013E+00,1.793E+00,-2.587E-01,2.526E+00,1.679E+00,3.142E+00,-3.861E-03,2.475E+00,2.418E+00,1.109E-01,3.803E+00,1.702E+00,-1.761E-01,2.567E+00,1.766E+00,3.142E+00,-1.732E-03,2.627E+00,2.599E+00,1.529E-01,2.908E+00
36,0.000E+00,2.266E-02,0.000E+00,1.499E-05,6.425E-02,1.227E-01,8.310E-03,3.585E-03,9.119E+00,1.750E+00,-2.679E-01,2.911E+00,1.723E+00,3.142E+00,-1.861E-03,2.442E+00,2.413E+00,8.231E-02,5.019E+00,1.788E+00,-2.570E-01,2.517E+00,1.703E+00,3.142E+00,-3.867E-03,2.482E+00,2.424E+00,1.106E-01,3.813E+00,1.700E+00,-1.746E-01,2.549E+00,1.781E+00,3.142E+00,-1.369E-03,2.624E+00,2.602E+00,1.527E-01,2.911E+00
37,0.000E+00,2.290E-02,0.000E+00,1.602E-05,6.577E-02,1.254E-01,8.822E-03,3.868E-03,9.337E+00,1.746E+00,-2.576E-01,2.787E+00,1.765E+00,3.142E+00,-2.195E-03,2.455E+00,2.420E+00,8.220E-02,5.025E+00,1.783E+00,-2.554E-01,2.507E+00,1.727E+00,3.142E+00,-3.874E-03,2.489E+00,2.430E+00,1.103E-01,3.823E+00,1.697E+00,-1.732E-01,2.531E+00,1.797E+00,3.142E+00,-1.005E-03,2.621E+00,2.605E+00,1.526E-01,2.914E+00
38,0.000E+00,2.313E-02,0.000E+00,1.704E-05,6.729E-02,1.282E-01,9.335E-03,4.152E-03,9.554E+00,1.743E+00,-2.473E-01,2.663E+00,1.807E+00,3.142E+00,-2.529E-03,2.468E+00,2.428E+00,8.209E-02,5.031E+00,1.778E+00,-2.537E-01,2.497E+00,1.750E+00,3.142E+00,-3.880E-03,2.496E+00,2.437E+00,1.100E-01,3.833E+00,1.695E+00,-1.718E-01,2.513E+00,1.813E+00,3.142E+00,-6.414E-04,2.618E+00,2.608E+00,1.524E-01,2.917E+00
39,0.000E+00,2.336E-02,0.000E+00,1.807E-05,6.881E-02,1.309E-01,9.848E-03,4.435E-03,9.772E+00,1.740E+00,-2.370E-01,2.538E+00,1.848E+00,3.142E+00,-2.863E-03,2.480E+00,2.435E+00,8.198E-02,5.037E+00,1.773E+00,-2.521E-01,2.488E+00,1.774E+00,3.142E+00,-3.887E-03,2.502E+00,2.443E+00,1.096E-01,3.843E+00,1.693E+00,-1.704E-01,2.495E+00,1.829E+00,3.142E+00,-2.779E-04,2.615E+00,2.611E+00,1.522E-01,2.921E+00
40,0.000E+00,2.359E-02,0.000E+00,1.909E-05,7.033E-02,1.336E-01,1.036E-02,4.718E-03,9.989E+00,1.739E+00,-2.267E-01,2.414E+00,1.890E+00,3.142E+00,-3.197E-03,2.493E+00,2.443E+00,8.187E-02,5.043E+00,1.768E+00,-2.504E-01,2.478E+00,1.798E+00,3.142E+00,-3.893E-03,2.509E+00,2.450E+00,1.093E-01,3.852E+00,1.691E+00,-1.690E-01,2.477E+00,1.844E+00,3.142E+00,8.565E-05,2.612E+00,2.614E+00,1.520E-01,2.924E+00
41,0.000E+00,2.383E-02,0.000E+00,2.012E-05,7.185E-02,1.364E-01,1.087E-02,5.002E-03,1.021E+01,1.739E+00,-2.164E-01,2.290E+00,1.932E+00,3.142E+00,-3.531E-03,2.506E+00,2.451E+00,8.176E-02,5.050E+00,1.763E+00,-2.488E-01,2.468E+00,1.821E+00,3.142E+00,-3.900E-03,2.516E+00,2.456E+00,1.090E-01,3.862E+00,1.690E+00,-1.676E-01,2.459E+00,1.860E+00,3.142E+00,4.492E-04,2.609E+00,2.617E+00,1.518E-01,2.927E+00
42,0.000E+00,2.406E-02,0.000E+00,2.114E-05,7.337E-02,1.391E-01,1.139E-02,5.285E-03,1.042E+01,1.740E+00,-2.061E-01,2.165E+00,1.973E+00,3.142E+00,-3.865E-03,2.518E+00,2.458E+00,8.165E-02,5.056E+00,1.758E+00,-2.471E-01,2.459E+00,1.845E+00,3.142E+00,-3.907E-03,2.522E+00,2.462E+00,1.087E-01,3.872E+00,1.688E+00,-1.661E-01,2.441E+00,1.876E+00,3.142E+00,8.127E-04,2.606E+00,2.620E+00,1.517E-01,2.930E+00
43,0.000E+00,2.429E-02,0.000E+00,2.217E-05,7.489E-02,1.418E-01,1.190E-02,5.568E-03,1.064E+01,1.743E+00,-1.958E-01,2.041E+00,2.015E+00,3.142E+00,-4.198E-03,2.531E+00,2.466E+00,8.153E-02,5.062E+00,1.754E+00,-2.455E-01,2.449E+00,1.869E+00,3.142E+00,-3.913E-03,2.529E+00,2.469E+00,1.084E-01,3.882E+00,1.686E+00,-1.647E-01,2.423E+00,1.892E+00,3.142E+00,1.176E-03,2.603E+00,2.623E+00,1.515E-01,2.934E+00
44,0.000E+00,2.452E-02,0.000E+00,2.319E-05,7.641E-02,1.446E-01,1.241E-02,5.852E-03,1.086E+01,1.746E+00,-1.855E-01,1.917E+00,2.057E+00,3.142E+00,-4.532E-03,2.544E+00,2.473E+00,8.142E-02,5.068E+00,1.749E+00,-2.438E-01,2.439E+00,1.892E+00,3.142E+00,-3.920E-03,2.536E+00,2.475E+00,1.081E-01,3.892E+00,1.684E+00,-1.633E-01,2.405E+00,1.907E+00,3.142E+00,1.540E-03,2.600E+00,2.626E+00,1.513E-01,2.937E+00
45,0.000E+00,2.476E-02,0.000E+00,2.422E-05,7.794E-02,1.473E-01,1.292E-02,6.135E-03,1.108E+01,1.752E+00,-1.752E-01,1.792E+00,2.099E+00,3.142E+00,-4.866E-03,2.556E+00,2.481E+00,8.131E-02,5.074E+00,1.745E+00,-2.422E-01,2.430E+00,1.916E+00,3.142E+00,-3.926E-03,2.542E+00,2.482E+00,1.078E-01,3.901E+00,1.682E+00,-1.619E-01,2.387E+00,1.923E+00,3.142E+00,1.903E-03,2.598E+00,2.629E+00,1.511E-01,2.940E+00
46,0.000E+00,2.520E-02,0.000E+00,2.500E-05,8.116E-02,1.526E-01,1.399E-02,7.070E-03,1.153E+01,1.747E+00,-1.973E-01,1.992E+00,2.041E+00,3.142E+00,-2.483E-03,2.486E+00,2.445E+00,8.154E-02,5.061E+00,1.754E+00,-2.577E-01,2.573E+00,1.843E+00,3.142E+00,-2.458E-03,2.504E+00,2.465E+00,1.064E-01,3.949E+00,1.680E+00,-1.704E-01,2.477E+00,1.914E+00,3.142E+00,1.229E-03,2.598E+00,2.618E+00,1.513E-01,2.936E+00
47,0.000E+00,2.564E-02,0.000E+00,2.578E-05,8.438E-02,1.579E-01,1.505E-02,8.004E-03,1.198E+01,1.745E+00,-2.193E-01,2.192E+00,1.983E+00,3.142E+00,-9.912E-05,2.415E+00,2.410E+00,8.177E-02,5.048E+00,1.764E+00,-2.732E-01,2.717E+00,1.770E+00,3.142E+00,-9.901E-04,2.465E+00,2.449E+00,1.051E-01,3.996E+00,1.678E+00,-1.789E-01,2.567E+00,1.904E+00,3.142E+00,5.539E-04,2.598E+00,2.607E+00,1.515E-01,2.933E+00
48,0.000E+00,2.608E-02,0.000E+00,2.656E-05,8.760E-02,1.632E-01,1.612E-02,8.939E-03,1.243E+01,1.747E+00,-2.414E-01,2.393E+00,1.925E+00,3.142E+00,2.284E-03,2.345E+00,2.375E+00,8.200E-02,5.035E+00,1.777E+00,-2.886E-01,2.860E+00,1.696E+00,3.142E+00,4.779E-04,2.426E+00,2.432E+00,1.037E-01,4.044E+00,1.677E+00,-1.873E-01,2.657E+00,1.895E+00,3.142E+00,-1.208E-04,2.598E+00,2.596E+00,1.517E-01,2.929E+00
49,0.000E+00,2.630E-02,0.000E+00,2.695E-05,8.921E-02,1.658E-01,1.665E-02,9.406E-03,1.266E+01,1.749E+00,-2.524E-01,2.493E+00,1.896E+00,3.142E+00,3.476E-03,2.309E+00,2.357E+00,8.212E-02,5.029E+00,1.784E+00,-2.964E-01,2.932E+00,1.660E+00,3.142E+00,1.212E-03,2.406E+00,2.424E+00,1.030E-01,4.067E+00,1.676E+00,-1.916E-01,2.701E+00,1.890E+00,3.142E+00,-4.582E-04,2.598E+00,2.591E+00,1.518E-01,2.927E+00
50,0.000E+00,2.652E-02,0.000E+00,2.734E-05,9.082E-02,1.685E-01,1.718E-02,9.873E-03,1.288E+01,1.751E+00,-2.635E-01,2.593E+00,1.867E+00,3.142E+00,4.668E-03,2.274E+00,2.339E+00,8.224E-02,5.022E+00,1.791E+00,-3.041E-01,3.004E+00,1.623E+00,3.142E+00,1.946E-03,2.387E+00,2.416E+00,1.024E-01,4.091E+00,1.676E+00,-1.958E-01,2.746E+00,1.886E+00,3.142E+00,-7.955E-04,2.599E+00,2.586E+00,1.519E-01,2.925E+00
51,0.000E+00,2.730E-02,0.000E+00,3.037E-05,9.550E-02,1.766E-01,1.867E-02,1.102E-02,1.355E+01,1.722E+00,-2.935E-01,3.216E+00,1.819E+00,3.142E+00,4.786E-03,2.272E+00,2.339E+00,8.176E-02,5.050E+00,1.759E+00,-3.317E-01,3.743E+00,1.587E+00,3.142E+00,2.477E-03,2.374E+00,2.410E+00,1.022E-01,4.099E+00,1.668E+00,-2.099E-01,2.969E+00,1.865E+00,3.142E+00,-6.647E-04,2.604E+00,2.593E+00,1.514E-01,2.935E+00
52,0.000E+00,2.808E-02,0.000E+00,3.340E-05,1.002E-01,1.847E-01,2.017E-02,1.217E-02,1.422E+01,1.705E+00,-3.235E-01,3.840E+00,1.770E+00,3.142E+00,4.904E-03,2.271E+00,2.339E+00,8.129E-02,5.077E+00,1.740E+00,-3.593E-01,4.481E+00,1.550E+00,3.142E+00,3.008E-03,2.361E+00,2.404E+00,1.019E-01,4.106E+00,1.662E+00,-2.239E-01,3.192E+00,1.845E+00,3.142E+00,-5.338E-04,2.609E+00,2.600E+00,1.509E-01,2.945E+00
53,0.000E+00,2.887E-02,0.000E+00,3.643E-05,1.049E-01,1.928E-01,2.166E-02,1.332E-02,1.488E+01,1.696E+00,-3.535E-01,4.464E+00,1.722E+00,3.142E+00,5.022E-03,2.269E+00,2.339E+00,8.082E-02,5.104E+00,1.730E+00,-3.869E-01,5.220E+00,1.514E+00,3.142E+00,3.538E-03,2.348E+00,2.399E+00,1.017E-01,4.114E+00,1.658E+00,-2.379E-01,3.415E+00,1.824E+00,3.142E+00,-4.030E-04,2.614E+00,2.607E+00,1.503E-01,2.955E+00
54,0.000E+00,2.926E-02,0.000E+00,3.794E-05,1.072E-01,1.968E-01,2.241E-02,1.389E-02,1.522E+01,1.695E+00,-3.685E-01,4.776E+00,1.698E+00,3.142E+00,5.081E-03,2.268E+00,2.339E+00,8.059E-02,5.118E+00,1.727E+00,-4.007E-01,5.590E+00,1.496E+00,3.142E+00,3.804E-03,2.342E+00,2.396E+00,1.016E-01,4.118E+00,1.657E+00,-2.449E-01,3.527E+00,1.814E+00,3.142E+00,-3.376E-04,2.616E+00,2.611E+00,1.501E-01,2.960E+00
55,0.000E+00,2.965E-02,0.000E+00,3.945E-05,1.095E-01,2.008E-01,2.316E-02,1.447E-02,1.555E+01,1.695E+00,-3.835E-01,5.088E+00,1.674E+00,3.142E+00,5.141E-03,2.267E+00,2.339E+00,8.035E-02,5.132E+00,1.726E+00,-4.145E-01,5.959E+00,1.478E+00,3.142E+00,4.069E-03,2.335E+00,2.393E+00,1.015E-01,4.122E+00,1.656E+00,-2.519E-01,3.638E+00,1.804E+00,3.142E+00,-2.722E-04,2.619E+00,2.615E+00,1.498E-01,2.965E+00
56,0.000E+00,3.044E-02,0.000E+00,4.248E-05,1.142E-01,2.089E-01,2.465E-02,1.562E-02,1.622E+01,1.699E+00,-4.135E-01,5.711E+00,1.626E+00,3.142E+00,5.259E-03,2.266E+00,2.339E+00,7.988E-02,5.159E+00,1.728E+00,-4.421E-01,6.698E+00,1.441E+00,3.142E+00,4.600E-03,2.322E+00,2.388E+00,1.013E-01,4.129E+00,1.654E+00,-2.659E-01,3.861E+00,1.783E+00,3.142E+00,-1.413E-04,2.624E+00,2.622E+00,1.493E-01,2.975E+00
57,0.000E+00,3.122E-02,0.000E+00,4.551E-05,1.189E-01,2.170E-01,2.614E-02,1.676E-02,1.688E+01,1.707E+00,-4.435E-01,6.335E+00,1.578E+00,3.142E+00,5.377E-03,2.264E+00,2.339E+00,7.941E-02,5.186E+00,1.733E+00,-4.697E-01,7.437E+00,1.405E+00,3.142E+00,5.131E-03,2.309E+00,2.382E+00,1.011E-01,4.137E+00,1.654E+00,-2.799E-01,4.084E+00,1.762E+00,3.142E+00,-1.047E-05,2.629E+00,2.629E+00,1.487E-01,2.985E+00
58,0.000E+00,3.200E-02,0.000E+00,4.854E-05,1.236E-01,2.251E-01,2.764E-02,1.791E-02,1.755E+01,1.718E+00,-4.736E-01,6.959E+00,1.530E+00,3.142E+00,5.495E-03,2.262E+00,2.339E+00,7.894E-02,5.214E+00,1.742E+00,-4.972E-01,8.176E+00,1.368E+00,3.142E+00,5.662E-03,2.296E+00,2.377E+00,1.009E-01,4.144E+00,1.655E+00,-2.940E-01,4.307E+00,1.742E+00,3.142E+00,1.204E-04,2.634E+00,2.636E+00,1.482E-01,2.995E+00
59,0.000E+00,3.240E-02,0.000E+00,5.005E-05,1.259E-01,2.292E-01,2.838E-02,1.849E-02,1.788E+01,1.725E+00,-4.886E-01,7.271E+00,1.506E+00,3.142E+00,5.554E-03,2.262E+00,2.339E+00,7.870E-02,5.227E+00,1.748E+00,-5.110E-01,8.545E+00,1.350E+00,3.142E+00,5.927E-03,2.290E+00,2.374E+00,1.008E-01,4.148E+00,1.655E+00,-3.010E-01,4.419E+00,1.732E+00,3.142E+00,1.858E-04,2.637E+00,2.640E+00,1.479E-01,3.000E+00
60,0.000E+00,3.279E-02,0.000E+00,5.156E-05,1.282E-01,2.332E-01,2.913E-02,1.906E-02,1.822E+01,1.733E+00,-5.036E-01,7.583E+00,1.482E+00,3.142E+00,5.613E-03,2.261E+00,2.339E+00,7.847E-02,5.241E+00,1.754E+00,-5.248E-01,8.915E+00,1.332E+00,3.142E+00,6.192E-03,2.283E+00,2.371E+00,1.007E-01,4.152E+00,1.656E+00,-3.080E-01,4.530E+00,1.721E+00,3.142E+00,2.512E-04,2.639E+00,2.644E+00,1.477E-01,3.005E+00
61,0.000E+00,3.412E-02,0.000E+00,5.391E-05,1.354E-01,2.455E-01,3.129E-02,2.083E-02,1.923E+01,1.719E+00,-5.269E-01,8.941E+00,1.454E+00,3.142E+00,4.671E-03,2.293E+00,2.358E+00,7.846E-02,5.241E+00,1.738E+00,-5.364E-01,9.715E+00,1.348E+00,3.142E+00,4.826E-03,2.308E+00,2.376E+00,9.990E-02,4.184E+00,1.641E+00,-3.384E-01,5.503E+00,1.664E+00,3.142E+00,2.700E-04,2.626E+00,2.630E+00,1.477E-01,3.004E+00
62,0.000E+00,3.544E-02,0.000E+00,5.625E-05,1.426E-01,2.579E-01,3.344E-02,2.260E-02,2.025E+01,1.712E+00,-5.501E-01,1.030E+01,1.425E+00,3.142E+00,3.728E-03,2.325E+00,2.377E+00,7.846E-02,5.242E+00,1.724E+00,-5.480E-01,1.052E+01,1.365E+00,3.142E+00,3.459E-03,2.332E+00,2.382E+00,9.908E-02,4.216E+00,1.636E+00,-3.688E-01,6.475E+00,1.606E+00,3.142E+00,2.888E-04,2.612E+00,2.617E+00,1.478E-01,3.003E+00
63,0.000E+00,3.677E-02,0.000E+00,5.859E-05,1.497E-01,2.702E-01,3.560E-02,2.437E-02,2.127E+01,1.710E+00,-5.734E-01,1.166E+01,1.397E+00,3.142E+00,2.786E-03,2.357E+00,2.397E+00,7.846E-02,5.242E+00,1.711E+00,-5.596E-01,1.132E+01,1.381E+00,3.142E+00,2.092E-03,2.357E+00,2.387E+00,9.826E-02,4.248E+00,1.638E+00,-3.992E-01,7.447E+00,1.549E+00,3.142E+00,3.076E-04,2.598E+00,2.603E+00,1.478E-01,3.002E+00
64,0.000E+00,3.743E-02,0.000E+00,5.977E-05,1.533E-01,2.764E-01,3.668E-02,2.526E-02,2.178E+01,1.711E+00,-5.851E-01,1.234E+01,1.383E+00,3.142E+00,2.315E-03,2.373E+00,2.406E+00,7.845E-02,5.242E+00,1.705E+00,-5.655E-01,1.172E+01,1.389E+00,3.142E+00,1.409E-03,2.369E+00,2.389E+00,9.785E-02,4.264E+00,1.642E+00,-4.144E-01,7.933E+00,1.520E+00,3.142E+00,3.170E-04,2.591E+00,2.596E+00,1.478E-01,3.001E+00
65,0.000E+00,3.810E-02,0.000E+00,6.094E-05,1.569E-01,2.825E-01,3.776E-02,2.614E-02,2.229E+01,1.713E+00,-5.967E-01,1.302E+01,1.368E+00,3.142E+00,1.844E-03,2.389E+00,2.416E+00,7.845E-02,5.242E+00,1.700E+00,-5.713E-01,1.212E+01,1.397E+00,3.142E+00,7.257E-04,2.381E+00,2.392E+00,9.744E-02,4.280E+00,1.647E+00,-4.296E-01,8.419E+00,1.492E+00,3.142E+00,3.264E-04,2.584E+00,2.590E+00,1.479E-01,3.001E+00
66,0.000E+00,3.926E-02,0.000E+00,6.777E-05,1.665E-01,2.984E-01,4.119E-02,2.901E-02,2.365E+01,1.681E+00,-5.726E-01,1.207E+01,1.468E+00,3.142E+00,1.581E-03,2.385E+00,2.408E+00,7.773E-02,5.288E+00,1.673E+00,-5.639E-01,1.218E+01,1.465E+00,3.142E+00,1.221E-04,2.366E+00,2.368E+00,9.772E-02,4.268E+00,1.644E+00,-4.217E-01,8.203E+00,1.505E+00,3.142E+00,3.703E-04,2.583E+00,2.589E+00,1.474E-01,3.010E+00
67,0.000E+00,4.042E-02,0.000E+00,7.461E-05,1.760E-01,3.142E-01,4.462E-02,3.188E-02,2.500E+01,1.654E+00,-5.485E-01,1.112E+01,1.567E+00,3.142E+00,1.317E-03,2.382E+00,2.401E+00,7.700E-02,5.333E+00,1.647E+00,-5.565E-01,1.224E+01,1.533E+00,3.142E+00,-4.815E-04,2.351E+00,2.345E+00,9.800E-02,4.257E+00,1.641E+00,-4.138E-01,7.987E+00,1.518E+00,3.142E+00,4.142E-04,2.582E+00,2.589E+00,1.469E-01,3.019E+00
68,0.000E+00,4.158E-02,0.000E+00,8.145E-05,1.856E-01,3.301E-01,4.806E-02,3.474E-02,2.636E+01,1.630E+00,-5.244E-01,1.017E+01,1.666E+00,3.142E+00,1.054E-03,2.378E+00,2.393E+00,7.628E-02,5.379E+00,1.623E+00,-5.491E-01,1.230E+01,1.601E+00,3.142E+00,-1.085E-03,2.336E+00,2.321E+00,9.828E-02,4.246E+00,1.638E+00,-4.059E-01,7.771E+00,1.530E+00,3.142E+00,4.581E-04,2.581E+00,2.588E+00,1.465E-01,3.028E+00
69,0.000E+00,4.216E-02,0.000E+00,8.486E-05,1.904E-01,3.380E-01,4.977E-02,3.618E-02,2.703E+01,1.620E+00,-5.124E-01,9.697E+00,1.716E+00,3.142E+00,9.228E-04,2.376E+00,2.390E+00,7.591E-02,5.401E+00,1.611E+00,-5.454E-01,1.234E+01,1.635E+00,3.142E+00,-1.387E-03,2.328E+00,2.309E+00,9.842E-02,4.240E+00,1.637E+00,-4.019E-01,7.663E+00,1.537E+00,3.142E+00,4.800E-04,2.580E+00,2.588E+00,1.462E-01,3.033E+00
70,0.000E+00,4.274E-02,0.000E+00,8.828E-05,1.952E-01,3.459E-01,5.149E-02,3.761E-02,2.771E+01,1.612E+00,-5.004E-01,9.223E+00,1.766E+00,3.142E+00,7.913E-04,2.374E+00,2.386E+00,7.555E-02,5.424E+00,1.599E+00,-5.417E-01,1.237E+01,1.669E+00,3.142E+00,-1.689E-03,2.321E+00,2.297E+00,9.856E-02,4.235E+00,1.635E+00,-3.980E-01,7.555E+00,1.543E+00,3.142E+00,5.019E-04,2.580E+00,2.588E+00,1.460E-01,3.038E+00
71,0.000E+00,4.350E-02,0.000E+00,8.359E-05,2.043E-01,3.609E-01,5.514E-02,4.056E-02,2.900E+01,1.577E+00,-5.012E-01,9.732E+00,1.869E+00,3.142E+00,1.833E-03,2.326E+00,2.352E+00,7.745E-02,5.306E+00,1.584E+00,-5.114E-01,1.098E+01,1.747E+00,3.142E+00,-3.644E-04,2.320E+00,2.315E+00,9.942E-02,4.202E+00,1.602E+00,-3.890E-01,7.314E+00,1.686E+00,3.142E+00,4.303E-04,2.541E+00,2.547E+00,1.472E-01,3.015E+00
72,0.000E+00,4.427E-02,0.000E+00,7.891E-05,2.134E-01,3.758E-01,5.878E-02,4.350E-02,3.030E+01,1.544E+00,-5.020E-01,1.024E+01,1.972E+00,3.142E+00,2.874E-03,2.279E+00,2.319E+00,7.935E-02,5.188E+00,1.575E+00,-4.811E-01,9.600E+00,1.824E+00,3.142E+00,9.599E-04,2.319E+00,2.333E+00,1.003E-01,4.169E+00,1.572E+00,-3.799E-01,7.074E+00,1.828E+00,3.142E+00,3.587E-04,2.502E+00,2.507E+00,1.484E-01,2.992E+00
73,0.000E+00,4.484E-02,0.000E+00,8.477E-05,2.233E-01,3.916E-01,6.300E-02,4.715E-02,3.170E+01,1.530E+00,-4.978E-01,1.013E+01,2.039E+00,3.142E+00,2.745E-03,2.226E+00,2.263E+00,7.966E-02,5.170E+00,1.574E+00,-4.803E-01,9.729E+00,1.811E+00,3.142E+00,4.421E-04,2.409E+00,2.415E+00,9.940E-02,4.203E+00,1.553E+00,-3.605E-01,6.709E+00,1.916E+00,3.142E+00,-6.947E-05,2.536E+00,2.535E+00,1.476E-01,3.006E+00
74,0.000E+00,4.542E-02,0.000E+00,9.062E-05,2.332E-01,4.075E-01,6.721E-02,5.080E-02,3.311E+01,1.517E+00,-4.935E-01,1.001E+01,2.106E+00,3.142E+00,2.616E-03,2.173E+00,2.207E+00,7.998E-02,5.151E+00,1.574E+00,-4.796E-01,9.858E+00,1.798E+00,3.142E+00,-7.576E-05,2.499E+00,2.498E+00,9.852E-02,4.236E+00,1.536E+00,-3.410E-01,6.345E+00,2.004E+00,3.142E+00,-4.977E-04,2.570E+00,2.562E+00,1.469E-01,3.020E+00
75,0.000E+00,4.588E-02,0.000E+00,9.219E-05,2.432E-01,4.233E-01,7.157E-02,5.469E-02,3.453E+01,1.490E+00,-4.661E-01,9.209E+00,2.260E+00,3.142E+00,2.155E-03,2.221E+00,2.250E+00,7.823E-02,5.258E+00,1.545E+00,-4.679E-01,9.353E+00,1.950E+00,3.142E+00,2.908E-03,2.327E+00,2.365E+00,9.542E-02,4.366E+00,1.522E+00,-3.448E-01,6.527E+00,2.056E+00,3.142E+00,2.159E-04,2.534E+00,2.537E+00,1.452E-01,3.054E+00
76,0.000E+00,4.634E-02,0.000E+00,9.375E-05,2.532E-01,4.391E-01,7.593E-02,5.858E-02,3.595E+01,1.467E+00,-4.388E-01,8.404E+00,2.414E+00,3.142E+00,1.694E-03,2.269E+00,2.292E+00,7.647E-02,5.365E+00,1.520E+00,-4.562E-01,8.849E+00,2.103E+00,3.142E+00,5.892E-03,2.155E+00,2.233E+00,9.233E-02,4.495E+00,1.508E+00,-3.485E-01,6.709E+00,2.109E+00,3.142E+00,9.295E-04,2.498E+00,2.513E+00,1.435E-01,3.088E+00
77,0.000E+00,4.584E-02,0.000E+00,8.750E-05,2.632E-01,4.536E-01,8.121E-02,6.363E-02,3.737E+01,1.444E+00,-4.364E-01,8.413E+00,2.556E+00,3.142E+00,1.668E-03,2.230E+00,2.252E+00,7.743E-02,5.306E+00,1.478E+00,-4.356E-01,8.586E+00,2.302E+00,3.142E+00,4.610E-03,2.234E+00,2.297E+00,9.275E-02,4.476E+00,1.490E+00,-3.319E-01,6.329E+00,2.233E+00,3.142E+00,3.228E-03,2.435E+00,2.483E+00,1.431E-01,3.096E+00
78,0.000E+00,4.533E-02,0.000E+00,8.125E-05,2.731E-01,4.681E-01,8.650E-02,6.869E-02,3.878E+01,1.422E+00,-4.339E-01,8.423E+00,2.697E+00,3.142E+00,1.642E-03,2.191E+00,2.213E+00,7.838E-02,5.246E+00,1.440E+00,-4.149E-01,8.323E+00,2.501E+00,3.142E+00,3.329E-03,2.314E+00,2.362E+00,9.318E-02,4.458E+00,1.474E+00,-3.153E-01,5.948E+00,2.358E+00,3.142E+00,5.526E-03,2.371E+00,2.453E+00,1.426E-01,3.105E+00
79,0.000E+00,4.350E-02,0.000E+00,8.672E-05,2.805E-01,4.770E-01,9.197E-02,7.439E-02,3.983E+01,1.406E+00,-4.117E-01,7.695E+00,2.875E+00,3.142E+00,5.111E-03,2.103E+00,2.167E+00,7.571E-02,5.420E+00,1.415E+00,-4.161E-01,8.328E+00,2.685E+00,3.142E+00,1.929E-02,2.038E+00,2.271E+00,9.270E-02,4.479E+00,1.432E+00,-3.113E-01,6.162E+00,2.564E+00,3.142E+00,5.720E-03,2.305E+00,2.387E+00,1.428E-01,3.101E+00
80,0.000E+00,4.167E-02,0.000E+00,9.219E-05,2.879E-01,4.859E-01,9.744E-02,8.010E-02,4.089E+01,1.395E+00,-3.895E-01,6.966E+00,3.053E+00,3.142E+00,8.579E-03,2.015E+00,2.121E+00,7.303E-02,5.593E+00,1.391E+00,-4.173E-01,8.332E+00,2.869E+00,3.142E+00,3.525E-02,1.761E+00,2.180E+00,9.222E-02,4.500E+00,1.394E+00,-3.074E-01,6.376E+00,2.769E+00,3.142E+00,5.913E-03,2.239E+00,2.321E+00,1.430E-01,3.097E+00
81,0.000E+00,3.913E-02,0.000E+00,8.516E-05,2.899E-01,4.864E-01,1.008E-01,8.323E-02,4.115E+01,1.343E+00,-3.744E-01,7.072E+00,3.412E+00,3.142E+00,1.025E-02,1.949E+00,2.070E+00,7.361E-02,5.554E+00,1.366E+00,-4.067E-01,8.107E+00,3.081E+00,3.142E+00,2.700E-02,1.781E+00,2.095E+00,8.976E-02,4.615E+00,1.366E+00,-2.913E-01,6.128E+00,2.998E+00,3.142E+00,1.078E-02,2.134E+00,2.276E+00,1.389E-01,3.186E+00
82,0.000E+00,3.659E-02,0.000E+00,7.812E-05,2.918E-01,4.869E-01,1.042E-01,8.635E-02,4.142E+01,1.297E+00,-3.593E-01,7.177E+00,3.772E+00,3.142E+00,1.191E-02,1.882E+00,2.020E+00,7.418E-02,5.515E+00,1.343E+00,-3.962E-01,7.881E+00,3.293E+00,3.142E+00,1.876E-02,1.800E+00,2.011E+00,8.730E-02,4.730E+00,1.341E+00,-2.753E-01,5.881E+00,3.228E+00,3.142E+00,1.566E-02,2.029E+00,2.230E+00,1.348E-01,3.275E+00
83,0.000E+00,3.020E-02,0.000E+00,6.523E-05,2.784E-01,4.601E-01,1.042E-01,8.711E-02,3.953E+01,1.251E+00,-3.538E-01,7.048E+00,4.370E+00,3.142E+00,4.885E-02,1.478E+00,1.911E+00,7.218E-02,5.657E+00,1.276E+00,-3.692E-01,7.255E+00,4.063E+00,3.142E+00,4.988E-02,1.469E+00,1.931E+00,8.565E-02,4.815E+00,1.309E+00,-2.647E-01,5.652E+00,3.600E+00,3.142E+00,2.268E-02,1.856E+00,2.119E+00,1.351E-01,3.266E+00
84,0.000E+00,2.381E-02,0.000E+00,5.234E-05,2.650E-01,4.333E-01,1.042E-01,8.787E-02,3.764E+01,1.214E+00,-3.482E-01,6.919E+00,4.969E+00,3.142E+00,8.578E-02,1.074E+00,1.802E+00,7.017E-02,5.799E+00,1.229E+00,-3.423E-01,6.630E+00,4.834E+00,3.142E+00,8.100E-02,1.138E+00,1.851E+00,8.399E-02,4.899E+00,1.283E+00,-2.541E-01,5.424E+00,3.973E+00,3.142E+00,2.971E-02,1.683E+00,2.007E+00,1.355E-01,3.258E+00
85,0.000E+00,1.703E-02,0.000E+00,3.477E-05,2.106E-01,3.427E-01,8.461E-02,7.124E-02,2.989E+01,1.129E+00,-3.355E-01,6.759E+00,6.704E+00,3.142E+00,5.775E-02,1.379E+00,1.905E+00,6.441E-02,6.307E+00,1.123E+00,-3.226E-01,6.445E+00,6.985E+00,3.142E+00,5.536E-02,1.410E+00,1.929E+00,7.752E-02,5.300E+00,1.227E+00,-2.452E-01,5.479E+00,4.661E+00,3.142E+00,5.763E-02,1.347E+00,1.850E+00,1.286E-01,3.431E+00
86,0.000E+00,1.025E-02,0.000E+00,1.719E-05,1.561E-01,2.520E-01,6.504E-02,5.460E-02,2.215E+01,1.070E+00,-3.227E-01,6.599E+00,8.439E+00,3.142E+00,2.971E-02,1.683E+00,2.007E+00,5.864E-02,6.814E+00,1.055E+00,-3.030E-01,6.260E+00,9.137E+00,3.142E+00,2.971E-02,1.683E+00,2.007E+00,7.104E-02,5.700E+00,1.181E+00,-2.362E-01,5.533E+00,5.350E+00,3.142E+00,8.556E-02,1.010E+00,1.692E+00,1.217E-01,3.604E+00
87,0.000E+00,5.268E-03,0.000E+00,8.594E-06,7.873E-02,1.273E-01,3.272E-02,2.743E-02,1.117E+01,1.339E+00,-1.613E-01,3.300E+00,4.219E+00,1.571E+00,1.485E-02,8.415E-01,1.004E+00,2.932E-02,3.407E+00,1.326E+00,-1.515E-01,3.130E+00,4.568E+00,1.571E+00,1.485E-02,8.415E-01,1.004E+00,3.552E-02,2.850E+00,1.492E+00,-1.181E-01,2.767E+00,2.675E+00,1.571E+00,4.278E-02,5.051E-01,8.461E-01,6.084E-02,1.802E+00
88,0.000E+00,2.875E-04,0.000E+00,0.000E+00,1.399E-03,2.545E-03,3.953E-04,2.484E-04,2.004E-01,3.142E+00,0.000E+00,0.000E+00,0.000E+00,0.000E+00,0.000E+00,0.000E+00,0.000E+00,0.000E+00,0.000E+00,3.142E+00,0.000E+00,0.000E+00,0.000E+00,0.000E+00,0.000E+00,0.000E+00,0.000E+00,0.000E+00,0.000E+00,3.142E+00,0.000E+00,0.000E+00,0.000E+00,0.000E+00,0.000E+00,0.000E+00,0.000E+00,0.000E+00,0.000E+00
89,0.000E+00,0.000E+00,0.000E+00,0.000E+00,0.000E+00,0.000E+00,0.000E+00,0.000E+00,0.000E+00,3.142E+00,0.000E+00,0.000E+00,0.000E+00,0.000E+00,0.000E+00,0.000E+00,0.000E+00,0.000E+00,0.000E+00,3.142E+00,0.000E+00,0.000E+00,0.000E+00,0.000E+00,0.000E+00,0.000E+00,0.000E+00,0.000E+00,0.000E+00,3.142E+00,0.000E+00,0.000E+00,0.000E+00,0.000E+00,0.000E+00,0.000E+00,0.000E+00,0.000E+00,0.000E+00
