alpha,He,Ca,Mg,Si,O,Ca_1,O_1,Mg_2,O_2,Si_3,O_3,amu/ion,phiK_Ca,phiTilt_Ca,phiM_Ca,phiN_Ca,thetaK_Ca,thetaTilt_Ca,thetaM_Ca,thetaN_Ca,energyK_Ca,energyE_Ca,phiK_Mg,phiTilt_Mg,phiM_Mg,phiN_Mg,thetaK_Mg,thetaTilt_Mg,thetaM_Mg,thetaN_Mg,energyK_Mg,energyE_Mg,phiK_O,phiTilt_O,phiM_O,phiN_O,thetaK_O,thetaTilt_O,thetaM_O,thetaN_O,energyK_O,energyE_O,phiK_Si,phiTilt_Si,phiM_Si,phiN_Si,thetaK_Si,thetaTilt_Si,thetaM_Si,thetaN_Si,energyK_Si,energyE_Si
0,0.000E+00,0.000E+00,8.611E-03,6.730E-03,0.000E+00,8.856E-03,1.186E-02,0.000E+00,7.812E-07,1.093E-02,4.020E-02,1.893E+00,1.842E+00,2.770E-02,1.250E+00,1.332E+00,3.142E+00,-2.350E-03,2.452E+00,2.417E+00,1.250E-01,3.473E+00,1.728E+00,-7.336E-02,2.183E+00,1.414E+00,3.142E+00,8.430E-04,2.549E+00,2.562E+00,2.571E-01,1.791E+00,1.775E+00,-3.879E-02,1.768E+00,1.339E+00,3.142E+00,-1.118E-03,2.558E+00,2.541E+00,1.284E-01,3.519E+00,1.930E+00,-5.902E-02,1.639E+00,9.520E-01,3.142E+00,5.231E-03,2.134E+00,2.202E+00,8.141E-02,5.279E+00
1,0.000E+00,0.000E+00,8.664E-03,6.697E-03,0.000E+00,8.879E-03,1.187E-02,0.000E+00,9.766E-07,1.103E-02,4.045E-02,1.901E+00,1.807E+00,-5.121E-03,1.421E+00,1.333E+00,3.142E+00,-2.604E-03,2.452E+00,2.414E+00,1.250E-01,3.475E+00,1.724E+00,-8.147E-02,2.231E+00,1.437E+00,3.142E+00,3.555E-04,2.571E+00,2.576E+00,2.580E-01,1.785E+00,1.765E+00,-4.719E-02,1.808E+00,1.390E+00,3.142E+00,-6.167E-04,2.547E+00,2.537E+00,1.285E-01,3.517E+00,1.913E+00,-8.766E-02,1.854E+00,9.830E-01,3.142E+00,4.159E-03,2.162E+00,2.216E+00,8.188E-02,5.251E+00
2,0.000E+00,0.000E+00,8.716E-03,6.664E-03,0.000E+00,8.901E-03,1.188E-02,0.000E+00,1.172E-06,1.113E-02,4.069E-02,1.909E+00,1.808E+00,-3.794E-02,1.592E+00,1.334E+00,3.142E+00,-2.858E-03,2.452E+00,2.410E+00,1.249E-01,3.476E+00,1.721E+00,-8.958E-02,2.280E+00,1.459E+00,3.142E+00,-1.320E-04,2.592E+00,2.589E+00,2.588E-01,1.780E+00,1.756E+00,-5.559E-02,1.848E+00,1.440E+00,3.142E+00,-1.150E-04,2.536E+00,2.534E+00,1.286E-01,3.515E+00,1.899E+00,-1.163E-01,2.068E+00,1.014E+00,3.142E+00,3.088E-03,2.190E+00,2.229E+00,8.236E-02,5.224E+00
3,0.000E+00,0.000E+00,8.769E-03,6.631E-03,0.000E+00,8.923E-03,1.189E-02,0.000E+00,1.367E-06,1.122E-02,4.094E-02,1.917E+00,1.811E+00,-7.077E-02,1.763E+00,1.335E+00,3.142E+00,-3.112E-03,2.452E+00,2.406E+00,1.248E-01,3.478E+00,1.717E+00,-9.769E-02,2.329E+00,1.481E+00,3.142E+00,-6.195E-04,2.613E+00,2.602E+00,2.596E-01,1.775E+00,1.746E+00,-6.398E-02,1.888E+00,1.491E+00,3.142E+00,3.867E-04,2.525E+00,2.530E+00,1.287E-01,3.512E+00,1.888E+00,-1.449E-01,2.283E+00,1.045E+00,3.142E+00,2.016E-03,2.218E+00,2.243E+00,8.283E-02,5.197E+00
4,0.000E+00,0.000E+00,8.795E-03,6.615E-03,0.000E+00,8.935E-03,1.190E-02,0.000E+00,1.465E-06,1.127E-02,4.106E-02,1.921E+00,1.813E+00,-8.718E-02,1.849E+00,1.335E+00,3.142E+00,-3.239E-03,2.453E+00,2.404E+00,1.248E-01,3.479E+00,1.715E+00,-1.017E-01,2.353E+00,1.492E+00,3.142E+00,-8.632E-04,2.624E+00,2.609E+00,2.600E-01,1.772E+00,1.742E+00,-6.818E-02,1.908E+00,1.516E+00,3.142E+00,6.376E-04,2.519E+00,2.529E+00,1.287E-01,3.511E+00,1.883E+00,-1.593E-01,2.390E+00,1.060E+00,3.142E+00,1.480E-03,2.232E+00,2.250E+00,8.307E-02,5.183E+00
5,0.000E+00,0.000E+00,8.821E-03,6.598E-03,0.000E+00,8.946E-03,1.190E-02,0.000E+00,1.562E-06,1.132E-02,4.119E-02,1.926E+00,1.815E+00,-1.036E-01,1.934E+00,1.336E+00,3.142E+00,-3.366E-03,2.453E+00,2.403E+00,1.248E-01,3.480E+00,1.714E+00,-1.058E-01,2.378E+00,1.503E+00,3.142E+00,-1.107E-03,2.635E+00,2.616E+00,2.604E-01,1.769E+00,1.738E+00,-7.238E-02,1.928E+00,1.541E+00,3.142E+00,8.884E-04,2.514E+00,2.527E+00,1.288E-01,3.510E+00,1.879E+00,-1.736E-01,2.497E+00,1.076E+00,3.142E+00,9.447E-04,2.246E+00,2.256E+00,8.331E-02,5.169E+00
6,0.000E+00,0.000E+00,8.874E-03,6.566E-03,0.000E+00,8.968E-03,1.191E-02,0.000E+00,1.758E-06,1.141E-02,4.143E-02,1.934E+00,1.821E+00,-1.364E-01,2.106E+00,1.337E+00,3.142E+00,-3.620E-03,2.453E+00,2.399E+00,1.247E-01,3.482E+00,1.711E+00,-1.139E-01,2.427E+00,1.526E+00,3.142E+00,-1.594E-03,2.656E+00,2.629E+00,2.612E-01,1.764E+00,1.729E+00,-8.078E-02,1.968E+00,1.591E+00,3.142E+00,1.390E-03,2.502E+00,2.523E+00,1.289E-01,3.508E+00,1.872E+00,-2.022E-01,2.711E+00,1.107E+00,3.142E+00,-1.268E-04,2.274E+00,2.270E+00,8.379E-02,5.142E+00
7,0.000E+00,0.000E+00,8.927E-03,6.533E-03,0.000E+00,8.990E-03,1.192E-02,0.000E+00,1.953E-06,1.151E-02,4.168E-02,1.942E+00,1.828E+00,-1.692E-01,2.277E+00,1.338E+00,3.142E+00,-3.874E-03,2.453E+00,2.395E+00,1.246E-01,3.484E+00,1.707E+00,-1.220E-01,2.475E+00,1.548E+00,3.142E+00,-2.082E-03,2.678E+00,2.642E+00,2.620E-01,1.759E+00,1.721E+00,-8.918E-02,2.008E+00,1.642E+00,3.142E+00,1.892E-03,2.491E+00,2.520E+00,1.289E-01,3.506E+00,1.866E+00,-2.309E-01,2.926E+00,1.138E+00,3.142E+00,-1.198E-03,2.302E+00,2.283E+00,8.426E-02,5.114E+00
8,0.000E+00,0.000E+00,8.979E-03,6.500E-03,0.000E+00,9.013E-03,1.194E-02,0.000E+00,2.148E-06,1.160E-02,4.192E-02,1.950E+00,1.836E+00,-2.021E-01,2.448E+00,1.338E+00,3.142E+00,-4.128E-03,2.453E+00,2.392E+00,1.246E-01,3.486E+00,1.704E+00,-1.301E-01,2.524E+00,1.570E+00,3.142E+00,-2.569E-03,2.699E+00,2.656E+00,2.628E-01,1.754E+00,1.713E+00,-9.757E-02,2.048E+00,1.692E+00,3.142E+00,2.394E-03,2.480E+00,2.517E+00,1.290E-01,3.504E+00,1.862E+00,-2.595E-01,3.140E+00,1.169E+00,3.142E+00,-2.270E-03,2.330E+00,2.297E+00,8.474E-02,5.087E+00
9,0.000E+00,0.000E+00,9.006E-03,6.484E-03,0.000E+00,9.024E-03,1.194E-02,0.000E+00,2.246E-06,1.165E-02,4.205E-02,1.954E+00,1.840E+00,-2.185E-01,2.533E+00,1.339E+00,3.142E+00,-4.255E-03,2.453E+00,2.390E+00,1.245E-01,3.486E+00,1.703E+00,-1.342E-01,2.549E+00,1.581E+00,3.142E+00,-2.813E-03,2.710E+00,2.662E+00,2.632E-01,1.751E+00,1.709E+00,-1.018E-01,2.069E+00,1.718E+00,3.142E+00,2.644E-03,2.474E+00,2.515E+00,1.291E-01,3.503E+00,1.860E+00,-2.738E-01,3.248E+00,1.184E+00,3.142E+00,-2.805E-03,2.343E+00,2.303E+00,8.498E-02,5.073E+00
10,0.000E+00,0.000E+00,9.032E-03,6.467E-03,0.000E+00,9.035E-03,1.195E-02,0.000E+00,2.344E-06,1.170E-02,4.217E-02,1.958E+00,1.844E+00,-2.349E-01,2.619E+00,1.339E+00,3.142E+00,-4.382E-03,2.453E+00,2.388E+00,1.245E-01,3.487E+00,1.702E+00,-1.382E-01,2.573E+00,1.592E+00,3.142E+00,-3.057E-03,2.721E+00,2.669E+00,2.636E-01,1.748E+00,1.705E+00,-1.060E-01,2.089E+00,1.743E+00,3.142E+00,2.895E-03,2.469E+00,2.513E+00,1.291E-01,3.502E+00,1.858E+00,-2.882E-01,3.355E+00,1.200E+00,3.142E+00,-3.341E-03,2.357E+00,2.310E+00,8.521E-02,5.060E+00
11,0.000E+00,0.000E+00,9.246E-03,6.583E-03,0.000E+00,9.230E-03,1.217E-02,0.000E+00,2.539E-06,1.197E-02,4.308E-02,2.000E+00,1.837E+00,-2.400E-01,2.663E+00,1.365E+00,3.142E+00,-7.489E-04,2.400E+00,2.384E+00,1.246E-01,3.484E+00,1.706E+00,-1.451E-01,2.610E+00,1.581E+00,3.142E+00,-9.267E-04,2.664E+00,2.644E+00,2.655E-01,1.737E+00,1.704E+00,-1.132E-01,2.127E+00,1.756E+00,3.142E+00,2.388E-03,2.486E+00,2.523E+00,1.291E-01,3.503E+00,1.852E+00,-3.004E-01,3.460E+00,1.226E+00,3.142E+00,-2.695E-03,2.337E+00,2.299E+00,8.439E-02,5.109E+00
12,0.000E+00,0.000E+00,9.459E-03,6.698E-03,0.000E+00,9.424E-03,1.238E-02,0.000E+00,2.734E-06,1.223E-02,4.399E-02,2.041E+00,1.830E+00,-2.450E-01,2.708E+00,1.390E+00,3.142E+00,2.884E-03,2.347E+00,2.381E+00,1.247E-01,3.481E+00,1.710E+00,-1.519E-01,2.648E+00,1.570E+00,3.142E+00,1.203E-03,2.608E+00,2.620E+00,2.674E-01,1.726E+00,1.703E+00,-1.205E-01,2.166E+00,1.769E+00,3.142E+00,1.880E-03,2.503E+00,2.532E+00,1.290E-01,3.504E+00,1.846E+00,-3.126E-01,3.565E+00,1.253E+00,3.142E+00,-2.050E-03,2.317E+00,2.287E+00,8.356E-02,5.158E+00
13,0.000E+00,0.000E+00,9.673E-03,6.813E-03,0.000E+00,9.618E-03,1.260E-02,0.000E+00,2.930E-06,1.250E-02,4.490E-02,2.083E+00,1.823E+00,-2.501E-01,2.753E+00,1.416E+00,3.142E+00,6.516E-03,2.294E+00,2.377E+00,1.249E-01,3.477E+00,1.715E+00,-1.588E-01,2.686E+00,1.558E+00,3.142E+00,3.334E-03,2.552E+00,2.595E+00,2.693E-01,1.714E+00,1.702E+00,-1.278E-01,2.204E+00,1.783E+00,3.142E+00,1.372E-03,2.521E+00,2.542E+00,1.290E-01,3.505E+00,1.840E+00,-3.248E-01,3.671E+00,1.279E+00,3.142E+00,-1.404E-03,2.296E+00,2.276E+00,8.273E-02,5.207E+00
14,0.000E+00,0.000E+00,9.780E-03,6.871E-03,0.000E+00,9.716E-03,1.271E-02,0.000E+00,3.027E-06,1.263E-02,4.536E-02,2.104E+00,1.819E+00,-2.526E-01,2.776E+00,1.428E+00,3.142E+00,8.333E-03,2.268E+00,2.375E+00,1.249E-01,3.476E+00,1.717E+00,-1.622E-01,2.704E+00,1.552E+00,3.142E+00,4.399E-03,2.523E+00,2.583E+00,2.702E-01,1.709E+00,1.701E+00,-1.314E-01,2.223E+00,1.789E+00,3.142E+00,1.119E-03,2.530E+00,2.546E+00,1.289E-01,3.506E+00,1.837E+00,-3.309E-01,3.723E+00,1.292E+00,3.142E+00,-1.081E-03,2.286E+00,2.270E+00,8.232E-02,5.232E+00
15,0.000E+00,0.000E+00,9.886E-03,6.929E-03,0.000E+00,9.813E-03,1.282E-02,0.000E+00,3.125E-06,1.276E-02,4.581E-02,2.125E+00,1.816E+00,-2.552E-01,2.798E+00,1.441E+00,3.142E+00,1.015E-02,2.241E+00,2.373E+00,1.250E-01,3.474E+00,1.720E+00,-1.656E-01,2.723E+00,1.547E+00,3.142E+00,5.464E-03,2.495E+00,2.571E+00,2.711E-01,1.703E+00,1.700E+00,-1.350E-01,2.243E+00,1.796E+00,3.142E+00,8.647E-04,2.538E+00,2.551E+00,1.289E-01,3.507E+00,1.835E+00,-3.370E-01,3.776E+00,1.305E+00,3.142E+00,-7.580E-04,2.276E+00,2.264E+00,8.191E-02,5.256E+00
16,0.000E+00,0.000E+00,1.010E-02,7.044E-03,0.000E+00,1.001E-02,1.304E-02,0.000E+00,3.320E-06,1.303E-02,4.672E-02,2.167E+00,1.809E+00,-2.603E-01,2.843E+00,1.467E+00,3.142E+00,1.378E-02,2.188E+00,2.370E+00,1.251E-01,3.471E+00,1.724E+00,-1.725E-01,2.761E+00,1.535E+00,3.142E+00,7.594E-03,2.439E+00,2.546E+00,2.730E-01,1.692E+00,1.699E+00,-1.423E-01,2.281E+00,1.809E+00,3.142E+00,3.571E-04,2.556E+00,2.561E+00,1.289E-01,3.508E+00,1.829E+00,-3.492E-01,3.881E+00,1.332E+00,3.142E+00,-1.122E-04,2.255E+00,2.253E+00,8.108E-02,5.305E+00
17,0.000E+00,0.000E+00,1.031E-02,7.159E-03,0.000E+00,1.020E-02,1.326E-02,0.000E+00,3.516E-06,1.330E-02,4.763E-02,2.208E+00,1.802E+00,-2.653E-01,2.888E+00,1.492E+00,3.142E+00,1.741E-02,2.135E+00,2.366E+00,1.252E-01,3.468E+00,1.729E+00,-1.793E-01,2.798E+00,1.524E+00,3.142E+00,9.724E-03,2.383E+00,2.522E+00,2.749E-01,1.680E+00,1.698E+00,-1.495E-01,2.319E+00,1.823E+00,3.142E+00,-1.505E-04,2.573E+00,2.570E+00,1.288E-01,3.509E+00,1.824E+00,-3.614E-01,3.986E+00,1.358E+00,3.142E+00,5.336E-04,2.235E+00,2.241E+00,8.026E-02,5.355E+00
18,0.000E+00,0.000E+00,1.053E-02,7.275E-03,0.000E+00,1.040E-02,1.348E-02,0.000E+00,3.711E-06,1.356E-02,4.854E-02,2.250E+00,1.796E+00,-2.704E-01,2.932E+00,1.517E+00,3.142E+00,2.105E-02,2.082E+00,2.363E+00,1.254E-01,3.464E+00,1.734E+00,-1.861E-01,2.836E+00,1.512E+00,3.142E+00,1.185E-02,2.326E+00,2.497E+00,2.767E-01,1.669E+00,1.697E+00,-1.568E-01,2.358E+00,1.836E+00,3.142E+00,-6.582E-04,2.591E+00,2.580E+00,1.288E-01,3.510E+00,1.819E+00,-3.736E-01,4.092E+00,1.385E+00,3.142E+00,1.179E-03,2.214E+00,2.230E+00,7.943E-02,5.404E+00
19,0.000E+00,0.000E+00,1.063E-02,7.332E-03,0.000E+00,1.049E-02,1.359E-02,0.000E+00,3.809E-06,1.370E-02,4.900E-02,2.271E+00,1.793E+00,-2.729E-01,2.955E+00,1.530E+00,3.142E+00,2.286E-02,2.056E+00,2.361E+00,1.254E-01,3.463E+00,1.736E+00,-1.896E-01,2.855E+00,1.507E+00,3.142E+00,1.292E-02,2.298E+00,2.485E+00,2.777E-01,1.664E+00,1.697E+00,-1.604E-01,2.377E+00,1.843E+00,3.142E+00,-9.120E-04,2.599E+00,2.584E+00,1.287E-01,3.511E+00,1.817E+00,-3.797E-01,4.144E+00,1.398E+00,3.142E+00,1.502E-03,2.204E+00,2.224E+00,7.902E-02,5.428E+00
20,0.000E+00,0.000E+00,1.074E-02,7.390E-03,0.000E+00,1.059E-02,1.370E-02,0.000E+00,3.906E-06,1.383E-02,4.945E-02,2.292E+00,1.790E+00,-2.755E-01,2.977E+00,1.543E+00,3.142E+00,2.468E-02,2.029E+00,2.359E+00,1.255E-01,3.461E+00,1.739E+00,-1.930E-01,2.874E+00,1.501E+00,3.142E+00,1.398E-02,2.270E+00,2.473E+00,2.786E-01,1.658E+00,1.696E+00,-1.641E-01,2.396E+00,1.849E+00,3.142E+00,-1.166E-03,2.608E+00,2.589E+00,1.287E-01,3.512E+00,1.814E+00,-3.858E-01,4.197E+00,1.411E+00,3.142E+00,1.825E-03,2.194E+00,2.218E+00,7.860E-02,5.453E+00
21,0.000E+00,0.000E+00,1.105E-02,7.444E-03,0.000E+00,1.092E-02,1.404E-02,3.906E-07,5.469E-06,1.443E-02,5.113E-02,2.363E+00,1.787E+00,-3.030E-01,3.349E+00,1.507E+00,3.142E+00,2.274E-02,2.065E+00,2.370E+00,1.245E-01,3.488E+00,1.723E+00,-1.851E-01,2.775E+00,1.589E+00,3.142E+00,1.221E-02,2.315E+00,2.492E+00,2.785E-01,1.659E+00,1.699E+00,-1.732E-01,2.464E+00,1.831E+00,3.142E+00,-1.132E-03,2.607E+00,2.589E+00,1.283E-01,3.522E+00,1.814E+00,-3.892E-01,4.196E+00,1.423E+00,3.142E+00,1.713E-03,2.204E+00,2.227E+00,7.854E-02,5.457E+00
22,0.000E+00,0.000E+00,1.137E-02,7.499E-03,0.000E+00,1.125E-02,1.437E-02,7.812E-07,7.031E-06,1.502E-02,5.280E-02,2.434E+00,1.788E+00,-3.306E-01,3.721E+00,1.471E+00,3.142E+00,2.081E-02,2.101E+00,2.381E+00,1.235E-01,3.514E+00,1.708E+00,-1.772E-01,2.676E+00,1.676E+00,3.142E+00,1.044E-02,2.360E+00,2.512E+00,2.784E-01,1.659E+00,1.702E+00,-1.824E-01,2.533E+00,1.813E+00,3.142E+00,-1.098E-03,2.606E+00,2.588E+00,1.279E-01,3.533E+00,1.813E+00,-3.926E-01,4.195E+00,1.435E+00,3.142E+00,1.601E-03,2.214E+00,2.236E+00,7.847E-02,5.461E+00
23,0.000E+00,0.000E+00,1.168E-02,7.554E-03,0.000E+00,1.158E-02,1.471E-02,1.172E-06,8.594E-06,1.562E-02,5.447E-02,2.506E+00,1.793E+00,-3.581E-01,4.093E+00,1.435E+00,3.142E+00,1.887E-02,2.136E+00,2.392E+00,1.226E-01,3.541E+00,1.695E+00,-1.693E-01,2.577E+00,1.764E+00,3.142E+00,8.673E-03,2.405E+00,2.531E+00,2.783E-01,1.660E+00,1.706E+00,-1.916E-01,2.601E+00,1.795E+00,3.142E+00,-1.064E-03,2.605E+00,2.588E+00,1.275E-01,3.544E+00,1.813E+00,-3.960E-01,4.195E+00,1.446E+00,3.142E+00,1.490E-03,2.224E+00,2.244E+00,7.841E-02,5.466E+00
24,0.000E+00,0.000E+00,1.184E-02,7.581E-03,0.000E+00,1.174E-02,1.488E-02,1.367E-06,9.375E-06,1.592E-02,5.531E-02,2.541E+00,1.797E+00,-3.719E-01,4.279E+00,1.417E+00,3.142E+00,1.790E-02,2.154E+00,2.398E+00,1.221E-01,3.554E+00,1.689E+00,-1.654E-01,2.528E+00,1.808E+00,3.142E+00,7.788E-03,2.428E+00,2.541E+00,2.782E-01,1.660E+00,1.707E+00,-1.962E-01,2.635E+00,1.786E+00,3.142E+00,-1.047E-03,2.605E+00,2.588E+00,1.273E-01,3.549E+00,1.812E+00,-3.977E-01,4.194E+00,1.452E+00,3.142E+00,1.434E-03,2.229E+00,2.249E+00,7.837E-02,5.468E+00
25,0.000E+00,0.000E+00,1.199E-02,7.608E-03,0.000E+00,1.190E-02,1.505E-02,1.562E-06,1.016E-05,1.621E-02,5.614E-02,2.577E+00,1.801E+00,-3.856E-01,4.464E+00,1.400E+00,3.142E+00,1.694E-02,2.172E+00,2.403E+00,1.216E-01,3.568E+00,1.683E+00,-1.614E-01,2.478E+00,1.851E+00,3.142E+00,6.902E-03,2.450E+00,2.550E+00,2.781E-01,1.661E+00,1.709E+00,-2.007E-01,2.669E+00,1.777E+00,3.142E+00,-1.030E-03,2.604E+00,2.588E+00,1.271E-01,3.555E+00,1.812E+00,-3.994E-01,4.194E+00,1.458E+00,3.142E+00,1.378E-03,2.235E+00,2.253E+00,7.834E-02,5.470E+00
26,0.000E+00,0.000E+00,1.231E-02,7.663E-03,0.000E+00,1.223E-02,1.539E-02,1.953E-06,1.172E-05,1.681E-02,5.781E-02,2.648E+00,1.811E+00,-4.132E-01,4.836E+00,1.364E+00,3.142E+00,1.500E-02,2.207E+00,2.414E+00,1.206E-01,3.594E+00,1.673E+00,-1.536E-01,2.379E+00,1.939E+00,3.142E+00,5.132E-03,2.496E+00,2.570E+00,2.780E-01,1.661E+00,1.713E+00,-2.099E-01,2.737E+00,1.759E+00,3.142E+00,-9.955E-04,2.604E+00,2.587E+00,1.267E-01,3.566E+00,1.811E+00,-4.028E-01,4.193E+00,1.470E+00,3.142E+00,1.266E-03,2.245E+00,2.262E+00,7.828E-02,5.474E+00
27,0.000E+00,0.000E+00,1.262E-02,7.717E-03,0.000E+00,1.256E-02,1.573E-02,2.344E-06,1.328E-05,1.741E-02,5.949E-02,2.719E+00,1.824E+00,-4.407E-01,5.208E+00,1.328E+00,3.142E+00,1.306E-02,2.243E+00,2.425E+00,1.196E-01,3.621E+00,1.665E+00,-1.457E-01,2.281E+00,2.027E+00,3.142E+00,3.361E-03,2.541E+00,2.589E+00,2.779E-01,1.662E+00,1.717E+00,-2.191E-01,2.805E+00,1.741E+00,3.142E+00,-9.614E-04,2.603E+00,2.587E+00,1.263E-01,3.576E+00,1.811E+00,-4.061E-01,4.192E+00,1.482E+00,3.142E+00,1.154E-03,2.255E+00,2.270E+00,7.821E-02,5.478E+00
28,0.000E+00,0.000E+00,1.293E-02,7.772E-03,0.000E+00,1.289E-02,1.607E-02,2.734E-06,1.484E-05,1.800E-02,6.116E-02,2.791E+00,1.838E+00,-4.683E-01,5.580E+00,1.292E+00,3.142E+00,1.113E-02,2.278E+00,2.436E+00,1.187E-01,3.648E+00,1.658E+00,-1.378E-01,2.182E+00,2.114E+00,3.142E+00,1.591E-03,2.586E+00,2.609E+00,2.778E-01,1.662E+00,1.721E+00,-2.283E-01,2.873E+00,1.723E+00,3.142E+00,-9.274E-04,2.602E+00,2.587E+00,1.259E-01,3.587E+00,1.810E+00,-4.095E-01,4.192E+00,1.494E+00,3.142E+00,1.042E-03,2.265E+00,2.279E+00,7.815E-02,5.483E+00
29,0.000E+00,0.000E+00,1.309E-02,7.799E-03,0.000E+00,1.305E-02,1.623E-02,2.930E-06,1.563E-05,1.830E-02,6.200E-02,2.826E+00,1.846E+00,-4.820E-01,5.766E+00,1.274E+00,3.142E+00,1.016E-02,2.296E+00,2.442E+00,1.182E-01,3.661E+00,1.654E+00,-1.338E-01,2.132E+00,2.158E+00,3.142E+00,7.058E-04,2.608E+00,2.618E+00,2.777E-01,1.663E+00,1.724E+00,-2.328E-01,2.907E+00,1.714E+00,3.142E+00,-9.103E-04,2.601E+00,2.587E+00,1.257E-01,3.592E+00,1.810E+00,-4.112E-01,4.191E+00,1.500E+00,3.142E+00,9.863E-04,2.270E+00,2.284E+00,7.811E-02,5.485E+00
30,0.000E+00,0.000E+00,1.324E-02,7.827E-03,0.000E+00,1.322E-02,1.640E-02,3.125E-06,1.641E-05,1.860E-02,6.283E-02,2.862E+00,1.854E+00,-4.958E-01,5.952E+00,1.256E+00,3.142E+00,9.192E-03,2.314E+00,2.447E+00,1.177E-01,3.674E+00,1.652E+00,-1.299E-01,2.083E+00,2.202E+00,3.142E+00,-1.795E-04,2.631E+00,2.628E+00,2.777E-01,1.663E+00,1.726E+00,-2.374E-01,2.941E+00,1.704E+00,3.142E+00,-8.933E-04,2.601E+00,2.587E+00,1.255E-01,3.598E+00,1.809E+00,-4.129E-01,4.191E+00,1.506E+00,3.142E+00,9.303E-04,2.275E+00,2.288E+00,7.808E-02,5.487E+00
31,0.000E+00,0.000E+00,1.415E-02,8.029E-03,0.000E+00,1.415E-02,1.741E-02,4.785E-06,2.256E-05,2.027E-02,6.743E-02,3.064E+00,1.843E+00,-5.104E-01,6.497E+00,1.256E+00,3.142E+00,8.306E-03,2.334E+00,2.455E+00,1.172E-01,3.689E+00,1.642E+00,-1.222E-01,2.038E+00,2.267E+00,3.142E+00,-1.505E-04,2.620E+00,2.617E+00,2.738E-01,1.688E+00,1.720E+00,-2.465E-01,3.062E+00,1.711E+00,3.142E+00,-6.767E-04,2.598E+00,2.587E+00,1.253E-01,3.602E+00,1.806E+00,-4.173E-01,4.295E+00,1.508E+00,3.142E+00,1.279E-03,2.278E+00,2.295E+00,7.759E-02,5.520E+00
32,0.000E+00,0.000E+00,1.461E-02,8.130E-03,0.000E+00,1.462E-02,1.792E-02,5.615E-06,2.563E-05,2.110E-02,6.973E-02,3.165E+00,1.839E+00,-5.178E-01,6.769E+00,1.256E+00,3.142E+00,7.862E-03,2.344E+00,2.459E+00,1.170E-01,3.697E+00,1.638E+00,-1.183E-01,2.015E+00,2.300E+00,3.142E+00,-1.361E-04,2.614E+00,2.612E+00,2.719E-01,1.700E+00,1.717E+00,-2.510E-01,3.123E+00,1.715E+00,3.142E+00,-5.683E-04,2.596E+00,2.587E+00,1.252E-01,3.604E+00,1.804E+00,-4.194E-01,4.347E+00,1.509E+00,3.142E+00,1.453E-03,2.279E+00,2.299E+00,7.735E-02,5.537E+00
33,0.000E+00,0.000E+00,1.506E-02,8.231E-03,0.000E+00,1.509E-02,1.842E-02,6.445E-06,2.871E-05,2.194E-02,7.203E-02,3.266E+00,1.835E+00,-5.251E-01,7.041E+00,1.256E+00,3.142E+00,7.419E-03,2.354E+00,2.462E+00,1.167E-01,3.704E+00,1.634E+00,-1.145E-01,1.992E+00,2.333E+00,3.142E+00,-1.216E-04,2.609E+00,2.607E+00,2.700E-01,1.713E+00,1.715E+00,-2.555E-01,3.184E+00,1.718E+00,3.142E+00,-4.600E-04,2.595E+00,2.587E+00,1.252E-01,3.606E+00,1.802E+00,-4.216E-01,4.399E+00,1.510E+00,3.142E+00,1.628E-03,2.280E+00,2.303E+00,7.710E-02,5.554E+00
34,0.000E+00,0.000E+00,1.552E-02,8.332E-03,0.000E+00,1.555E-02,1.893E-02,7.275E-06,3.179E-05,2.277E-02,7.433E-02,3.367E+00,1.831E+00,-5.324E-01,7.314E+00,1.255E+00,3.142E+00,6.976E-03,2.364E+00,2.466E+00,1.165E-01,3.711E+00,1.629E+00,-1.106E-01,1.970E+00,2.365E+00,3.142E+00,-1.071E-04,2.603E+00,2.601E+00,2.680E-01,1.725E+00,1.712E+00,-2.600E-01,3.245E+00,1.722E+00,3.142E+00,-3.517E-04,2.593E+00,2.588E+00,1.251E-01,3.608E+00,1.800E+00,-4.238E-01,4.452E+00,1.511E+00,3.142E+00,1.802E-03,2.281E+00,2.307E+00,7.686E-02,5.570E+00
35,0.000E+00,0.000E+00,1.597E-02,8.433E-03,0.000E+00,1.602E-02,1.943E-02,8.105E-06,3.486E-05,2.361E-02,7.663E-02,3.468E+00,1.828E+00,-5.397E-01,7.586E+00,1.255E+00,3.142E+00,6.532E-03,2.374E+00,2.470E+00,1.162E-01,3.719E+00,1.625E+00,-1.067E-01,1.947E+00,2.398E+00,3.142E+00,-9.266E-05,2.598E+00,2.596E+00,2.661E-01,1.738E+00,1.710E+00,-2.645E-01,3.305E+00,1.725E+00,3.142E+00,-2.434E-04,2.592E+00,2.588E+00,1.250E-01,3.610E+00,1.799E+00,-4.259E-01,4.504E+00,1.512E+00,3.142E+00,1.976E-03,2.283E+00,2.310E+00,7.661E-02,5.587E+00
36,0.000E+00,0.000E+00,1.642E-02,8.534E-03,0.000E+00,1.649E-02,1.994E-02,8.936E-06,3.794E-05,2.444E-02,7.893E-02,3.569E+00,1.826E+00,-5.470E-01,7.859E+00,1.255E+00,3.142E+00,6.089E-03,2.385E+00,2.474E+00,1.160E-01,3.726E+00,1.621E+00,-1.029E-01,1.924E+00,2.431E+00,3.142E+00,-7.820E-05,2.592E+00,2.591E+00,2.642E-01,1.750E+00,1.708E+00,-2.690E-01,3.366E+00,1.728E+00,3.142E+00,-1.351E-04,2.590E+00,2.588E+00,1.250E-01,3.612E+00,1.797E+00,-4.281E-01,4.556E+00,1.513E+00,3.142E+00,2.150E-03,2.284E+00,2.314E+00,7.637E-02,5.604E+00
37,0.000E+00,0.000E+00,1.688E-02,8.636E-03,0.000E+00,1.696E-02,2.044E-02,9.766E-06,4.102E-05,2.528E-02,8.123E-02,3.670E+00,1.823E+00,-5.543E-01,8.131E+00,1.255E+00,3.142E+00,5.646E-03,2.395E+00,2.477E+00,1.157E-01,3.733E+00,1.617E+00,-9.900E-02,1.902E+00,2.463E+00,3.142E+00,-6.373E-05,2.587E+00,2.585E+00,2.623E-01,1.763E+00,1.705E+00,-2.736E-01,3.427E+00,1.732E+00,3.142E+00,-2.677E-05,2.589E+00,2.588E+00,1.249E-01,3.614E+00,1.795E+00,-4.303E-01,4.608E+00,1.513E+00,3.142E+00,2.325E-03,2.285E+00,2.318E+00,7.613E-02,5.620E+00
38,0.000E+00,0.000E+00,1.733E-02,8.737E-03,0.000E+00,1.742E-02,2.095E-02,1.060E-05,4.409E-05,2.611E-02,8.353E-02,3.771E+00,1.821E+00,-5.616E-01,8.404E+00,1.255E+00,3.142E+00,5.202E-03,2.405E+00,2.481E+00,1.155E-01,3.741E+00,1.613E+00,-9.514E-02,1.879E+00,2.496E+00,3.142E+00,-4.927E-05,2.581E+00,2.580E+00,2.603E-01,1.775E+00,1.703E+00,-2.781E-01,3.488E+00,1.735E+00,3.142E+00,8.155E-05,2.587E+00,2.588E+00,1.248E-01,3.616E+00,1.794E+00,-4.324E-01,4.660E+00,1.514E+00,3.142E+00,2.499E-03,2.286E+00,2.321E+00,7.588E-02,5.637E+00
39,0.000E+00,0.000E+00,1.779E-02,8.838E-03,0.000E+00,1.789E-02,2.145E-02,1.143E-05,4.717E-05,2.695E-02,8.583E-02,3.872E+00,1.819E+00,-5.689E-01,8.676E+00,1.255E+00,3.142E+00,4.759E-03,2.415E+00,2.485E+00,1.152E-01,3.748E+00,1.610E+00,-9.128E-02,1.857E+00,2.528E+00,3.142E+00,-3.480E-05,2.575E+00,2.575E+00,2.584E-01,1.788E+00,1.701E+00,-2.826E-01,3.549E+00,1.739E+00,3.142E+00,1.899E-04,2.586E+00,2.589E+00,1.247E-01,3.618E+00,1.792E+00,-4.346E-01,4.712E+00,1.515E+00,3.142E+00,2.673E-03,2.288E+00,2.325E+00,7.564E-02,5.654E+00
40,0.000E+00,0.000E+00,1.824E-02,8.939E-03,0.000E+00,1.836E-02,2.196E-02,1.226E-05,5.024E-05,2.778E-02,8.813E-02,3.973E+00,1.817E+00,-5.763E-01,8.948E+00,1.254E+00,3.142E+00,4.316E-03,2.425E+00,2.489E+00,1.150E-01,3.755E+00,1.606E+00,-8.742E-02,1.834E+00,2.561E+00,3.142E+00,-2.034E-05,2.570E+00,2.570E+00,2.565E-01,1.800E+00,1.699E+00,-2.871E-01,3.609E+00,1.742E+00,3.142E+00,2.982E-04,2.584E+00,2.589E+00,1.247E-01,3.620E+00,1.791E+00,-4.368E-01,4.764E+00,1.516E+00,3.142E+00,2.848E-03,2.289E+00,2.329E+00,7.539E-02,5.670E+00
41,0.000E+00,0.000E+00,1.869E-02,9.040E-03,0.000E+00,1.882E-02,2.246E-02,1.309E-05,5.332E-05,2.861E-02,9.043E-02,4.074E+00,1.816E+00,-5.836E-01,9.221E+00,1.254E+00,3.142E+00,3.872E-03,2.435E+00,2.492E+00,1.147E-01,3.763E+00,1.603E+00,-8.356E-02,1.811E+00,2.594E+00,3.142E+00,-5.875E-06,2.564E+00,2.564E+00,2.546E-01,1.812E+00,1.697E+00,-2.916E-01,3.670E+00,1.745E+00,3.142E+00,4.065E-04,2.582E+00,2.589E+00,1.246E-01,3.622E+00,1.789E+00,-4.389E-01,4.817E+00,1.517E+00,3.142E+00,3.022E-03,2.290E+00,2.333E+00,7.515E-02,5.687E+00
42,0.000E+00,0.000E+00,1.915E-02,9.141E-03,0.000E+00,1.929E-02,2.297E-02,1.392E-05,5.640E-05,2.945E-02,9.273E-02,4.175E+00,1.815E+00,-5.909E-01,9.493E+00,1.254E+00,3.142E+00,3.429E-03,2.445E+00,2.496E+00,1.145E-01,3.770E+00,1.599E+00,-7.969E-02,1.789E+00,2.626E+00,3.142E+00,8.590E-06,2.559E+00,2.559E+00,2.526E-01,1.825E+00,1.696E+00,-2.961E-01,3.731E+00,1.749E+00,3.142E+00,5.148E-04,2.581E+00,2.589E+00,1.245E-01,3.624E+00,1.788E+00,-4.411E-01,4.869E+00,1.518E+00,3.142E+00,3.196E-03,2.291E+00,2.336E+00,7.490E-02,5.704E+00
43,0.000E+00,0.000E+00,1.960E-02,9.242E-03,0.000E+00,1.976E-02,2.348E-02,1.475E-05,5.947E-05,3.028E-02,9.503E-02,4.276E+00,1.814E+00,-5.982E-01,9.766E+00,1.254E+00,3.142E+00,2.986E-03,2.455E+00,2.500E+00,1.143E-01,3.778E+00,1.596E+00,-7.583E-02,1.766E+00,2.659E+00,3.142E+00,2.305E-05,2.553E+00,2.554E+00,2.507E-01,1.837E+00,1.694E+00,-3.006E-01,3.792E+00,1.752E+00,3.142E+00,6.231E-04,2.579E+00,2.589E+00,1.244E-01,3.627E+00,1.786E+00,-4.433E-01,4.921E+00,1.519E+00,3.142E+00,3.371E-03,2.293E+00,2.340E+00,7.466E-02,5.720E+00
44,0.000E+00,0.000E+00,2.006E-02,9.343E-03,0.000E+00,2.023E-02,2.398E-02,1.558E-05,6.255E-05,3.112E-02,9.733E-02,4.377E+00,1.814E+00,-6.055E-01,1.004E+01,1.254E+00,3.142E+00,2.542E-03,2.465E+00,2.504E+00,1.140E-01,3.785E+00,1.593E+00,-7.197E-02,1.743E+00,2.692E+00,3.142E+00,3.752E-05,2.548E+00,2.548E+00,2.488E-01,1.850E+00,1.692E+00,-3.052E-01,3.852E+00,1.756E+00,3.142E+00,7.314E-04,2.578E+00,2.590E+00,1.244E-01,3.629E+00,1.785E+00,-4.455E-01,4.973E+00,1.520E+00,3.142E+00,3.545E-03,2.294E+00,2.344E+00,7.442E-02,5.737E+00
45,0.000E+00,0.000E+00,2.051E-02,9.445E-03,0.000E+00,2.069E-02,2.449E-02,1.641E-05,6.562E-05,3.195E-02,9.963E-02,4.478E+00,1.813E+00,-6.128E-01,1.031E+01,1.253E+00,3.142E+00,2.099E-03,2.475E+00,2.508E+00,1.138E-01,3.792E+00,1.590E+00,-6.811E-02,1.721E+00,2.724E+00,3.142E+00,5.198E-05,2.542E+00,2.543E+00,2.468E-01,1.862E+00,1.691E+00,-3.097E-01,3.913E+00,1.759E+00,3.142E+00,8.398E-04,2.576E+00,2.590E+00,1.243E-01,3.631E+00,1.783E+00,-4.476E-01,5.025E+00,1.521E+00,3.142E+00,3.719E-03,2.295E+00,2.348E+00,7.417E-02,5.754E+00
46,0.000E+00,0.000E+00,2.156E-02,9.605E-03,0.000E+00,2.172E-02,2.563E-02,1.914E-05,7.324E-05,3.378E-02,1.046E-01,4.698E+00,1.731E+00,-5.455E-01,8.736E+00,1.478E+00,3.142E+00,2.019E-03,2.487E+00,2.518E+00,1.139E-01,3.787E+00,1.573E+00,-1.235E-01,2.305E+00,2.510E+00,3.142E+00,-2.762E-04,2.613E+00,2.607E+00,2.515E-01,1.831E+00,1.680E+00,-2.961E-01,3.757E+00,1.814E+00,3.142E+00,1.716E-03,2.574E+00,2.602E+00,1.241E-01,3.635E+00,1.755E+00,-4.995E-01,7.062E+00,1.453E+00,3.142E+00,2.625E-03,2.341E+00,2.378E+00,7.408E-02,5.760E+00
47,0.000E+00,0.000E+00,2.261E-02,9.766E-03,0.000E+00,2.274E-02,2.678E-02,2.187E-05,8.086E-05,3.561E-02,1.095E-01,4.918E+00,1.671E+00,-4.781E-01,7.162E+00,1.703E+00,3.142E+00,1.940E-03,2.499E+00,2.529E+00,1.141E-01,3.782E+00,1.580E+00,-1.788E-01,2.889E+00,2.297E+00,3.142E+00,-6.044E-04,2.683E+00,2.672E+00,2.562E-01,1.799E+00,1.671E+00,-2.825E-01,3.601E+00,1.869E+00,3.142E+00,2.593E-03,2.572E+00,2.615E+00,1.240E-01,3.640E+00,1.753E+00,-5.513E-01,9.099E+00,1.385E+00,3.142E+00,1.530E-03,2.387E+00,2.408E+00,7.399E-02,5.767E+00
48,0.000E+00,0.000E+00,2.366E-02,9.927E-03,0.000E+00,2.377E-02,2.792E-02,2.461E-05,8.848E-05,3.743E-02,1.144E-01,5.138E+00,1.636E+00,-4.107E-01,5.587E+00,1.928E+00,3.142E+00,1.860E-03,2.511E+00,2.540E+00,1.143E-01,3.777E+00,1.604E+00,-2.342E-01,3.473E+00,2.083E+00,3.142E+00,-9.325E-04,2.753E+00,2.737E+00,2.609E-01,1.767E+00,1.662E+00,-2.689E-01,3.445E+00,1.924E+00,3.142E+00,3.469E-03,2.570E+00,2.627E+00,1.238E-01,3.644E+00,1.768E+00,-6.032E-01,1.114E+01,1.317E+00,3.142E+00,4.355E-04,2.433E+00,2.439E+00,7.390E-02,5.774E+00
49,0.000E+00,0.000E+00,2.419E-02,1.001E-02,0.000E+00,2.428E-02,2.850E-02,2.598E-05,9.229E-05,3.835E-02,1.169E-01,5.247E+00,1.631E+00,-3.770E-01,4.800E+00,2.040E+00,3.142E+00,1.820E-03,2.517E+00,2.545E+00,1.144E-01,3.774E+00,1.621E+00,-2.619E-01,3.766E+00,1.976E+00,3.142E+00,-1.097E-03,2.788E+00,2.769E+00,2.633E-01,1.752E+00,1.658E+00,-2.621E-01,3.367E+00,1.951E+00,3.142E+00,3.908E-03,2.570E+00,2.633E+00,1.237E-01,3.647E+00,1.780E+00,-6.291E-01,1.215E+01,1.283E+00,3.142E+00,-1.118E-04,2.456E+00,2.454E+00,7.385E-02,5.777E+00
50,0.000E+00,0.000E+00,2.472E-02,1.009E-02,0.000E+00,2.480E-02,2.907E-02,2.734E-05,9.609E-05,3.926E-02,1.194E-01,5.357E+00,1.635E+00,-3.434E-01,4.013E+00,2.152E+00,3.142E+00,1.781E-03,2.523E+00,2.551E+00,1.144E-01,3.772E+00,1.642E+00,-2.896E-01,4.058E+00,1.869E+00,3.142E+00,-1.261E-03,2.824E+00,2.801E+00,2.656E-01,1.736E+00,1.655E+00,-2.552E-01,3.289E+00,1.979E+00,3.142E+00,4.346E-03,2.569E+00,2.639E+00,1.236E-01,3.649E+00,1.794E+00,-6.550E-01,1.317E+01,1.248E+00,3.142E+00,-6.591E-04,2.479E+00,2.469E+00,7.380E-02,5.780E+00
51,0.000E+00,0.000E+00,2.621E-02,1.037E-02,0.000E+00,2.627E-02,3.078E-02,3.252E-05,1.133E-04,4.200E-02,1.266E-01,5.682E+00,1.563E+00,-3.850E-01,6.258E+00,2.054E+00,3.142E+00,1.634E-03,2.507E+00,2.533E+00,1.154E-01,3.744E+00,1.596E+00,-3.249E-01,5.668E+00,1.783E+00,3.142E+00,-1.153E-03,2.790E+00,2.769E+00,2.650E-01,1.740E+00,1.640E+00,-2.768E-01,3.821E+00,1.915E+00,3.142E+00,4.306E-03,2.569E+00,2.639E+00,1.232E-01,3.661E+00,1.778E+00,-6.585E-01,1.397E+01,1.265E+00,3.142E+00,-1.767E-04,2.467E+00,2.464E+00,7.370E-02,5.788E+00
52,0.000E+00,0.000E+00,2.770E-02,1.064E-02,0.000E+00,2.775E-02,3.248E-02,3.770E-05,1.305E-04,4.474E-02,1.339E-01,6.006E+00,1.536E+00,-4.265E-01,8.503E+00,1.956E+00,3.142E+00,1.488E-03,2.492E+00,2.515E+00,1.164E-01,3.716E+00,1.578E+00,-3.601E-01,7.278E+00,1.697E+00,3.142E+00,-1.045E-03,2.756E+00,2.738E+00,2.644E-01,1.743E+00,1.633E+00,-2.983E-01,4.354E+00,1.852E+00,3.142E+00,4.266E-03,2.569E+00,2.639E+00,1.228E-01,3.674E+00,1.763E+00,-6.619E-01,1.477E+01,1.282E+00,3.142E+00,3.056E-04,2.454E+00,2.458E+00,7.360E-02,5.795E+00
53,0.000E+00,0.000E+00,2.919E-02,1.092E-02,0.000E+00,2.923E-02,3.419E-02,4.287E-05,1.477E-04,4.748E-02,1.412E-01,6.331E+00,1.532E+00,-4.681E-01,1.075E+01,1.858E+00,3.142E+00,1.342E-03,2.477E+00,2.498E+00,1.173E-01,3.689E+00,1.577E+00,-3.954E-01,8.888E+00,1.611E+00,3.142E+00,-9.373E-04,2.723E+00,2.706E+00,2.638E-01,1.747E+00,1.631E+00,-3.199E-01,4.887E+00,1.788E+00,3.142E+00,4.226E-03,2.569E+00,2.638E+00,1.223E-01,3.686E+00,1.750E+00,-6.653E-01,1.557E+01,1.298E+00,3.142E+00,7.880E-04,2.441E+00,2.453E+00,7.350E-02,5.803E+00
54,0.000E+00,0.000E+00,2.994E-02,1.106E-02,0.000E+00,2.997E-02,3.504E-02,4.546E-05,1.562E-04,4.885E-02,1.448E-01,6.493E+00,1.536E+00,-4.889E-01,1.187E+01,1.809E+00,3.142E+00,1.268E-03,2.469E+00,2.489E+00,1.178E-01,3.675E+00,1.581E+00,-4.131E-01,9.693E+00,1.568E+00,3.142E+00,-8.834E-04,2.706E+00,2.690E+00,2.635E-01,1.749E+00,1.632E+00,-3.306E-01,5.153E+00,1.757E+00,3.142E+00,4.205E-03,2.570E+00,2.638E+00,1.221E-01,3.692E+00,1.743E+00,-6.670E-01,1.597E+01,1.307E+00,3.142E+00,1.029E-03,2.435E+00,2.450E+00,7.344E-02,5.807E+00
55,0.000E+00,0.000E+00,3.068E-02,1.120E-02,0.000E+00,3.071E-02,3.590E-02,4.805E-05,1.648E-04,5.022E-02,1.485E-01,6.655E+00,1.543E+00,-5.097E-01,1.299E+01,1.760E+00,3.142E+00,1.195E-03,2.462E+00,2.480E+00,1.183E-01,3.661E+00,1.588E+00,-4.307E-01,1.050E+01,1.525E+00,3.142E+00,-8.294E-04,2.689E+00,2.674E+00,2.632E-01,1.751E+00,1.634E+00,-3.414E-01,5.420E+00,1.725E+00,3.142E+00,4.185E-03,2.570E+00,2.638E+00,1.219E-01,3.698E+00,1.736E+00,-6.687E-01,1.637E+01,1.315E+00,3.142E+00,1.270E-03,2.429E+00,2.447E+00,7.339E-02,5.810E+00
56,0.000E+00,0.000E+00,3.218E-02,1.148E-02,0.000E+00,3.219E-02,3.760E-02,5.322E-05,1.820E-04,5.296E-02,1.557E-01,6.980E+00,1.564E+00,-5.513E-01,1.524E+01,1.662E+00,3.142E+00,1.049E-03,2.446E+00,2.462E+00,1.192E-01,3.634E+00,1.607E+00,-4.660E-01,1.211E+01,1.439E+00,3.142E+00,-7.216E-04,2.655E+00,2.643E+00,2.627E-01,1.755E+00,1.640E+00,-3.629E-01,5.953E+00,1.661E+00,3.142E+00,4.145E-03,2.570E+00,2.637E+00,1.215E-01,3.711E+00,1.724E+00,-6.721E-01,1.717E+01,1.332E+00,3.142E+00,1.753E-03,2.416E+00,2.442E+00,7.329E-02,5.818E+00
57,0.000E+00,0.000E+00,3.367E-02,1.176E-02,0.000E+00,3.367E-02,3.931E-02,5.840E-05,1.992E-04,5.570E-02,1.630E-01,7.304E+00,1.592E+00,-5.929E-01,1.748E+01,1.564E+00,3.142E+00,9.026E-04,2.431E+00,2.445E+00,1.202E-01,3.606E+00,1.633E+00,-5.013E-01,1.372E+01,1.354E+00,3.142E+00,-6.138E-04,2.621E+00,2.611E+00,2.621E-01,1.758E+00,1.650E+00,-3.845E-01,6.485E+00,1.598E+00,3.142E+00,4.105E-03,2.570E+00,2.637E+00,1.211E-01,3.723E+00,1.712E+00,-6.756E-01,1.797E+01,1.348E+00,3.142E+00,2.235E-03,2.404E+00,2.437E+00,7.319E-02,5.825E+00
58,0.000E+00,0.000E+00,3.516E-02,1.203E-02,0.000E+00,3.515E-02,4.102E-02,6.357E-05,2.164E-04,5.844E-02,1.703E-01,7.629E+00,1.627E+00,-6.345E-01,1.973E+01,1.466E+00,3.142E+00,7.563E-04,2.416E+00,2.427E+00,1.211E-01,3.578E+00,1.665E+00,-5.366E-01,1.533E+01,1.268E+00,3.142E+00,-5.060E-04,2.588E+00,2.579E+00,2.615E-01,1.762E+00,1.663E+00,-4.060E-01,7.018E+00,1.534E+00,3.142E+00,4.065E-03,2.571E+00,2.637E+00,1.206E-01,3.735E+00,1.701E+00,-6.790E-01,1.877E+01,1.365E+00,3.142E+00,2.717E-03,2.391E+00,2.431E+00,7.309E-02,5.833E+00
59,0.000E+00,0.000E+00,3.590E-02,1.217E-02,0.000E+00,3.589E-02,4.187E-02,6.616E-05,2.250E-04,5.981E-02,1.739E-01,7.791E+00,1.647E+00,-6.553E-01,2.085E+01,1.417E+00,3.142E+00,6.831E-04,2.408E+00,2.418E+00,1.216E-01,3.565E+00,1.683E+00,-5.542E-01,1.613E+01,1.225E+00,3.142E+00,-4.521E-04,2.571E+00,2.564E+00,2.612E-01,1.764E+00,1.670E+00,-4.168E-01,7.285E+00,1.502E+00,3.142E+00,4.045E-03,2.571E+00,2.636E+00,1.204E-01,3.742E+00,1.695E+00,-6.807E-01,1.917E+01,1.374E+00,3.142E+00,2.959E-03,2.385E+00,2.428E+00,7.303E-02,5.837E+00
60,0.000E+00,0.000E+00,3.665E-02,1.231E-02,0.000E+00,3.663E-02,4.273E-02,6.875E-05,2.336E-04,6.118E-02,1.776E-01,7.953E+00,1.669E+00,-6.761E-01,2.197E+01,1.368E+00,3.142E+00,6.099E-04,2.400E+00,2.409E+00,1.221E-01,3.551E+00,1.702E+00,-5.719E-01,1.694E+01,1.182E+00,3.142E+00,-3.982E-04,2.554E+00,2.548E+00,2.609E-01,1.766E+00,1.678E+00,-4.275E-01,7.551E+00,1.471E+00,3.142E+00,4.025E-03,2.571E+00,2.636E+00,1.202E-01,3.748E+00,1.690E+00,-6.824E-01,1.957E+01,1.382E+00,3.142E+00,3.200E-03,2.378E+00,2.426E+00,7.298E-02,5.840E+00
61,0.000E+00,0.000E+00,3.892E-02,1.249E-02,0.000E+00,3.898E-02,4.536E-02,7.871E-05,2.596E-04,6.558E-02,1.888E-01,8.453E+00,1.635E+00,-6.564E-01,2.059E+01,1.467E+00,3.142E+00,8.436E-04,2.414E+00,2.427E+00,1.198E-01,3.616E+00,1.683E+00,-5.414E-01,1.537E+01,1.222E+00,3.142E+00,-6.505E-04,2.588E+00,2.577E+00,2.616E-01,1.761E+00,1.665E+00,-4.267E-01,7.709E+00,1.497E+00,3.142E+00,3.367E-03,2.575E+00,2.629E+00,1.207E-01,3.733E+00,1.665E+00,-6.551E-01,1.810E+01,1.446E+00,3.142E+00,2.263E-03,2.367E+00,2.400E+00,7.301E-02,5.839E+00
62,0.000E+00,0.000E+00,4.119E-02,1.268E-02,0.000E+00,4.132E-02,4.799E-02,8.867E-05,2.855E-04,6.997E-02,1.999E-01,8.952E+00,1.605E+00,-6.368E-01,1.922E+01,1.566E+00,3.142E+00,1.077E-03,2.428E+00,2.444E+00,1.176E-01,3.682E+00,1.668E+00,-5.109E-01,1.381E+01,1.263E+00,3.142E+00,-9.028E-04,2.621E+00,2.606E+00,2.624E-01,1.756E+00,1.652E+00,-4.259E-01,7.867E+00,1.524E+00,3.142E+00,2.709E-03,2.578E+00,2.622E+00,1.212E-01,3.719E+00,1.643E+00,-6.277E-01,1.662E+01,1.510E+00,3.142E+00,1.326E-03,2.355E+00,2.375E+00,7.303E-02,5.837E+00
63,0.000E+00,0.000E+00,4.346E-02,1.286E-02,0.000E+00,4.367E-02,5.062E-02,9.863E-05,3.115E-04,7.437E-02,2.111E-01,9.452E+00,1.579E+00,-6.171E-01,1.784E+01,1.664E+00,3.142E+00,1.311E-03,2.442E+00,2.462E+00,1.153E-01,3.748E+00,1.656E+00,-4.804E-01,1.225E+01,1.303E+00,3.142E+00,-1.155E-03,2.655E+00,2.636E+00,2.631E-01,1.751E+00,1.640E+00,-4.250E-01,8.025E+00,1.551E+00,3.142E+00,2.052E-03,2.582E+00,2.615E+00,1.217E-01,3.705E+00,1.624E+00,-6.004E-01,1.514E+01,1.573E+00,3.142E+00,3.884E-04,2.343E+00,2.349E+00,7.306E-02,5.835E+00
64,0.000E+00,0.000E+00,4.460E-02,1.295E-02,0.000E+00,4.485E-02,5.193E-02,1.036E-04,3.245E-04,7.657E-02,2.167E-01,9.701E+00,1.567E+00,-6.073E-01,1.715E+01,1.714E+00,3.142E+00,1.428E-03,2.449E+00,2.470E+00,1.142E-01,3.780E+00,1.652E+00,-4.651E-01,1.146E+01,1.323E+00,3.142E+00,-1.281E-03,2.672E+00,2.650E+00,2.635E-01,1.749E+00,1.634E+00,-4.246E-01,8.104E+00,1.565E+00,3.142E+00,1.723E-03,2.584E+00,2.612E+00,1.219E-01,3.698E+00,1.616E+00,-5.867E-01,1.440E+01,1.605E+00,3.142E+00,-8.018E-05,2.337E+00,2.336E+00,7.307E-02,5.834E+00
65,0.000E+00,0.000E+00,4.573E-02,1.304E-02,0.000E+00,4.602E-02,5.325E-02,1.086E-04,3.375E-04,7.877E-02,2.223E-01,9.951E+00,1.556E+00,-5.975E-01,1.646E+01,1.763E+00,3.142E+00,1.545E-03,2.456E+00,2.479E+00,1.131E-01,3.813E+00,1.650E+00,-4.499E-01,1.068E+01,1.343E+00,3.142E+00,-1.407E-03,2.689E+00,2.665E+00,2.639E-01,1.747E+00,1.628E+00,-4.242E-01,8.183E+00,1.578E+00,3.142E+00,1.394E-03,2.586E+00,2.608E+00,1.222E-01,3.691E+00,1.608E+00,-5.731E-01,1.366E+01,1.637E+00,3.142E+00,-5.488E-04,2.331E+00,2.324E+00,7.308E-02,5.833E+00
66,0.000E+00,0.000E+00,4.897E-02,1.327E-02,0.000E+00,4.923E-02,5.665E-02,1.209E-04,3.654E-04,8.505E-02,2.383E-01,1.065E+01,1.525E+00,-5.710E-01,1.535E+01,1.882E+00,3.142E+00,1.402E-03,2.461E+00,2.482E+00,1.126E-01,3.829E+00,1.616E+00,-4.330E-01,1.021E+01,1.449E+00,3.142E+00,-1.732E-03,2.701E+00,2.671E+00,2.616E-01,1.762E+00,1.608E+00,-4.196E-01,8.325E+00,1.626E+00,3.142E+00,1.278E-03,2.587E+00,2.608E+00,1.219E-01,3.699E+00,1.582E+00,-5.557E-01,1.300E+01,1.733E+00,3.142E+00,1.745E-03,2.303E+00,2.327E+00,7.314E-02,5.829E+00
67,0.000E+00,0.000E+00,5.220E-02,1.350E-02,0.000E+00,5.244E-02,6.005E-02,1.332E-04,3.934E-04,9.133E-02,2.543E-01,1.135E+01,1.496E+00,-5.445E-01,1.424E+01,2.000E+00,3.142E+00,1.259E-03,2.466E+00,2.485E+00,1.121E-01,3.845E+00,1.586E+00,-4.162E-01,9.737E+00,1.554E+00,3.142E+00,-2.057E-03,2.712E+00,2.678E+00,2.592E-01,1.777E+00,1.589E+00,-4.149E-01,8.468E+00,1.674E+00,3.142E+00,1.162E-03,2.589E+00,2.608E+00,1.216E-01,3.707E+00,1.559E+00,-5.384E-01,1.235E+01,1.829E+00,3.142E+00,4.038E-03,2.274E+00,2.330E+00,7.320E-02,5.824E+00
68,0.000E+00,0.000E+00,5.544E-02,1.374E-02,0.000E+00,5.566E-02,6.345E-02,1.455E-04,4.213E-04,9.762E-02,2.703E-01,1.206E+01,1.472E+00,-5.180E-01,1.313E+01,2.119E+00,3.142E+00,1.116E-03,2.471E+00,2.488E+00,1.116E-01,3.861E+00,1.559E+00,-3.993E-01,9.264E+00,1.659E+00,3.142E+00,-2.382E-03,2.724E+00,2.684E+00,2.569E-01,1.793E+00,1.570E+00,-4.103E-01,8.610E+00,1.723E+00,3.142E+00,1.045E-03,2.590E+00,2.607E+00,1.213E-01,3.715E+00,1.538E+00,-5.210E-01,1.169E+01,1.925E+00,3.142E+00,6.332E-03,2.246E+00,2.333E+00,7.326E-02,5.820E+00
69,0.000E+00,0.000E+00,5.706E-02,1.385E-02,0.000E+00,5.726E-02,6.515E-02,1.517E-04,4.353E-04,1.008E-01,2.783E-01,1.241E+01,1.461E+00,-5.048E-01,1.257E+01,2.178E+00,3.142E+00,1.044E-03,2.474E+00,2.489E+00,1.114E-01,3.869E+00,1.546E+00,-3.909E-01,9.027E+00,1.712E+00,3.142E+00,-2.544E-03,2.730E+00,2.687E+00,2.557E-01,1.800E+00,1.561E+00,-4.080E-01,8.681E+00,1.747E+00,3.142E+00,9.872E-04,2.591E+00,2.607E+00,1.212E-01,3.719E+00,1.528E+00,-5.124E-01,1.136E+01,1.973E+00,3.142E+00,7.479E-03,2.231E+00,2.334E+00,7.329E-02,5.818E+00
70,0.000E+00,0.000E+00,5.867E-02,1.397E-02,0.000E+00,5.887E-02,6.686E-02,1.578E-04,4.492E-04,1.039E-01,2.863E-01,1.276E+01,1.451E+00,-4.915E-01,1.201E+01,2.237E+00,3.142E+00,9.725E-04,2.476E+00,2.491E+00,1.111E-01,3.877E+00,1.535E+00,-3.825E-01,8.791E+00,1.765E+00,3.142E+00,-2.707E-03,2.736E+00,2.690E+00,2.546E-01,1.808E+00,1.552E+00,-4.057E-01,8.752E+00,1.771E+00,3.142E+00,9.291E-04,2.592E+00,2.607E+00,1.210E-01,3.723E+00,1.519E+00,-5.037E-01,1.103E+01,2.021E+00,3.142E+00,8.625E-03,2.217E+00,2.336E+00,7.332E-02,5.815E+00
71,0.000E+00,0.000E+00,6.193E-02,1.386E-02,0.000E+00,6.218E-02,7.059E-02,1.777E-04,4.770E-04,1.105E-01,3.021E-01,1.346E+01,1.457E+00,-4.765E-01,1.156E+01,2.191E+00,3.142E+00,5.865E-04,2.438E+00,2.447E+00,1.151E-01,3.756E+00,1.526E+00,-3.462E-01,7.236E+00,1.901E+00,3.142E+00,-7.869E-04,2.682E+00,2.669E+00,2.506E-01,1.836E+00,1.559E+00,-3.854E-01,7.860E+00,1.786E+00,3.142E+00,1.328E-03,2.557E+00,2.578E+00,1.217E-01,3.704E+00,1.516E+00,-4.934E-01,1.033E+01,2.073E+00,3.142E+00,3.707E-03,2.290E+00,2.341E+00,7.291E-02,5.846E+00
72,0.000E+00,0.000E+00,6.519E-02,1.376E-02,0.000E+00,6.550E-02,7.433E-02,1.977E-04,5.047E-04,1.171E-01,3.179E-01,1.417E+01,1.464E+00,-4.616E-01,1.112E+01,2.144E+00,3.142E+00,2.005E-04,2.401E+00,2.404E+00,1.190E-01,3.636E+00,1.535E+00,-3.099E-01,5.681E+00,2.036E+00,3.142E+00,1.133E-03,2.628E+00,2.647E+00,2.466E-01,1.864E+00,1.570E+00,-3.651E-01,6.969E+00,1.802E+00,3.142E+00,1.726E-03,2.522E+00,2.549E+00,1.224E-01,3.685E+00,1.515E+00,-4.831E-01,9.624E+00,2.125E+00,3.142E+00,-1.212E-03,2.364E+00,2.346E+00,7.249E-02,5.877E+00
73,0.000E+00,0.000E+00,6.872E-02,1.397E-02,3.906E-07,6.900E-02,7.761E-02,2.062E-04,4.973E-04,1.239E-01,3.357E-01,1.493E+01,1.427E+00,-4.407E-01,1.047E+01,2.350E+00,3.142E+00,2.731E-03,2.385E+00,2.425E+00,1.154E-01,3.744E+00,1.513E+00,-3.283E-01,6.725E+00,1.992E+00,3.142E+00,1.859E-03,2.567E+00,2.597E+00,2.507E-01,1.835E+00,1.527E+00,-3.547E-01,6.898E+00,1.992E+00,3.142E+00,1.100E-03,2.544E+00,2.561E+00,1.221E-01,3.691E+00,1.513E+00,-4.678E-01,9.387E+00,2.113E+00,3.142E+00,2.692E-04,2.354E+00,2.358E+00,7.197E-02,5.916E+00
74,0.000E+00,0.000E+00,7.225E-02,1.418E-02,7.812E-07,7.250E-02,8.089E-02,2.148E-04,4.898E-04,1.308E-01,3.535E-01,1.570E+01,1.396E+00,-4.198E-01,9.815E+00,2.557E+00,3.142E+00,5.261E-03,2.369E+00,2.446E+00,1.118E-01,3.853E+00,1.500E+00,-3.467E-01,7.768E+00,1.947E+00,3.142E+00,2.586E-03,2.507E+00,2.547E+00,2.547E-01,1.807E+00,1.488E+00,-3.443E-01,6.827E+00,2.182E+00,3.142E+00,4.732E-04,2.566E+00,2.573E+00,1.219E-01,3.697E+00,1.510E+00,-4.524E-01,9.151E+00,2.101E+00,3.142E+00,1.750E-03,2.345E+00,2.370E+00,7.145E-02,5.956E+00
75,0.000E+00,0.000E+00,7.617E-02,1.354E-02,7.812E-07,7.639E-02,8.509E-02,2.109E-04,4.961E-04,1.393E-01,3.727E-01,1.654E+01,1.391E+00,-4.139E-01,9.216E+00,2.670E+00,3.142E+00,1.974E-03,2.383E+00,2.412E+00,1.147E-01,3.764E+00,1.528E+00,-3.438E-01,7.258E+00,1.875E+00,3.142E+00,4.101E-03,2.466E+00,2.529E+00,2.552E-01,1.804E+00,1.478E+00,-3.381E-01,6.893E+00,2.199E+00,3.142E+00,1.117E-03,2.558E+00,2.575E+00,1.218E-01,3.700E+00,1.478E+00,-4.502E-01,9.220E+00,2.264E+00,3.142E+00,1.075E-02,2.162E+00,2.300E+00,7.109E-02,5.984E+00
76,0.000E+00,0.000E+00,8.009E-02,1.291E-02,7.812E-07,8.029E-02,8.929E-02,2.070E-04,5.023E-04,1.478E-01,3.920E-01,1.739E+01,1.388E+00,-4.080E-01,8.617E+00,2.784E+00,3.142E+00,-1.313E-03,2.397E+00,2.378E+00,1.176E-01,3.676E+00,1.559E+00,-3.409E-01,6.749E+00,1.802E+00,3.142E+00,5.615E-03,2.426E+00,2.511E+00,2.557E-01,1.800E+00,1.468E+00,-3.319E-01,6.958E+00,2.216E+00,3.142E+00,1.760E-03,2.550E+00,2.578E+00,1.217E-01,3.703E+00,1.448E+00,-4.480E-01,9.289E+00,2.427E+00,3.142E+00,1.976E-02,1.979E+00,2.229E+00,7.072E-02,6.013E+00
77,0.000E+00,0.000E+00,8.460E-02,1.166E-02,3.906E-07,8.484E-02,9.381E-02,2.309E-04,5.273E-04,1.580E-01,4.146E-01,1.837E+01,1.369E+00,-3.979E-01,8.432E+00,2.924E+00,3.142E+00,7.913E-03,2.284E+00,2.395E+00,1.186E-01,3.649E+00,1.450E+00,-3.148E-01,7.066E+00,2.228E+00,3.142E+00,5.668E-03,2.468E+00,2.556E+00,2.589E-01,1.779E+00,1.454E+00,-3.092E-01,6.330E+00,2.354E+00,3.142E+00,1.791E-03,2.522E+00,2.550E+00,1.222E-01,3.690E+00,1.402E+00,-4.119E-01,8.509E+00,2.718E+00,3.142E+00,1.204E-02,2.071E+00,2.225E+00,6.994E-02,6.075E+00
78,0.000E+00,0.000E+00,8.911E-02,1.041E-02,0.000E+00,8.939E-02,9.832E-02,2.547E-04,5.523E-04,1.682E-01,4.373E-01,1.935E+01,1.351E+00,-3.877E-01,8.247E+00,3.064E+00,3.142E+00,1.714E-02,2.171E+00,2.411E+00,1.195E-01,3.622E+00,1.358E+00,-2.887E-01,7.382E+00,2.653E+00,3.142E+00,5.721E-03,2.510E+00,2.601E+00,2.620E-01,1.759E+00,1.444E+00,-2.865E-01,5.702E+00,2.492E+00,3.142E+00,1.823E-03,2.495E+00,2.523E+00,1.226E-01,3.677E+00,1.365E+00,-3.758E-01,7.729E+00,3.009E+00,3.142E+00,4.321E-03,2.164E+00,2.220E+00,6.916E-02,6.137E+00
79,0.000E+00,0.000E+00,9.297E-02,9.300E-03,2.734E-06,9.328E-02,1.017E-01,2.578E-04,5.828E-04,1.772E-01,4.573E-01,2.019E+01,1.344E+00,-3.640E-01,7.715E+00,3.128E+00,3.142E+00,2.774E-02,1.964E+00,2.314E+00,1.148E-01,3.766E+00,1.372E+00,-2.933E-01,6.962E+00,2.684E+00,3.142E+00,1.037E-02,2.338E+00,2.488E+00,2.562E-01,1.798E+00,1.427E+00,-2.807E-01,5.688E+00,2.588E+00,3.142E+00,4.755E-03,2.375E+00,2.443E+00,1.217E-01,3.703E+00,1.350E+00,-3.598E-01,7.258E+00,3.183E+00,3.142E+00,6.328E-03,2.084E+00,2.164E+00,6.917E-02,6.137E+00
80,0.000E+00,0.000E+00,9.683E-02,8.194E-03,5.469E-06,9.717E-02,1.050E-01,2.609E-04,6.133E-04,1.861E-01,4.773E-01,2.104E+01,1.339E+00,-3.402E-01,7.183E+00,3.191E+00,3.142E+00,3.835E-02,1.757E+00,2.216E+00,1.101E-01,3.910E+00,1.387E+00,-2.978E-01,6.543E+00,2.714E+00,3.142E+00,1.503E-02,2.167E+00,2.374E+00,2.505E-01,1.836E+00,1.411E+00,-2.749E-01,5.675E+00,2.683E+00,3.142E+00,7.688E-03,2.254E+00,2.362E+00,1.208E-01,3.730E+00,1.339E+00,-3.438E-01,6.786E+00,3.356E+00,3.142E+00,8.335E-03,2.005E+00,2.107E+00,6.918E-02,6.136E+00
81,0.000E+00,0.000E+00,9.978E-02,5.670E-03,6.641E-06,1.001E-01,1.069E-01,2.785E-04,6.180E-04,1.944E-01,4.929E-01,2.167E+01,1.279E+00,-3.212E-01,6.921E+00,3.794E+00,3.142E+00,2.781E-02,1.811E+00,2.142E+00,1.110E-01,3.881E+00,1.370E+00,-2.702E-01,6.218E+00,2.796E+00,3.142E+00,1.288E-02,2.174E+00,2.351E+00,2.510E-01,1.832E+00,1.365E+00,-2.639E-01,5.702E+00,3.000E+00,3.142E+00,1.185E-02,2.155E+00,2.313E+00,1.193E-01,3.775E+00,1.289E+00,-3.323E-01,6.848E+00,3.795E+00,3.142E+00,1.713E-02,1.867E+00,2.062E+00,6.906E-02,6.145E+00
82,0.000E+00,0.000E+00,1.027E-01,3.147E-03,7.813E-06,1.029E-01,1.089E-01,2.961E-04,6.227E-04,2.028E-01,5.085E-01,2.230E+01,1.231E+00,-3.021E-01,6.659E+00,4.397E+00,3.142E+00,1.728E-02,1.866E+00,2.069E+00,1.119E-01,3.852E+00,1.354E+00,-2.426E-01,5.893E+00,2.878E+00,3.142E+00,1.074E-02,2.181E+00,2.328E+00,2.516E-01,1.828E+00,1.323E+00,-2.528E-01,5.729E+00,3.316E+00,3.142E+00,1.601E-02,2.055E+00,2.263E+00,1.178E-01,3.820E+00,1.245E+00,-3.207E-01,6.911E+00,4.233E+00,3.142E+00,2.593E-02,1.728E+00,2.016E+00,6.895E-02,6.155E+00
83,0.000E+00,0.000E+00,1.014E-01,1.953E-03,5.469E-06,1.017E-01,1.068E-01,3.148E-04,6.461E-04,2.014E-01,5.026E-01,2.202E+01,1.187E+00,-3.027E-01,7.029E+00,4.875E+00,3.142E+00,3.871E-02,1.588E+00,1.970E+00,1.078E-01,3.991E+00,1.259E+00,-2.101E-01,5.537E+00,3.811E+00,3.142E+00,2.393E-02,1.887E+00,2.156E+00,2.506E-01,1.836E+00,1.278E+00,-2.361E-01,5.588E+00,3.767E+00,3.142E+00,1.350E-02,1.999E+00,2.168E+00,1.171E-01,3.841E+00,1.201E+00,-3.103E-01,6.738E+00,4.896E+00,3.142E+00,4.835E-02,1.472E+00,1.937E+00,6.717E-02,6.309E+00
84,0.000E+00,0.000E+00,9.998E-02,7.594E-04,3.125E-06,1.004E-01,1.047E-01,3.336E-04,6.695E-04,2.000E-01,4.968E-01,2.173E+01,1.148E+00,-3.033E-01,7.400E+00,5.353E+00,3.142E+00,6.014E-02,1.309E+00,1.872E+00,1.038E-01,4.130E+00,1.192E+00,-1.777E-01,5.181E+00,4.745E+00,3.142E+00,3.711E-02,1.592E+00,1.983E+00,2.495E-01,1.843E+00,1.240E+00,-2.194E-01,5.447E+00,4.219E+00,3.142E+00,1.099E-02,1.943E+00,2.073E+00,1.164E-01,3.863E+00,1.166E+00,-3.000E-01,6.564E+00,5.559E+00,3.142E+00,7.076E-02,1.215E+00,1.857E+00,6.538E-02,6.464E+00
85,0.000E+00,0.000E+00,8.358E-02,4.227E-04,4.688E-06,8.395E-02,8.655E-02,3.109E-04,5.758E-04,1.675E-01,4.165E-01,1.818E+01,1.053E+00,-2.766E-01,6.957E+00,7.705E+00,3.142E+00,7.421E-02,1.053E+00,1.614E+00,9.687E-02,4.421E+00,1.107E+00,-1.714E-01,5.611E+00,5.961E+00,3.142E+00,6.306E-02,1.297E+00,1.850E+00,2.399E-01,1.917E+00,1.149E+00,-2.095E-01,5.832E+00,5.367E+00,3.142E+00,4.413E-02,1.515E+00,1.900E+00,1.137E-01,3.953E+00,1.002E+00,-2.743E-01,7.117E+00,9.310E+00,3.142E+00,7.987E-02,9.965E-01,1.596E+00,6.381E-02,6.613E+00
86,0.000E+00,0.000E+00,6.718E-02,8.594E-05,6.250E-06,6.752E-02,6.845E-02,2.883E-04,4.820E-04,1.350E-01,3.362E-01,1.462E+01,9.944E-01,-2.499E-01,6.514E+00,1.006E+01,3.142E+00,8.828E-02,7.969E-01,1.357E+00,8.997E-02,4.712E+00,1.040E+00,-1.651E-01,6.041E+00,7.177E+00,3.142E+00,8.901E-02,1.003E+00,1.717E+00,2.302E-01,1.991E+00,1.077E+00,-1.995E-01,6.217E+00,6.516E+00,3.142E+00,7.727E-02,1.087E+00,1.726E+00,1.109E-01,4.044E+00,9.014E-01,-2.486E-01,7.669E+00,1.306E+01,3.142E+00,8.899E-02,7.775E-01,1.335E+00,6.223E-02,6.763E+00
87,0.000E+00,0.000E+00,3.403E-02,1.152E-04,3.125E-06,3.419E-02,3.473E-02,1.441E-04,2.418E-04,6.834E-02,1.702E-01,7.406E+00,1.269E+00,-1.249E-01,3.257E+00,5.028E+00,1.571E+00,4.414E-02,3.985E-01,6.784E-01,4.499E-02,2.356E+00,1.350E+00,-8.254E-02,3.021E+00,3.588E+00,1.571E+00,4.451E-02,5.015E-01,8.584E-01,1.151E-01,9.955E-01,1.383E+00,-9.976E-02,3.108E+00,3.258E+00,1.571E+00,3.864E-02,5.436E-01,8.631E-01,5.547E-02,2.022E+00,1.157E+00,-1.243E-01,3.834E+00,6.531E+00,1.571E+00,4.449E-02,3.888E-01,6.673E-01,3.112E-02,3.382E+00
88,0.000E+00,0.000E+00,8.797E-04,1.445E-04,0.000E+00,8.641E-04,1.006E-03,0.000E+00,1.562E-06,1.628E-03,4.095E-03,1.874E-01,3.142E+00,0.000E+00,0.000E+00,0.000E+00,0.000E+00,0.000E+00,0.000E+00,0.000E+00,0.000E+00,0.000E+00,3.142E+00,0.000E+00,0.000E+00,0.000E+00,0.000E+00,0.000E+00,0.000E+00,0.000E+00,0.000E+00,0.000E+00,3.142E+00,0.000E+00,0.000E+00,0.000E+00,0.000E+00,0.000E+00,0.000E+00,0.000E+00,0.000E+00,0.000E+00,3.142E+00,0.000E+00,0.000E+00,0.000E+00,0.000E+00,0.000E+00,0.000E+00,0.000E+00,0.000E+00,0.000E+00
89,0.000E+00,0.000E+00,0.000E+00,0.000E+00,0.000E+00,0.000E+00,0.000E+00,0.000E+00,0.000E+00,0.000E+00,0.000E+00,0.000E+00,3.142E+00,0.000E+00,0.000E+00,0.000E+00,0.000E+00,0.000E+00,0.000E+00,0.000E+00,0.000E+00,0.000E+00,3.142E+00,0.000E+00,0.000E+00,0.000E+00,0.000E+00,0.000E+00,0.000E+00,0.000E+00,0.000E+00,0.000E+00,3.142E+00,0.000E+00,0.000E+00,0.000E+00,0.000E+00,0.000E+00,0.000E+00,0.000E+00,0.000E+00,0.000E+00,3.142E+00,0.000E+00,0.000E+00,0.000E+00,0.000E+00,0.000E+00,0.000E+00,0.000E+00,0.000E+00,0.000E+00
