alpha,He,Mg,Si,O,Mg_1,O_1,Si_2,O_2,amu/ion,phiK_Mg,phiTilt_Mg,phiM_Mg,phiN_Mg,thetaK_Mg,thetaTilt_Mg,thetaM_Mg,thetaN_Mg,energyK_Mg,energyE_Mg,phiK_O,phiTilt_O,phiM_O,phiN_O,thetaK_O,thetaTilt_O,thetaM_O,thetaN_O,energyK_O,energyE_O,phiK_Si,phiTilt_Si,phiM_Si,phiN_Si,thetaK_Si,thetaTilt_Si,thetaM_Si,thetaN_Si,energyK_Si,energyE_Si
0,0.000E+00,1.765E-02,2.215E-03,0.000E+00,1.094E-05,3.672E-05,1.537E-02,5.280E-02,1.769E+00,1.783E+00,-3.931E-02,1.731E+00,1.335E+00,3.142E+00,-3.093E-03,2.638E+00,2.588E+00,2.774E-01,1.665E+00,1.772E+00,-3.201E-02,1.713E+00,1.365E+00,3.142E+00,3.130E-04,2.513E+00,2.518E+00,1.335E-01,3.392E+00,1.870E+00,1.165E-02,1.181E+00,1.289E+00,3.142E+00,1.125E-03,2.236E+00,2.251E+00,8.059E-02,5.328E+00
1,0.000E+00,1.781E-02,2.167E-03,0.000E+00,1.201E-05,3.896E-05,1.556E-02,5.325E-02,1.784E+00,1.773E+00,-5.032E-02,1.805E+00,1.374E+00,3.142E+00,-2.926E-03,2.622E+00,2.574E+00,2.776E-01,1.664E+00,1.764E+00,-3.747E-02,1.718E+00,1.417E+00,3.142E+00,7.342E-04,2.501E+00,2.512E+00,1.336E-01,3.390E+00,1.831E+00,-3.380E-02,1.555E+00,1.255E+00,3.142E+00,2.460E-03,2.211E+00,2.243E+00,8.074E-02,5.319E+00
2,0.000E+00,1.797E-02,2.120E-03,0.000E+00,1.309E-05,4.121E-05,1.574E-02,5.369E-02,1.798E+00,1.762E+00,-6.133E-02,1.879E+00,1.413E+00,3.142E+00,-2.758E-03,2.606E+00,2.561E+00,2.779E-01,1.662E+00,1.758E+00,-4.293E-02,1.724E+00,1.469E+00,3.142E+00,1.155E-03,2.489E+00,2.506E+00,1.337E-01,3.388E+00,1.821E+00,-7.926E-02,1.928E+00,1.222E+00,3.142E+00,3.796E-03,2.186E+00,2.234E+00,8.089E-02,5.310E+00
3,0.000E+00,1.814E-02,2.072E-03,0.000E+00,1.416E-05,4.346E-05,1.592E-02,5.414E-02,1.813E+00,1.753E+00,-7.234E-02,1.953E+00,1.452E+00,3.142E+00,-2.591E-03,2.589E+00,2.548E+00,2.782E-01,1.660E+00,1.751E+00,-4.839E-02,1.730E+00,1.522E+00,3.142E+00,1.576E-03,2.476E+00,2.500E+00,1.337E-01,3.386E+00,1.822E+00,-1.247E-01,2.302E+00,1.188E+00,3.142E+00,5.131E-03,2.160E+00,2.226E+00,8.105E-02,5.301E+00
4,0.000E+00,1.822E-02,2.048E-03,0.000E+00,1.470E-05,4.458E-05,1.601E-02,5.436E-02,1.821E+00,1.748E+00,-7.785E-02,1.990E+00,1.472E+00,3.142E+00,-2.507E-03,2.581E+00,2.541E+00,2.783E-01,1.660E+00,1.748E+00,-5.112E-02,1.733E+00,1.548E+00,3.142E+00,1.787E-03,2.470E+00,2.497E+00,1.338E-01,3.385E+00,1.825E+00,-1.474E-01,2.488E+00,1.171E+00,3.142E+00,5.799E-03,2.148E+00,2.221E+00,8.112E-02,5.296E+00
5,0.000E+00,1.830E-02,2.025E-03,0.000E+00,1.523E-05,4.570E-05,1.610E-02,5.458E-02,1.828E+00,1.744E+00,-8.336E-02,2.027E+00,1.491E+00,3.142E+00,-2.424E-03,2.573E+00,2.534E+00,2.784E-01,1.659E+00,1.745E+00,-5.385E-02,1.736E+00,1.574E+00,3.142E+00,1.998E-03,2.464E+00,2.494E+00,1.338E-01,3.384E+00,1.830E+00,-1.702E-01,2.675E+00,1.155E+00,3.142E+00,6.466E-03,2.135E+00,2.217E+00,8.120E-02,5.292E+00
6,0.000E+00,1.846E-02,1.977E-03,0.000E+00,1.631E-05,4.795E-05,1.628E-02,5.503E-02,1.843E+00,1.735E+00,-9.437E-02,2.101E+00,1.531E+00,3.142E+00,-2.257E-03,2.556E+00,2.521E+00,2.787E-01,1.657E+00,1.739E+00,-5.931E-02,1.742E+00,1.626E+00,3.142E+00,2.419E-03,2.452E+00,2.489E+00,1.339E-01,3.382E+00,1.845E+00,-2.156E-01,3.049E+00,1.121E+00,3.142E+00,7.802E-03,2.110E+00,2.208E+00,8.135E-02,5.282E+00
7,0.000E+00,1.862E-02,1.929E-03,0.000E+00,1.738E-05,5.020E-05,1.646E-02,5.547E-02,1.858E+00,1.727E+00,-1.054E-01,2.175E+00,1.570E+00,3.142E+00,-2.089E-03,2.540E+00,2.507E+00,2.790E-01,1.656E+00,1.733E+00,-6.477E-02,1.748E+00,1.678E+00,3.142E+00,2.840E-03,2.440E+00,2.483E+00,1.340E-01,3.379E+00,1.864E+00,-2.611E-01,3.422E+00,1.088E+00,3.142E+00,9.137E-03,2.084E+00,2.200E+00,8.150E-02,5.273E+00
8,0.000E+00,1.878E-02,1.882E-03,0.000E+00,1.846E-05,5.244E-05,1.664E-02,5.592E-02,1.873E+00,1.719E+00,-1.164E-01,2.249E+00,1.609E+00,3.142E+00,-1.922E-03,2.524E+00,2.494E+00,2.792E-01,1.654E+00,1.728E+00,-7.023E-02,1.754E+00,1.731E+00,3.142E+00,3.261E-03,2.428E+00,2.477E+00,1.341E-01,3.377E+00,1.887E+00,-3.065E-01,3.795E+00,1.054E+00,3.142E+00,1.047E-02,2.059E+00,2.191E+00,8.166E-02,5.264E+00
9,0.000E+00,1.886E-02,1.858E-03,0.000E+00,1.899E-05,5.356E-05,1.673E-02,5.614E-02,1.880E+00,1.715E+00,-1.219E-01,2.286E+00,1.629E+00,3.142E+00,-1.839E-03,2.516E+00,2.487E+00,2.794E-01,1.654E+00,1.725E+00,-7.297E-02,1.757E+00,1.757E+00,3.142E+00,3.472E-03,2.422E+00,2.474E+00,1.341E-01,3.376E+00,1.900E+00,-3.292E-01,3.982E+00,1.037E+00,3.142E+00,1.114E-02,2.046E+00,2.187E+00,8.173E-02,5.259E+00
10,0.000E+00,1.894E-02,1.834E-03,0.000E+00,1.953E-05,5.469E-05,1.682E-02,5.637E-02,1.888E+00,1.711E+00,-1.274E-01,2.323E+00,1.648E+00,3.142E+00,-1.755E-03,2.507E+00,2.481E+00,2.795E-01,1.653E+00,1.722E+00,-7.570E-02,1.760E+00,1.783E+00,3.142E+00,3.682E-03,2.416E+00,2.471E+00,1.342E-01,3.375E+00,1.913E+00,-3.520E-01,4.169E+00,1.021E+00,3.142E+00,1.181E-02,2.034E+00,2.183E+00,8.181E-02,5.255E+00
11,0.000E+00,1.928E-02,1.755E-03,0.000E+00,1.895E-05,5.850E-05,1.732E-02,5.750E-02,1.926E+00,1.707E+00,-1.288E-01,2.314E+00,1.682E+00,3.142E+00,-1.574E-03,2.513E+00,2.489E+00,2.793E-01,1.654E+00,1.715E+00,-9.607E-02,1.939E+00,1.765E+00,3.142E+00,3.758E-03,2.418E+00,2.474E+00,1.336E-01,3.390E+00,1.897E+00,-3.589E-01,4.214E+00,1.072E+00,3.142E+00,1.080E-02,2.056E+00,2.193E+00,8.113E-02,5.298E+00
12,0.000E+00,1.962E-02,1.676E-03,0.000E+00,1.836E-05,6.230E-05,1.782E-02,5.863E-02,1.964E+00,1.703E+00,-1.301E-01,2.305E+00,1.716E+00,3.142E+00,-1.393E-03,2.519E+00,2.498E+00,2.791E-01,1.655E+00,1.710E+00,-1.165E-01,2.118E+00,1.747E+00,3.142E+00,3.834E-03,2.419E+00,2.477E+00,1.330E-01,3.405E+00,1.882E+00,-3.658E-01,4.258E+00,1.124E+00,3.142E+00,9.789E-03,2.078E+00,2.203E+00,8.046E-02,5.341E+00
13,0.000E+00,1.997E-02,1.597E-03,0.000E+00,1.777E-05,6.611E-05,1.832E-02,5.977E-02,2.002E+00,1.698E+00,-1.315E-01,2.296E+00,1.751E+00,3.142E+00,-1.213E-03,2.525E+00,2.506E+00,2.789E-01,1.656E+00,1.707E+00,-1.368E-01,2.298E+00,1.729E+00,3.142E+00,3.910E-03,2.421E+00,2.480E+00,1.324E-01,3.420E+00,1.868E+00,-3.727E-01,4.303E+00,1.175E+00,3.142E+00,8.780E-03,2.100E+00,2.212E+00,7.978E-02,5.384E+00
14,0.000E+00,2.014E-02,1.558E-03,0.000E+00,1.748E-05,6.802E-05,1.856E-02,6.033E-02,2.021E+00,1.696E+00,-1.322E-01,2.292E+00,1.768E+00,3.142E+00,-1.122E-03,2.528E+00,2.510E+00,2.788E-01,1.657E+00,1.707E+00,-1.470E-01,2.387E+00,1.720E+00,3.142E+00,3.947E-03,2.421E+00,2.481E+00,1.321E-01,3.427E+00,1.861E+00,-3.762E-01,4.325E+00,1.201E+00,3.142E+00,8.276E-03,2.112E+00,2.217E+00,7.944E-02,5.405E+00
15,0.000E+00,2.031E-02,1.518E-03,0.000E+00,1.719E-05,6.992E-05,1.881E-02,6.090E-02,2.040E+00,1.694E+00,-1.328E-01,2.287E+00,1.785E+00,3.142E+00,-1.032E-03,2.530E+00,2.515E+00,2.787E-01,1.658E+00,1.706E+00,-1.572E-01,2.477E+00,1.711E+00,3.142E+00,3.985E-03,2.422E+00,2.482E+00,1.318E-01,3.435E+00,1.854E+00,-3.797E-01,4.348E+00,1.227E+00,3.142E+00,7.771E-03,2.123E+00,2.222E+00,7.910E-02,5.427E+00
16,0.000E+00,2.065E-02,1.439E-03,0.000E+00,1.660E-05,7.373E-05,1.931E-02,6.203E-02,2.079E+00,1.691E+00,-1.342E-01,2.279E+00,1.819E+00,3.142E+00,-8.511E-04,2.536E+00,2.523E+00,2.785E-01,1.659E+00,1.707E+00,-1.776E-01,2.656E+00,1.693E+00,3.142E+00,4.061E-03,2.424E+00,2.485E+00,1.312E-01,3.450E+00,1.841E+00,-3.866E-01,4.392E+00,1.278E+00,3.142E+00,6.762E-03,2.145E+00,2.232E+00,7.843E-02,5.470E+00
17,0.000E+00,2.099E-02,1.360E-03,0.000E+00,1.602E-05,7.754E-05,1.981E-02,6.317E-02,2.117E+00,1.687E+00,-1.356E-01,2.270E+00,1.853E+00,3.142E+00,-6.703E-04,2.542E+00,2.532E+00,2.782E-01,1.660E+00,1.709E+00,-1.980E-01,2.836E+00,1.675E+00,3.142E+00,4.137E-03,2.425E+00,2.488E+00,1.306E-01,3.465E+00,1.829E+00,-3.935E-01,4.437E+00,1.330E+00,3.142E+00,5.753E-03,2.167E+00,2.242E+00,7.775E-02,5.512E+00
18,0.000E+00,2.133E-02,1.281E-03,0.000E+00,1.543E-05,8.135E-05,2.030E-02,6.430E-02,2.155E+00,1.683E+00,-1.369E-01,2.261E+00,1.887E+00,3.142E+00,-4.895E-04,2.548E+00,2.540E+00,2.780E-01,1.661E+00,1.712E+00,-2.184E-01,3.015E+00,1.657E+00,3.142E+00,4.213E-03,2.427E+00,2.491E+00,1.300E-01,3.480E+00,1.816E+00,-4.004E-01,4.482E+00,1.381E+00,3.142E+00,4.744E-03,2.189E+00,2.252E+00,7.708E-02,5.555E+00
19,0.000E+00,2.150E-02,1.241E-03,0.000E+00,1.514E-05,8.325E-05,2.055E-02,6.487E-02,2.174E+00,1.681E+00,-1.376E-01,2.257E+00,1.904E+00,3.142E+00,-3.991E-04,2.551E+00,2.544E+00,2.779E-01,1.662E+00,1.714E+00,-2.285E-01,3.105E+00,1.648E+00,3.142E+00,4.251E-03,2.428E+00,2.492E+00,1.297E-01,3.487E+00,1.810E+00,-4.039E-01,4.504E+00,1.407E+00,3.142E+00,4.240E-03,2.201E+00,2.257E+00,7.674E-02,5.577E+00
20,0.000E+00,2.167E-02,1.202E-03,0.000E+00,1.484E-05,8.516E-05,2.080E-02,6.543E-02,2.193E+00,1.680E+00,-1.383E-01,2.252E+00,1.921E+00,3.142E+00,-3.087E-04,2.554E+00,2.549E+00,2.778E-01,1.662E+00,1.717E+00,-2.387E-01,3.194E+00,1.639E+00,3.142E+00,4.289E-03,2.429E+00,2.494E+00,1.294E-01,3.495E+00,1.805E+00,-4.073E-01,4.527E+00,1.433E+00,3.142E+00,3.735E-03,2.212E+00,2.262E+00,7.640E-02,5.598E+00
21,0.000E+00,2.236E-02,1.071E-03,0.000E+00,2.061E-05,9.727E-05,2.163E-02,6.751E-02,2.263E+00,1.681E+00,-1.444E-01,2.300E+00,1.909E+00,3.142E+00,-1.944E-04,2.555E+00,2.551E+00,2.774E-01,1.665E+00,1.712E+00,-2.349E-01,3.126E+00,1.677E+00,3.142E+00,4.263E-03,2.435E+00,2.500E+00,1.296E-01,3.488E+00,1.801E+00,-4.053E-01,4.436E+00,1.460E+00,3.142E+00,4.696E-03,2.198E+00,2.261E+00,7.586E-02,5.637E+00
22,0.000E+00,2.306E-02,9.398E-04,0.000E+00,2.637E-05,1.094E-04,2.246E-02,6.959E-02,2.333E+00,1.682E+00,-1.506E-01,2.349E+00,1.897E+00,3.142E+00,-8.007E-05,2.556E+00,2.554E+00,2.769E-01,1.668E+00,1.707E+00,-2.310E-01,3.057E+00,1.715E+00,3.142E+00,4.237E-03,2.441E+00,2.506E+00,1.299E-01,3.481E+00,1.798E+00,-4.033E-01,4.346E+00,1.487E+00,3.142E+00,5.657E-03,2.185E+00,2.260E+00,7.531E-02,5.676E+00
23,0.000E+00,2.375E-02,8.090E-04,0.000E+00,3.213E-05,1.215E-04,2.329E-02,7.167E-02,2.403E+00,1.683E+00,-1.568E-01,2.397E+00,1.884E+00,3.142E+00,3.427E-05,2.557E+00,2.557E+00,2.765E-01,1.670E+00,1.703E+00,-2.271E-01,2.988E+00,1.753E+00,3.142E+00,4.211E-03,2.448E+00,2.512E+00,1.302E-01,3.475E+00,1.795E+00,-4.013E-01,4.256E+00,1.514E+00,3.142E+00,6.618E-03,2.171E+00,2.259E+00,7.477E-02,5.715E+00
24,0.000E+00,2.409E-02,7.436E-04,0.000E+00,3.501E-05,1.275E-04,2.370E-02,7.272E-02,2.438E+00,1.684E+00,-1.598E-01,2.421E+00,1.878E+00,3.142E+00,9.144E-05,2.557E+00,2.558E+00,2.763E-01,1.672E+00,1.701E+00,-2.252E-01,2.954E+00,1.772E+00,3.142E+00,4.199E-03,2.451E+00,2.515E+00,1.303E-01,3.471E+00,1.793E+00,-4.003E-01,4.211E+00,1.528E+00,3.142E+00,7.098E-03,2.165E+00,2.259E+00,7.449E-02,5.735E+00
25,0.000E+00,2.444E-02,6.781E-04,0.000E+00,3.789E-05,1.336E-04,2.411E-02,7.376E-02,2.473E+00,1.685E+00,-1.629E-01,2.445E+00,1.872E+00,3.142E+00,1.486E-04,2.558E+00,2.560E+00,2.760E-01,1.673E+00,1.699E+00,-2.233E-01,2.920E+00,1.791E+00,3.142E+00,4.186E-03,2.454E+00,2.518E+00,1.304E-01,3.468E+00,1.792E+00,-3.993E-01,4.166E+00,1.541E+00,3.142E+00,7.579E-03,2.158E+00,2.258E+00,7.422E-02,5.754E+00
26,0.000E+00,2.513E-02,5.473E-04,0.000E+00,4.365E-05,1.457E-04,2.494E-02,7.584E-02,2.543E+00,1.687E+00,-1.691E-01,2.493E+00,1.860E+00,3.142E+00,2.629E-04,2.559E+00,2.563E+00,2.756E-01,1.675E+00,1.695E+00,-2.194E-01,2.851E+00,1.828E+00,3.142E+00,4.160E-03,2.461E+00,2.525E+00,1.307E-01,3.461E+00,1.790E+00,-3.972E-01,4.076E+00,1.568E+00,3.142E+00,8.540E-03,2.145E+00,2.257E+00,7.368E-02,5.794E+00
27,0.000E+00,2.582E-02,4.164E-04,0.000E+00,4.941E-05,1.578E-04,2.577E-02,7.792E-02,2.613E+00,1.689E+00,-1.752E-01,2.542E+00,1.847E+00,3.142E+00,3.773E-04,2.560E+00,2.566E+00,2.751E-01,1.678E+00,1.692E+00,-2.155E-01,2.782E+00,1.866E+00,3.142E+00,4.134E-03,2.467E+00,2.531E+00,1.309E-01,3.455E+00,1.787E+00,-3.952E-01,3.986E+00,1.596E+00,3.142E+00,9.501E-03,2.131E+00,2.256E+00,7.313E-02,5.833E+00
28,0.000E+00,2.651E-02,2.855E-04,0.000E+00,5.518E-05,1.699E-04,2.660E-02,8.000E-02,2.683E+00,1.690E+00,-1.814E-01,2.590E+00,1.835E+00,3.142E+00,4.916E-04,2.561E+00,2.568E+00,2.747E-01,1.681E+00,1.690E+00,-2.117E-01,2.713E+00,1.904E+00,3.142E+00,4.109E-03,2.473E+00,2.537E+00,1.312E-01,3.448E+00,1.785E+00,-3.932E-01,3.896E+00,1.623E+00,3.142E+00,1.046E-02,2.118E+00,2.255E+00,7.259E-02,5.872E+00
29,0.000E+00,2.686E-02,2.201E-04,0.000E+00,5.806E-05,1.760E-04,2.701E-02,8.104E-02,2.718E+00,1.691E+00,-1.845E-01,2.614E+00,1.829E+00,3.142E+00,5.488E-04,2.561E+00,2.570E+00,2.744E-01,1.682E+00,1.688E+00,-2.097E-01,2.679E+00,1.923E+00,3.142E+00,4.096E-03,2.477E+00,2.540E+00,1.313E-01,3.445E+00,1.785E+00,-3.922E-01,3.851E+00,1.636E+00,3.142E+00,1.094E-02,2.111E+00,2.255E+00,7.232E-02,5.891E+00
30,0.000E+00,2.721E-02,1.547E-04,0.000E+00,6.094E-05,1.820E-04,2.743E-02,8.208E-02,2.754E+00,1.693E+00,-1.876E-01,2.638E+00,1.823E+00,3.142E+00,6.060E-04,2.562E+00,2.571E+00,2.742E-01,1.683E+00,1.687E+00,-2.078E-01,2.645E+00,1.942E+00,3.142E+00,4.083E-03,2.480E+00,2.543E+00,1.315E-01,3.442E+00,1.784E+00,-3.912E-01,3.805E+00,1.650E+00,3.142E+00,1.142E-02,2.104E+00,2.254E+00,7.204E-02,5.911E+00
31,0.000E+00,2.917E-02,1.354E-04,0.000E+00,1.004E-04,2.626E-04,2.942E-02,8.803E-02,2.954E+00,1.699E+00,-1.997E-01,2.754E+00,1.776E+00,3.142E+00,3.945E-04,2.571E+00,2.577E+00,2.726E-01,1.694E+00,1.684E+00,-2.178E-01,2.776E+00,1.926E+00,3.142E+00,3.631E-03,2.499E+00,2.555E+00,1.307E-01,3.462E+00,1.781E+00,-4.070E-01,4.114E+00,1.622E+00,3.142E+00,1.063E-02,2.125E+00,2.265E+00,7.255E-02,5.874E+00
32,0.000E+00,3.016E-02,1.257E-04,0.000E+00,1.201E-04,3.029E-04,3.042E-02,9.101E-02,3.055E+00,1.703E+00,-2.058E-01,2.812E+00,1.753E+00,3.142E+00,2.888E-04,2.576E+00,2.580E+00,2.717E-01,1.699E+00,1.682E+00,-2.228E-01,2.841E+00,1.918E+00,3.142E+00,3.404E-03,2.508E+00,2.561E+00,1.303E-01,3.473E+00,1.780E+00,-4.148E-01,4.268E+00,1.608E+00,3.142E+00,1.023E-02,2.136E+00,2.271E+00,7.280E-02,5.856E+00
33,0.000E+00,3.114E-02,1.160E-04,0.000E+00,1.398E-04,3.432E-04,3.142E-02,9.399E-02,3.155E+00,1.707E+00,-2.119E-01,2.870E+00,1.729E+00,3.142E+00,1.831E-04,2.580E+00,2.583E+00,2.709E-01,1.704E+00,1.681E+00,-2.278E-01,2.907E+00,1.910E+00,3.142E+00,3.178E-03,2.517E+00,2.567E+00,1.299E-01,3.483E+00,1.780E+00,-4.227E-01,4.422E+00,1.594E+00,3.142E+00,9.831E-03,2.146E+00,2.277E+00,7.305E-02,5.838E+00
34,0.000E+00,3.213E-02,1.063E-04,0.000E+00,1.596E-04,3.834E-04,3.242E-02,9.696E-02,3.256E+00,1.711E+00,-2.180E-01,2.927E+00,1.706E+00,3.142E+00,7.745E-05,2.585E+00,2.586E+00,2.701E-01,1.709E+00,1.680E+00,-2.328E-01,2.972E+00,1.902E+00,3.142E+00,2.952E-03,2.527E+00,2.573E+00,1.295E-01,3.494E+00,1.780E+00,-4.306E-01,4.576E+00,1.580E+00,3.142E+00,9.434E-03,2.157E+00,2.282E+00,7.330E-02,5.820E+00
35,0.000E+00,3.311E-02,9.668E-05,0.000E+00,1.793E-04,4.237E-04,3.342E-02,9.994E-02,3.356E+00,1.715E+00,-2.241E-01,2.985E+00,1.682E+00,3.142E+00,-2.825E-05,2.590E+00,2.589E+00,2.693E-01,1.714E+00,1.679E+00,-2.378E-01,3.038E+00,1.894E+00,3.142E+00,2.726E-03,2.536E+00,2.579E+00,1.291E-01,3.504E+00,1.781E+00,-4.385E-01,4.730E+00,1.566E+00,3.142E+00,9.036E-03,2.167E+00,2.288E+00,7.355E-02,5.802E+00
36,0.000E+00,3.410E-02,8.701E-05,0.000E+00,1.990E-04,4.640E-04,3.442E-02,1.029E-01,3.457E+00,1.719E+00,-2.302E-01,3.043E+00,1.659E+00,3.142E+00,-1.340E-04,2.595E+00,2.592E+00,2.684E-01,1.719E+00,1.679E+00,-2.428E-01,3.104E+00,1.886E+00,3.142E+00,2.500E-03,2.546E+00,2.585E+00,1.287E-01,3.515E+00,1.782E+00,-4.464E-01,4.884E+00,1.552E+00,3.142E+00,8.638E-03,2.178E+00,2.293E+00,7.380E-02,5.784E+00
37,0.000E+00,3.508E-02,7.734E-05,0.000E+00,2.188E-04,5.043E-04,3.542E-02,1.059E-01,3.557E+00,1.724E+00,-2.363E-01,3.101E+00,1.636E+00,3.142E+00,-2.397E-04,2.599E+00,2.595E+00,2.676E-01,1.724E+00,1.678E+00,-2.477E-01,3.169E+00,1.878E+00,3.142E+00,2.274E-03,2.555E+00,2.591E+00,1.283E-01,3.525E+00,1.783E+00,-4.543E-01,5.038E+00,1.538E+00,3.142E+00,8.240E-03,2.188E+00,2.299E+00,7.406E-02,5.766E+00
38,0.000E+00,3.607E-02,6.768E-05,0.000E+00,2.385E-04,5.446E-04,3.641E-02,1.089E-01,3.658E+00,1.729E+00,-2.424E-01,3.159E+00,1.612E+00,3.142E+00,-3.454E-04,2.604E+00,2.598E+00,2.668E-01,1.730E+00,1.678E+00,-2.527E-01,3.235E+00,1.870E+00,3.142E+00,2.047E-03,2.564E+00,2.597E+00,1.279E-01,3.536E+00,1.785E+00,-4.622E-01,5.192E+00,1.524E+00,3.142E+00,7.842E-03,2.199E+00,2.304E+00,7.431E-02,5.748E+00
39,0.000E+00,3.705E-02,5.801E-05,0.000E+00,2.582E-04,5.849E-04,3.741E-02,1.119E-01,3.758E+00,1.734E+00,-2.485E-01,3.217E+00,1.589E+00,3.142E+00,-4.511E-04,2.609E+00,2.601E+00,2.659E-01,1.735E+00,1.677E+00,-2.577E-01,3.300E+00,1.862E+00,3.142E+00,1.821E-03,2.574E+00,2.602E+00,1.275E-01,3.546E+00,1.787E+00,-4.701E-01,5.346E+00,1.511E+00,3.142E+00,7.444E-03,2.209E+00,2.310E+00,7.456E-02,5.730E+00
40,0.000E+00,3.804E-02,4.834E-05,0.000E+00,2.779E-04,6.251E-04,3.841E-02,1.148E-01,3.859E+00,1.739E+00,-2.546E-01,3.274E+00,1.565E+00,3.142E+00,-5.568E-04,2.614E+00,2.604E+00,2.651E-01,1.740E+00,1.677E+00,-2.627E-01,3.366E+00,1.854E+00,3.142E+00,1.595E-03,2.583E+00,2.608E+00,1.271E-01,3.557E+00,1.789E+00,-4.779E-01,5.500E+00,1.497E+00,3.142E+00,7.046E-03,2.220E+00,2.316E+00,7.481E-02,5.712E+00
41,0.000E+00,3.902E-02,3.867E-05,0.000E+00,2.977E-04,6.654E-04,3.941E-02,1.178E-01,3.959E+00,1.745E+00,-2.607E-01,3.332E+00,1.542E+00,3.142E+00,-6.625E-04,2.618E+00,2.607E+00,2.643E-01,1.745E+00,1.677E+00,-2.677E-01,3.431E+00,1.846E+00,3.142E+00,1.369E-03,2.593E+00,2.614E+00,1.267E-01,3.567E+00,1.791E+00,-4.858E-01,5.655E+00,1.483E+00,3.142E+00,6.649E-03,2.230E+00,2.321E+00,7.506E-02,5.693E+00
42,0.000E+00,4.000E-02,2.900E-05,0.000E+00,3.174E-04,7.057E-04,4.041E-02,1.208E-01,4.059E+00,1.751E+00,-2.668E-01,3.390E+00,1.519E+00,3.142E+00,-7.682E-04,2.623E+00,2.610E+00,2.635E-01,1.750E+00,1.677E+00,-2.727E-01,3.497E+00,1.838E+00,3.142E+00,1.143E-03,2.602E+00,2.620E+00,1.263E-01,3.578E+00,1.794E+00,-4.937E-01,5.809E+00,1.469E+00,3.142E+00,6.251E-03,2.241E+00,2.327E+00,7.531E-02,5.675E+00
43,0.000E+00,4.099E-02,1.934E-05,0.000E+00,3.371E-04,7.460E-04,4.141E-02,1.238E-01,4.160E+00,1.756E+00,-2.729E-01,3.448E+00,1.495E+00,3.142E+00,-8.739E-04,2.628E+00,2.613E+00,2.626E-01,1.755E+00,1.678E+00,-2.777E-01,3.563E+00,1.830E+00,3.142E+00,9.167E-04,2.611E+00,2.626E+00,1.259E-01,3.588E+00,1.797E+00,-5.016E-01,5.963E+00,1.455E+00,3.142E+00,5.853E-03,2.251E+00,2.332E+00,7.556E-02,5.657E+00
44,0.000E+00,4.197E-02,9.668E-06,0.000E+00,3.568E-04,7.863E-04,4.240E-02,1.267E-01,4.260E+00,1.763E+00,-2.790E-01,3.506E+00,1.472E+00,3.142E+00,-9.796E-04,2.633E+00,2.616E+00,2.618E-01,1.760E+00,1.678E+00,-2.827E-01,3.628E+00,1.822E+00,3.142E+00,6.906E-04,2.621E+00,2.632E+00,1.255E-01,3.598E+00,1.801E+00,-5.095E-01,6.117E+00,1.441E+00,3.142E+00,5.455E-03,2.262E+00,2.338E+00,7.582E-02,5.639E+00
45,0.000E+00,4.296E-02,0.000E+00,0.000E+00,3.766E-04,8.266E-04,4.340E-02,1.297E-01,4.361E+00,1.769E+00,-2.851E-01,3.563E+00,1.449E+00,3.142E+00,-1.085E-03,2.637E+00,2.620E+00,2.610E-01,1.765E+00,1.678E+00,-2.877E-01,3.694E+00,1.814E+00,3.142E+00,4.644E-04,2.630E+00,2.638E+00,1.251E-01,3.609E+00,1.804E+00,-5.174E-01,6.271E+00,1.427E+00,3.142E+00,5.057E-03,2.272E+00,2.344E+00,7.607E-02,5.621E+00
46,0.000E+00,4.542E-02,0.000E+00,0.000E+00,4.461E-04,9.184E-04,4.582E-02,1.368E-01,4.606E+00,1.736E+00,-2.721E-01,3.554E+00,1.540E+00,3.142E+00,-7.515E-04,2.625E+00,2.612E+00,2.609E-01,1.766E+00,1.660E+00,-2.591E-01,3.344E+00,1.938E+00,3.142E+00,1.189E-03,2.605E+00,2.625E+00,1.266E-01,3.568E+00,1.732E+00,-4.603E-01,5.272E+00,1.717E+00,3.142E+00,6.254E-03,2.293E+00,2.383E+00,7.473E-02,5.716E+00
47,0.000E+00,4.665E-02,0.000E+00,0.000E+00,4.809E-04,9.643E-04,4.703E-02,1.404E-01,4.728E+00,1.720E+00,-2.656E-01,3.549E+00,1.586E+00,3.142E+00,-5.846E-04,2.618E+00,2.609E+00,2.609E-01,1.766E+00,1.653E+00,-2.448E-01,3.169E+00,2.001E+00,3.142E+00,1.552E-03,2.593E+00,2.618E+00,1.273E-01,3.548E+00,1.706E+00,-4.318E-01,4.773E+00,1.862E+00,3.142E+00,6.852E-03,2.304E+00,2.403E+00,7.405E-02,5.763E+00
48,0.000E+00,4.788E-02,0.000E+00,0.000E+00,5.156E-04,1.010E-03,4.824E-02,1.440E-01,4.850E+00,1.705E+00,-2.591E-01,3.545E+00,1.632E+00,3.142E+00,-4.178E-04,2.612E+00,2.605E+00,2.609E-01,1.766E+00,1.648E+00,-2.305E-01,2.994E+00,2.063E+00,3.142E+00,1.914E-03,2.580E+00,2.611E+00,1.281E-01,3.528E+00,1.686E+00,-4.033E-01,4.274E+00,2.007E+00,3.142E+00,7.451E-03,2.314E+00,2.422E+00,7.338E-02,5.811E+00
49,0.000E+00,5.049E-02,0.000E+00,3.906E-07,5.961E-04,1.141E-03,5.091E-02,1.521E-01,5.123E+00,1.684E+00,-2.923E-01,4.144E+00,1.651E+00,3.142E+00,2.483E-03,2.531E+00,2.569E+00,2.633E-01,1.751E+00,1.655E+00,-2.624E-01,3.453E+00,1.931E+00,3.142E+00,1.294E-03,2.613E+00,2.634E+00,1.253E-01,3.604E+00,1.651E+00,-5.223E-01,8.584E+00,1.738E+00,3.142E+00,7.743E-03,2.306E+00,2.418E+00,7.320E-02,5.824E+00
50,0.000E+00,5.180E-02,0.000E+00,5.859E-07,6.363E-04,1.207E-03,5.225E-02,1.562E-01,5.260E+00,1.676E+00,-3.089E-01,4.444E+00,1.660E+00,3.142E+00,3.933E-03,2.490E+00,2.551E+00,2.644E-01,1.743E+00,1.662E+00,-2.784E-01,3.682E+00,1.864E+00,3.142E+00,9.844E-04,2.629E+00,2.645E+00,1.239E-01,3.641E+00,1.676E+00,-5.818E-01,1.074E+01,1.604E+00,3.142E+00,7.889E-03,2.302E+00,2.416E+00,7.311E-02,5.831E+00
51,0.000E+00,5.310E-02,0.000E+00,7.812E-07,6.766E-04,1.273E-03,5.358E-02,1.602E-01,5.396E+00,1.669E+00,-3.255E-01,4.743E+00,1.670E+00,3.142E+00,5.383E-03,2.450E+00,2.532E+00,2.656E-01,1.736E+00,1.671E+00,-2.944E-01,3.912E+00,1.798E+00,3.142E+00,6.744E-04,2.645E+00,2.656E+00,1.225E-01,3.679E+00,1.716E+00,-6.412E-01,1.289E+01,1.469E+00,3.142E+00,8.035E-03,2.298E+00,2.414E+00,7.302E-02,5.837E+00
52,0.000E+00,5.627E-02,0.000E+00,3.906E-07,7.410E-04,1.412E-03,5.688E-02,1.699E-01,5.723E+00,1.696E+00,-3.553E-01,5.295E+00,1.530E+00,3.142E+00,2.314E-03,2.559E+00,2.594E+00,2.642E-01,1.745E+00,1.665E+00,-2.981E-01,4.012E+00,1.805E+00,3.142E+00,1.134E-03,2.647E+00,2.666E+00,1.244E-01,3.628E+00,1.700E+00,-5.839E-01,1.052E+01,1.538E+00,3.142E+00,3.759E-03,2.397E+00,2.451E+00,7.239E-02,5.885E+00
53,0.000E+00,5.785E-02,0.000E+00,1.953E-07,7.732E-04,1.482E-03,5.852E-02,1.747E-01,5.887E+00,1.713E+00,-3.702E-01,5.571E+00,1.460E+00,3.142E+00,7.792E-04,2.614E+00,2.625E+00,2.635E-01,1.749E+00,1.662E+00,-3.000E-01,4.061E+00,1.809E+00,3.142E+00,1.364E-03,2.648E+00,2.670E+00,1.253E-01,3.602E+00,1.697E+00,-5.552E-01,9.327E+00,1.573E+00,3.142E+00,1.621E-03,2.446E+00,2.469E+00,7.208E-02,5.909E+00
54,0.000E+00,5.943E-02,0.000E+00,0.000E+00,8.055E-04,1.552E-03,6.017E-02,1.795E-01,6.050E+00,1.731E+00,-3.851E-01,5.847E+00,1.391E+00,3.142E+00,-7.555E-04,2.669E+00,2.656E+00,2.628E-01,1.754E+00,1.660E+00,-3.019E-01,4.111E+00,1.812E+00,3.142E+00,1.594E-03,2.649E+00,2.675E+00,1.262E-01,3.577E+00,1.699E+00,-5.266E-01,8.138E+00,1.607E+00,3.142E+00,-5.163E-04,2.495E+00,2.487E+00,7.176E-02,5.932E+00
55,0.000E+00,6.321E-02,0.000E+00,0.000E+00,9.559E-04,1.728E-03,6.417E-02,1.911E-01,6.447E+00,1.704E+00,-3.469E-01,5.091E+00,1.515E+00,3.142E+00,-5.954E-04,2.616E+00,2.606E+00,2.608E-01,1.767E+00,1.652E+00,-3.242E-01,4.638E+00,1.774E+00,3.142E+00,1.375E-03,2.632E+00,2.655E+00,1.256E-01,3.594E+00,1.689E+00,-5.775E-01,1.062E+01,1.552E+00,3.142E+00,1.526E-03,2.393E+00,2.414E+00,7.153E-02,5.950E+00
56,0.000E+00,6.510E-02,0.000E+00,0.000E+00,1.031E-03,1.816E-03,6.617E-02,1.970E-01,6.646E+00,1.694E+00,-3.278E-01,4.713E+00,1.577E+00,3.142E+00,-5.154E-04,2.589E+00,2.581E+00,2.597E-01,1.773E+00,1.650E+00,-3.354E-01,4.901E+00,1.755E+00,3.142E+00,1.265E-03,2.624E+00,2.645E+00,1.253E-01,3.602E+00,1.691E+00,-6.030E-01,1.186E+01,1.524E+00,3.142E+00,2.547E-03,2.341E+00,2.377E+00,7.141E-02,5.959E+00
57,0.000E+00,6.698E-02,0.000E+00,0.000E+00,1.106E-03,1.905E-03,6.817E-02,2.028E-01,6.845E+00,1.687E+00,-3.087E-01,4.335E+00,1.639E+00,3.142E+00,-4.354E-04,2.563E+00,2.556E+00,2.587E-01,1.780E+00,1.648E+00,-3.466E-01,5.164E+00,1.735E+00,3.142E+00,1.156E-03,2.616E+00,2.635E+00,1.250E-01,3.610E+00,1.696E+00,-6.285E-01,1.310E+01,1.497E+00,3.142E+00,3.568E-03,2.290E+00,2.340E+00,7.130E-02,5.968E+00
58,0.000E+00,7.175E-02,0.000E+00,0.000E+00,1.263E-03,2.104E-03,7.291E-02,2.168E-01,7.325E+00,1.679E+00,-3.188E-01,4.663E+00,1.623E+00,3.142E+00,-1.711E-03,2.665E+00,2.636E+00,2.575E-01,1.788E+00,1.644E+00,-3.689E-01,5.825E+00,1.688E+00,3.142E+00,3.573E-03,2.540E+00,2.596E+00,1.243E-01,3.630E+00,1.688E+00,-6.465E-01,1.601E+01,1.429E+00,3.142E+00,6.783E-03,2.210E+00,2.302E+00,7.178E-02,5.931E+00
59,0.000E+00,7.414E-02,0.000E+00,0.000E+00,1.341E-03,2.203E-03,7.528E-02,2.238E-01,7.565E+00,1.675E+00,-3.238E-01,4.827E+00,1.614E+00,3.142E+00,-2.348E-03,2.716E+00,2.676E+00,2.569E-01,1.792E+00,1.644E+00,-3.800E-01,6.155E+00,1.665E+00,3.142E+00,4.781E-03,2.502E+00,2.577E+00,1.239E-01,3.640E+00,1.688E+00,-6.555E-01,1.746E+01,1.395E+00,3.142E+00,8.390E-03,2.170E+00,2.282E+00,7.202E-02,5.913E+00
60,0.000E+00,7.653E-02,0.000E+00,0.000E+00,1.420E-03,2.302E-03,7.765E-02,2.309E-01,7.806E+00,1.672E+00,-3.288E-01,4.991E+00,1.606E+00,3.142E+00,-2.986E-03,2.768E+00,2.716E+00,2.563E-01,1.796E+00,1.645E+00,-3.912E-01,6.486E+00,1.641E+00,3.142E+00,5.989E-03,2.464E+00,2.558E+00,1.236E-01,3.650E+00,1.690E+00,-6.645E-01,1.891E+01,1.361E+00,3.142E+00,9.997E-03,2.130E+00,2.263E+00,7.226E-02,5.894E+00
61,0.000E+00,8.171E-02,0.000E+00,0.000E+00,1.676E-03,2.708E-03,8.320E-02,2.471E-01,8.361E+00,1.629E+00,-4.246E-01,9.370E+00,1.451E+00,3.142E+00,4.207E-03,2.603E+00,2.667E+00,2.543E-01,1.810E+00,1.649E+00,-4.004E-01,6.998E+00,1.573E+00,3.142E+00,2.293E-03,2.581E+00,2.616E+00,1.251E-01,3.607E+00,1.658E+00,-6.584E-01,1.912E+01,1.441E+00,3.142E+00,7.484E-03,2.203E+00,2.304E+00,7.170E-02,5.937E+00
62,0.000E+00,8.430E-02,0.000E+00,0.000E+00,1.804E-03,2.911E-03,8.597E-02,2.553E-01,8.638E+00,1.641E+00,-4.725E-01,1.156E+01,1.374E+00,3.142E+00,7.804E-03,2.521E+00,2.643E+00,2.533E-01,1.817E+00,1.652E+00,-4.051E-01,7.255E+00,1.539E+00,3.142E+00,4.442E-04,2.640E+00,2.645E+00,1.259E-01,3.586E+00,1.643E+00,-6.554E-01,1.923E+01,1.481E+00,3.142E+00,6.227E-03,2.239E+00,2.325E+00,7.142E-02,5.959E+00
63,0.000E+00,8.689E-02,0.000E+00,0.000E+00,1.933E-03,3.113E-03,8.874E-02,2.634E-01,8.915E+00,1.665E+00,-5.204E-01,1.375E+01,1.297E+00,3.142E+00,1.140E-02,2.439E+00,2.618E+00,2.523E-01,1.824E+00,1.656E+00,-4.097E-01,7.511E+00,1.505E+00,3.142E+00,-1.404E-03,2.698E+00,2.675E+00,1.267E-01,3.565E+00,1.628E+00,-6.524E-01,1.934E+01,1.521E+00,3.142E+00,4.970E-03,2.276E+00,2.346E+00,7.113E-02,5.980E+00
64,0.000E+00,9.339E-02,0.000E+00,3.906E-07,2.161E-03,3.385E-03,9.544E-02,2.830E-01,9.585E+00,1.640E+00,-4.758E-01,1.127E+01,1.406E+00,3.142E+00,7.633E-03,2.480E+00,2.600E+00,2.545E-01,1.808E+00,1.635E+00,-4.139E-01,7.858E+00,1.556E+00,3.142E+00,-2.032E-03,2.712E+00,2.678E+00,1.268E-01,3.563E+00,1.609E+00,-6.194E-01,1.699E+01,1.594E+00,3.142E+00,2.766E-03,2.339E+00,2.378E+00,7.271E-02,5.863E+00
65,0.000E+00,9.664E-02,0.000E+00,5.859E-07,2.274E-03,3.521E-03,9.879E-02,2.928E-01,9.920E+00,1.633E+00,-4.535E-01,1.003E+01,1.461E+00,3.142E+00,5.750E-03,2.500E+00,2.591E+00,2.556E-01,1.801E+00,1.625E+00,-4.159E-01,8.031E+00,1.582E+00,3.142E+00,-2.345E-03,2.719E+00,2.679E+00,1.268E-01,3.562E+00,1.602E+00,-6.029E-01,1.582E+01,1.630E+00,3.142E+00,1.665E-03,2.370E+00,2.394E+00,7.350E-02,5.804E+00
66,0.000E+00,9.989E-02,0.000E+00,7.812E-07,2.388E-03,3.656E-03,1.021E-01,3.026E-01,1.026E+01,1.632E+00,-4.312E-01,8.796E+00,1.516E+00,3.142E+00,3.866E-03,2.521E+00,2.582E+00,2.568E-01,1.793E+00,1.615E+00,-4.180E-01,8.205E+00,1.608E+00,3.142E+00,-2.659E-03,2.726E+00,2.681E+00,1.268E-01,3.561E+00,1.596E+00,-5.864E-01,1.465E+01,1.667E+00,3.142E+00,5.627E-04,2.402E+00,2.410E+00,7.429E-02,5.745E+00
67,0.000E+00,1.073E-01,0.000E+00,1.172E-06,3.077E-03,4.454E-03,1.103E-01,3.266E-01,1.108E+01,1.596E+00,-4.075E-01,8.493E+00,1.616E+00,3.142E+00,3.408E-03,2.520E+00,2.574E+00,2.612E-01,1.764E+00,1.585E+00,-4.034E-01,7.939E+00,1.719E+00,3.142E+00,-1.492E-03,2.662E+00,2.636E+00,1.256E-01,3.595E+00,1.555E+00,-5.633E-01,1.373E+01,1.824E+00,3.142E+00,4.497E-03,2.346E+00,2.410E+00,7.281E-02,5.855E+00
68,0.000E+00,1.111E-01,0.000E+00,1.367E-06,3.421E-03,4.853E-03,1.144E-01,3.385E-01,1.149E+01,1.580E+00,-3.957E-01,8.342E+00,1.666E+00,3.142E+00,3.179E-03,2.520E+00,2.570E+00,2.634E-01,1.750E+00,1.572E+00,-3.961E-01,7.806E+00,1.775E+00,3.142E+00,-9.084E-04,2.629E+00,2.614E+00,1.249E-01,3.613E+00,1.537E+00,-5.517E-01,1.327E+01,1.902E+00,3.142E+00,6.465E-03,2.318E+00,2.410E+00,7.207E-02,5.910E+00
69,0.000E+00,1.148E-01,0.000E+00,1.562E-06,3.766E-03,5.252E-03,1.185E-01,3.505E-01,1.190E+01,1.563E+00,-3.838E-01,8.191E+00,1.715E+00,3.142E+00,2.950E-03,2.519E+00,2.566E+00,2.657E-01,1.735E+00,1.558E+00,-3.888E-01,7.673E+00,1.831E+00,3.142E+00,-3.247E-04,2.597E+00,2.592E+00,1.243E-01,3.630E+00,1.520E+00,-5.401E-01,1.281E+01,1.981E+00,3.142E+00,8.432E-03,2.290E+00,2.410E+00,7.134E-02,5.965E+00
70,0.000E+00,1.244E-01,0.000E+00,1.562E-06,4.325E-03,5.745E-03,1.288E-01,3.806E-01,1.293E+01,1.566E+00,-3.711E-01,7.804E+00,1.713E+00,3.142E+00,2.497E-03,2.511E+00,2.550E+00,2.621E-01,1.758E+00,1.549E+00,-3.930E-01,7.986E+00,1.844E+00,3.142E+00,5.884E-04,2.568E+00,2.577E+00,1.255E-01,3.597E+00,1.510E+00,-5.246E-01,1.218E+01,2.027E+00,3.142E+00,4.705E-03,2.320E+00,2.387E+00,7.220E-02,5.900E+00
71,0.000E+00,1.292E-01,0.000E+00,1.562E-06,4.605E-03,5.991E-03,1.339E-01,3.957E-01,1.344E+01,1.567E+00,-3.647E-01,7.611E+00,1.712E+00,3.142E+00,2.271E-03,2.507E+00,2.543E+00,2.604E-01,1.769E+00,1.544E+00,-3.950E-01,8.143E+00,1.851E+00,3.142E+00,1.045E-03,2.554E+00,2.570E+00,1.261E-01,3.580E+00,1.506E+00,-5.168E-01,1.186E+01,2.051E+00,3.142E+00,2.842E-03,2.335E+00,2.376E+00,7.263E-02,5.867E+00
72,0.000E+00,1.340E-01,0.000E+00,1.562E-06,4.884E-03,6.237E-03,1.391E-01,4.108E-01,1.395E+01,1.569E+00,-3.584E-01,7.417E+00,1.711E+00,3.142E+00,2.044E-03,2.503E+00,2.535E+00,2.586E-01,1.781E+00,1.540E+00,-3.971E-01,8.299E+00,1.858E+00,3.142E+00,1.502E-03,2.539E+00,2.563E+00,1.267E-01,3.564E+00,1.502E+00,-5.090E-01,1.154E+01,2.074E+00,3.142E+00,9.784E-04,2.350E+00,2.364E+00,7.306E-02,5.834E+00
73,0.000E+00,1.416E-01,0.000E+00,1.172E-06,4.866E-03,6.367E-03,1.466E-01,4.332E-01,1.471E+01,1.534E+00,-3.508E-01,7.513E+00,1.832E+00,3.142E+00,3.178E-03,2.504E+00,2.554E+00,2.558E-01,1.800E+00,1.521E+00,-3.714E-01,7.733E+00,1.941E+00,3.142E+00,1.581E-03,2.534E+00,2.559E+00,1.264E-01,3.574E+00,1.491E+00,-4.769E-01,1.008E+01,2.174E+00,3.142E+00,3.407E-03,2.295E+00,2.342E+00,7.254E-02,5.873E+00
74,0.000E+00,1.493E-01,0.000E+00,7.812E-07,4.848E-03,6.497E-03,1.540E-01,4.556E-01,1.547E+01,1.501E+00,-3.432E-01,7.608E+00,1.953E+00,3.142E+00,4.312E-03,2.504E+00,2.573E+00,2.529E-01,1.820E+00,1.504E+00,-3.458E-01,7.167E+00,2.024E+00,3.142E+00,1.660E-03,2.528E+00,2.555E+00,1.260E-01,3.584E+00,1.488E+00,-4.447E-01,8.613E+00,2.274E+00,3.142E+00,5.837E-03,2.240E+00,2.321E+00,7.202E-02,5.912E+00
75,0.000E+00,1.569E-01,0.000E+00,3.906E-07,5.946E-03,7.488E-03,1.629E-01,4.810E-01,1.635E+01,1.485E+00,-3.347E-01,7.308E+00,2.058E+00,3.142E+00,2.620E-03,2.542E+00,2.583E+00,2.568E-01,1.793E+00,1.495E+00,-3.403E-01,6.907E+00,2.106E+00,3.142E+00,3.121E-03,2.502E+00,2.550E+00,1.250E-01,3.610E+00,1.468E+00,-4.367E-01,8.603E+00,2.364E+00,3.142E+00,5.995E-03,2.220E+00,2.302E+00,7.024E-02,6.054E+00
76,0.000E+00,1.646E-01,0.000E+00,0.000E+00,7.045E-03,8.480E-03,1.717E-01,5.064E-01,1.723E+01,1.471E+00,-3.262E-01,7.007E+00,2.164E+00,3.142E+00,9.271E-04,2.579E+00,2.594E+00,2.608E-01,1.767E+00,1.487E+00,-3.348E-01,6.648E+00,2.187E+00,3.142E+00,4.581E-03,2.475E+00,2.546E+00,1.241E-01,3.636E+00,1.449E+00,-4.286E-01,8.594E+00,2.455E+00,3.142E+00,6.153E-03,2.200E+00,2.283E+00,6.846E-02,6.195E+00
77,0.000E+00,1.733E-01,0.000E+00,1.562E-06,7.960E-03,9.264E-03,1.812E-01,5.343E-01,1.819E+01,1.437E+00,-3.132E-01,6.976E+00,2.320E+00,3.142E+00,8.264E-04,2.529E+00,2.542E+00,2.571E-01,1.791E+00,1.465E+00,-3.185E-01,6.368E+00,2.318E+00,3.142E+00,3.098E-03,2.474E+00,2.522E+00,1.241E-01,3.637E+00,1.405E+00,-4.192E-01,8.667E+00,2.703E+00,3.142E+00,7.852E-03,2.147E+00,2.250E+00,6.970E-02,6.095E+00
78,0.000E+00,1.820E-01,0.000E+00,3.125E-06,8.876E-03,1.005E-02,1.907E-01,5.621E-01,1.915E+01,1.406E+00,-3.001E-01,6.946E+00,2.476E+00,3.142E+00,7.258E-04,2.478E+00,2.489E+00,2.535E-01,1.815E+00,1.445E+00,-3.023E-01,6.089E+00,2.449E+00,3.142E+00,1.614E-03,2.474E+00,2.498E+00,1.240E-01,3.637E+00,1.365E+00,-4.097E-01,8.740E+00,2.951E+00,3.142E+00,9.551E-03,2.094E+00,2.217E+00,7.094E-02,5.995E+00
79,0.000E+00,1.871E-01,0.000E+00,2.734E-06,1.249E-02,1.315E-02,1.996E-01,5.854E-01,2.003E+01,1.382E+00,-2.712E-01,6.376E+00,2.650E+00,3.142E+00,-9.913E-05,2.462E+00,2.461E+00,2.588E-01,1.780E+00,1.414E+00,-2.824E-01,5.840E+00,2.643E+00,3.142E+00,2.347E-03,2.444E+00,2.479E+00,1.238E-01,3.643E+00,1.338E+00,-3.983E-01,8.658E+00,3.137E+00,3.142E+00,9.378E-03,2.077E+00,2.196E+00,7.042E-02,6.037E+00
80,0.000E+00,1.921E-01,0.000E+00,2.344E-06,1.610E-02,1.624E-02,2.084E-01,6.087E-01,2.091E+01,1.364E+00,-2.422E-01,5.807E+00,2.824E+00,3.142E+00,-9.240E-04,2.446E+00,2.432E+00,2.641E-01,1.746E+00,1.387E+00,-2.624E-01,5.590E+00,2.836E+00,3.142E+00,3.081E-03,2.414E+00,2.460E+00,1.236E-01,3.648E+00,1.313E+00,-3.870E-01,8.577E+00,3.322E+00,3.142E+00,9.204E-03,2.060E+00,2.176E+00,6.989E-02,6.078E+00
81,0.000E+00,1.928E-01,0.000E+00,2.344E-06,2.177E-02,2.092E-02,2.147E-01,6.231E-01,2.155E+01,1.312E+00,-2.343E-01,5.900E+00,3.215E+00,3.142E+00,-4.032E-04,2.436E+00,2.430E+00,2.553E-01,1.805E+00,1.354E+00,-2.608E-01,5.704E+00,3.075E+00,3.142E+00,3.456E-03,2.319E+00,2.368E+00,1.234E-01,3.656E+00,1.301E+00,-3.573E-01,7.464E+00,3.599E+00,3.142E+00,1.412E-02,1.943E+00,2.110E+00,7.028E-02,6.047E+00
82,0.000E+00,1.935E-01,0.000E+00,2.344E-06,2.743E-02,2.559E-02,2.210E-01,6.374E-01,2.218E+01,1.267E+00,-2.265E-01,5.993E+00,3.607E+00,3.142E+00,1.176E-04,2.427E+00,2.429E+00,2.465E-01,1.865E+00,1.324E+00,-2.593E-01,5.818E+00,3.313E+00,3.142E+00,3.831E-03,2.223E+00,2.275E+00,1.231E-01,3.663E+00,1.298E+00,-3.276E-01,6.351E+00,3.875E+00,3.142E+00,1.904E-02,1.825E+00,2.044E+00,7.067E-02,6.016E+00
83,0.000E+00,1.803E-01,0.000E+00,5.078E-06,3.738E-02,3.365E-02,2.177E-01,6.194E-01,2.185E+01,1.212E+00,-2.121E-01,5.895E+00,4.251E+00,3.142E+00,1.165E-02,2.145E+00,2.285E+00,2.400E-01,1.914E+00,1.270E+00,-2.464E-01,5.909E+00,3.778E+00,3.142E+00,9.883E-03,2.050E+00,2.169E+00,1.212E-01,3.720E+00,1.208E+00,-3.138E-01,6.582E+00,4.915E+00,3.142E+00,4.100E-02,1.569E+00,1.977E+00,6.791E-02,6.251E+00
84,0.000E+00,1.670E-01,0.000E+00,7.813E-06,4.733E-02,4.171E-02,2.145E-01,6.014E-01,2.152E+01,1.168E+00,-1.976E-01,5.796E+00,4.895E+00,3.142E+00,2.318E-02,1.863E+00,2.141E+00,2.336E-01,1.963E+00,1.223E+00,-2.336E-01,6.001E+00,4.242E+00,3.142E+00,1.593E-02,1.877E+00,2.063E+00,1.192E-01,3.777E+00,1.137E+00,-3.001E-01,6.813E+00,5.956E+00,3.142E+00,6.296E-02,1.312E+00,1.910E+00,6.514E-02,6.486E+00
85,0.000E+00,1.342E-01,0.000E+00,5.078E-06,4.395E-02,3.828E-02,1.782E-01,4.960E-01,1.788E+01,1.069E+00,-1.855E-01,6.326E+00,6.380E+00,3.142E+00,5.308E-02,1.458E+00,1.936E+00,2.216E-01,2.071E+00,1.126E+00,-2.181E-01,6.335E+00,5.521E+00,3.142E+00,5.065E-02,1.457E+00,1.899E+00,1.156E-01,3.893E+00,9.777E-01,-2.700E-01,7.022E+00,1.048E+01,3.142E+00,7.596E-02,1.065E+00,1.657E+00,6.267E-02,6.729E+00
86,0.000E+00,1.013E-01,0.000E+00,2.344E-06,4.058E-02,3.486E-02,1.419E-01,3.906E-01,1.424E+01,9.933E-01,-1.734E-01,6.855E+00,7.866E+00,3.142E+00,8.299E-02,1.052E+00,1.732E+00,2.096E-01,2.178E+00,1.051E+00,-2.027E-01,6.669E+00,6.801E+00,3.142E+00,8.537E-02,1.037E+00,1.734E+00,1.119E-01,4.009E+00,8.858E-01,-2.400E-01,7.231E+00,1.501E+01,3.142E+00,8.896E-02,8.187E-01,1.403E+00,6.020E-02,6.973E+00
87,0.000E+00,5.159E-02,0.000E+00,1.172E-06,2.030E-02,1.743E-02,7.183E-02,1.980E-01,7.212E+00,1.164E+00,-2.450E-01,5.793E+00,5.555E+00,3.142E+00,8.594E-02,7.979E-01,1.341E+00,2.112E-01,2.162E+00,1.189E+00,-2.496E-01,5.561E+00,5.334E+00,3.142E+00,8.697E-02,7.738E-01,1.313E+00,1.102E-01,4.072E+00,1.035E+00,-3.117E-01,5.913E+00,1.091E+01,3.142E+00,-4.338E-01,2.358E+01,8.362E-01,5.439E-02,7.727E+00
88,0.000E+00,1.873E-03,0.000E+00,0.000E+00,2.031E-05,1.172E-05,1.809E-03,5.434E-03,1.839E-01,1.427E+00,-3.166E-01,4.732E+00,3.243E+00,3.142E+00,8.890E-02,5.436E-01,9.503E-01,2.128E-01,2.147E+00,1.374E+00,-2.964E-01,4.453E+00,3.867E+00,3.142E+00,8.856E-02,5.103E-01,8.926E-01,1.084E-01,4.134E+00,1.253E+00,-3.833E-01,4.595E+00,6.823E+00,3.142E+00,-9.565E-01,4.635E+01,2.690E-01,4.857E-02,8.481E+00
89,0.000E+00,0.000E+00,0.000E+00,0.000E+00,0.000E+00,0.000E+00,0.000E+00,0.000E+00,0.000E+00,3.142E+00,0.000E+00,0.000E+00,0.000E+00,0.000E+00,0.000E+00,0.000E+00,0.000E+00,0.000E+00,0.000E+00,3.142E+00,0.000E+00,0.000E+00,0.000E+00,0.000E+00,0.000E+00,0.000E+00,0.000E+00,0.000E+00,0.000E+00,3.142E+00,0.000E+00,0.000E+00,0.000E+00,0.000E+00,0.000E+00,0.000E+00,0.000E+00,0.000E+00,0.000E+00
