alpha,He,Fe,Si,O,Fe_1,O_1,Si_2,O_2,amu/ion,phiK_Fe,phiTilt_Fe,phiM_Fe,phiN_Fe,thetaK_Fe,thetaTilt_Fe,thetaM_Fe,thetaN_Fe,energyK_Fe,energyE_Fe,phiK_O,phiTilt_O,phiM_O,phiN_O,thetaK_O,thetaTilt_O,thetaM_O,thetaN_O,energyK_O,energyE_O,phiK_Si,phiTilt_Si,phiM_Si,phiN_Si,thetaK_Si,thetaTilt_Si,thetaM_Si,thetaN_Si,energyK_Si,energyE_Si
0,0.000E+00,1.886E-02,1.219E-04,0.000E+00,1.250E-05,1.414E-04,1.831E-02,5.579E-02,2.466E+00,1.929E+00,-1.065E-01,1.979E+00,9.343E-01,3.142E+00,-2.106E-03,2.172E+00,2.145E+00,1.032E-01,4.062E+00,1.693E+00,2.636E-02,1.474E+00,1.828E+00,3.142E+00,-6.175E-04,2.644E+00,2.634E+00,1.323E-01,3.421E+00,1.819E+00,1.975E-02,1.273E+00,1.408E+00,3.142E+00,5.100E-04,2.485E+00,2.492E+00,8.200E-02,5.243E+00
1,0.000E+00,1.893E-02,1.276E-04,0.000E+00,1.152E-05,1.396E-04,1.845E-02,5.603E-02,2.478E+00,1.920E+00,-1.158E-01,2.008E+00,9.776E-01,3.142E+00,-1.509E-03,2.178E+00,2.159E+00,1.029E-01,4.070E+00,1.685E+00,1.796E-02,1.507E+00,1.833E+00,3.142E+00,-6.645E-04,2.652E+00,2.641E+00,1.321E-01,3.426E+00,1.793E+00,-2.949E-03,1.390E+00,1.414E+00,3.142E+00,2.117E-04,2.480E+00,2.483E+00,8.211E-02,5.237E+00
2,0.000E+00,1.900E-02,1.334E-04,0.000E+00,1.055E-05,1.377E-04,1.859E-02,5.627E-02,2.490E+00,1.911E+00,-1.251E-01,2.037E+00,1.021E+00,3.142E+00,-9.133E-04,2.184E+00,2.173E+00,1.027E-01,4.078E+00,1.677E+00,9.552E-03,1.541E+00,1.839E+00,3.142E+00,-7.116E-04,2.660E+00,2.648E+00,1.319E-01,3.430E+00,1.792E+00,-2.565E-02,1.507E+00,1.420E+00,3.142E+00,-8.658E-05,2.475E+00,2.474E+00,8.222E-02,5.231E+00
3,0.000E+00,1.908E-02,1.392E-04,0.000E+00,9.570E-06,1.358E-04,1.873E-02,5.652E-02,2.502E+00,1.902E+00,-1.343E-01,2.066E+00,1.064E+00,3.142E+00,-3.172E-04,2.190E+00,2.187E+00,1.025E-01,4.086E+00,1.669E+00,1.149E-03,1.574E+00,1.844E+00,3.142E+00,-7.586E-04,2.668E+00,2.655E+00,1.317E-01,3.435E+00,1.792E+00,-4.835E-02,1.624E+00,1.426E+00,3.142E+00,-3.849E-04,2.471E+00,2.465E+00,8.233E-02,5.224E+00
4,0.000E+00,1.911E-02,1.420E-04,0.000E+00,9.082E-06,1.349E-04,1.880E-02,5.664E-02,2.508E+00,1.898E+00,-1.390E-01,2.080E+00,1.086E+00,3.142E+00,-1.907E-05,2.193E+00,2.194E+00,1.024E-01,4.090E+00,1.669E+00,-3.053E-03,1.591E+00,1.847E+00,3.142E+00,-7.821E-04,2.671E+00,2.658E+00,1.317E-01,3.437E+00,1.792E+00,-5.970E-02,1.683E+00,1.429E+00,3.142E+00,-5.340E-04,2.468E+00,2.460E+00,8.238E-02,5.221E+00
5,0.000E+00,1.915E-02,1.449E-04,0.000E+00,8.594E-06,1.340E-04,1.887E-02,5.676E-02,2.514E+00,1.893E+00,-1.436E-01,2.095E+00,1.107E+00,3.142E+00,2.790E-04,2.197E+00,2.201E+00,1.023E-01,4.094E+00,1.669E+00,-7.255E-03,1.608E+00,1.850E+00,3.142E+00,-8.056E-04,2.675E+00,2.662E+00,1.316E-01,3.439E+00,1.792E+00,-7.105E-02,1.742E+00,1.432E+00,3.142E+00,-6.832E-04,2.466E+00,2.456E+00,8.243E-02,5.218E+00
6,0.000E+00,1.922E-02,1.507E-04,0.000E+00,7.617E-06,1.321E-04,1.901E-02,5.701E-02,2.526E+00,1.885E+00,-1.529E-01,2.124E+00,1.151E+00,3.142E+00,8.752E-04,2.203E+00,2.215E+00,1.021E-01,4.102E+00,1.671E+00,-1.566E-02,1.642E+00,1.856E+00,3.142E+00,-8.526E-04,2.683E+00,2.669E+00,1.314E-01,3.444E+00,1.794E+00,-9.375E-02,1.859E+00,1.437E+00,3.142E+00,-9.815E-04,2.461E+00,2.447E+00,8.254E-02,5.211E+00
7,0.000E+00,1.930E-02,1.564E-04,0.000E+00,6.641E-06,1.303E-04,1.915E-02,5.725E-02,2.538E+00,1.877E+00,-1.621E-01,2.153E+00,1.194E+00,3.142E+00,1.471E-03,2.209E+00,2.229E+00,1.019E-01,4.110E+00,1.672E+00,-2.406E-02,1.675E+00,1.861E+00,3.142E+00,-8.996E-04,2.691E+00,2.676E+00,1.312E-01,3.449E+00,1.796E+00,-1.164E-01,1.976E+00,1.443E+00,3.142E+00,-1.280E-03,2.457E+00,2.438E+00,8.265E-02,5.205E+00
8,0.000E+00,1.937E-02,1.622E-04,0.000E+00,5.664E-06,1.284E-04,1.929E-02,5.750E-02,2.550E+00,1.870E+00,-1.714E-01,2.182E+00,1.237E+00,3.142E+00,2.067E-03,2.215E+00,2.243E+00,1.016E-01,4.118E+00,1.674E+00,-3.246E-02,1.709E+00,1.867E+00,3.142E+00,-9.466E-04,2.699E+00,2.683E+00,1.310E-01,3.453E+00,1.798E+00,-1.391E-01,2.093E+00,1.449E+00,3.142E+00,-1.578E-03,2.452E+00,2.429E+00,8.276E-02,5.199E+00
9,0.000E+00,1.940E-02,1.651E-04,0.000E+00,5.176E-06,1.275E-04,1.936E-02,5.762E-02,2.556E+00,1.866E+00,-1.761E-01,2.196E+00,1.259E+00,3.142E+00,2.366E-03,2.218E+00,2.250E+00,1.015E-01,4.122E+00,1.674E+00,-3.667E-02,1.725E+00,1.870E+00,3.142E+00,-9.701E-04,2.703E+00,2.686E+00,1.309E-01,3.455E+00,1.800E+00,-1.505E-01,2.151E+00,1.452E+00,3.142E+00,-1.727E-03,2.450E+00,2.424E+00,8.282E-02,5.195E+00
10,0.000E+00,1.944E-02,1.680E-04,0.000E+00,4.688E-06,1.266E-04,1.943E-02,5.774E-02,2.562E+00,1.863E+00,-1.807E-01,2.211E+00,1.280E+00,3.142E+00,2.664E-03,2.221E+00,2.257E+00,1.014E-01,4.126E+00,1.675E+00,-4.087E-02,1.742E+00,1.872E+00,3.142E+00,-9.936E-04,2.707E+00,2.690E+00,1.308E-01,3.458E+00,1.801E+00,-1.618E-01,2.210E+00,1.455E+00,3.142E+00,-1.876E-03,2.447E+00,2.419E+00,8.287E-02,5.192E+00
11,0.000E+00,1.978E-02,1.474E-04,0.000E+00,6.055E-06,1.421E-04,1.981E-02,5.886E-02,2.610E+00,1.862E+00,-1.906E-01,2.240E+00,1.300E+00,3.142E+00,2.669E-03,2.230E+00,2.266E+00,1.008E-01,4.151E+00,1.674E+00,-5.185E-02,1.808E+00,1.878E+00,3.142E+00,-8.170E-04,2.701E+00,2.688E+00,1.305E-01,3.466E+00,1.801E+00,-1.690E-01,2.243E+00,1.465E+00,3.142E+00,-1.505E-03,2.438E+00,2.416E+00,8.219E-02,5.235E+00
12,0.000E+00,2.013E-02,1.268E-04,0.000E+00,7.422E-06,1.576E-04,2.019E-02,5.999E-02,2.657E+00,1.862E+00,-2.004E-01,2.269E+00,1.319E+00,3.142E+00,2.674E-03,2.239E+00,2.275E+00,1.001E-01,4.176E+00,1.672E+00,-6.282E-02,1.873E+00,1.884E+00,3.142E+00,-6.403E-04,2.696E+00,2.685E+00,1.302E-01,3.473E+00,1.800E+00,-1.762E-01,2.277E+00,1.475E+00,3.142E+00,-1.135E-03,2.429E+00,2.412E+00,8.151E-02,5.277E+00
13,0.000E+00,2.047E-02,1.062E-04,0.000E+00,8.789E-06,1.731E-04,2.057E-02,6.111E-02,2.705E+00,1.862E+00,-2.103E-01,2.298E+00,1.338E+00,3.142E+00,2.679E-03,2.248E+00,2.285E+00,9.949E-02,4.201E+00,1.671E+00,-7.380E-02,1.939E+00,1.890E+00,3.142E+00,-4.637E-04,2.691E+00,2.683E+00,1.299E-01,3.481E+00,1.800E+00,-1.833E-01,2.310E+00,1.485E+00,3.142E+00,-7.636E-04,2.420E+00,2.409E+00,8.082E-02,5.319E+00
14,0.000E+00,2.064E-02,9.585E-05,0.000E+00,9.473E-06,1.809E-04,2.076E-02,6.167E-02,2.729E+00,1.862E+00,-2.152E-01,2.312E+00,1.347E+00,3.142E+00,2.682E-03,2.252E+00,2.289E+00,9.917E-02,4.214E+00,1.671E+00,-7.929E-02,1.971E+00,1.893E+00,3.142E+00,-3.753E-04,2.689E+00,2.682E+00,1.298E-01,3.485E+00,1.800E+00,-1.869E-01,2.327E+00,1.490E+00,3.142E+00,-5.781E-04,2.416E+00,2.407E+00,8.048E-02,5.340E+00
15,0.000E+00,2.081E-02,8.555E-05,0.000E+00,1.016E-05,1.887E-04,2.095E-02,6.223E-02,2.752E+00,1.862E+00,-2.202E-01,2.326E+00,1.357E+00,3.142E+00,2.685E-03,2.257E+00,2.294E+00,9.885E-02,4.226E+00,1.671E+00,-8.478E-02,2.004E+00,1.896E+00,3.142E+00,-2.870E-04,2.686E+00,2.681E+00,1.296E-01,3.489E+00,1.800E+00,-1.905E-01,2.344E+00,1.496E+00,3.142E+00,-3.927E-04,2.411E+00,2.405E+00,8.014E-02,5.361E+00
16,0.000E+00,2.116E-02,6.494E-05,0.000E+00,1.152E-05,2.042E-04,2.133E-02,6.336E-02,2.800E+00,1.862E+00,-2.300E-01,2.355E+00,1.376E+00,3.142E+00,2.690E-03,2.266E+00,2.303E+00,9.820E-02,4.251E+00,1.670E+00,-9.575E-02,2.070E+00,1.901E+00,3.142E+00,-1.103E-04,2.681E+00,2.679E+00,1.293E-01,3.497E+00,1.799E+00,-1.976E-01,2.377E+00,1.506E+00,3.142E+00,-2.173E-05,2.402E+00,2.402E+00,7.946E-02,5.404E+00
17,0.000E+00,2.150E-02,4.434E-05,0.000E+00,1.289E-05,2.197E-04,2.170E-02,6.448E-02,2.847E+00,1.861E+00,-2.399E-01,2.384E+00,1.395E+00,3.142E+00,2.695E-03,2.275E+00,2.313E+00,9.756E-02,4.276E+00,1.670E+00,-1.067E-01,2.135E+00,1.907E+00,3.142E+00,6.632E-05,2.676E+00,2.677E+00,1.290E-01,3.505E+00,1.799E+00,-2.048E-01,2.411E+00,1.516E+00,3.142E+00,3.492E-04,2.393E+00,2.398E+00,7.878E-02,5.446E+00
18,0.000E+00,2.184E-02,2.373E-05,0.000E+00,1.426E-05,2.353E-04,2.208E-02,6.560E-02,2.895E+00,1.861E+00,-2.498E-01,2.413E+00,1.414E+00,3.142E+00,2.700E-03,2.284E+00,2.322E+00,9.692E-02,4.302E+00,1.670E+00,-1.177E-01,2.201E+00,1.913E+00,3.142E+00,2.430E-04,2.670E+00,2.675E+00,1.287E-01,3.513E+00,1.799E+00,-2.119E-01,2.444E+00,1.526E+00,3.142E+00,7.201E-04,2.384E+00,2.394E+00,7.810E-02,5.488E+00
19,0.000E+00,2.201E-02,1.343E-05,0.000E+00,1.494E-05,2.430E-04,2.227E-02,6.616E-02,2.919E+00,1.861E+00,-2.547E-01,2.428E+00,1.424E+00,3.142E+00,2.703E-03,2.289E+00,2.327E+00,9.660E-02,4.314E+00,1.669E+00,-1.232E-01,2.233E+00,1.916E+00,3.142E+00,3.313E-04,2.668E+00,2.673E+00,1.285E-01,3.517E+00,1.798E+00,-2.155E-01,2.461E+00,1.531E+00,3.142E+00,9.056E-04,2.379E+00,2.393E+00,7.775E-02,5.509E+00
20,0.000E+00,2.218E-02,3.125E-06,0.000E+00,1.563E-05,2.508E-04,2.246E-02,6.673E-02,2.942E+00,1.861E+00,-2.597E-01,2.442E+00,1.434E+00,3.142E+00,2.706E-03,2.293E+00,2.331E+00,9.628E-02,4.327E+00,1.669E+00,-1.287E-01,2.266E+00,1.919E+00,3.142E+00,4.196E-04,2.665E+00,2.672E+00,1.284E-01,3.521E+00,1.798E+00,-2.191E-01,2.477E+00,1.537E+00,3.142E+00,1.091E-03,2.375E+00,2.391E+00,7.741E-02,5.531E+00
21,0.000E+00,2.290E-02,2.734E-06,0.000E+00,1.973E-05,2.658E-04,2.308E-02,6.866E-02,3.031E+00,1.857E+00,-2.720E-01,2.544E+00,1.440E+00,3.142E+00,1.741E-03,2.308E+00,2.333E+00,9.603E-02,4.337E+00,1.670E+00,-1.305E-01,2.273E+00,1.923E+00,3.142E+00,7.159E-04,2.660E+00,2.672E+00,1.281E-01,3.529E+00,1.794E+00,-2.223E-01,2.472E+00,1.568E+00,3.142E+00,1.100E-03,2.383E+00,2.399E+00,7.682E-02,5.572E+00
22,0.000E+00,2.362E-02,2.344E-06,0.000E+00,2.383E-05,2.809E-04,2.370E-02,7.058E-02,3.120E+00,1.854E+00,-2.844E-01,2.646E+00,1.447E+00,3.142E+00,7.769E-04,2.323E+00,2.334E+00,9.578E-02,4.347E+00,1.670E+00,-1.323E-01,2.279E+00,1.927E+00,3.142E+00,1.012E-03,2.654E+00,2.671E+00,1.277E-01,3.538E+00,1.791E+00,-2.255E-01,2.466E+00,1.600E+00,3.142E+00,1.110E-03,2.391E+00,2.407E+00,7.623E-02,5.614E+00
23,0.000E+00,2.433E-02,1.953E-06,0.000E+00,2.793E-05,2.959E-04,2.432E-02,7.251E-02,3.209E+00,1.851E+00,-2.967E-01,2.748E+00,1.453E+00,3.142E+00,-1.874E-04,2.338E+00,2.335E+00,9.553E-02,4.358E+00,1.670E+00,-1.340E-01,2.286E+00,1.930E+00,3.142E+00,1.308E-03,2.648E+00,2.670E+00,1.274E-01,3.546E+00,1.787E+00,-2.287E-01,2.460E+00,1.632E+00,3.142E+00,1.119E-03,2.399E+00,2.416E+00,7.563E-02,5.656E+00
24,0.000E+00,2.469E-02,1.758E-06,0.000E+00,2.998E-05,3.034E-04,2.463E-02,7.348E-02,3.253E+00,1.850E+00,-3.029E-01,2.799E+00,1.456E+00,3.142E+00,-6.696E-04,2.346E+00,2.336E+00,9.541E-02,4.363E+00,1.670E+00,-1.349E-01,2.289E+00,1.932E+00,3.142E+00,1.457E-03,2.645E+00,2.669E+00,1.273E-01,3.550E+00,1.785E+00,-2.303E-01,2.457E+00,1.648E+00,3.142E+00,1.124E-03,2.403E+00,2.420E+00,7.534E-02,5.676E+00
25,0.000E+00,2.505E-02,1.562E-06,0.000E+00,3.203E-05,3.109E-04,2.494E-02,7.444E-02,3.297E+00,1.849E+00,-3.091E-01,2.850E+00,1.460E+00,3.142E+00,-1.152E-03,2.354E+00,2.336E+00,9.529E-02,4.368E+00,1.670E+00,-1.358E-01,2.293E+00,1.934E+00,3.142E+00,1.605E-03,2.642E+00,2.669E+00,1.271E-01,3.555E+00,1.783E+00,-2.319E-01,2.454E+00,1.664E+00,3.142E+00,1.128E-03,2.407E+00,2.424E+00,7.504E-02,5.697E+00
26,0.000E+00,2.577E-02,1.172E-06,0.000E+00,3.613E-05,3.260E-04,2.557E-02,7.637E-02,3.386E+00,1.847E+00,-3.214E-01,2.952E+00,1.466E+00,3.142E+00,-2.116E-03,2.369E+00,2.338E+00,9.504E-02,4.379E+00,1.670E+00,-1.376E-01,2.299E+00,1.938E+00,3.142E+00,1.901E-03,2.637E+00,2.668E+00,1.268E-01,3.563E+00,1.780E+00,-2.351E-01,2.448E+00,1.695E+00,3.142E+00,1.138E-03,2.415E+00,2.432E+00,7.445E-02,5.739E+00
27,0.000E+00,2.648E-02,7.812E-07,0.000E+00,4.023E-05,3.410E-04,2.619E-02,7.830E-02,3.475E+00,1.845E+00,-3.338E-01,3.054E+00,1.473E+00,3.142E+00,-3.080E-03,2.384E+00,2.339E+00,9.479E-02,4.389E+00,1.670E+00,-1.394E-01,2.306E+00,1.942E+00,3.142E+00,2.197E-03,2.631E+00,2.667E+00,1.265E-01,3.572E+00,1.777E+00,-2.383E-01,2.443E+00,1.727E+00,3.142E+00,1.147E-03,2.423E+00,2.440E+00,7.385E-02,5.780E+00
28,0.000E+00,2.720E-02,3.906E-07,0.000E+00,4.434E-05,3.561E-04,2.681E-02,8.023E-02,3.564E+00,1.843E+00,-3.461E-01,3.156E+00,1.479E+00,3.142E+00,-4.045E-03,2.399E+00,2.340E+00,9.454E-02,4.399E+00,1.670E+00,-1.412E-01,2.313E+00,1.946E+00,3.142E+00,2.493E-03,2.625E+00,2.666E+00,1.261E-01,3.580E+00,1.773E+00,-2.415E-01,2.437E+00,1.759E+00,3.142E+00,1.156E-03,2.431E+00,2.449E+00,7.326E-02,5.822E+00
29,0.000E+00,2.756E-02,1.953E-07,0.000E+00,4.639E-05,3.636E-04,2.712E-02,8.119E-02,3.608E+00,1.843E+00,-3.523E-01,3.207E+00,1.483E+00,3.142E+00,-4.527E-03,2.406E+00,2.341E+00,9.442E-02,4.404E+00,1.670E+00,-1.421E-01,2.316E+00,1.948E+00,3.142E+00,2.641E-03,2.622E+00,2.666E+00,1.260E-01,3.584E+00,1.772E+00,-2.431E-01,2.434E+00,1.775E+00,3.142E+00,1.161E-03,2.435E+00,2.453E+00,7.296E-02,5.843E+00
30,0.000E+00,2.792E-02,0.000E+00,0.000E+00,4.844E-05,3.711E-04,2.743E-02,8.216E-02,3.653E+00,1.842E+00,-3.585E-01,3.258E+00,1.486E+00,3.142E+00,-5.009E-03,2.414E+00,2.341E+00,9.429E-02,4.410E+00,1.670E+00,-1.429E-01,2.319E+00,1.950E+00,3.142E+00,2.790E-03,2.619E+00,2.666E+00,1.258E-01,3.589E+00,1.770E+00,-2.447E-01,2.431E+00,1.791E+00,3.142E+00,1.166E-03,2.439E+00,2.457E+00,7.267E-02,5.864E+00
31,0.000E+00,2.963E-02,0.000E+00,0.000E+00,7.197E-05,4.579E-04,2.925E-02,8.751E-02,3.888E+00,1.838E+00,-3.842E-01,3.647E+00,1.456E+00,3.142E+00,-3.890E-03,2.403E+00,2.347E+00,9.353E-02,4.445E+00,1.666E+00,-1.507E-01,2.388E+00,1.959E+00,3.142E+00,2.698E-03,2.619E+00,2.663E+00,1.257E-01,3.592E+00,1.763E+00,-2.525E-01,2.528E+00,1.800E+00,3.142E+00,8.658E-04,2.455E+00,2.468E+00,7.269E-02,5.862E+00
32,0.000E+00,3.049E-02,0.000E+00,0.000E+00,8.374E-05,5.013E-04,3.016E-02,9.019E-02,4.005E+00,1.838E+00,-3.970E-01,3.841E+00,1.442E+00,3.142E+00,-3.331E-03,2.397E+00,2.349E+00,9.314E-02,4.462E+00,1.665E+00,-1.546E-01,2.422E+00,1.963E+00,3.142E+00,2.652E-03,2.618E+00,2.662E+00,1.257E-01,3.593E+00,1.760E+00,-2.564E-01,2.576E+00,1.805E+00,3.142E+00,7.158E-04,2.463E+00,2.473E+00,7.270E-02,5.861E+00
33,0.000E+00,3.134E-02,0.000E+00,0.000E+00,9.551E-05,5.447E-04,3.107E-02,9.286E-02,4.123E+00,1.838E+00,-4.099E-01,4.036E+00,1.427E+00,3.142E+00,-2.772E-03,2.392E+00,2.352E+00,9.276E-02,4.480E+00,1.663E+00,-1.585E-01,2.456E+00,1.968E+00,3.142E+00,2.606E-03,2.618E+00,2.661E+00,1.256E-01,3.594E+00,1.756E+00,-2.603E-01,2.625E+00,1.810E+00,3.142E+00,5.658E-04,2.471E+00,2.479E+00,7.271E-02,5.860E+00
34,0.000E+00,3.220E-02,0.000E+00,0.000E+00,1.073E-04,5.881E-04,3.198E-02,9.554E-02,4.241E+00,1.839E+00,-4.227E-01,4.231E+00,1.412E+00,3.142E+00,-2.213E-03,2.386E+00,2.354E+00,9.237E-02,4.497E+00,1.661E+00,-1.624E-01,2.491E+00,1.973E+00,3.142E+00,2.560E-03,2.618E+00,2.660E+00,1.255E-01,3.596E+00,1.753E+00,-2.642E-01,2.673E+00,1.815E+00,3.142E+00,4.158E-04,2.479E+00,2.484E+00,7.273E-02,5.859E+00
35,0.000E+00,3.306E-02,0.000E+00,0.000E+00,1.190E-04,6.315E-04,3.289E-02,9.822E-02,4.358E+00,1.841E+00,-4.356E-01,4.425E+00,1.397E+00,3.142E+00,-1.653E-03,2.381E+00,2.357E+00,9.199E-02,4.515E+00,1.660E+00,-1.663E-01,2.525E+00,1.977E+00,3.142E+00,2.514E-03,2.617E+00,2.659E+00,1.255E-01,3.597E+00,1.750E+00,-2.681E-01,2.722E+00,1.820E+00,3.142E+00,2.658E-04,2.486E+00,2.490E+00,7.274E-02,5.858E+00
36,0.000E+00,3.391E-02,0.000E+00,0.000E+00,1.308E-04,6.750E-04,3.380E-02,1.009E-01,4.476E+00,1.844E+00,-4.485E-01,4.620E+00,1.383E+00,3.142E+00,-1.094E-03,2.376E+00,2.360E+00,9.160E-02,4.532E+00,1.658E+00,-1.702E-01,2.559E+00,1.982E+00,3.142E+00,2.468E-03,2.617E+00,2.658E+00,1.254E-01,3.599E+00,1.747E+00,-2.720E-01,2.770E+00,1.824E+00,3.142E+00,1.158E-04,2.494E+00,2.495E+00,7.275E-02,5.858E+00
37,0.000E+00,3.477E-02,0.000E+00,0.000E+00,1.426E-04,7.184E-04,3.472E-02,1.036E-01,4.593E+00,1.847E+00,-4.613E-01,4.814E+00,1.368E+00,3.142E+00,-5.347E-04,2.370E+00,2.362E+00,9.122E-02,4.549E+00,1.657E+00,-1.741E-01,2.593E+00,1.986E+00,3.142E+00,2.422E-03,2.617E+00,2.657E+00,1.254E-01,3.600E+00,1.744E+00,-2.759E-01,2.819E+00,1.829E+00,3.142E+00,-3.415E-05,2.502E+00,2.501E+00,7.276E-02,5.857E+00
38,0.000E+00,3.563E-02,0.000E+00,0.000E+00,1.543E-04,7.618E-04,3.563E-02,1.062E-01,4.711E+00,1.850E+00,-4.742E-01,5.009E+00,1.353E+00,3.142E+00,2.462E-05,2.365E+00,2.365E+00,9.083E-02,4.567E+00,1.655E+00,-1.780E-01,2.628E+00,1.991E+00,3.142E+00,2.376E-03,2.617E+00,2.656E+00,1.253E-01,3.602E+00,1.741E+00,-2.798E-01,2.867E+00,1.834E+00,3.142E+00,-1.841E-04,2.510E+00,2.507E+00,7.277E-02,5.856E+00
39,0.000E+00,3.648E-02,0.000E+00,0.000E+00,1.661E-04,8.052E-04,3.654E-02,1.089E-01,4.828E+00,1.854E+00,-4.870E-01,5.204E+00,1.338E+00,3.142E+00,5.839E-04,2.359E+00,2.368E+00,9.045E-02,4.584E+00,1.654E+00,-1.819E-01,2.662E+00,1.995E+00,3.142E+00,2.330E-03,2.616E+00,2.655E+00,1.253E-01,3.603E+00,1.738E+00,-2.837E-01,2.916E+00,1.839E+00,3.142E+00,-3.341E-04,2.518E+00,2.512E+00,7.279E-02,5.855E+00
40,0.000E+00,3.734E-02,0.000E+00,0.000E+00,1.779E-04,8.486E-04,3.745E-02,1.116E-01,4.946E+00,1.859E+00,-4.999E-01,5.398E+00,1.323E+00,3.142E+00,1.143E-03,2.354E+00,2.370E+00,9.006E-02,4.602E+00,1.653E+00,-1.858E-01,2.696E+00,2.000E+00,3.142E+00,2.284E-03,2.616E+00,2.653E+00,1.252E-01,3.605E+00,1.735E+00,-2.876E-01,2.964E+00,1.844E+00,3.142E+00,-4.841E-04,2.525E+00,2.518E+00,7.280E-02,5.854E+00
41,0.000E+00,3.819E-02,0.000E+00,0.000E+00,1.896E-04,8.920E-04,3.836E-02,1.143E-01,5.064E+00,1.864E+00,-5.128E-01,5.593E+00,1.309E+00,3.142E+00,1.702E-03,2.348E+00,2.373E+00,8.968E-02,4.619E+00,1.651E+00,-1.897E-01,2.730E+00,2.005E+00,3.142E+00,2.238E-03,2.616E+00,2.652E+00,1.252E-01,3.606E+00,1.733E+00,-2.915E-01,3.013E+00,1.849E+00,3.142E+00,-6.341E-04,2.533E+00,2.523E+00,7.281E-02,5.853E+00
42,0.000E+00,3.905E-02,0.000E+00,0.000E+00,2.014E-04,9.354E-04,3.927E-02,1.170E-01,5.181E+00,1.870E+00,-5.256E-01,5.787E+00,1.294E+00,3.142E+00,2.262E-03,2.343E+00,2.375E+00,8.929E-02,4.637E+00,1.650E+00,-1.936E-01,2.765E+00,2.009E+00,3.142E+00,2.192E-03,2.615E+00,2.651E+00,1.251E-01,3.608E+00,1.730E+00,-2.954E-01,3.061E+00,1.853E+00,3.142E+00,-7.841E-04,2.541E+00,2.529E+00,7.282E-02,5.852E+00
43,0.000E+00,3.991E-02,0.000E+00,0.000E+00,2.132E-04,9.788E-04,4.018E-02,1.196E-01,5.299E+00,1.875E+00,-5.385E-01,5.982E+00,1.279E+00,3.142E+00,2.821E-03,2.337E+00,2.378E+00,8.891E-02,4.654E+00,1.649E+00,-1.975E-01,2.799E+00,2.014E+00,3.142E+00,2.146E-03,2.615E+00,2.650E+00,1.251E-01,3.609E+00,1.728E+00,-2.993E-01,3.110E+00,1.858E+00,3.142E+00,-9.341E-04,2.549E+00,2.534E+00,7.283E-02,5.851E+00
44,0.000E+00,4.076E-02,0.000E+00,0.000E+00,2.250E-04,1.022E-03,4.109E-02,1.223E-01,5.416E+00,1.882E+00,-5.513E-01,6.177E+00,1.264E+00,3.142E+00,3.380E-03,2.332E+00,2.381E+00,8.853E-02,4.672E+00,1.648E+00,-2.013E-01,2.833E+00,2.018E+00,3.142E+00,2.100E-03,2.615E+00,2.649E+00,1.250E-01,3.610E+00,1.725E+00,-3.032E-01,3.158E+00,1.863E+00,3.142E+00,-1.084E-03,2.557E+00,2.540E+00,7.285E-02,5.851E+00
45,0.000E+00,4.162E-02,0.000E+00,0.000E+00,2.367E-04,1.066E-03,4.200E-02,1.250E-01,5.534E+00,1.888E+00,-5.642E-01,6.371E+00,1.250E+00,3.142E+00,3.940E-03,2.327E+00,2.383E+00,8.814E-02,4.689E+00,1.647E+00,-2.052E-01,2.867E+00,2.023E+00,3.142E+00,2.054E-03,2.614E+00,2.648E+00,1.250E-01,3.612E+00,1.723E+00,-3.071E-01,3.207E+00,1.868E+00,3.142E+00,-1.234E-03,2.565E+00,2.545E+00,7.286E-02,5.850E+00
46,0.000E+00,4.358E-02,0.000E+00,0.000E+00,2.578E-04,1.180E-03,4.388E-02,1.306E-01,5.789E+00,1.878E+00,-5.817E-01,7.177E+00,1.234E+00,3.142E+00,4.723E-03,2.290E+00,2.356E+00,8.820E-02,4.687E+00,1.647E+00,-2.179E-01,3.045E+00,1.977E+00,3.142E+00,1.049E-03,2.650E+00,2.666E+00,1.246E-01,3.621E+00,1.711E+00,-2.869E-01,3.004E+00,1.951E+00,3.142E+00,7.900E-04,2.523E+00,2.535E+00,7.237E-02,5.887E+00
47,0.000E+00,4.555E-02,0.000E+00,0.000E+00,2.789E-04,1.295E-03,4.575E-02,1.362E-01,6.043E+00,1.872E+00,-5.991E-01,7.983E+00,1.218E+00,3.142E+00,5.506E-03,2.253E+00,2.329E+00,8.825E-02,4.684E+00,1.649E+00,-2.305E-01,3.222E+00,1.931E+00,3.142E+00,4.373E-05,2.685E+00,2.685E+00,1.243E-01,3.630E+00,1.701E+00,-2.667E-01,2.801E+00,2.034E+00,3.142E+00,2.814E-03,2.482E+00,2.524E+00,7.187E-02,5.924E+00
48,0.000E+00,4.751E-02,0.000E+00,0.000E+00,3.000E-04,1.410E-03,4.763E-02,1.417E-01,6.298E+00,1.869E+00,-6.166E-01,8.790E+00,1.202E+00,3.142E+00,6.290E-03,2.216E+00,2.301E+00,8.831E-02,4.681E+00,1.652E+00,-2.431E-01,3.400E+00,1.884E+00,3.142E+00,-9.612E-04,2.721E+00,2.704E+00,1.240E-01,3.640E+00,1.693E+00,-2.464E-01,2.598E+00,2.118E+00,3.142E+00,4.838E-03,2.441E+00,2.514E+00,7.138E-02,5.962E+00
49,0.000E+00,4.849E-02,0.000E+00,0.000E+00,3.105E-04,1.467E-03,4.856E-02,1.445E-01,6.426E+00,1.868E+00,-6.253E-01,9.193E+00,1.194E+00,3.142E+00,6.681E-03,2.198E+00,2.288E+00,8.834E-02,4.680E+00,1.654E+00,-2.494E-01,3.489E+00,1.861E+00,3.142E+00,-1.464E-03,2.738E+00,2.713E+00,1.238E-01,3.644E+00,1.691E+00,-2.363E-01,2.496E+00,2.159E+00,3.142E+00,5.850E-03,2.420E+00,2.509E+00,7.114E-02,5.981E+00
50,0.000E+00,4.948E-02,0.000E+00,0.000E+00,3.211E-04,1.524E-03,4.950E-02,1.473E-01,6.553E+00,1.868E+00,-6.341E-01,9.596E+00,1.186E+00,3.142E+00,7.073E-03,2.179E+00,2.274E+00,8.837E-02,4.678E+00,1.657E+00,-2.557E-01,3.578E+00,1.838E+00,3.142E+00,-1.966E-03,2.756E+00,2.722E+00,1.236E-01,3.649E+00,1.688E+00,-2.262E-01,2.395E+00,2.201E+00,3.142E+00,6.862E-03,2.399E+00,2.503E+00,7.089E-02,5.999E+00
51,0.000E+00,5.222E-02,0.000E+00,0.000E+00,4.156E-04,1.757E-03,5.236E-02,1.557E-01,6.930E+00,1.833E+00,-6.475E-01,1.139E+01,1.207E+00,3.142E+00,6.982E-03,2.192E+00,2.286E+00,8.805E-02,4.694E+00,1.648E+00,-2.621E-01,3.746E+00,1.843E+00,3.142E+00,-1.784E-03,2.753E+00,2.722E+00,1.234E-01,3.654E+00,1.574E+00,-2.796E-01,4.360E+00,2.091E+00,3.142E+00,5.535E-03,2.420E+00,2.504E+00,7.132E-02,5.967E+00
52,0.000E+00,5.496E-02,0.000E+00,0.000E+00,5.102E-04,1.991E-03,5.522E-02,1.641E-01,7.306E+00,1.805E+00,-6.610E-01,1.319E+01,1.228E+00,3.142E+00,6.891E-03,2.205E+00,2.298E+00,8.773E-02,4.710E+00,1.639E+00,-2.684E-01,3.915E+00,1.848E+00,3.142E+00,-1.603E-03,2.750E+00,2.722E+00,1.232E-01,3.660E+00,1.534E+00,-3.329E-01,6.326E+00,1.981E+00,3.142E+00,4.208E-03,2.441E+00,2.504E+00,7.176E-02,5.935E+00
53,0.000E+00,5.770E-02,0.000E+00,0.000E+00,6.047E-04,2.224E-03,5.808E-02,1.725E-01,7.683E+00,1.781E+00,-6.745E-01,1.498E+01,1.249E+00,3.142E+00,6.800E-03,2.217E+00,2.310E+00,8.741E-02,4.726E+00,1.632E+00,-2.748E-01,4.084E+00,1.853E+00,3.142E+00,-1.421E-03,2.747E+00,2.722E+00,1.230E-01,3.665E+00,1.529E+00,-3.863E-01,8.291E+00,1.871E+00,3.142E+00,2.881E-03,2.462E+00,2.505E+00,7.219E-02,5.902E+00
54,0.000E+00,5.907E-02,0.000E+00,0.000E+00,6.520E-04,2.340E-03,5.951E-02,1.767E-01,7.871E+00,1.771E+00,-6.813E-01,1.588E+01,1.259E+00,3.142E+00,6.754E-03,2.224E+00,2.316E+00,8.725E-02,4.734E+00,1.628E+00,-2.779E-01,4.168E+00,1.855E+00,3.142E+00,-1.330E-03,2.745E+00,2.722E+00,1.230E-01,3.668E+00,1.534E+00,-4.130E-01,9.274E+00,1.816E+00,3.142E+00,2.217E-03,2.472E+00,2.505E+00,7.240E-02,5.886E+00
55,0.000E+00,6.045E-02,0.000E+00,0.000E+00,6.992E-04,2.457E-03,6.095E-02,1.808E-01,8.059E+00,1.762E+00,-6.880E-01,1.678E+01,1.270E+00,3.142E+00,6.709E-03,2.230E+00,2.322E+00,8.709E-02,4.742E+00,1.624E+00,-2.811E-01,4.252E+00,1.857E+00,3.142E+00,-1.239E-03,2.744E+00,2.722E+00,1.229E-01,3.671E+00,1.543E+00,-4.397E-01,1.026E+01,1.761E+00,3.142E+00,1.553E-03,2.483E+00,2.505E+00,7.262E-02,5.870E+00
56,0.000E+00,6.319E-02,0.000E+00,0.000E+00,7.937E-04,2.690E-03,6.381E-02,1.892E-01,8.436E+00,1.744E+00,-7.015E-01,1.858E+01,1.290E+00,3.142E+00,6.618E-03,2.243E+00,2.334E+00,8.677E-02,4.757E+00,1.618E+00,-2.875E-01,4.421E+00,1.862E+00,3.142E+00,-1.058E-03,2.741E+00,2.722E+00,1.227E-01,3.676E+00,1.570E+00,-4.930E-01,1.222E+01,1.651E+00,3.142E+00,2.262E-04,2.503E+00,2.506E+00,7.305E-02,5.838E+00
57,0.000E+00,6.593E-02,0.000E+00,0.000E+00,8.883E-04,2.923E-03,6.667E-02,1.976E-01,8.812E+00,1.730E+00,-7.150E-01,2.037E+01,1.311E+00,3.142E+00,6.527E-03,2.255E+00,2.346E+00,8.645E-02,4.773E+00,1.611E+00,-2.938E-01,4.589E+00,1.867E+00,3.142E+00,-8.759E-04,2.738E+00,2.722E+00,1.225E-01,3.682E+00,1.606E+00,-5.464E-01,1.419E+01,1.542E+00,3.142E+00,-1.101E-03,2.524E+00,2.506E+00,7.348E-02,5.806E+00
58,0.000E+00,6.867E-02,0.000E+00,0.000E+00,9.828E-04,3.157E-03,6.953E-02,2.060E-01,9.189E+00,1.717E+00,-7.285E-01,2.217E+01,1.332E+00,3.142E+00,6.436E-03,2.268E+00,2.358E+00,8.613E-02,4.789E+00,1.606E+00,-3.002E-01,4.758E+00,1.872E+00,3.142E+00,-6.942E-04,2.735E+00,2.723E+00,1.223E-01,3.687E+00,1.651E+00,-5.997E-01,1.615E+01,1.432E+00,3.142E+00,-2.428E-03,2.545E+00,2.507E+00,7.391E-02,5.774E+00
59,0.000E+00,7.004E-02,0.000E+00,0.000E+00,1.030E-03,3.273E-03,7.096E-02,2.102E-01,9.377E+00,1.711E+00,-7.352E-01,2.307E+01,1.343E+00,3.142E+00,6.390E-03,2.274E+00,2.364E+00,8.597E-02,4.797E+00,1.603E+00,-3.033E-01,4.842E+00,1.874E+00,3.142E+00,-6.034E-04,2.733E+00,2.723E+00,1.222E-01,3.690E+00,1.676E+00,-6.264E-01,1.714E+01,1.377E+00,3.142E+00,-3.092E-03,2.556E+00,2.507E+00,7.413E-02,5.757E+00
60,0.000E+00,7.142E-02,0.000E+00,0.000E+00,1.077E-03,3.390E-03,7.239E-02,2.143E-01,9.565E+00,1.706E+00,-7.419E-01,2.396E+01,1.353E+00,3.142E+00,6.345E-03,2.281E+00,2.370E+00,8.581E-02,4.805E+00,1.600E+00,-3.065E-01,4.927E+00,1.877E+00,3.142E+00,-5.125E-04,2.731E+00,2.723E+00,1.221E-01,3.693E+00,1.703E+00,-6.531E-01,1.812E+01,1.322E+00,3.142E+00,-3.755E-03,2.566E+00,2.507E+00,7.435E-02,5.741E+00
61,0.000E+00,7.556E-02,0.000E+00,3.906E-07,1.246E-03,3.693E-03,7.678E-02,2.271E-01,1.014E+01,1.679E+00,-7.201E-01,2.221E+01,1.427E+00,3.142E+00,4.304E-03,2.303E+00,2.363E+00,8.673E-02,4.760E+00,1.597E+00,-3.159E-01,5.196E+00,1.856E+00,3.142E+00,-4.618E-04,2.722E+00,2.714E+00,1.222E-01,3.689E+00,1.698E+00,-6.372E-01,1.726E+01,1.328E+00,3.142E+00,-2.268E-03,2.524E+00,2.487E+00,7.346E-02,5.808E+00
62,0.000E+00,7.971E-02,0.000E+00,7.812E-07,1.414E-03,3.996E-03,8.117E-02,2.398E-01,1.071E+01,1.656E+00,-6.983E-01,2.045E+01,1.500E+00,3.142E+00,2.264E-03,2.325E+00,2.356E+00,8.764E-02,4.715E+00,1.595E+00,-3.253E-01,5.465E+00,1.836E+00,3.142E+00,-4.110E-04,2.712E+00,2.705E+00,1.223E-01,3.686E+00,1.694E+00,-6.212E-01,1.639E+01,1.335E+00,3.142E+00,-7.805E-04,2.481E+00,2.468E+00,7.257E-02,5.874E+00
63,0.000E+00,8.386E-02,0.000E+00,1.172E-06,1.582E-03,4.299E-03,8.556E-02,2.525E-01,1.128E+01,1.636E+00,-6.764E-01,1.869E+01,1.574E+00,3.142E+00,2.240E-04,2.347E+00,2.349E+00,8.855E-02,4.671E+00,1.594E+00,-3.347E-01,5.734E+00,1.816E+00,3.142E+00,-3.603E-04,2.702E+00,2.696E+00,1.224E-01,3.682E+00,1.691E+00,-6.053E-01,1.553E+01,1.342E+00,3.142E+00,7.070E-04,2.438E+00,2.448E+00,7.168E-02,5.941E+00
64,0.000E+00,8.593E-02,0.000E+00,1.367E-06,1.666E-03,4.450E-03,8.775E-02,2.589E-01,1.157E+01,1.628E+00,-6.655E-01,1.781E+01,1.611E+00,3.142E+00,-7.961E-04,2.358E+00,2.346E+00,8.901E-02,4.648E+00,1.593E+00,-3.393E-01,5.869E+00,1.806E+00,3.142E+00,-3.349E-04,2.697E+00,2.692E+00,1.225E-01,3.681E+00,1.690E+00,-5.973E-01,1.510E+01,1.345E+00,3.142E+00,1.451E-03,2.417E+00,2.438E+00,7.124E-02,5.974E+00
65,0.000E+00,8.801E-02,0.000E+00,1.562E-06,1.750E-03,4.602E-03,8.995E-02,2.652E-01,1.186E+01,1.620E+00,-6.546E-01,1.693E+01,1.648E+00,3.142E+00,-1.816E-03,2.368E+00,2.342E+00,8.946E-02,4.626E+00,1.593E+00,-3.440E-01,6.004E+00,1.796E+00,3.142E+00,-3.095E-04,2.693E+00,2.687E+00,1.226E-01,3.679E+00,1.689E+00,-5.893E-01,1.467E+01,1.348E+00,3.142E+00,2.194E-03,2.396E+00,2.428E+00,7.079E-02,6.007E+00
66,0.000E+00,9.357E-02,0.000E+00,1.367E-06,2.147E-03,5.342E-03,9.580E-02,2.822E-01,1.264E+01,1.597E+00,-6.268E-01,1.555E+01,1.726E+00,3.142E+00,-2.466E-03,2.361E+00,2.326E+00,8.908E-02,4.645E+00,1.576E+00,-3.572E-01,6.679E+00,1.796E+00,3.142E+00,3.209E-04,2.679E+00,2.684E+00,1.221E-01,3.691E+00,1.654E+00,-5.767E-01,1.422E+01,1.451E+00,3.142E+00,3.900E-03,2.379E+00,2.436E+00,7.045E-02,6.035E+00
67,0.000E+00,9.914E-02,0.000E+00,1.172E-06,2.543E-03,6.083E-03,1.017E-01,2.991E-01,1.342E+01,1.578E+00,-5.989E-01,1.417E+01,1.805E+00,3.142E+00,-3.116E-03,2.354E+00,2.310E+00,8.869E-02,4.663E+00,1.562E+00,-3.705E-01,7.354E+00,1.795E+00,3.142E+00,9.513E-04,2.665E+00,2.680E+00,1.217E-01,3.704E+00,1.623E+00,-5.641E-01,1.376E+01,1.553E+00,3.142E+00,5.606E-03,2.361E+00,2.444E+00,7.010E-02,6.062E+00
68,0.000E+00,1.047E-01,0.000E+00,9.766E-07,2.940E-03,6.823E-03,1.075E-01,3.161E-01,1.420E+01,1.562E+00,-5.711E-01,1.279E+01,1.883E+00,3.142E+00,-3.767E-03,2.346E+00,2.294E+00,8.831E-02,4.681E+00,1.551E+00,-3.837E-01,8.029E+00,1.795E+00,3.142E+00,1.582E-03,2.650E+00,2.677E+00,1.213E-01,3.716E+00,1.594E+00,-5.516E-01,1.331E+01,1.656E+00,3.142E+00,7.312E-03,2.344E+00,2.451E+00,6.976E-02,6.090E+00
69,0.000E+00,1.075E-01,0.000E+00,8.789E-07,3.138E-03,7.194E-03,1.104E-01,3.246E-01,1.459E+01,1.556E+00,-5.572E-01,1.210E+01,1.923E+00,3.142E+00,-4.092E-03,2.343E+00,2.286E+00,8.812E-02,4.691E+00,1.546E+00,-3.903E-01,8.367E+00,1.795E+00,3.142E+00,1.897E-03,2.643E+00,2.675E+00,1.211E-01,3.722E+00,1.580E+00,-5.453E-01,1.308E+01,1.707E+00,3.142E+00,8.165E-03,2.335E+00,2.455E+00,6.958E-02,6.103E+00
70,0.000E+00,1.103E-01,0.000E+00,7.812E-07,3.337E-03,7.564E-03,1.134E-01,3.330E-01,1.498E+01,1.551E+00,-5.433E-01,1.141E+01,1.962E+00,3.142E+00,-4.417E-03,2.339E+00,2.277E+00,8.792E-02,4.700E+00,1.542E+00,-3.969E-01,8.704E+00,1.794E+00,3.142E+00,2.212E-03,2.636E+00,2.673E+00,1.209E-01,3.728E+00,1.567E+00,-5.390E-01,1.286E+01,1.759E+00,3.142E+00,9.018E-03,2.326E+00,2.459E+00,6.941E-02,6.117E+00
71,0.000E+00,1.162E-01,0.000E+00,1.172E-06,3.493E-03,7.899E-03,1.196E-01,3.508E-01,1.578E+01,1.515E+00,-5.424E-01,1.180E+01,2.099E+00,3.142E+00,4.183E-03,2.232E+00,2.286E+00,8.874E-02,4.661E+00,1.549E+00,-3.876E-01,8.272E+00,1.785E+00,3.142E+00,8.207E-04,2.661E+00,2.674E+00,1.210E-01,3.725E+00,1.529E+00,-5.161E-01,1.204E+01,1.921E+00,3.142E+00,6.061E-03,2.386E+00,2.476E+00,7.101E-02,5.993E+00
72,0.000E+00,1.221E-01,0.000E+00,1.562E-06,3.650E-03,8.234E-03,1.258E-01,3.685E-01,1.658E+01,1.482E+00,-5.415E-01,1.218E+01,2.237E+00,3.142E+00,1.278E-02,2.125E+00,2.295E+00,8.957E-02,4.621E+00,1.557E+00,-3.783E-01,7.839E+00,1.776E+00,3.142E+00,-5.706E-04,2.685E+00,2.676E+00,1.211E-01,3.722E+00,1.495E+00,-4.932E-01,1.122E+01,2.083E+00,3.142E+00,3.105E-03,2.446E+00,2.493E+00,7.261E-02,5.868E+00
73,0.000E+00,1.276E-01,0.000E+00,1.172E-06,4.677E-03,9.811E-03,1.323E-01,3.871E-01,1.746E+01,1.452E+00,-5.197E-01,1.150E+01,2.403E+00,3.142E+00,6.016E-03,2.182E+00,2.262E+00,8.871E-02,4.662E+00,1.524E+00,-3.520E-01,7.217E+00,1.936E+00,3.142E+00,5.850E-04,2.632E+00,2.641E+00,1.220E-01,3.694E+00,1.480E+00,-4.810E-01,1.089E+01,2.156E+00,3.142E+00,4.100E-03,2.381E+00,2.441E+00,7.311E-02,5.832E+00
74,0.000E+00,1.332E-01,0.000E+00,7.812E-07,5.703E-03,1.139E-02,1.389E-01,4.056E-01,1.833E+01,1.425E+00,-4.979E-01,1.082E+01,2.569E+00,3.142E+00,-7.505E-04,2.238E+00,2.228E+00,8.786E-02,4.703E+00,1.497E+00,-3.257E-01,6.594E+00,2.097E+00,3.142E+00,1.741E-03,2.578E+00,2.606E+00,1.230E-01,3.667E+00,1.465E+00,-4.688E-01,1.055E+01,2.230E+00,3.142E+00,5.095E-03,2.315E+00,2.388E+00,7.360E-02,5.795E+00
75,0.000E+00,1.395E-01,0.000E+00,7.812E-07,6.732E-03,1.298E-02,1.462E-01,4.257E-01,1.929E+01,1.396E+00,-4.792E-01,1.060E+01,2.719E+00,3.142E+00,3.379E-05,2.247E+00,2.248E+00,8.778E-02,4.707E+00,1.489E+00,-3.253E-01,6.618E+00,2.140E+00,3.142E+00,1.769E-03,2.561E+00,2.589E+00,1.226E-01,3.679E+00,1.453E+00,-4.453E-01,9.583E+00,2.336E+00,3.142E+00,6.211E-03,2.299E+00,2.388E+00,7.361E-02,5.794E+00
76,0.000E+00,1.458E-01,0.000E+00,7.812E-07,7.761E-03,1.457E-02,1.535E-01,4.459E-01,2.025E+01,1.368E+00,-4.604E-01,1.038E+01,2.869E+00,3.142E+00,8.181E-04,2.257E+00,2.268E+00,8.771E-02,4.710E+00,1.480E+00,-3.248E-01,6.642E+00,2.182E+00,3.142E+00,1.798E-03,2.543E+00,2.572E+00,1.221E-01,3.691E+00,1.445E+00,-4.217E-01,8.615E+00,2.443E+00,3.142E+00,7.327E-03,2.284E+00,2.388E+00,7.362E-02,5.793E+00
77,0.000E+00,1.516E-01,0.000E+00,3.906E-07,8.903E-03,1.632E-02,1.605E-01,4.651E-01,2.118E+01,1.339E+00,-4.566E-01,1.011E+01,3.138E+00,3.142E+00,1.261E-02,2.048E+00,2.198E+00,8.630E-02,4.781E+00,1.462E+00,-3.159E-01,6.510E+00,2.284E+00,3.142E+00,3.032E-04,2.565E+00,2.570E+00,1.225E-01,3.680E+00,1.423E+00,-4.058E-01,8.153E+00,2.609E+00,3.142E+00,9.146E-03,2.203E+00,2.328E+00,7.159E-02,5.949E+00
78,0.000E+00,1.575E-01,0.000E+00,0.000E+00,1.005E-02,1.807E-02,1.674E-01,4.844E-01,2.210E+01,1.314E+00,-4.529E-01,9.835E+00,3.408E+00,3.142E+00,2.439E-02,1.840E+00,2.129E+00,8.489E-02,4.852E+00,1.445E+00,-3.070E-01,6.377E+00,2.386E+00,3.142E+00,-1.192E-03,2.587E+00,2.568E+00,1.229E-01,3.669E+00,1.404E+00,-3.899E-01,7.691E+00,2.775E+00,3.142E+00,1.096E-02,2.123E+00,2.268E+00,6.956E-02,6.105E+00
79,0.000E+00,1.614E-01,0.000E+00,3.906E-07,1.334E-02,2.294E-02,1.747E-01,5.014E-01,2.305E+01,1.282E+00,-4.313E-01,9.409E+00,3.710E+00,3.142E+00,3.480E-02,1.698E+00,2.084E+00,8.249E-02,4.984E+00,1.406E+00,-2.870E-01,6.109E+00,2.646E+00,3.142E+00,-9.943E-04,2.538E+00,2.522E+00,1.211E-01,3.722E+00,1.350E+00,-3.825E-01,7.863E+00,3.140E+00,3.142E+00,1.374E-02,2.027E+00,2.201E+00,7.011E-02,6.061E+00
80,0.000E+00,1.653E-01,0.000E+00,7.812E-07,1.663E-02,2.781E-02,1.820E-01,5.184E-01,2.401E+01,1.253E+00,-4.097E-01,8.983E+00,4.013E+00,3.142E+00,4.521E-02,1.557E+00,2.040E+00,8.010E-02,5.115E+00,1.371E+00,-2.670E-01,5.840E+00,2.905E+00,3.142E+00,-7.971E-04,2.488E+00,2.476E+00,1.193E-01,3.775E+00,1.303E+00,-3.750E-01,8.035E+00,3.505E+00,3.142E+00,1.651E-02,1.932E+00,2.133E+00,7.066E-02,6.018E+00
81,0.000E+00,1.669E-01,0.000E+00,7.812E-07,1.921E-02,3.127E-02,1.862E-01,5.273E-01,2.456E+01,1.193E+00,-3.887E-01,8.749E+00,4.768E+00,3.142E+00,4.970E-02,1.470E+00,1.975E+00,8.090E-02,5.069E+00,1.359E+00,-2.583E-01,5.694E+00,3.016E+00,3.142E+00,3.601E-03,2.342E+00,2.391E+00,1.180E-01,3.814E+00,1.259E+00,-3.576E-01,7.939E+00,3.908E+00,3.142E+00,9.778E-03,2.002E+00,2.122E+00,6.762E-02,6.277E+00
82,0.000E+00,1.685E-01,0.000E+00,7.812E-07,2.180E-02,3.473E-02,1.904E-01,5.363E-01,2.512E+01,1.143E+00,-3.677E-01,8.515E+00,5.523E+00,3.142E+00,5.419E-02,1.383E+00,1.909E+00,8.170E-02,5.024E+00,1.348E+00,-2.496E-01,5.549E+00,3.126E+00,3.142E+00,8.000E-03,2.197E+00,2.306E+00,1.167E-01,3.853E+00,1.220E+00,-3.401E-01,7.843E+00,4.311E+00,3.142E+00,3.044E-03,2.073E+00,2.111E+00,6.459E-02,6.537E+00
83,0.000E+00,1.602E-01,0.000E+00,1.953E-06,2.471E-02,3.865E-02,1.850E-01,5.161E-01,2.440E+01,1.060E+00,-3.394E-01,8.077E+00,7.437E+00,3.142E+00,6.762E-02,1.241E+00,1.849E+00,7.928E-02,5.166E+00,1.270E+00,-2.346E-01,5.693E+00,3.801E+00,3.142E+00,1.623E-02,2.009E+00,2.206E+00,1.175E-01,3.828E+00,1.174E+00,-3.207E-01,7.628E+00,4.939E+00,3.142E+00,3.913E-02,1.601E+00,1.940E+00,6.453E-02,6.542E+00
84,0.000E+00,1.518E-01,0.000E+00,3.125E-06,2.763E-02,4.257E-02,1.795E-01,4.958E-01,2.368E+01,1.004E+00,-3.112E-01,7.640E+00,9.352E+00,3.142E+00,8.106E-02,1.100E+00,1.789E+00,7.686E-02,5.309E+00,1.205E+00,-2.196E-01,5.837E+00,4.476E+00,3.142E+00,2.447E-02,1.820E+00,2.106E+00,1.183E-01,3.804E+00,1.136E+00,-3.013E-01,7.413E+00,5.567E+00,3.142E+00,7.522E-02,1.129E+00,1.769E+00,6.447E-02,6.547E+00
85,0.000E+00,1.201E-01,0.000E+00,1.953E-06,2.445E-02,3.697E-02,1.446E-01,3.967E-01,1.907E+01,9.135E-01,-2.821E-01,6.837E+00,1.557E+01,3.142E+00,8.502E-02,9.252E-01,1.539E+00,7.310E-02,5.568E+00,1.152E+00,-2.165E-01,5.986E+00,5.270E+00,3.142E+00,5.492E-02,1.419E+00,1.902E+00,1.151E-01,3.909E+00,1.023E+00,-2.760E-01,7.233E+00,8.392E+00,3.142E+00,8.166E-02,9.567E-01,1.552E+00,6.161E-02,6.839E+00
86,0.000E+00,8.836E-02,0.000E+00,7.812E-07,2.126E-02,3.137E-02,1.097E-01,2.975E-01,1.447E+01,8.763E-01,-2.531E-01,6.034E+00,2.178E+01,3.142E+00,8.899E-02,7.501E-01,1.288E+00,6.933E-02,5.826E+00,1.107E+00,-2.134E-01,6.134E+00,6.063E+00,3.142E+00,8.538E-02,1.017E+00,1.698E+00,1.118E-01,4.014E+00,9.525E-01,-2.507E-01,7.054E+00,1.122E+01,3.142E+00,8.810E-02,7.841E-01,1.336E+00,5.875E-02,7.131E+00
87,0.000E+00,4.453E-02,0.000E+00,3.906E-07,1.063E-02,1.569E-02,5.517E-02,1.498E-01,7.278E+00,1.119E+00,-1.265E-01,3.017E+00,1.089E+01,1.571E+00,4.449E-02,3.751E-01,6.441E-01,3.467E-02,2.913E+00,1.414E+00,-1.067E-01,3.067E+00,3.032E+00,1.571E+00,4.269E-02,5.084E-01,8.490E-01,5.590E-02,2.007E+00,1.218E+00,-1.254E-01,3.527E+00,5.608E+00,1.571E+00,4.405E-02,3.921E-01,6.678E-01,2.937E-02,3.565E+00
88,0.000E+00,6.914E-04,0.000E+00,0.000E+00,3.906E-06,1.094E-05,6.227E-04,2.051E-03,8.930E-02,3.142E+00,0.000E+00,0.000E+00,0.000E+00,0.000E+00,0.000E+00,0.000E+00,0.000E+00,0.000E+00,0.000E+00,3.142E+00,0.000E+00,0.000E+00,0.000E+00,0.000E+00,0.000E+00,0.000E+00,0.000E+00,0.000E+00,0.000E+00,3.142E+00,0.000E+00,0.000E+00,0.000E+00,0.000E+00,0.000E+00,0.000E+00,0.000E+00,0.000E+00,0.000E+00
89,0.000E+00,0.000E+00,0.000E+00,0.000E+00,0.000E+00,0.000E+00,0.000E+00,0.000E+00,0.000E+00,3.142E+00,0.000E+00,0.000E+00,0.000E+00,0.000E+00,0.000E+00,0.000E+00,0.000E+00,0.000E+00,0.000E+00,3.142E+00,0.000E+00,0.000E+00,0.000E+00,0.000E+00,0.000E+00,0.000E+00,0.000E+00,0.000E+00,0.000E+00,3.142E+00,0.000E+00,0.000E+00,0.000E+00,0.000E+00,0.000E+00,0.000E+00,0.000E+00,0.000E+00,0.000E+00
