alpha,He,Fe,Si,O,amu/ion,phiK_Fe,phiTilt_Fe,phiM_Fe,phiN_Fe,thetaK_Fe,thetaTilt_Fe,thetaM_Fe,thetaN_Fe,energyK_Fe,energyE_Fe,phiK_O,phiTilt_O,phiM_O,phiN_O,thetaK_O,thetaTilt_O,thetaM_O,thetaN_O,energyK_O,energyE_O,phiK_Si,phiTilt_Si,phiM_Si,phiN_Si,thetaK_Si,thetaTilt_Si,thetaM_Si,thetaN_Si,energyK_Si,energyE_Si
0,0.000E+00,3.182E-02,1.565E-02,6.264E-02,3.219E+00,1.889E+00,3.059E-02,1.033E+00,1.385E+00,3.142E+00,1.604E-03,2.153E+00,2.174E+00,1.051E-01,3.994E+00,1.774E+00,-1.620E-02,1.564E+00,1.402E+00,3.142E+00,1.813E-03,2.428E+00,2.455E+00,2.074E-01,2.225E+00,1.858E+00,-1.579E-01,2.578E+00,1.063E+00,3.142E+00,-7.502E-03,2.483E+00,2.372E+00,9.822E-02,4.432E+00
1,0.000E+00,3.197E-02,1.573E-02,6.296E-02,3.235E+00,1.840E+00,-1.181E-02,1.333E+00,1.313E+00,3.142E+00,3.479E-03,2.125E+00,2.168E+00,1.041E-01,4.029E+00,1.769E+00,-1.691E-02,1.547E+00,1.446E+00,3.142E+00,1.747E-03,2.423E+00,2.449E+00,2.074E-01,2.226E+00,1.845E+00,-1.523E-01,2.480E+00,1.122E+00,3.142E+00,-6.580E-03,2.458E+00,2.360E+00,9.814E-02,4.436E+00
2,0.000E+00,3.212E-02,1.581E-02,6.329E-02,3.251E+00,1.841E+00,-5.422E-02,1.634E+00,1.241E+00,3.142E+00,5.355E-03,2.096E+00,2.162E+00,1.032E-01,4.063E+00,1.764E+00,-1.762E-02,1.529E+00,1.490E+00,3.142E+00,1.681E-03,2.419E+00,2.444E+00,2.074E-01,2.226E+00,1.834E+00,-1.467E-01,2.383E+00,1.182E+00,3.142E+00,-5.657E-03,2.433E+00,2.349E+00,9.805E-02,4.440E+00
3,0.000E+00,3.227E-02,1.588E-02,6.362E-02,3.266E+00,1.852E+00,-9.663E-02,1.934E+00,1.169E+00,3.142E+00,7.230E-03,2.067E+00,2.155E+00,1.023E-01,4.098E+00,1.759E+00,-1.834E-02,1.511E+00,1.534E+00,3.142E+00,1.615E-03,2.414E+00,2.438E+00,2.074E-01,2.226E+00,1.825E+00,-1.410E-01,2.286E+00,1.242E+00,3.142E+00,-4.735E-03,2.407E+00,2.337E+00,9.796E-02,4.443E+00
4,0.000E+00,3.235E-02,1.592E-02,6.378E-02,3.274E+00,1.861E+00,-1.178E-01,2.085E+00,1.133E+00,3.142E+00,8.168E-03,2.053E+00,2.152E+00,1.018E-01,4.115E+00,1.757E+00,-1.869E-02,1.502E+00,1.556E+00,3.142E+00,1.582E-03,2.412E+00,2.436E+00,2.074E-01,2.226E+00,1.821E+00,-1.382E-01,2.237E+00,1.272E+00,3.142E+00,-4.273E-03,2.395E+00,2.332E+00,9.792E-02,4.445E+00
5,0.000E+00,3.242E-02,1.596E-02,6.394E-02,3.282E+00,1.872E+00,-1.390E-01,2.235E+00,1.097E+00,3.142E+00,9.106E-03,2.038E+00,2.149E+00,1.014E-01,4.132E+00,1.754E+00,-1.905E-02,1.493E+00,1.578E+00,3.142E+00,1.549E-03,2.410E+00,2.433E+00,2.074E-01,2.226E+00,1.817E+00,-1.354E-01,2.188E+00,1.301E+00,3.142E+00,-3.812E-03,2.382E+00,2.326E+00,9.788E-02,4.447E+00
6,0.000E+00,3.257E-02,1.604E-02,6.427E-02,3.298E+00,1.899E+00,-1.814E-01,2.536E+00,1.025E+00,3.142E+00,1.098E-02,2.010E+00,2.143E+00,1.004E-01,4.167E+00,1.750E+00,-1.976E-02,1.476E+00,1.622E+00,3.142E+00,1.484E-03,2.405E+00,2.427E+00,2.074E-01,2.226E+00,1.811E+00,-1.298E-01,2.091E+00,1.361E+00,3.142E+00,-2.889E-03,2.357E+00,2.314E+00,9.779E-02,4.451E+00
7,0.000E+00,3.272E-02,1.611E-02,6.460E-02,3.314E+00,1.931E+00,-2.238E-01,2.836E+00,9.532E-01,3.142E+00,1.286E-02,1.981E+00,2.137E+00,9.952E-02,4.201E+00,1.747E+00,-2.048E-02,1.458E+00,1.667E+00,3.142E+00,1.418E-03,2.401E+00,2.422E+00,2.073E-01,2.226E+00,1.805E+00,-1.241E-01,1.994E+00,1.421E+00,3.142E+00,-1.967E-03,2.332E+00,2.303E+00,9.771E-02,4.454E+00
8,0.000E+00,3.287E-02,1.619E-02,6.492E-02,3.329E+00,1.969E+00,-2.662E-01,3.137E+00,8.812E-01,3.142E+00,1.473E-02,1.952E+00,2.130E+00,9.859E-02,4.236E+00,1.743E+00,-2.119E-02,1.440E+00,1.711E+00,3.142E+00,1.352E-03,2.396E+00,2.416E+00,2.073E-01,2.226E+00,1.802E+00,-1.185E-01,1.896E+00,1.481E+00,3.142E+00,-1.044E-03,2.307E+00,2.292E+00,9.762E-02,4.458E+00
9,0.000E+00,3.295E-02,1.623E-02,6.509E-02,3.337E+00,1.991E+00,-2.875E-01,3.287E+00,8.453E-01,3.142E+00,1.567E-02,1.938E+00,2.127E+00,9.813E-02,4.253E+00,1.741E+00,-2.155E-02,1.431E+00,1.733E+00,3.142E+00,1.319E-03,2.394E+00,2.414E+00,2.073E-01,2.226E+00,1.800E+00,-1.157E-01,1.848E+00,1.510E+00,3.142E+00,-5.829E-04,2.294E+00,2.286E+00,9.758E-02,4.460E+00
10,0.000E+00,3.302E-02,1.627E-02,6.525E-02,3.345E+00,2.013E+00,-3.087E-01,3.437E+00,8.093E-01,3.142E+00,1.661E-02,1.924E+00,2.124E+00,9.767E-02,4.270E+00,1.740E+00,-2.191E-02,1.423E+00,1.755E+00,3.142E+00,1.286E-03,2.392E+00,2.411E+00,2.073E-01,2.226E+00,1.800E+00,-1.129E-01,1.799E+00,1.540E+00,3.142E+00,-1.216E-04,2.282E+00,2.280E+00,9.753E-02,4.462E+00
11,0.000E+00,3.361E-02,1.661E-02,6.643E-02,3.406E+00,1.981E+00,-3.011E-01,3.308E+00,8.937E-01,3.142E+00,1.469E-02,1.959E+00,2.136E+00,9.849E-02,4.240E+00,1.738E+00,-2.984E-02,1.464E+00,1.759E+00,3.142E+00,1.026E-03,2.405E+00,2.420E+00,2.077E-01,2.223E+00,1.796E+00,-1.159E-01,1.799E+00,1.572E+00,3.142E+00,-3.953E-05,2.284E+00,2.284E+00,9.698E-02,4.486E+00
12,0.000E+00,3.420E-02,1.695E-02,6.760E-02,3.468E+00,1.953E+00,-2.936E-01,3.179E+00,9.781E-01,3.142E+00,1.276E-02,1.993E+00,2.148E+00,9.930E-02,4.209E+00,1.737E+00,-3.777E-02,1.505E+00,1.764E+00,3.142E+00,7.668E-04,2.419E+00,2.430E+00,2.080E-01,2.219E+00,1.792E+00,-1.189E-01,1.798E+00,1.604E+00,3.142E+00,4.259E-05,2.287E+00,2.288E+00,9.643E-02,4.511E+00
13,0.000E+00,3.480E-02,1.729E-02,6.878E-02,3.529E+00,1.928E+00,-2.861E-01,3.050E+00,1.062E+00,3.142E+00,1.084E-02,2.028E+00,2.160E+00,1.001E-01,4.178E+00,1.736E+00,-4.570E-02,1.546E+00,1.768E+00,3.142E+00,5.072E-04,2.432E+00,2.439E+00,2.084E-01,2.216E+00,1.788E+00,-1.219E-01,1.798E+00,1.636E+00,3.142E+00,1.247E-04,2.290E+00,2.291E+00,9.589E-02,4.535E+00
14,0.000E+00,3.509E-02,1.746E-02,6.937E-02,3.560E+00,1.917E+00,-2.823E-01,2.986E+00,1.105E+00,3.142E+00,9.881E-03,2.046E+00,2.166E+00,1.005E-01,4.163E+00,1.735E+00,-4.966E-02,1.567E+00,1.770E+00,3.142E+00,3.775E-04,2.439E+00,2.444E+00,2.085E-01,2.214E+00,1.786E+00,-1.234E-01,1.798E+00,1.652E+00,3.142E+00,1.658E-04,2.291E+00,2.293E+00,9.561E-02,4.547E+00
15,0.000E+00,3.539E-02,1.763E-02,6.996E-02,3.591E+00,1.906E+00,-2.785E-01,2.921E+00,1.147E+00,3.142E+00,8.920E-03,2.063E+00,2.172E+00,1.009E-01,4.147E+00,1.735E+00,-5.363E-02,1.587E+00,1.773E+00,3.142E+00,2.477E-04,2.446E+00,2.449E+00,2.087E-01,2.212E+00,1.785E+00,-1.249E-01,1.797E+00,1.669E+00,3.142E+00,2.068E-04,2.292E+00,2.295E+00,9.534E-02,4.560E+00
16,0.000E+00,3.598E-02,1.797E-02,7.113E-02,3.652E+00,1.887E+00,-2.710E-01,2.792E+00,1.231E+00,3.142E+00,6.998E-03,2.098E+00,2.184E+00,1.018E-01,4.116E+00,1.734E+00,-6.156E-02,1.628E+00,1.777E+00,3.142E+00,-1.190E-05,2.459E+00,2.458E+00,2.091E-01,2.209E+00,1.781E+00,-1.279E-01,1.797E+00,1.701E+00,3.142E+00,2.890E-04,2.295E+00,2.299E+00,9.479E-02,4.584E+00
17,0.000E+00,3.657E-02,1.831E-02,7.231E-02,3.714E+00,1.870E+00,-2.635E-01,2.663E+00,1.316E+00,3.142E+00,5.076E-03,2.133E+00,2.196E+00,1.026E-01,4.086E+00,1.733E+00,-6.949E-02,1.670E+00,1.782E+00,3.142E+00,-2.715E-04,2.472E+00,2.468E+00,2.094E-01,2.205E+00,1.778E+00,-1.309E-01,1.796E+00,1.733E+00,3.142E+00,3.711E-04,2.298E+00,2.303E+00,9.424E-02,4.609E+00
18,0.000E+00,3.716E-02,1.865E-02,7.348E-02,3.775E+00,1.856E+00,-2.559E-01,2.534E+00,1.400E+00,3.142E+00,3.154E-03,2.168E+00,2.207E+00,1.034E-01,4.055E+00,1.733E+00,-7.742E-02,1.711E+00,1.786E+00,3.142E+00,-5.310E-04,2.486E+00,2.477E+00,2.097E-01,2.202E+00,1.774E+00,-1.340E-01,1.796E+00,1.765E+00,3.142E+00,4.532E-04,2.300E+00,2.307E+00,9.369E-02,4.633E+00
19,0.000E+00,3.746E-02,1.882E-02,7.407E-02,3.806E+00,1.849E+00,-2.522E-01,2.470E+00,1.442E+00,3.142E+00,2.193E-03,2.185E+00,2.213E+00,1.038E-01,4.039E+00,1.732E+00,-8.139E-02,1.731E+00,1.788E+00,3.142E+00,-6.608E-04,2.492E+00,2.482E+00,2.099E-01,2.200E+00,1.773E+00,-1.355E-01,1.796E+00,1.781E+00,3.142E+00,4.943E-04,2.302E+00,2.308E+00,9.342E-02,4.645E+00
20,0.000E+00,3.775E-02,1.899E-02,7.466E-02,3.836E+00,1.843E+00,-2.484E-01,2.405E+00,1.484E+00,3.142E+00,1.232E-03,2.203E+00,2.219E+00,1.042E-01,4.024E+00,1.732E+00,-8.535E-02,1.752E+00,1.790E+00,3.142E+00,-7.906E-04,2.499E+00,2.487E+00,2.101E-01,2.198E+00,1.771E+00,-1.370E-01,1.796E+00,1.797E+00,3.142E+00,5.353E-04,2.303E+00,2.310E+00,9.314E-02,4.658E+00
21,0.000E+00,3.877E-02,1.950E-02,7.676E-02,3.941E+00,1.851E+00,-2.582E-01,2.443E+00,1.467E+00,3.142E+00,1.015E-03,2.203E+00,2.216E+00,1.030E-01,4.071E+00,1.732E+00,-9.945E-02,1.862E+00,1.757E+00,3.142E+00,-7.612E-04,2.501E+00,2.489E+00,2.094E-01,2.205E+00,1.773E+00,-1.571E-01,1.946E+00,1.751E+00,3.142E+00,-7.773E-05,2.322E+00,2.321E+00,9.338E-02,4.647E+00
22,0.000E+00,3.979E-02,2.001E-02,7.885E-02,4.046E+00,1.858E+00,-2.680E-01,2.481E+00,1.451E+00,3.142E+00,7.984E-04,2.203E+00,2.214E+00,1.018E-01,4.118E+00,1.734E+00,-1.136E-01,1.973E+00,1.724E+00,3.142E+00,-7.317E-04,2.503E+00,2.492E+00,2.088E-01,2.211E+00,1.776E+00,-1.773E-01,2.097E+00,1.705E+00,3.142E+00,-6.908E-04,2.342E+00,2.331E+00,9.362E-02,4.636E+00
23,0.000E+00,4.080E-02,2.052E-02,8.095E-02,4.150E+00,1.866E+00,-2.778E-01,2.520E+00,1.434E+00,3.142E+00,5.816E-04,2.203E+00,2.211E+00,1.006E-01,4.164E+00,1.737E+00,-1.277E-01,2.083E+00,1.690E+00,3.142E+00,-7.023E-04,2.505E+00,2.494E+00,2.082E-01,2.218E+00,1.782E+00,-1.974E-01,2.248E+00,1.659E+00,3.142E+00,-1.304E-03,2.361E+00,2.341E+00,9.386E-02,4.625E+00
24,0.000E+00,4.131E-02,2.078E-02,8.200E-02,4.202E+00,1.870E+00,-2.827E-01,2.539E+00,1.425E+00,3.142E+00,4.733E-04,2.203E+00,2.209E+00,9.999E-02,4.188E+00,1.739E+00,-1.347E-01,2.138E+00,1.674E+00,3.142E+00,-6.875E-04,2.506E+00,2.495E+00,2.078E-01,2.221E+00,1.785E+00,-2.075E-01,2.324E+00,1.637E+00,3.142E+00,-1.610E-03,2.371E+00,2.347E+00,9.398E-02,4.619E+00
25,0.000E+00,4.182E-02,2.103E-02,8.305E-02,4.255E+00,1.874E+00,-2.876E-01,2.558E+00,1.417E+00,3.142E+00,3.649E-04,2.203E+00,2.208E+00,9.939E-02,4.211E+00,1.741E+00,-1.418E-01,2.193E+00,1.657E+00,3.142E+00,-6.728E-04,2.507E+00,2.497E+00,2.075E-01,2.225E+00,1.789E+00,-2.176E-01,2.399E+00,1.614E+00,3.142E+00,-1.917E-03,2.381E+00,2.352E+00,9.410E-02,4.614E+00
26,0.000E+00,4.283E-02,2.154E-02,8.514E-02,4.359E+00,1.882E+00,-2.974E-01,2.596E+00,1.400E+00,3.142E+00,1.482E-04,2.203E+00,2.205E+00,9.818E-02,4.258E+00,1.745E+00,-1.559E-01,2.303E+00,1.624E+00,3.142E+00,-6.434E-04,2.509E+00,2.499E+00,2.069E-01,2.231E+00,1.798E+00,-2.377E-01,2.550E+00,1.568E+00,3.142E+00,-2.530E-03,2.400E+00,2.362E+00,9.434E-02,4.603E+00
27,0.000E+00,4.385E-02,2.205E-02,8.724E-02,4.464E+00,1.889E+00,-3.072E-01,2.634E+00,1.383E+00,3.142E+00,-6.854E-05,2.203E+00,2.202E+00,9.697E-02,4.305E+00,1.751E+00,-1.700E-01,2.414E+00,1.590E+00,3.142E+00,-6.139E-04,2.511E+00,2.501E+00,2.062E-01,2.238E+00,1.808E+00,-2.579E-01,2.701E+00,1.522E+00,3.142E+00,-3.143E-03,2.420E+00,2.373E+00,9.458E-02,4.592E+00
28,0.000E+00,4.486E-02,2.256E-02,8.934E-02,4.568E+00,1.897E+00,-3.170E-01,2.672E+00,1.366E+00,3.142E+00,-2.853E-04,2.203E+00,2.199E+00,9.576E-02,4.352E+00,1.757E+00,-1.841E-01,2.524E+00,1.557E+00,3.142E+00,-5.845E-04,2.513E+00,2.504E+00,2.056E-01,2.244E+00,1.820E+00,-2.780E-01,2.852E+00,1.476E+00,3.142E+00,-3.756E-03,2.439E+00,2.383E+00,9.482E-02,4.581E+00
29,0.000E+00,4.537E-02,2.282E-02,9.039E-02,4.621E+00,1.901E+00,-3.219E-01,2.691E+00,1.357E+00,3.142E+00,-3.936E-04,2.203E+00,2.198E+00,9.516E-02,4.375E+00,1.761E+00,-1.911E-01,2.579E+00,1.540E+00,3.142E+00,-5.697E-04,2.514E+00,2.505E+00,2.053E-01,2.248E+00,1.826E+00,-2.881E-01,2.927E+00,1.454E+00,3.142E+00,-4.062E-03,2.449E+00,2.388E+00,9.494E-02,4.575E+00
30,0.000E+00,4.588E-02,2.307E-02,9.143E-02,4.673E+00,1.905E+00,-3.268E-01,2.710E+00,1.349E+00,3.142E+00,-5.020E-04,2.203E+00,2.196E+00,9.455E-02,4.399E+00,1.765E+00,-1.982E-01,2.634E+00,1.524E+00,3.142E+00,-5.550E-04,2.515E+00,2.506E+00,2.049E-01,2.251E+00,1.833E+00,-2.982E-01,3.003E+00,1.431E+00,3.142E+00,-4.369E-03,2.459E+00,2.393E+00,9.506E-02,4.570E+00
31,0.000E+00,4.879E-02,2.449E-02,9.718E-02,4.967E+00,1.896E+00,-3.259E-01,2.683E+00,1.391E+00,3.142E+00,2.073E-04,2.199E+00,2.201E+00,9.437E-02,4.407E+00,1.762E+00,-1.923E-01,2.567E+00,1.548E+00,3.142E+00,-5.552E-04,2.523E+00,2.515E+00,2.046E-01,2.254E+00,1.831E+00,-3.005E-01,3.007E+00,1.443E+00,3.142E+00,-3.203E-03,2.427E+00,2.379E+00,9.501E-02,4.572E+00
32,0.000E+00,5.025E-02,2.521E-02,1.000E-01,5.115E+00,1.891E+00,-3.254E-01,2.669E+00,1.412E+00,3.142E+00,5.619E-04,2.197E+00,2.204E+00,9.427E-02,4.411E+00,1.760E+00,-1.894E-01,2.533E+00,1.561E+00,3.142E+00,-5.553E-04,2.528E+00,2.519E+00,2.045E-01,2.256E+00,1.830E+00,-3.016E-01,3.009E+00,1.450E+00,3.142E+00,-2.621E-03,2.412E+00,2.371E+00,9.499E-02,4.573E+00
33,0.000E+00,5.170E-02,2.592E-02,1.029E-01,5.262E+00,1.887E+00,-3.249E-01,2.655E+00,1.433E+00,3.142E+00,9.165E-04,2.194E+00,2.206E+00,9.418E-02,4.415E+00,1.759E+00,-1.865E-01,2.499E+00,1.573E+00,3.142E+00,-5.554E-04,2.532E+00,2.523E+00,2.043E-01,2.258E+00,1.830E+00,-3.028E-01,3.011E+00,1.456E+00,3.142E+00,-2.038E-03,2.396E+00,2.364E+00,9.496E-02,4.574E+00
34,0.000E+00,5.316E-02,2.663E-02,1.058E-01,5.409E+00,1.882E+00,-3.245E-01,2.641E+00,1.455E+00,3.142E+00,1.271E-03,2.192E+00,2.209E+00,9.409E-02,4.419E+00,1.758E+00,-1.836E-01,2.466E+00,1.585E+00,3.142E+00,-5.555E-04,2.536E+00,2.527E+00,2.042E-01,2.259E+00,1.829E+00,-3.040E-01,3.013E+00,1.462E+00,3.142E+00,-1.455E-03,2.381E+00,2.357E+00,9.494E-02,4.575E+00
35,0.000E+00,5.461E-02,2.734E-02,1.087E-01,5.556E+00,1.878E+00,-3.240E-01,2.627E+00,1.476E+00,3.142E+00,1.626E-03,2.190E+00,2.212E+00,9.400E-02,4.423E+00,1.757E+00,-1.806E-01,2.432E+00,1.598E+00,3.142E+00,-5.556E-04,2.540E+00,2.532E+00,2.040E-01,2.261E+00,1.828E+00,-3.051E-01,3.015E+00,1.468E+00,3.142E+00,-8.723E-04,2.365E+00,2.350E+00,9.492E-02,4.576E+00
36,0.000E+00,5.607E-02,2.805E-02,1.115E-01,5.703E+00,1.874E+00,-3.236E-01,2.613E+00,1.497E+00,3.142E+00,1.980E-03,2.188E+00,2.214E+00,9.390E-02,4.427E+00,1.756E+00,-1.777E-01,2.398E+00,1.610E+00,3.142E+00,-5.557E-04,2.545E+00,2.536E+00,2.039E-01,2.263E+00,1.827E+00,-3.063E-01,3.017E+00,1.475E+00,3.142E+00,-2.895E-04,2.350E+00,2.342E+00,9.489E-02,4.577E+00
37,0.000E+00,5.752E-02,2.877E-02,1.144E-01,5.851E+00,1.870E+00,-3.231E-01,2.599E+00,1.518E+00,3.142E+00,2.335E-03,2.186E+00,2.217E+00,9.381E-02,4.431E+00,1.755E+00,-1.748E-01,2.364E+00,1.622E+00,3.142E+00,-5.558E-04,2.549E+00,2.540E+00,2.037E-01,2.264E+00,1.826E+00,-3.075E-01,3.019E+00,1.481E+00,3.142E+00,2.933E-04,2.334E+00,2.335E+00,9.487E-02,4.579E+00
38,0.000E+00,5.898E-02,2.948E-02,1.173E-01,5.998E+00,1.866E+00,-3.227E-01,2.585E+00,1.539E+00,3.142E+00,2.690E-03,2.184E+00,2.219E+00,9.372E-02,4.435E+00,1.754E+00,-1.719E-01,2.331E+00,1.635E+00,3.142E+00,-5.559E-04,2.553E+00,2.544E+00,2.036E-01,2.266E+00,1.825E+00,-3.086E-01,3.021E+00,1.487E+00,3.142E+00,8.761E-04,2.318E+00,2.328E+00,9.485E-02,4.580E+00
39,0.000E+00,6.043E-02,3.019E-02,1.201E-01,6.145E+00,1.862E+00,-3.222E-01,2.571E+00,1.561E+00,3.142E+00,3.044E-03,2.182E+00,2.222E+00,9.362E-02,4.439E+00,1.753E+00,-1.690E-01,2.297E+00,1.647E+00,3.142E+00,-5.560E-04,2.557E+00,2.549E+00,2.034E-01,2.268E+00,1.824E+00,-3.098E-01,3.024E+00,1.493E+00,3.142E+00,1.459E-03,2.303E+00,2.321E+00,9.482E-02,4.581E+00
40,0.000E+00,6.189E-02,3.090E-02,1.230E-01,6.292E+00,1.858E+00,-3.218E-01,2.558E+00,1.582E+00,3.142E+00,3.399E-03,2.179E+00,2.224E+00,9.353E-02,4.443E+00,1.753E+00,-1.660E-01,2.263E+00,1.659E+00,3.142E+00,-5.561E-04,2.562E+00,2.553E+00,2.032E-01,2.269E+00,1.823E+00,-3.110E-01,3.026E+00,1.500E+00,3.142E+00,2.042E-03,2.287E+00,2.313E+00,9.480E-02,4.582E+00
41,0.000E+00,6.334E-02,3.161E-02,1.259E-01,6.439E+00,1.854E+00,-3.213E-01,2.544E+00,1.603E+00,3.142E+00,3.754E-03,2.177E+00,2.227E+00,9.344E-02,4.447E+00,1.752E+00,-1.631E-01,2.230E+00,1.672E+00,3.142E+00,-5.562E-04,2.566E+00,2.557E+00,2.031E-01,2.271E+00,1.823E+00,-3.121E-01,3.028E+00,1.506E+00,3.142E+00,2.624E-03,2.272E+00,2.306E+00,9.477E-02,4.583E+00
42,0.000E+00,6.480E-02,3.232E-02,1.288E-01,6.587E+00,1.850E+00,-3.209E-01,2.530E+00,1.624E+00,3.142E+00,4.108E-03,2.175E+00,2.230E+00,9.335E-02,4.451E+00,1.752E+00,-1.602E-01,2.196E+00,1.684E+00,3.142E+00,-5.563E-04,2.570E+00,2.561E+00,2.029E-01,2.273E+00,1.822E+00,-3.133E-01,3.030E+00,1.512E+00,3.142E+00,3.207E-03,2.256E+00,2.299E+00,9.475E-02,4.584E+00
43,0.000E+00,6.625E-02,3.304E-02,1.316E-01,6.734E+00,1.846E+00,-3.204E-01,2.516E+00,1.645E+00,3.142E+00,4.463E-03,2.173E+00,2.232E+00,9.325E-02,4.455E+00,1.751E+00,-1.573E-01,2.162E+00,1.696E+00,3.142E+00,-5.564E-04,2.574E+00,2.566E+00,2.028E-01,2.274E+00,1.821E+00,-3.144E-01,3.032E+00,1.518E+00,3.142E+00,3.790E-03,2.241E+00,2.291E+00,9.473E-02,4.585E+00
44,0.000E+00,6.771E-02,3.375E-02,1.345E-01,6.881E+00,1.843E+00,-3.200E-01,2.502E+00,1.666E+00,3.142E+00,4.817E-03,2.171E+00,2.235E+00,9.316E-02,4.459E+00,1.751E+00,-1.544E-01,2.128E+00,1.709E+00,3.142E+00,-5.565E-04,2.579E+00,2.570E+00,2.026E-01,2.276E+00,1.820E+00,-3.156E-01,3.034E+00,1.525E+00,3.142E+00,4.373E-03,2.225E+00,2.284E+00,9.470E-02,4.586E+00
45,0.000E+00,6.916E-02,3.446E-02,1.374E-01,7.028E+00,1.839E+00,-3.195E-01,2.488E+00,1.688E+00,3.142E+00,5.172E-03,2.169E+00,2.237E+00,9.307E-02,4.463E+00,1.751E+00,-1.514E-01,2.095E+00,1.721E+00,3.142E+00,-5.566E-04,2.583E+00,2.574E+00,2.025E-01,2.278E+00,1.819E+00,-3.168E-01,3.036E+00,1.531E+00,3.142E+00,4.956E-03,2.210E+00,2.277E+00,9.468E-02,4.587E+00
46,0.000E+00,7.221E-02,3.597E-02,1.435E-01,7.339E+00,1.823E+00,-3.648E-01,3.132E+00,1.623E+00,3.142E+00,4.148E-03,2.202E+00,2.257E+00,9.230E-02,4.497E+00,1.740E+00,-1.456E-01,2.060E+00,1.777E+00,3.142E+00,-1.967E-04,2.556E+00,2.552E+00,2.013E-01,2.290E+00,1.799E+00,-3.119E-01,3.095E+00,1.577E+00,3.142E+00,2.967E-03,2.262E+00,2.301E+00,9.415E-02,4.611E+00
47,0.000E+00,7.526E-02,3.749E-02,1.496E-01,7.650E+00,1.821E+00,-4.101E-01,3.776E+00,1.558E+00,3.142E+00,3.123E-03,2.236E+00,2.278E+00,9.154E-02,4.531E+00,1.730E+00,-1.397E-01,2.025E+00,1.833E+00,3.142E+00,1.632E-04,2.528E+00,2.531E+00,2.002E-01,2.303E+00,1.779E+00,-3.070E-01,3.155E+00,1.624E+00,3.142E+00,9.776E-04,2.314E+00,2.326E+00,9.363E-02,4.636E+00
48,0.000E+00,7.831E-02,3.900E-02,1.558E-01,7.961E+00,1.829E+00,-4.553E-01,4.420E+00,1.493E+00,3.142E+00,2.099E-03,2.269E+00,2.298E+00,9.078E-02,4.566E+00,1.720E+00,-1.339E-01,1.990E+00,1.889E+00,3.142E+00,5.231E-04,2.501E+00,2.509E+00,1.990E-01,2.316E+00,1.760E+00,-3.022E-01,3.214E+00,1.670E+00,3.142E+00,-1.011E-03,2.366E+00,2.350E+00,9.310E-02,4.660E+00
49,0.000E+00,7.984E-02,3.976E-02,1.589E-01,8.117E+00,1.836E+00,-4.780E-01,4.742E+00,1.460E+00,3.142E+00,1.586E-03,2.286E+00,2.308E+00,9.040E-02,4.583E+00,1.715E+00,-1.309E-01,1.972E+00,1.917E+00,3.142E+00,7.030E-04,2.488E+00,2.498E+00,1.984E-01,2.322E+00,1.750E+00,-2.997E-01,3.244E+00,1.693E+00,3.142E+00,-2.006E-03,2.392E+00,2.362E+00,9.284E-02,4.672E+00
50,0.000E+00,8.136E-02,4.052E-02,1.619E-01,8.273E+00,1.844E+00,-5.006E-01,5.064E+00,1.428E+00,3.142E+00,1.074E-03,2.303E+00,2.318E+00,9.002E-02,4.600E+00,1.710E+00,-1.280E-01,1.955E+00,1.945E+00,3.142E+00,8.830E-04,2.474E+00,2.487E+00,1.979E-01,2.329E+00,1.741E+00,-2.973E-01,3.273E+00,1.717E+00,3.142E+00,-3.000E-03,2.418E+00,2.374E+00,9.257E-02,4.684E+00
51,0.000E+00,8.590E-02,4.277E-02,1.709E-01,8.732E+00,1.789E+00,-5.285E-01,7.053E+00,1.408E+00,3.142E+00,7.554E-04,2.302E+00,2.313E+00,9.003E-02,4.600E+00,1.681E+00,-1.601E-01,2.458E+00,1.869E+00,3.142E+00,4.581E-04,2.486E+00,2.493E+00,1.981E-01,2.326E+00,1.685E+00,-3.387E-01,4.703E+00,1.659E+00,3.142E+00,-1.969E-03,2.391E+00,2.361E+00,9.214E-02,4.705E+00
52,0.000E+00,9.044E-02,4.502E-02,1.798E-01,9.192E+00,1.757E+00,-5.563E-01,9.043E+00,1.389E+00,3.142E+00,4.365E-04,2.302E+00,2.308E+00,9.004E-02,4.599E+00,1.667E+00,-1.922E-01,2.961E+00,1.794E+00,3.142E+00,3.328E-05,2.499E+00,2.499E+00,1.983E-01,2.323E+00,1.660E+00,-3.802E-01,6.132E+00,1.601E+00,3.142E+00,-9.371E-04,2.363E+00,2.347E+00,9.171E-02,4.727E+00
53,0.000E+00,9.497E-02,4.728E-02,1.888E-01,9.652E+00,1.739E+00,-5.842E-01,1.103E+01,1.370E+00,3.142E+00,1.177E-04,2.301E+00,2.303E+00,9.005E-02,4.599E+00,1.664E+00,-2.243E-01,3.464E+00,1.718E+00,3.142E+00,-3.916E-04,2.511E+00,2.504E+00,1.985E-01,2.321E+00,1.654E+00,-4.216E-01,7.562E+00,1.544E+00,3.142E+00,9.454E-05,2.335E+00,2.334E+00,9.127E-02,4.748E+00
54,0.000E+00,9.724E-02,4.840E-02,1.932E-01,9.882E+00,1.733E+00,-5.981E-01,1.203E+01,1.360E+00,3.142E+00,-4.176E-05,2.301E+00,2.300E+00,9.005E-02,4.599E+00,1.665E+00,-2.403E-01,3.716E+00,1.680E+00,3.142E+00,-6.040E-04,2.517E+00,2.507E+00,1.987E-01,2.320E+00,1.655E+00,-4.423E-01,8.277E+00,1.515E+00,3.142E+00,6.104E-04,2.321E+00,2.327E+00,9.106E-02,4.758E+00
55,0.000E+00,9.951E-02,4.953E-02,1.977E-01,1.011E+01,1.730E+00,-6.121E-01,1.302E+01,1.350E+00,3.142E+00,-2.012E-04,2.301E+00,2.298E+00,9.006E-02,4.598E+00,1.668E+00,-2.564E-01,3.967E+00,1.642E+00,3.142E+00,-8.164E-04,2.523E+00,2.510E+00,1.988E-01,2.318E+00,1.659E+00,-4.630E-01,8.991E+00,1.486E+00,3.142E+00,1.126E-03,2.307E+00,2.321E+00,9.084E-02,4.769E+00
56,0.000E+00,1.040E-01,5.178E-02,2.066E-01,1.057E+01,1.727E+00,-6.399E-01,1.501E+01,1.331E+00,3.142E+00,-5.200E-04,2.300E+00,2.293E+00,9.007E-02,4.598E+00,1.678E+00,-2.885E-01,4.470E+00,1.567E+00,3.142E+00,-1.241E-03,2.535E+00,2.516E+00,1.990E-01,2.316E+00,1.673E+00,-5.044E-01,1.042E+01,1.428E+00,3.142E+00,2.158E-03,2.280E+00,2.307E+00,9.041E-02,4.790E+00
57,0.000E+00,1.086E-01,5.404E-02,2.156E-01,1.103E+01,1.730E+00,-6.678E-01,1.700E+01,1.312E+00,3.142E+00,-8.389E-04,2.300E+00,2.288E+00,9.008E-02,4.597E+00,1.694E+00,-3.205E-01,4.974E+00,1.491E+00,3.142E+00,-1.666E-03,2.548E+00,2.521E+00,1.992E-01,2.313E+00,1.694E+00,-5.459E-01,1.185E+01,1.370E+00,3.142E+00,3.189E-03,2.252E+00,2.294E+00,8.998E-02,4.811E+00
58,0.000E+00,1.131E-01,5.629E-02,2.245E-01,1.149E+01,1.735E+00,-6.957E-01,1.899E+01,1.292E+00,3.142E+00,-1.158E-03,2.299E+00,2.283E+00,9.009E-02,4.597E+00,1.715E+00,-3.526E-01,5.477E+00,1.416E+00,3.142E+00,-2.091E-03,2.560E+00,2.527E+00,1.995E-01,2.311E+00,1.719E+00,-5.873E-01,1.328E+01,1.313E+00,3.142E+00,4.221E-03,2.224E+00,2.281E+00,8.954E-02,4.832E+00
59,0.000E+00,1.154E-01,5.742E-02,2.290E-01,1.172E+01,1.739E+00,-7.096E-01,1.999E+01,1.283E+00,3.142E+00,-1.317E-03,2.299E+00,2.281E+00,9.010E-02,4.596E+00,1.726E+00,-3.687E-01,5.728E+00,1.378E+00,3.142E+00,-2.303E-03,2.566E+00,2.530E+00,1.996E-01,2.309E+00,1.734E+00,-6.080E-01,1.399E+01,1.284E+00,3.142E+00,4.737E-03,2.210E+00,2.274E+00,8.933E-02,4.843E+00
60,0.000E+00,1.177E-01,5.854E-02,2.335E-01,1.195E+01,1.744E+00,-7.236E-01,2.098E+01,1.273E+00,3.142E+00,-1.477E-03,2.298E+00,2.278E+00,9.010E-02,4.596E+00,1.739E+00,-3.847E-01,5.980E+00,1.340E+00,3.142E+00,-2.516E-03,2.572E+00,2.532E+00,1.997E-01,2.308E+00,1.749E+00,-6.287E-01,1.471E+01,1.255E+00,3.142E+00,5.253E-03,2.196E+00,2.267E+00,8.911E-02,4.854E+00
61,0.000E+00,1.244E-01,6.197E-02,2.471E-01,1.264E+01,1.711E+00,-6.987E-01,1.924E+01,1.363E+00,3.142E+00,-3.138E-04,2.285E+00,2.280E+00,8.945E-02,4.627E+00,1.720E+00,-3.855E-01,6.168E+00,1.383E+00,3.142E+00,-1.885E-03,2.562E+00,2.533E+00,1.995E-01,2.310E+00,1.728E+00,-6.054E-01,1.364E+01,1.311E+00,3.142E+00,4.097E-03,2.209E+00,2.264E+00,8.954E-02,4.832E+00
62,0.000E+00,1.312E-01,6.539E-02,2.607E-01,1.334E+01,1.683E+00,-6.739E-01,1.751E+01,1.453E+00,3.142E+00,8.491E-04,2.271E+00,2.283E+00,8.880E-02,4.658E+00,1.700E+00,-3.862E-01,6.356E+00,1.426E+00,3.142E+00,-1.254E-03,2.552E+00,2.533E+00,1.993E-01,2.312E+00,1.709E+00,-5.820E-01,1.258E+01,1.368E+00,3.142E+00,2.941E-03,2.221E+00,2.261E+00,8.997E-02,4.811E+00
63,0.000E+00,1.380E-01,6.882E-02,2.743E-01,1.403E+01,1.659E+00,-6.491E-01,1.577E+01,1.543E+00,3.142E+00,2.012E-03,2.257E+00,2.285E+00,8.816E-02,4.689E+00,1.682E+00,-3.869E-01,6.544E+00,1.469E+00,3.142E+00,-6.227E-04,2.543E+00,2.533E+00,1.991E-01,2.314E+00,1.694E+00,-5.587E-01,1.151E+01,1.424E+00,3.142E+00,1.786E-03,2.233E+00,2.257E+00,9.040E-02,4.790E+00
64,0.000E+00,1.414E-01,7.053E-02,2.811E-01,1.438E+01,1.649E+00,-6.367E-01,1.490E+01,1.588E+00,3.142E+00,2.593E-03,2.251E+00,2.286E+00,8.783E-02,4.705E+00,1.673E+00,-3.873E-01,6.638E+00,1.490E+00,3.142E+00,-3.072E-04,2.538E+00,2.533E+00,1.990E-01,2.315E+00,1.687E+00,-5.470E-01,1.098E+01,1.452E+00,3.142E+00,1.208E-03,2.239E+00,2.255E+00,9.061E-02,4.779E+00
65,0.000E+00,1.448E-01,7.224E-02,2.879E-01,1.472E+01,1.641E+00,-6.243E-01,1.403E+01,1.633E+00,3.142E+00,3.175E-03,2.244E+00,2.287E+00,8.751E-02,4.720E+00,1.664E+00,-3.877E-01,6.732E+00,1.511E+00,3.142E+00,8.353E-06,2.533E+00,2.533E+00,1.989E-01,2.317E+00,1.682E+00,-5.353E-01,1.045E+01,1.480E+00,3.142E+00,6.299E-04,2.245E+00,2.254E+00,9.082E-02,4.768E+00
66,0.000E+00,1.542E-01,7.689E-02,3.064E-01,1.567E+01,1.623E+00,-6.097E-01,1.344E+01,1.695E+00,3.142E+00,5.344E-03,2.185E+00,2.254E+00,8.879E-02,4.660E+00,1.658E+00,-3.871E-01,6.859E+00,1.517E+00,3.142E+00,-7.428E-04,2.538E+00,2.527E+00,1.974E-01,2.334E+00,1.676E+00,-5.371E-01,1.068E+01,1.485E+00,3.142E+00,8.535E-04,2.258E+00,2.270E+00,9.148E-02,4.737E+00
67,0.000E+00,1.636E-01,8.154E-02,3.250E-01,1.662E+01,1.607E+00,-5.951E-01,1.285E+01,1.757E+00,3.142E+00,7.513E-03,2.126E+00,2.222E+00,9.008E-02,4.601E+00,1.651E+00,-3.866E-01,6.985E+00,1.523E+00,3.142E+00,-1.494E-03,2.544E+00,2.520E+00,1.959E-01,2.351E+00,1.671E+00,-5.389E-01,1.091E+01,1.491E+00,3.142E+00,1.077E-03,2.271E+00,2.285E+00,9.214E-02,4.706E+00
68,0.000E+00,1.730E-01,8.619E-02,3.435E-01,1.758E+01,1.592E+00,-5.804E-01,1.227E+01,1.819E+00,3.142E+00,9.681E-03,2.067E+00,2.189E+00,9.136E-02,4.541E+00,1.645E+00,-3.860E-01,7.112E+00,1.528E+00,3.142E+00,-2.245E-03,2.549E+00,2.514E+00,1.944E-01,2.368E+00,1.667E+00,-5.406E-01,1.115E+01,1.496E+00,3.142E+00,1.301E-03,2.283E+00,2.301E+00,9.279E-02,4.675E+00
69,0.000E+00,1.776E-01,8.851E-02,3.528E-01,1.805E+01,1.585E+00,-5.731E-01,1.197E+01,1.850E+00,3.142E+00,1.077E-02,2.038E+00,2.172E+00,9.200E-02,4.511E+00,1.641E+00,-3.857E-01,7.176E+00,1.531E+00,3.142E+00,-2.621E-03,2.552E+00,2.511E+00,1.937E-01,2.377E+00,1.664E+00,-5.415E-01,1.126E+01,1.498E+00,3.142E+00,1.413E-03,2.290E+00,2.309E+00,9.312E-02,4.659E+00
70,0.000E+00,1.823E-01,9.083E-02,3.621E-01,1.853E+01,1.579E+00,-5.658E-01,1.168E+01,1.881E+00,3.142E+00,1.185E-02,2.009E+00,2.156E+00,9.265E-02,4.481E+00,1.638E+00,-3.855E-01,7.239E+00,1.534E+00,3.142E+00,-2.996E-03,2.555E+00,2.508E+00,1.929E-01,2.386E+00,1.662E+00,-5.424E-01,1.138E+01,1.501E+00,3.142E+00,1.524E-03,2.296E+00,2.317E+00,9.345E-02,4.643E+00
71,0.000E+00,1.910E-01,9.512E-02,3.791E-01,1.940E+01,1.559E+00,-5.582E-01,1.179E+01,1.938E+00,3.142E+00,6.842E-03,2.079E+00,2.165E+00,9.117E-02,4.548E+00,1.624E+00,-3.555E-01,6.405E+00,1.623E+00,3.142E+00,-9.114E-04,2.503E+00,2.488E+00,1.949E-01,2.363E+00,1.623E+00,-4.948E-01,1.001E+01,1.624E+00,3.142E+00,6.932E-03,2.204E+00,2.296E+00,9.151E-02,4.737E+00
72,0.000E+00,1.996E-01,9.941E-02,3.962E-01,2.028E+01,1.540E+00,-5.506E-01,1.190E+01,1.994E+00,3.142E+00,1.834E-03,2.150E+00,2.173E+00,8.969E-02,4.616E+00,1.616E+00,-3.255E-01,5.572E+00,1.713E+00,3.142E+00,1.173E-03,2.451E+00,2.469E+00,1.968E-01,2.340E+00,1.592E+00,-4.471E-01,8.632E+00,1.747E+00,3.142E+00,1.234E-02,2.112E+00,2.276E+00,8.956E-02,4.831E+00
73,0.000E+00,2.101E-01,1.047E-01,4.173E-01,2.135E+01,1.511E+00,-5.348E-01,1.132E+01,2.141E+00,3.142E+00,-1.755E-04,2.188E+00,2.185E+00,9.197E-02,4.514E+00,1.619E+00,-3.256E-01,5.535E+00,1.707E+00,3.142E+00,-3.139E-04,2.455E+00,2.450E+00,1.971E-01,2.337E+00,1.571E+00,-4.537E-01,8.809E+00,1.844E+00,3.142E+00,9.684E-03,2.155E+00,2.284E+00,9.132E-02,4.746E+00
74,0.000E+00,2.206E-01,1.100E-01,4.384E-01,2.242E+01,1.486E+00,-5.190E-01,1.075E+01,2.288E+00,3.142E+00,-2.185E-03,2.226E+00,2.197E+00,9.425E-02,4.412E+00,1.622E+00,-3.257E-01,5.497E+00,1.700E+00,3.142E+00,-1.801E-03,2.458E+00,2.431E+00,1.975E-01,2.333E+00,1.551E+00,-4.603E-01,8.985E+00,1.941E+00,3.142E+00,7.029E-03,2.198E+00,2.293E+00,9.307E-02,4.661E+00
75,0.000E+00,2.319E-01,1.156E-01,4.605E-01,2.356E+01,1.462E+00,-5.064E-01,1.045E+01,2.416E+00,3.142E+00,9.131E-03,2.055E+00,2.162E+00,9.537E-02,4.365E+00,1.589E+00,-3.183E-01,5.543E+00,1.819E+00,3.142E+00,-4.710E-04,2.433E+00,2.426E+00,1.999E-01,2.306E+00,1.530E+00,-4.349E-01,8.125E+00,2.080E+00,3.142E+00,5.931E-03,2.195E+00,2.275E+00,9.387E-02,4.624E+00
76,0.000E+00,2.432E-01,1.212E-01,4.827E-01,2.471E+01,1.441E+00,-4.938E-01,1.014E+01,2.543E+00,3.142E+00,2.045E-02,1.883E+00,2.127E+00,9.649E-02,4.318E+00,1.558E+00,-3.108E-01,5.589E+00,1.938E+00,3.142E+00,8.592E-04,2.408E+00,2.420E+00,2.022E-01,2.280E+00,1.514E+00,-4.096E-01,7.265E+00,2.219E+00,3.142E+00,4.833E-03,2.192E+00,2.256E+00,9.467E-02,4.587E+00
77,0.000E+00,2.554E-01,1.273E-01,5.070E-01,2.595E+01,1.423E+00,-4.698E-01,9.200E+00,2.716E+00,3.142E+00,1.255E-02,1.946E+00,2.096E+00,9.343E-02,4.451E+00,1.541E+00,-3.054E-01,5.588E+00,2.005E+00,3.142E+00,1.156E-03,2.373E+00,2.389E+00,1.968E-01,2.342E+00,1.481E+00,-3.867E-01,7.123E+00,2.350E+00,3.142E+00,9.633E-03,2.059E+00,2.178E+00,9.234E-02,4.698E+00
78,0.000E+00,2.675E-01,1.333E-01,5.313E-01,2.719E+01,1.410E+00,-4.459E-01,8.256E+00,2.888E+00,3.142E+00,4.644E-03,2.008E+00,2.064E+00,9.038E-02,4.583E+00,1.525E+00,-3.000E-01,5.587E+00,2.071E+00,3.142E+00,1.452E-03,2.338E+00,2.358E+00,1.913E-01,2.405E+00,1.450E+00,-3.638E-01,6.981E+00,2.482E+00,3.142E+00,1.443E-02,1.926E+00,2.099E+00,9.000E-02,4.809E+00
79,0.000E+00,2.793E-01,1.392E-01,5.549E-01,2.839E+01,1.377E+00,-4.405E-01,8.481E+00,3.082E+00,3.142E+00,6.948E-03,1.949E+00,2.030E+00,8.848E-02,4.675E+00,1.504E+00,-2.808E-01,5.196E+00,2.228E+00,3.142E+00,4.354E-03,2.260E+00,2.319E+00,1.935E-01,2.379E+00,1.449E+00,-3.661E-01,7.010E+00,2.496E+00,3.142E+00,1.069E-02,1.972E+00,2.101E+00,8.994E-02,4.812E+00
80,0.000E+00,2.911E-01,1.451E-01,5.785E-01,2.959E+01,1.345E+00,-4.351E-01,8.705E+00,3.276E+00,3.142E+00,9.252E-03,1.889E+00,1.995E+00,8.658E-02,4.766E+00,1.486E+00,-2.616E-01,4.804E+00,2.385E+00,3.142E+00,7.256E-03,2.182E+00,2.279E+00,1.956E-01,2.354E+00,1.447E+00,-3.685E-01,7.038E+00,2.511E+00,3.142E+00,6.954E-03,2.018E+00,2.104E+00,8.987E-02,4.815E+00
81,0.000E+00,2.995E-01,1.492E-01,5.948E-01,3.043E+01,1.317E+00,-4.029E-01,7.871E+00,3.604E+00,3.142E+00,1.292E-02,1.802E+00,1.942E+00,8.660E-02,4.765E+00,1.456E+00,-2.526E-01,4.765E+00,2.571E+00,3.142E+00,5.203E-03,2.149E+00,2.218E+00,1.943E-01,2.370E+00,1.381E+00,-3.543E-01,6.941E+00,2.971E+00,3.142E+00,7.174E-03,1.958E+00,2.042E+00,8.768E-02,4.930E+00
82,0.000E+00,3.078E-01,1.534E-01,6.111E-01,3.128E+01,1.295E+00,-3.708E-01,7.038E+00,3.932E+00,3.142E+00,1.658E-02,1.715E+00,1.890E+00,8.662E-02,4.764E+00,1.428E+00,-2.436E-01,4.726E+00,2.757E+00,3.142E+00,3.151E-03,2.117E+00,2.157E+00,1.929E-01,2.386E+00,1.327E+00,-3.401E-01,6.844E+00,3.432E+00,3.142E+00,7.394E-03,1.897E+00,1.981E+00,8.549E-02,5.044E+00
83,0.000E+00,3.062E-01,1.526E-01,6.079E-01,3.111E+01,1.214E+00,-3.526E-01,6.849E+00,5.046E+00,3.142E+00,4.284E-02,1.432E+00,1.812E+00,8.546E-02,4.824E+00,1.373E+00,-2.236E-01,4.625E+00,3.183E+00,3.142E+00,4.754E-03,2.040E+00,2.098E+00,1.904E-01,2.416E+00,1.269E+00,-3.152E-01,6.448E+00,4.090E+00,3.142E+00,2.861E-02,1.646E+00,1.928E+00,8.426E-02,5.113E+00
84,0.000E+00,3.046E-01,1.517E-01,6.047E-01,3.095E+01,1.154E+00,-3.344E-01,6.661E+00,6.159E+00,3.142E+00,6.910E-02,1.149E+00,1.734E+00,8.430E-02,4.883E+00,1.325E+00,-2.037E-01,4.524E+00,3.610E+00,3.142E+00,6.356E-03,1.963E+00,2.038E+00,1.879E-01,2.447E+00,1.225E+00,-2.903E-01,6.052E+00,4.748E+00,3.142E+00,4.983E-02,1.396E+00,1.874E+00,8.303E-02,5.183E+00
85,0.000E+00,2.694E-01,1.342E-01,5.351E-01,2.738E+01,1.002E+00,-3.025E-01,6.755E+00,1.060E+01,3.142E+00,7.830E-02,9.957E-01,1.581E+00,8.167E-02,5.030E+00,1.261E+00,-1.976E-01,4.770E+00,4.216E+00,3.142E+00,1.712E-02,1.720E+00,1.887E+00,1.839E-01,2.499E+00,1.146E+00,-2.757E-01,5.925E+00,6.253E+00,3.142E+00,6.926E-02,1.134E+00,1.682E+00,8.284E-02,5.194E+00
86,0.000E+00,2.343E-01,1.167E-01,4.654E-01,2.381E+01,9.136E-01,-2.705E-01,6.849E+00,1.504E+01,3.142E+00,8.750E-02,8.423E-01,1.428E+00,7.904E-02,5.177E+00,1.205E+00,-1.915E-01,5.016E+00,4.821E+00,3.142E+00,2.788E-02,1.477E+00,1.736E+00,1.799E-01,2.552E+00,1.089E+00,-2.610E-01,5.797E+00,7.758E+00,3.142E+00,8.869E-02,8.721E-01,1.489E+00,8.264E-02,5.206E+00
87,0.000E+00,1.230E-01,6.126E-02,2.442E-01,1.250E+01,1.164E+00,-1.353E-01,3.424E+00,7.521E+00,1.571E+00,4.375E-02,4.211E-01,7.138E-01,3.952E-02,2.588E+00,1.535E+00,-9.576E-02,2.508E+00,2.411E+00,1.571E+00,1.394E-02,7.383E-01,8.681E-01,8.993E-02,1.276E+00,1.378E+00,-1.305E-01,2.899E+00,3.879E+00,1.571E+00,4.435E-02,4.361E-01,7.445E-01,4.132E-02,2.603E+00
88,0.000E+00,1.170E-02,5.784E-03,2.305E-02,1.185E+00,3.142E+00,0.000E+00,0.000E+00,0.000E+00,0.000E+00,0.000E+00,0.000E+00,0.000E+00,0.000E+00,0.000E+00,3.142E+00,0.000E+00,0.000E+00,0.000E+00,0.000E+00,0.000E+00,0.000E+00,0.000E+00,0.000E+00,0.000E+00,3.142E+00,0.000E+00,0.000E+00,0.000E+00,0.000E+00,0.000E+00,0.000E+00,0.000E+00,0.000E+00,0.000E+00
89,0.000E+00,0.000E+00,0.000E+00,0.000E+00,0.000E+00,3.142E+00,0.000E+00,0.000E+00,0.000E+00,0.000E+00,0.000E+00,0.000E+00,0.000E+00,0.000E+00,0.000E+00,3.142E+00,0.000E+00,0.000E+00,0.000E+00,0.000E+00,0.000E+00,0.000E+00,0.000E+00,0.000E+00,0.000E+00,3.142E+00,0.000E+00,0.000E+00,0.000E+00,0.000E+00,0.000E+00,0.000E+00,0.000E+00,0.000E+00,0.000E+00
