alpha,He,Na,Al,Si,O,Na_1,O_1,Si_2,O_2,Al_3,O_3,amu/ion,phiK_Al,phiTilt_Al,phiM_Al,phiN_Al,thetaK_Al,thetaTilt_Al,thetaM_Al,thetaN_Al,energyK_Al,energyE_Al,phiK_Na,phiTilt_Na,phiM_Na,phiN_Na,thetaK_Na,thetaTilt_Na,thetaM_Na,thetaN_Na,energyK_Na,energyE_Na,phiK_O,phiTilt_O,phiM_O,phiN_O,thetaK_O,thetaTilt_O,thetaM_O,thetaN_O,energyK_O,energyE_O,phiK_Si,phiTilt_Si,phiM_Si,phiN_Si,thetaK_Si,thetaTilt_Si,thetaM_Si,thetaN_Si,energyK_Si,energyE_Si
0,0.000E+00,1.243E-02,0.000E+00,6.534E-03,0.000E+00,0.000E+00,0.000E+00,5.750E-03,2.173E-02,1.234E-02,2.728E-02,1.748E+00,1.869E+00,2.061E-02,1.202E+00,1.268E+00,3.142E+00,2.810E-03,2.326E+00,2.367E+00,1.007E-01,4.338E+00,1.741E+00,-8.507E-02,2.243E+00,1.375E+00,3.142E+00,6.986E-03,2.497E+00,2.608E+00,3.631E-01,1.286E+00,1.769E+00,-1.563E-02,1.642E+00,1.353E+00,3.142E+00,2.604E-03,2.491E+00,2.532E+00,1.376E-01,3.296E+00,1.979E+00,6.138E-02,8.870E-01,1.178E+00,3.142E+00,-3.393E-03,2.327E+00,2.280E+00,9.373E-02,4.630E+00
1,0.000E+00,1.252E-02,0.000E+00,6.580E-03,0.000E+00,9.766E-08,1.953E-07,5.809E-03,2.193E-02,1.244E-02,2.744E-02,1.761E+00,1.850E+00,2.418E-02,1.152E+00,1.410E+00,3.142E+00,2.137E-03,2.336E+00,2.367E+00,1.012E-01,4.319E+00,1.715E+00,-7.209E-02,2.139E+00,1.496E+00,3.142E+00,5.960E-03,2.515E+00,2.609E+00,3.606E-01,1.295E+00,1.761E+00,-3.750E-02,1.796E+00,1.371E+00,3.142E+00,2.277E-03,2.496E+00,2.531E+00,1.372E-01,3.305E+00,1.929E+00,2.967E-02,1.052E+00,1.194E+00,3.142E+00,-2.897E-03,2.307E+00,2.267E+00,9.295E-02,4.669E+00
2,0.000E+00,1.260E-02,0.000E+00,6.625E-03,0.000E+00,1.953E-07,3.906E-07,5.868E-03,2.213E-02,1.254E-02,2.760E-02,1.775E+00,1.834E+00,2.776E-02,1.102E+00,1.552E+00,3.142E+00,1.464E-03,2.346E+00,2.367E+00,1.017E-01,4.299E+00,1.692E+00,-5.911E-02,2.036E+00,1.617E+00,3.142E+00,4.934E-03,2.532E+00,2.610E+00,3.581E-01,1.304E+00,1.754E+00,-5.937E-02,1.950E+00,1.389E+00,3.142E+00,1.949E-03,2.500E+00,2.530E+00,1.368E-01,3.314E+00,1.883E+00,-2.037E-03,1.217E+00,1.211E+00,3.142E+00,-2.401E-03,2.288E+00,2.254E+00,9.216E-02,4.707E+00
3,0.000E+00,1.269E-02,0.000E+00,6.670E-03,0.000E+00,2.930E-07,5.859E-07,5.928E-03,2.233E-02,1.263E-02,2.776E-02,1.788E+00,1.822E+00,3.133E-02,1.052E+00,1.694E+00,3.142E+00,7.913E-04,2.356E+00,2.368E+00,1.022E-01,4.280E+00,1.672E+00,-4.613E-02,1.932E+00,1.738E+00,3.142E+00,3.908E-03,2.549E+00,2.611E+00,3.556E-01,1.313E+00,1.749E+00,-8.124E-02,2.104E+00,1.407E+00,3.142E+00,1.622E-03,2.504E+00,2.529E+00,1.364E-01,3.323E+00,1.875E+00,-3.374E-02,1.382E+00,1.227E+00,3.142E+00,-1.905E-03,2.268E+00,2.241E+00,9.138E-02,4.746E+00
4,0.000E+00,1.274E-02,0.000E+00,6.693E-03,0.000E+00,3.418E-07,6.836E-07,5.957E-03,2.243E-02,1.268E-02,2.784E-02,1.794E+00,1.817E+00,3.312E-02,1.026E+00,1.765E+00,3.142E+00,4.549E-04,2.362E+00,2.368E+00,1.025E-01,4.271E+00,1.663E+00,-3.964E-02,1.880E+00,1.798E+00,3.142E+00,3.395E-03,2.558E+00,2.612E+00,3.544E-01,1.318E+00,1.747E+00,-9.217E-02,2.181E+00,1.416E+00,3.142E+00,1.458E-03,2.506E+00,2.529E+00,1.362E-01,3.327E+00,1.872E+00,-4.960E-02,1.464E+00,1.235E+00,3.142E+00,-1.657E-03,2.258E+00,2.235E+00,9.098E-02,4.765E+00
5,0.000E+00,1.278E-02,0.000E+00,6.715E-03,0.000E+00,3.906E-07,7.812E-07,5.987E-03,2.253E-02,1.273E-02,2.792E-02,1.801E+00,1.813E+00,3.491E-02,1.001E+00,1.836E+00,3.142E+00,1.184E-04,2.367E+00,2.368E+00,1.027E-01,4.261E+00,1.655E+00,-3.315E-02,1.828E+00,1.859E+00,3.142E+00,2.882E-03,2.567E+00,2.612E+00,3.531E-01,1.322E+00,1.745E+00,-1.031E-01,2.258E+00,1.425E+00,3.142E+00,1.294E-03,2.508E+00,2.528E+00,1.360E-01,3.332E+00,1.870E+00,-6.545E-02,1.547E+00,1.243E+00,3.142E+00,-1.410E-03,2.249E+00,2.229E+00,9.059E-02,4.785E+00
6,0.000E+00,1.287E-02,0.000E+00,6.760E-03,0.000E+00,4.883E-07,9.766E-07,6.046E-03,2.273E-02,1.283E-02,2.807E-02,1.814E+00,1.806E+00,3.848E-02,9.512E-01,1.978E+00,3.142E+00,-5.544E-04,2.377E+00,2.368E+00,1.032E-01,4.242E+00,1.640E+00,-2.017E-02,1.725E+00,1.980E+00,3.142E+00,1.856E-03,2.584E+00,2.613E+00,3.506E-01,1.331E+00,1.742E+00,-1.250E-01,2.412E+00,1.443E+00,3.142E+00,9.669E-04,2.512E+00,2.527E+00,1.357E-01,3.341E+00,1.867E+00,-9.716E-02,1.712E+00,1.260E+00,3.142E+00,-9.136E-04,2.229E+00,2.216E+00,8.981E-02,4.823E+00
7,0.000E+00,1.296E-02,0.000E+00,6.806E-03,0.000E+00,5.859E-07,1.172E-06,6.105E-03,2.293E-02,1.292E-02,2.823E-02,1.828E+00,1.802E+00,4.206E-02,9.010E-01,2.119E+00,3.142E+00,-1.227E-03,2.387E+00,2.369E+00,1.037E-01,4.223E+00,1.628E+00,-7.187E-03,1.621E+00,2.101E+00,3.142E+00,8.302E-04,2.601E+00,2.614E+00,3.481E-01,1.340E+00,1.740E+00,-1.468E-01,2.566E+00,1.461E+00,3.142E+00,6.394E-04,2.517E+00,2.526E+00,1.353E-01,3.350E+00,1.865E+00,-1.289E-01,1.877E+00,1.276E+00,3.142E+00,-4.177E-04,2.209E+00,2.203E+00,8.902E-02,4.862E+00
8,0.000E+00,1.305E-02,0.000E+00,6.851E-03,0.000E+00,6.836E-07,1.367E-06,6.164E-03,2.313E-02,1.302E-02,2.839E-02,1.841E+00,1.800E+00,4.563E-02,8.508E-01,2.261E+00,3.142E+00,-1.900E-03,2.397E+00,2.369E+00,1.042E-01,4.204E+00,1.625E+00,5.794E-03,1.517E+00,2.222E+00,3.142E+00,-1.959E-04,2.619E+00,2.615E+00,3.456E-01,1.349E+00,1.738E+00,-1.687E-01,2.720E+00,1.479E+00,3.142E+00,3.120E-04,2.521E+00,2.526E+00,1.349E-01,3.359E+00,1.865E+00,-1.606E-01,2.042E+00,1.292E+00,3.142E+00,7.815E-05,2.190E+00,2.190E+00,8.824E-02,4.900E+00
9,0.000E+00,1.310E-02,0.000E+00,6.873E-03,0.000E+00,7.324E-07,1.465E-06,6.194E-03,2.323E-02,1.307E-02,2.847E-02,1.848E+00,1.800E+00,4.742E-02,8.257E-01,2.332E+00,3.142E+00,-2.237E-03,2.402E+00,2.369E+00,1.044E-01,4.195E+00,1.628E+00,1.228E-02,1.465E+00,2.282E+00,3.142E+00,-7.089E-04,2.627E+00,2.616E+00,3.444E-01,1.354E+00,1.738E+00,-1.796E-01,2.797E+00,1.488E+00,3.142E+00,1.483E-04,2.523E+00,2.525E+00,1.347E-01,3.364E+00,1.865E+00,-1.764E-01,2.124E+00,1.300E+00,3.142E+00,3.261E-04,2.180E+00,2.184E+00,8.785E-02,4.920E+00
10,0.000E+00,1.314E-02,0.000E+00,6.896E-03,0.000E+00,7.812E-07,1.562E-06,6.223E-03,2.333E-02,1.311E-02,2.855E-02,1.854E+00,1.800E+00,4.921E-02,8.006E-01,2.403E+00,3.142E+00,-2.573E-03,2.407E+00,2.369E+00,1.047E-01,4.185E+00,1.632E+00,1.878E-02,1.414E+00,2.343E+00,3.142E+00,-1.222E-03,2.636E+00,2.616E+00,3.431E-01,1.358E+00,1.738E+00,-1.906E-01,2.873E+00,1.497E+00,3.142E+00,-1.541E-05,2.525E+00,2.525E+00,1.345E-01,3.368E+00,1.866E+00,-1.923E-01,2.207E+00,1.308E+00,3.142E+00,5.741E-04,2.170E+00,2.178E+00,8.745E-02,4.939E+00
11,0.000E+00,1.339E-02,0.000E+00,6.949E-03,0.000E+00,6.836E-07,1.660E-06,6.428E-03,2.401E-02,1.335E-02,2.890E-02,1.890E+00,1.719E+00,4.654E-03,1.087E+00,2.296E+00,3.142E+00,-2.353E-03,2.405E+00,2.371E+00,1.050E-01,4.174E+00,1.601E+00,-5.894E-03,1.616E+00,2.296E+00,3.142E+00,-5.288E-04,2.629E+00,2.620E+00,3.420E-01,1.363E+00,1.736E+00,-1.876E-01,2.800E+00,1.527E+00,3.142E+00,3.968E-04,2.514E+00,2.520E+00,1.344E-01,3.370E+00,1.862E+00,-2.067E-01,2.286E+00,1.332E+00,3.142E+00,5.260E-04,2.168E+00,2.175E+00,8.738E-02,4.943E+00
12,0.000E+00,1.364E-02,0.000E+00,7.001E-03,0.000E+00,5.859E-07,1.758E-06,6.632E-03,2.469E-02,1.358E-02,2.925E-02,1.926E+00,1.701E+00,-3.990E-02,1.373E+00,2.189E+00,3.142E+00,-2.133E-03,2.404E+00,2.373E+00,1.053E-01,4.163E+00,1.595E+00,-3.056E-02,1.819E+00,2.250E+00,3.142E+00,1.643E-04,2.622E+00,2.625E+00,3.408E-01,1.367E+00,1.735E+00,-1.846E-01,2.727E+00,1.556E+00,3.142E+00,8.090E-04,2.503E+00,2.515E+00,1.343E-01,3.372E+00,1.858E+00,-2.211E-01,2.366E+00,1.356E+00,3.142E+00,4.780E-04,2.166E+00,2.172E+00,8.730E-02,4.947E+00
13,0.000E+00,1.388E-02,0.000E+00,7.053E-03,0.000E+00,4.883E-07,1.855E-06,6.836E-03,2.537E-02,1.381E-02,2.960E-02,1.961E+00,1.700E+00,-8.446E-02,1.659E+00,2.081E+00,3.142E+00,-1.913E-03,2.403E+00,2.375E+00,1.056E-01,4.152E+00,1.592E+00,-5.523E-02,2.021E+00,2.204E+00,3.142E+00,8.573E-04,2.615E+00,2.629E+00,3.397E-01,1.372E+00,1.734E+00,-1.816E-01,2.654E+00,1.586E+00,3.142E+00,1.221E-03,2.492E+00,2.511E+00,1.342E-01,3.375E+00,1.854E+00,-2.355E-01,2.445E+00,1.380E+00,3.142E+00,4.300E-04,2.164E+00,2.170E+00,8.723E-02,4.951E+00
14,0.000E+00,1.401E-02,0.000E+00,7.080E-03,0.000E+00,4.395E-07,1.904E-06,6.938E-03,2.571E-02,1.393E-02,2.977E-02,1.979E+00,1.703E+00,-1.067E-01,1.802E+00,2.028E+00,3.142E+00,-1.803E-03,2.402E+00,2.376E+00,1.057E-01,4.146E+00,1.592E+00,-6.757E-02,2.123E+00,2.181E+00,3.142E+00,1.204E-03,2.612E+00,2.632E+00,3.391E-01,1.374E+00,1.733E+00,-1.801E-01,2.617E+00,1.600E+00,3.142E+00,1.427E-03,2.487E+00,2.508E+00,1.342E-01,3.376E+00,1.853E+00,-2.427E-01,2.485E+00,1.392E+00,3.142E+00,4.060E-04,2.163E+00,2.169E+00,8.719E-02,4.953E+00
15,0.000E+00,1.413E-02,0.000E+00,7.106E-03,0.000E+00,3.906E-07,1.953E-06,7.041E-03,2.605E-02,1.404E-02,2.995E-02,1.997E+00,1.708E+00,-1.290E-01,1.945E+00,1.974E+00,3.142E+00,-1.693E-03,2.402E+00,2.377E+00,1.059E-01,4.141E+00,1.592E+00,-7.990E-02,2.224E+00,2.158E+00,3.142E+00,1.550E-03,2.609E+00,2.634E+00,3.386E-01,1.376E+00,1.733E+00,-1.787E-01,2.581E+00,1.615E+00,3.142E+00,1.633E-03,2.481E+00,2.506E+00,1.341E-01,3.377E+00,1.851E+00,-2.499E-01,2.525E+00,1.404E+00,3.142E+00,3.820E-04,2.162E+00,2.167E+00,8.715E-02,4.955E+00
16,0.000E+00,1.438E-02,0.000E+00,7.158E-03,0.000E+00,2.930E-07,2.051E-06,7.245E-03,2.674E-02,1.428E-02,3.029E-02,2.033E+00,1.723E+00,-1.736E-01,2.231E+00,1.867E+00,3.142E+00,-1.473E-03,2.400E+00,2.379E+00,1.062E-01,4.129E+00,1.595E+00,-1.046E-01,2.426E+00,2.111E+00,3.142E+00,2.244E-03,2.602E+00,2.638E+00,3.374E-01,1.381E+00,1.733E+00,-1.757E-01,2.507E+00,1.645E+00,3.142E+00,2.046E-03,2.471E+00,2.502E+00,1.340E-01,3.379E+00,1.847E+00,-2.643E-01,2.604E+00,1.428E+00,3.142E+00,3.340E-04,2.160E+00,2.165E+00,8.708E-02,4.959E+00
17,0.000E+00,1.463E-02,0.000E+00,7.211E-03,0.000E+00,1.953E-07,2.148E-06,7.449E-03,2.742E-02,1.451E-02,3.064E-02,2.068E+00,1.745E+00,-2.181E-01,2.517E+00,1.760E+00,3.142E+00,-1.253E-03,2.399E+00,2.381E+00,1.065E-01,4.118E+00,1.600E+00,-1.292E-01,2.629E+00,2.065E+00,3.142E+00,2.937E-03,2.595E+00,2.643E+00,3.363E-01,1.385E+00,1.733E+00,-1.727E-01,2.434E+00,1.674E+00,3.142E+00,2.458E-03,2.460E+00,2.497E+00,1.339E-01,3.381E+00,1.844E+00,-2.787E-01,2.684E+00,1.451E+00,3.142E+00,2.860E-04,2.158E+00,2.162E+00,8.700E-02,4.963E+00
18,0.000E+00,1.487E-02,0.000E+00,7.263E-03,0.000E+00,9.766E-08,2.246E-06,7.654E-03,2.810E-02,1.474E-02,3.099E-02,2.104E+00,1.772E+00,-2.627E-01,2.803E+00,1.652E+00,3.142E+00,-1.033E-03,2.398E+00,2.383E+00,1.068E-01,4.107E+00,1.607E+00,-1.539E-01,2.832E+00,2.019E+00,3.142E+00,3.630E-03,2.588E+00,2.647E+00,3.351E-01,1.390E+00,1.734E+00,-1.697E-01,2.361E+00,1.703E+00,3.142E+00,2.870E-03,2.449E+00,2.492E+00,1.339E-01,3.383E+00,1.841E+00,-2.930E-01,2.763E+00,1.475E+00,3.142E+00,2.380E-04,2.157E+00,2.160E+00,8.693E-02,4.967E+00
19,0.000E+00,1.500E-02,0.000E+00,7.289E-03,0.000E+00,4.883E-08,2.295E-06,7.756E-03,2.844E-02,1.486E-02,3.116E-02,2.122E+00,1.787E+00,-2.850E-01,2.946E+00,1.599E+00,3.142E+00,-9.227E-04,2.397E+00,2.384E+00,1.069E-01,4.101E+00,1.611E+00,-1.662E-01,2.933E+00,1.996E+00,3.142E+00,3.976E-03,2.584E+00,2.650E+00,3.346E-01,1.392E+00,1.734E+00,-1.682E-01,2.324E+00,1.718E+00,3.142E+00,3.076E-03,2.443E+00,2.490E+00,1.338E-01,3.384E+00,1.840E+00,-3.002E-01,2.803E+00,1.487E+00,3.142E+00,2.139E-04,2.156E+00,2.158E+00,8.689E-02,4.969E+00
20,0.000E+00,1.512E-02,0.000E+00,7.316E-03,0.000E+00,0.000E+00,2.344E-06,7.858E-03,2.878E-02,1.498E-02,3.134E-02,2.140E+00,1.804E+00,-3.072E-01,3.089E+00,1.545E+00,3.142E+00,-8.127E-04,2.397E+00,2.385E+00,1.071E-01,4.096E+00,1.616E+00,-1.786E-01,3.034E+00,1.972E+00,3.142E+00,4.323E-03,2.581E+00,2.652E+00,3.340E-01,1.394E+00,1.735E+00,-1.667E-01,2.288E+00,1.733E+00,3.142E+00,3.282E-03,2.438E+00,2.488E+00,1.338E-01,3.385E+00,1.838E+00,-3.074E-01,2.842E+00,1.499E+00,3.142E+00,1.899E-04,2.155E+00,2.157E+00,8.685E-02,4.971E+00
21,0.000E+00,1.556E-02,0.000E+00,7.474E-03,0.000E+00,1.953E-07,3.027E-06,8.161E-03,2.976E-02,1.547E-02,3.230E-02,2.207E+00,1.803E+00,-3.186E-01,3.225E+00,1.536E+00,3.142E+00,-6.610E-04,2.404E+00,2.394E+00,1.060E-01,4.137E+00,1.618E+00,-1.871E-01,3.120E+00,1.950E+00,3.142E+00,4.311E-03,2.590E+00,2.661E+00,3.340E-01,1.394E+00,1.727E+00,-1.806E-01,2.443E+00,1.732E+00,3.142E+00,2.989E-03,2.456E+00,2.501E+00,1.335E-01,3.392E+00,1.834E+00,-3.250E-01,3.060E+00,1.487E+00,3.142E+00,-5.246E-04,2.189E+00,2.181E+00,8.644E-02,4.993E+00
22,0.000E+00,1.600E-02,0.000E+00,7.633E-03,0.000E+00,3.906E-07,3.711E-06,8.465E-03,3.073E-02,1.597E-02,3.327E-02,2.275E+00,1.802E+00,-3.299E-01,3.362E+00,1.526E+00,3.142E+00,-5.092E-04,2.411E+00,2.403E+00,1.050E-01,4.178E+00,1.622E+00,-1.956E-01,3.205E+00,1.928E+00,3.142E+00,4.299E-03,2.599E+00,2.670E+00,3.341E-01,1.394E+00,1.721E+00,-1.945E-01,2.598E+00,1.732E+00,3.142E+00,2.696E-03,2.474E+00,2.515E+00,1.332E-01,3.399E+00,1.832E+00,-3.426E-01,3.277E+00,1.474E+00,3.142E+00,-1.239E-03,2.224E+00,2.205E+00,8.604E-02,5.016E+00
23,0.000E+00,1.644E-02,0.000E+00,7.792E-03,0.000E+00,5.859E-07,4.395E-06,8.769E-03,3.171E-02,1.646E-02,3.423E-02,2.342E+00,1.802E+00,-3.412E-01,3.498E+00,1.517E+00,3.142E+00,-3.575E-04,2.418E+00,2.413E+00,1.039E-01,4.219E+00,1.625E+00,-2.041E-01,3.291E+00,1.906E+00,3.142E+00,4.287E-03,2.608E+00,2.679E+00,3.342E-01,1.394E+00,1.716E+00,-2.085E-01,2.754E+00,1.731E+00,3.142E+00,2.403E-03,2.492E+00,2.528E+00,1.329E-01,3.406E+00,1.831E+00,-3.602E-01,3.495E+00,1.462E+00,3.142E+00,-1.954E-03,2.258E+00,2.229E+00,8.563E-02,5.038E+00
24,0.000E+00,1.666E-02,0.000E+00,7.871E-03,0.000E+00,6.836E-07,4.736E-06,8.920E-03,3.220E-02,1.671E-02,3.472E-02,2.376E+00,1.802E+00,-3.469E-01,3.566E+00,1.512E+00,3.142E+00,-2.816E-04,2.421E+00,2.417E+00,1.034E-01,4.239E+00,1.627E+00,-2.083E-01,3.333E+00,1.895E+00,3.142E+00,4.281E-03,2.612E+00,2.683E+00,3.342E-01,1.393E+00,1.713E+00,-2.154E-01,2.831E+00,1.730E+00,3.142E+00,2.256E-03,2.500E+00,2.535E+00,1.328E-01,3.409E+00,1.831E+00,-3.689E-01,3.603E+00,1.455E+00,3.142E+00,-2.311E-03,2.276E+00,2.242E+00,8.542E-02,5.050E+00
25,0.000E+00,1.688E-02,0.000E+00,7.950E-03,0.000E+00,7.812E-07,5.078E-06,9.072E-03,3.269E-02,1.696E-02,3.520E-02,2.410E+00,1.803E+00,-3.526E-01,3.635E+00,1.507E+00,3.142E+00,-2.057E-04,2.425E+00,2.422E+00,1.029E-01,4.260E+00,1.629E+00,-2.126E-01,3.376E+00,1.884E+00,3.142E+00,4.275E-03,2.616E+00,2.688E+00,3.342E-01,1.393E+00,1.711E+00,-2.224E-01,2.909E+00,1.730E+00,3.142E+00,2.109E-03,2.509E+00,2.542E+00,1.327E-01,3.412E+00,1.831E+00,-3.777E-01,3.712E+00,1.449E+00,3.142E+00,-2.668E-03,2.293E+00,2.254E+00,8.522E-02,5.061E+00
26,0.000E+00,1.732E-02,0.000E+00,8.109E-03,0.000E+00,9.766E-07,5.762E-06,9.376E-03,3.367E-02,1.746E-02,3.617E-02,2.478E+00,1.804E+00,-3.639E-01,3.771E+00,1.498E+00,3.142E+00,-5.398E-05,2.432E+00,2.431E+00,1.018E-01,4.301E+00,1.633E+00,-2.211E-01,3.462E+00,1.862E+00,3.142E+00,4.264E-03,2.625E+00,2.697E+00,3.343E-01,1.393E+00,1.708E+00,-2.363E-01,3.064E+00,1.729E+00,3.142E+00,1.816E-03,2.527E+00,2.555E+00,1.324E-01,3.419E+00,1.832E+00,-3.953E-01,3.930E+00,1.437E+00,3.142E+00,-3.383E-03,2.328E+00,2.278E+00,8.481E-02,5.083E+00
27,0.000E+00,1.776E-02,0.000E+00,8.268E-03,0.000E+00,1.172E-06,6.445E-06,9.679E-03,3.464E-02,1.795E-02,3.713E-02,2.545E+00,1.805E+00,-3.753E-01,3.908E+00,1.488E+00,3.142E+00,9.777E-05,2.439E+00,2.441E+00,1.007E-01,4.342E+00,1.637E+00,-2.296E-01,3.547E+00,1.840E+00,3.142E+00,4.252E-03,2.634E+00,2.706E+00,3.343E-01,1.393E+00,1.705E+00,-2.502E-01,3.219E+00,1.729E+00,3.142E+00,1.523E-03,2.545E+00,2.569E+00,1.321E-01,3.426E+00,1.834E+00,-4.129E-01,4.147E+00,1.424E+00,3.142E+00,-4.097E-03,2.362E+00,2.302E+00,8.440E-02,5.106E+00
28,0.000E+00,1.819E-02,0.000E+00,8.426E-03,0.000E+00,1.367E-06,7.129E-06,9.983E-03,3.562E-02,1.845E-02,3.810E-02,2.613E+00,1.807E+00,-3.866E-01,4.044E+00,1.479E+00,3.142E+00,2.495E-04,2.446E+00,2.450E+00,9.969E-02,4.383E+00,1.642E+00,-2.381E-01,3.633E+00,1.818E+00,3.142E+00,4.240E-03,2.643E+00,2.715E+00,3.344E-01,1.393E+00,1.703E+00,-2.641E-01,3.375E+00,1.728E+00,3.142E+00,1.230E-03,2.563E+00,2.582E+00,1.318E-01,3.432E+00,1.837E+00,-4.304E-01,4.364E+00,1.412E+00,3.142E+00,-4.812E-03,2.397E+00,2.326E+00,8.400E-02,5.128E+00
29,0.000E+00,1.841E-02,0.000E+00,8.506E-03,0.000E+00,1.465E-06,7.471E-06,1.013E-02,3.611E-02,1.870E-02,3.858E-02,2.646E+00,1.808E+00,-3.923E-01,4.112E+00,1.474E+00,3.142E+00,3.254E-04,2.450E+00,2.455E+00,9.916E-02,4.404E+00,1.644E+00,-2.423E-01,3.675E+00,1.806E+00,3.142E+00,4.234E-03,2.647E+00,2.719E+00,3.344E-01,1.393E+00,1.702E+00,-2.711E-01,3.452E+00,1.728E+00,3.142E+00,1.083E-03,2.572E+00,2.589E+00,1.317E-01,3.436E+00,1.839E+00,-4.392E-01,4.473E+00,1.406E+00,3.142E+00,-5.169E-03,2.414E+00,2.338E+00,8.379E-02,5.140E+00
30,0.000E+00,1.863E-02,0.000E+00,8.585E-03,0.000E+00,1.562E-06,7.813E-06,1.029E-02,3.660E-02,1.895E-02,3.906E-02,2.680E+00,1.809E+00,-3.979E-01,4.181E+00,1.469E+00,3.142E+00,4.013E-04,2.453E+00,2.459E+00,9.863E-02,4.424E+00,1.646E+00,-2.466E-01,3.718E+00,1.795E+00,3.142E+00,4.228E-03,2.652E+00,2.724E+00,3.344E-01,1.392E+00,1.701E+00,-2.780E-01,3.530E+00,1.727E+00,3.142E+00,9.366E-04,2.581E+00,2.596E+00,1.316E-01,3.439E+00,1.841E+00,-4.480E-01,4.582E+00,1.399E+00,3.142E+00,-5.526E-03,2.431E+00,2.350E+00,8.359E-02,5.151E+00
31,0.000E+00,2.004E-02,0.000E+00,8.887E-03,0.000E+00,3.320E-06,9.082E-06,1.137E-02,3.977E-02,2.032E-02,4.136E-02,2.876E+00,1.805E+00,-4.051E-01,4.311E+00,1.474E+00,3.142E+00,7.318E-04,2.448E+00,2.459E+00,9.843E-02,4.433E+00,1.638E+00,-2.324E-01,3.541E+00,1.849E+00,3.142E+00,3.980E-03,2.653E+00,2.721E+00,3.330E-01,1.398E+00,1.697E+00,-2.765E-01,3.502E+00,1.754E+00,3.142E+00,9.196E-04,2.586E+00,2.601E+00,1.309E-01,3.455E+00,1.825E+00,-4.484E-01,4.651E+00,1.441E+00,3.142E+00,-3.333E-03,2.389E+00,2.338E+00,8.286E-02,5.196E+00
32,0.000E+00,2.074E-02,0.000E+00,9.038E-03,0.000E+00,4.199E-06,9.717E-06,1.191E-02,4.136E-02,2.101E-02,4.250E-02,2.974E+00,1.803E+00,-4.087E-01,4.376E+00,1.476E+00,3.142E+00,8.971E-04,2.445E+00,2.458E+00,9.833E-02,4.437E+00,1.634E+00,-2.253E-01,3.453E+00,1.877E+00,3.142E+00,3.856E-03,2.654E+00,2.719E+00,3.323E-01,1.401E+00,1.695E+00,-2.758E-01,3.488E+00,1.767E+00,3.142E+00,9.110E-04,2.588E+00,2.603E+00,1.306E-01,3.463E+00,1.818E+00,-4.487E-01,4.686E+00,1.462E+00,3.142E+00,-2.236E-03,2.368E+00,2.331E+00,8.249E-02,5.218E+00
33,0.000E+00,2.144E-02,0.000E+00,9.188E-03,0.000E+00,5.078E-06,1.035E-05,1.244E-02,4.294E-02,2.170E-02,4.365E-02,3.072E+00,1.801E+00,-4.123E-01,4.441E+00,1.479E+00,3.142E+00,1.062E-03,2.442E+00,2.458E+00,9.823E-02,4.441E+00,1.631E+00,-2.182E-01,3.365E+00,1.904E+00,3.142E+00,3.733E-03,2.654E+00,2.718E+00,3.315E-01,1.404E+00,1.693E+00,-2.751E-01,3.474E+00,1.781E+00,3.142E+00,9.025E-04,2.591E+00,2.606E+00,1.303E-01,3.471E+00,1.810E+00,-4.489E-01,4.721E+00,1.483E+00,3.142E+00,-1.139E-03,2.346E+00,2.325E+00,8.212E-02,5.241E+00
34,0.000E+00,2.214E-02,0.000E+00,9.339E-03,0.000E+00,5.957E-06,1.099E-05,1.298E-02,4.453E-02,2.238E-02,4.480E-02,3.169E+00,1.799E+00,-4.159E-01,4.506E+00,1.481E+00,3.142E+00,1.228E-03,2.439E+00,2.458E+00,9.813E-02,4.446E+00,1.628E+00,-2.110E-01,3.276E+00,1.931E+00,3.142E+00,3.609E-03,2.655E+00,2.716E+00,3.308E-01,1.408E+00,1.690E+00,-2.743E-01,3.460E+00,1.794E+00,3.142E+00,8.940E-04,2.594E+00,2.608E+00,1.300E-01,3.479E+00,1.803E+00,-4.491E-01,4.756E+00,1.504E+00,3.142E+00,-4.201E-05,2.325E+00,2.319E+00,8.176E-02,5.263E+00
35,0.000E+00,2.284E-02,0.000E+00,9.490E-03,0.000E+00,6.836E-06,1.162E-05,1.352E-02,4.612E-02,2.307E-02,4.595E-02,3.267E+00,1.797E+00,-4.195E-01,4.572E+00,1.483E+00,3.142E+00,1.393E-03,2.436E+00,2.457E+00,9.803E-02,4.450E+00,1.625E+00,-2.039E-01,3.188E+00,1.958E+00,3.142E+00,3.485E-03,2.656E+00,2.715E+00,3.301E-01,1.411E+00,1.688E+00,-2.736E-01,3.446E+00,1.808E+00,3.142E+00,8.855E-04,2.596E+00,2.611E+00,1.297E-01,3.487E+00,1.796E+00,-4.493E-01,4.791E+00,1.525E+00,3.142E+00,1.055E-03,2.304E+00,2.313E+00,8.139E-02,5.285E+00
36,0.000E+00,2.354E-02,0.000E+00,9.641E-03,0.000E+00,7.715E-06,1.226E-05,1.406E-02,4.770E-02,2.376E-02,4.709E-02,3.365E+00,1.796E+00,-4.231E-01,4.637E+00,1.485E+00,3.142E+00,1.558E-03,2.434E+00,2.457E+00,9.792E-02,4.454E+00,1.623E+00,-1.968E-01,3.100E+00,1.985E+00,3.142E+00,3.361E-03,2.656E+00,2.713E+00,3.294E-01,1.414E+00,1.686E+00,-2.728E-01,3.432E+00,1.821E+00,3.142E+00,8.770E-04,2.599E+00,2.613E+00,1.294E-01,3.495E+00,1.789E+00,-4.496E-01,4.825E+00,1.546E+00,3.142E+00,2.152E-03,2.283E+00,2.306E+00,8.103E-02,5.308E+00
37,0.000E+00,2.425E-02,0.000E+00,9.792E-03,0.000E+00,8.594E-06,1.289E-05,1.460E-02,4.929E-02,2.445E-02,4.824E-02,3.463E+00,1.794E+00,-4.267E-01,4.702E+00,1.488E+00,3.142E+00,1.723E-03,2.431E+00,2.456E+00,9.782E-02,4.458E+00,1.621E+00,-1.897E-01,3.011E+00,2.012E+00,3.142E+00,3.237E-03,2.657E+00,2.712E+00,3.286E-01,1.417E+00,1.684E+00,-2.721E-01,3.418E+00,1.834E+00,3.142E+00,8.685E-04,2.601E+00,2.615E+00,1.291E-01,3.503E+00,1.781E+00,-4.498E-01,4.860E+00,1.567E+00,3.142E+00,3.249E-03,2.262E+00,2.300E+00,8.066E-02,5.330E+00
38,0.000E+00,2.495E-02,0.000E+00,9.943E-03,0.000E+00,9.473E-06,1.353E-05,1.514E-02,5.088E-02,2.513E-02,4.939E-02,3.561E+00,1.793E+00,-4.303E-01,4.767E+00,1.490E+00,3.142E+00,1.889E-03,2.428E+00,2.456E+00,9.772E-02,4.463E+00,1.619E+00,-1.826E-01,2.923E+00,2.039E+00,3.142E+00,3.113E-03,2.658E+00,2.710E+00,3.279E-01,1.420E+00,1.682E+00,-2.714E-01,3.404E+00,1.848E+00,3.142E+00,8.600E-04,2.604E+00,2.618E+00,1.288E-01,3.511E+00,1.775E+00,-4.500E-01,4.895E+00,1.588E+00,3.142E+00,4.345E-03,2.240E+00,2.294E+00,8.029E-02,5.353E+00
39,0.000E+00,2.565E-02,0.000E+00,1.009E-02,0.000E+00,1.035E-05,1.416E-05,1.568E-02,5.246E-02,2.582E-02,5.053E-02,3.659E+00,1.791E+00,-4.339E-01,4.832E+00,1.492E+00,3.142E+00,2.054E-03,2.425E+00,2.456E+00,9.762E-02,4.467E+00,1.618E+00,-1.755E-01,2.835E+00,2.066E+00,3.142E+00,2.989E-03,2.658E+00,2.709E+00,3.272E-01,1.423E+00,1.680E+00,-2.706E-01,3.390E+00,1.861E+00,3.142E+00,8.514E-04,2.606E+00,2.620E+00,1.285E-01,3.519E+00,1.768E+00,-4.502E-01,4.930E+00,1.609E+00,3.142E+00,5.442E-03,2.219E+00,2.287E+00,7.993E-02,5.375E+00
40,0.000E+00,2.635E-02,0.000E+00,1.024E-02,0.000E+00,1.123E-05,1.479E-05,1.622E-02,5.405E-02,2.651E-02,5.168E-02,3.756E+00,1.790E+00,-4.375E-01,4.897E+00,1.495E+00,3.142E+00,2.219E-03,2.422E+00,2.455E+00,9.752E-02,4.471E+00,1.617E+00,-1.684E-01,2.746E+00,2.093E+00,3.142E+00,2.865E-03,2.659E+00,2.707E+00,3.265E-01,1.426E+00,1.678E+00,-2.699E-01,3.376E+00,1.875E+00,3.142E+00,8.429E-04,2.609E+00,2.623E+00,1.281E-01,3.527E+00,1.761E+00,-4.505E-01,4.965E+00,1.630E+00,3.142E+00,6.539E-03,2.198E+00,2.281E+00,7.956E-02,5.397E+00
41,0.000E+00,2.705E-02,0.000E+00,1.040E-02,0.000E+00,1.211E-05,1.543E-05,1.676E-02,5.564E-02,2.720E-02,5.283E-02,3.854E+00,1.788E+00,-4.411E-01,4.963E+00,1.497E+00,3.142E+00,2.385E-03,2.420E+00,2.455E+00,9.742E-02,4.476E+00,1.616E+00,-1.613E-01,2.658E+00,2.120E+00,3.142E+00,2.742E-03,2.660E+00,2.706E+00,3.257E-01,1.429E+00,1.676E+00,-2.692E-01,3.361E+00,1.888E+00,3.142E+00,8.344E-04,2.612E+00,2.625E+00,1.278E-01,3.535E+00,1.754E+00,-4.507E-01,5.000E+00,1.651E+00,3.142E+00,7.636E-03,2.177E+00,2.275E+00,7.920E-02,5.420E+00
42,0.000E+00,2.775E-02,0.000E+00,1.055E-02,0.000E+00,1.299E-05,1.606E-05,1.730E-02,5.723E-02,2.788E-02,5.398E-02,3.952E+00,1.787E+00,-4.447E-01,5.028E+00,1.499E+00,3.142E+00,2.550E-03,2.417E+00,2.455E+00,9.732E-02,4.480E+00,1.616E+00,-1.542E-01,2.570E+00,2.147E+00,3.142E+00,2.618E-03,2.660E+00,2.704E+00,3.250E-01,1.432E+00,1.674E+00,-2.684E-01,3.347E+00,1.901E+00,3.142E+00,8.259E-04,2.614E+00,2.628E+00,1.275E-01,3.543E+00,1.747E+00,-4.509E-01,5.034E+00,1.672E+00,3.142E+00,8.733E-03,2.156E+00,2.269E+00,7.883E-02,5.442E+00
43,0.000E+00,2.846E-02,0.000E+00,1.070E-02,0.000E+00,1.387E-05,1.670E-05,1.784E-02,5.881E-02,2.857E-02,5.512E-02,4.050E+00,1.786E+00,-4.482E-01,5.093E+00,1.502E+00,3.142E+00,2.715E-03,2.414E+00,2.454E+00,9.722E-02,4.484E+00,1.617E+00,-1.471E-01,2.481E+00,2.174E+00,3.142E+00,2.494E-03,2.661E+00,2.703E+00,3.243E-01,1.435E+00,1.672E+00,-2.677E-01,3.333E+00,1.915E+00,3.142E+00,8.174E-04,2.617E+00,2.630E+00,1.272E-01,3.551E+00,1.741E+00,-4.511E-01,5.069E+00,1.693E+00,3.142E+00,9.830E-03,2.134E+00,2.262E+00,7.846E-02,5.465E+00
44,0.000E+00,2.916E-02,0.000E+00,1.085E-02,0.000E+00,1.475E-05,1.733E-05,1.838E-02,6.040E-02,2.926E-02,5.627E-02,4.148E+00,1.784E+00,-4.518E-01,5.158E+00,1.504E+00,3.142E+00,2.880E-03,2.411E+00,2.454E+00,9.712E-02,4.489E+00,1.618E+00,-1.400E-01,2.393E+00,2.201E+00,3.142E+00,2.370E-03,2.662E+00,2.702E+00,3.236E-01,1.438E+00,1.671E+00,-2.669E-01,3.319E+00,1.928E+00,3.142E+00,8.089E-04,2.619E+00,2.632E+00,1.269E-01,3.559E+00,1.734E+00,-4.513E-01,5.104E+00,1.714E+00,3.142E+00,1.093E-02,2.113E+00,2.256E+00,7.810E-02,5.487E+00
45,0.000E+00,2.986E-02,0.000E+00,1.100E-02,0.000E+00,1.563E-05,1.797E-05,1.892E-02,6.199E-02,2.995E-02,5.742E-02,4.246E+00,1.783E+00,-4.554E-01,5.223E+00,1.506E+00,3.142E+00,3.046E-03,2.408E+00,2.454E+00,9.701E-02,4.493E+00,1.619E+00,-1.329E-01,2.305E+00,2.228E+00,3.142E+00,2.246E-03,2.662E+00,2.700E+00,3.228E-01,1.441E+00,1.669E+00,-2.662E-01,3.305E+00,1.942E+00,3.142E+00,8.003E-04,2.622E+00,2.635E+00,1.266E-01,3.567E+00,1.728E+00,-4.516E-01,5.139E+00,1.735E+00,3.142E+00,1.202E-02,2.092E+00,2.250E+00,7.773E-02,5.510E+00
46,0.000E+00,3.139E-02,0.000E+00,1.142E-02,0.000E+00,1.582E-05,2.168E-05,2.000E-02,6.529E-02,3.148E-02,6.005E-02,4.459E+00,1.747E+00,-4.532E-01,5.485E+00,1.592E+00,3.142E+00,2.956E-03,2.398E+00,2.441E+00,9.740E-02,4.476E+00,1.605E+00,-1.127E-01,2.146E+00,2.361E+00,3.142E+00,1.303E-03,2.695E+00,2.717E+00,3.236E-01,1.437E+00,1.662E+00,-2.621E-01,3.293E+00,1.968E+00,3.142E+00,2.822E-04,2.646E+00,2.650E+00,1.261E-01,3.582E+00,1.652E+00,-5.347E-01,1.047E+01,1.586E+00,3.142E+00,9.247E-03,2.175E+00,2.297E+00,7.812E-02,5.485E+00
47,0.000E+00,3.292E-02,0.000E+00,1.184E-02,0.000E+00,1.602E-05,2.539E-05,2.107E-02,6.859E-02,3.302E-02,6.268E-02,4.673E+00,1.713E+00,-4.509E-01,5.747E+00,1.677E+00,3.142E+00,2.867E-03,2.387E+00,2.429E+00,9.780E-02,4.460E+00,1.594E+00,-9.243E-02,1.988E+00,2.493E+00,3.142E+00,3.590E-04,2.729E+00,2.734E+00,3.244E-01,1.434E+00,1.655E+00,-2.581E-01,3.280E+00,1.994E+00,3.142E+00,-2.359E-04,2.669E+00,2.665E+00,1.255E-01,3.596E+00,1.667E+00,-6.179E-01,1.581E+01,1.437E+00,3.142E+00,6.470E-03,2.258E+00,2.343E+00,7.850E-02,5.460E+00
48,0.000E+00,3.445E-02,0.000E+00,1.226E-02,0.000E+00,1.621E-05,2.910E-05,2.215E-02,7.190E-02,3.455E-02,6.531E-02,4.887E+00,1.680E+00,-4.487E-01,6.009E+00,1.762E+00,3.142E+00,2.778E-03,2.376E+00,2.417E+00,9.819E-02,4.443E+00,1.586E+00,-7.221E-02,1.829E+00,2.625E+00,3.142E+00,-5.845E-04,2.762E+00,2.751E+00,3.252E-01,1.430E+00,1.648E+00,-2.540E-01,3.268E+00,2.021E+00,3.142E+00,-7.541E-04,2.693E+00,2.680E+00,1.250E-01,3.611E+00,1.721E+00,-7.010E-01,2.114E+01,1.287E+00,3.142E+00,3.694E-03,2.341E+00,2.390E+00,7.888E-02,5.435E+00
49,0.000E+00,3.522E-02,0.000E+00,1.248E-02,0.000E+00,1.631E-05,3.096E-05,2.269E-02,7.355E-02,3.532E-02,6.663E-02,4.994E+00,1.664E+00,-4.476E-01,6.140E+00,1.805E+00,3.142E+00,2.733E-03,2.370E+00,2.410E+00,9.838E-02,4.435E+00,1.583E+00,-6.210E-02,1.750E+00,2.692E+00,3.142E+00,-1.056E-03,2.778E+00,2.759E+00,3.256E-01,1.429E+00,1.645E+00,-2.520E-01,3.262E+00,2.034E+00,3.142E+00,-1.013E-03,2.705E+00,2.688E+00,1.247E-01,3.618E+00,1.758E+00,-7.426E-01,2.381E+01,1.212E+00,3.142E+00,2.306E-03,2.382E+00,2.414E+00,7.908E-02,5.423E+00
50,0.000E+00,3.598E-02,0.000E+00,1.269E-02,0.000E+00,1.641E-05,3.281E-05,2.323E-02,7.520E-02,3.608E-02,6.794E-02,5.101E+00,1.649E+00,-4.464E-01,6.271E+00,1.848E+00,3.142E+00,2.689E-03,2.365E+00,2.404E+00,9.858E-02,4.426E+00,1.581E+00,-5.199E-02,1.671E+00,2.758E+00,3.142E+00,-1.528E-03,2.795E+00,2.768E+00,3.260E-01,1.427E+00,1.642E+00,-2.499E-01,3.255E+00,2.047E+00,3.142E+00,-1.272E-03,2.717E+00,2.695E+00,1.245E-01,3.625E+00,1.799E+00,-7.842E-01,2.648E+01,1.138E+00,3.142E+00,9.176E-04,2.423E+00,2.437E+00,7.927E-02,5.411E+00
51,0.000E+00,3.826E-02,0.000E+00,1.321E-02,0.000E+00,2.275E-05,3.984E-05,2.501E-02,8.087E-02,3.835E-02,7.143E-02,5.426E+00,1.630E+00,-4.689E-01,7.647E+00,1.783E+00,3.142E+00,2.764E-03,2.385E+00,2.426E+00,9.771E-02,4.465E+00,1.559E+00,-8.139E-02,2.046E+00,2.627E+00,3.142E+00,-1.943E-03,2.805E+00,2.771E+00,3.247E-01,1.433E+00,1.629E+00,-2.693E-01,3.706E+00,1.995E+00,3.142E+00,-9.000E-04,2.706E+00,2.691E+00,1.247E-01,3.620E+00,1.769E+00,-7.622E-01,2.481E+01,1.202E+00,3.142E+00,1.881E-04,2.430E+00,2.433E+00,7.929E-02,5.409E+00
52,0.000E+00,4.054E-02,0.000E+00,1.373E-02,0.000E+00,2.910E-05,4.688E-05,2.680E-02,8.654E-02,4.062E-02,7.492E-02,5.751E+00,1.622E+00,-4.913E-01,9.022E+00,1.718E+00,3.142E+00,2.839E-03,2.404E+00,2.447E+00,9.685E-02,4.504E+00,1.548E+00,-1.108E-01,2.422E+00,2.495E+00,3.142E+00,-2.357E-03,2.815E+00,2.773E+00,3.234E-01,1.439E+00,1.621E+00,-2.887E-01,4.156E+00,1.943E+00,3.142E+00,-5.278E-04,2.696E+00,2.686E+00,1.249E-01,3.615E+00,1.741E+00,-7.402E-01,2.314E+01,1.266E+00,3.142E+00,-5.414E-04,2.436E+00,2.428E+00,7.931E-02,5.408E+00
53,0.000E+00,4.282E-02,0.000E+00,1.425E-02,0.000E+00,3.545E-05,5.391E-05,2.858E-02,9.220E-02,4.289E-02,7.842E-02,6.076E+00,1.621E+00,-5.138E-01,1.040E+01,1.652E+00,3.142E+00,2.913E-03,2.424E+00,2.468E+00,9.598E-02,4.543E+00,1.547E+00,-1.402E-01,2.797E+00,2.364E+00,3.142E+00,-2.772E-03,2.825E+00,2.776E+00,3.221E-01,1.444E+00,1.617E+00,-3.081E-01,4.607E+00,1.891E+00,3.142E+00,-1.556E-04,2.685E+00,2.682E+00,1.251E-01,3.609E+00,1.716E+00,-7.182E-01,2.147E+01,1.329E+00,3.142E+00,-1.271E-03,2.443E+00,2.424E+00,7.932E-02,5.407E+00
54,0.000E+00,4.396E-02,0.000E+00,1.451E-02,0.000E+00,3.862E-05,5.742E-05,2.947E-02,9.504E-02,4.403E-02,8.016E-02,6.239E+00,1.623E+00,-5.250E-01,1.109E+01,1.620E+00,3.142E+00,2.951E-03,2.434E+00,2.479E+00,9.555E-02,4.562E+00,1.549E+00,-1.549E-01,2.985E+00,2.299E+00,3.142E+00,-2.979E-03,2.830E+00,2.777E+00,3.214E-01,1.447E+00,1.617E+00,-3.178E-01,4.832E+00,1.865E+00,3.142E+00,3.055E-05,2.679E+00,2.680E+00,1.252E-01,3.606E+00,1.705E+00,-7.071E-01,2.063E+01,1.361E+00,3.142E+00,-1.636E-03,2.446E+00,2.421E+00,7.933E-02,5.407E+00
55,0.000E+00,4.510E-02,0.000E+00,1.477E-02,0.000E+00,4.180E-05,6.094E-05,3.036E-02,9.787E-02,4.516E-02,8.191E-02,6.401E+00,1.626E+00,-5.363E-01,1.177E+01,1.587E+00,3.142E+00,2.988E-03,2.444E+00,2.489E+00,9.512E-02,4.582E+00,1.553E+00,-1.696E-01,3.172E+00,2.233E+00,3.142E+00,-3.186E-03,2.835E+00,2.778E+00,3.208E-01,1.450E+00,1.617E+00,-3.275E-01,5.058E+00,1.839E+00,3.142E+00,2.167E-04,2.674E+00,2.677E+00,1.253E-01,3.604E+00,1.694E+00,-6.961E-01,1.980E+01,1.393E+00,3.142E+00,-2.000E-03,2.449E+00,2.419E+00,7.934E-02,5.406E+00
56,0.000E+00,4.738E-02,0.000E+00,1.529E-02,0.000E+00,4.814E-05,6.797E-05,3.215E-02,1.035E-01,4.743E-02,8.540E-02,6.726E+00,1.637E+00,-5.587E-01,1.315E+01,1.522E+00,3.142E+00,3.063E-03,2.463E+00,2.511E+00,9.426E-02,4.621E+00,1.565E+00,-1.990E-01,3.548E+00,2.102E+00,3.142E+00,-3.601E-03,2.845E+00,2.781E+00,3.194E-01,1.456E+00,1.620E+00,-3.469E-01,5.508E+00,1.787E+00,3.142E+00,5.889E-04,2.663E+00,2.673E+00,1.255E-01,3.598E+00,1.675E+00,-6.741E-01,1.813E+01,1.457E+00,3.142E+00,-2.730E-03,2.455E+00,2.415E+00,7.936E-02,5.405E+00
57,0.000E+00,4.966E-02,0.000E+00,1.581E-02,0.000E+00,5.449E-05,7.500E-05,3.393E-02,1.092E-01,4.970E-02,8.889E-02,7.051E+00,1.651E+00,-5.812E-01,1.452E+01,1.457E+00,3.142E+00,3.138E-03,2.483E+00,2.532E+00,9.339E-02,4.659E+00,1.583E+00,-2.284E-01,3.923E+00,1.970E+00,3.142E+00,-4.015E-03,2.855E+00,2.783E+00,3.181E-01,1.462E+00,1.626E+00,-3.663E-01,5.959E+00,1.735E+00,3.142E+00,9.611E-04,2.653E+00,2.668E+00,1.257E-01,3.593E+00,1.659E+00,-6.521E-01,1.646E+01,1.521E+00,3.142E+00,-3.459E-03,2.462E+00,2.410E+00,7.938E-02,5.404E+00
58,0.000E+00,5.194E-02,0.000E+00,1.633E-02,0.000E+00,6.084E-05,8.203E-05,3.572E-02,1.149E-01,5.197E-02,9.238E-02,7.377E+00,1.669E+00,-6.036E-01,1.590E+01,1.392E+00,3.142E+00,3.213E-03,2.503E+00,2.553E+00,9.253E-02,4.698E+00,1.606E+00,-2.578E-01,4.298E+00,1.839E+00,3.142E+00,-4.430E-03,2.865E+00,2.786E+00,3.168E-01,1.467E+00,1.634E+00,-3.857E-01,6.409E+00,1.683E+00,3.142E+00,1.333E-03,2.642E+00,2.664E+00,1.259E-01,3.588E+00,1.647E+00,-6.301E-01,1.479E+01,1.585E+00,3.142E+00,-4.189E-03,2.468E+00,2.406E+00,7.940E-02,5.402E+00
59,0.000E+00,5.308E-02,0.000E+00,1.659E-02,0.000E+00,6.401E-05,8.555E-05,3.661E-02,1.177E-01,5.311E-02,9.413E-02,7.539E+00,1.679E+00,-6.148E-01,1.659E+01,1.359E+00,3.142E+00,3.250E-03,2.513E+00,2.564E+00,9.210E-02,4.718E+00,1.619E+00,-2.725E-01,4.486E+00,1.774E+00,3.142E+00,-4.637E-03,2.870E+00,2.787E+00,3.162E-01,1.470E+00,1.639E+00,-3.954E-01,6.634E+00,1.657E+00,3.142E+00,1.519E-03,2.637E+00,2.662E+00,1.260E-01,3.585E+00,1.642E+00,-6.191E-01,1.395E+01,1.617E+00,3.142E+00,-4.553E-03,2.471E+00,2.403E+00,7.941E-02,5.402E+00
60,0.000E+00,5.422E-02,0.000E+00,1.685E-02,0.000E+00,6.719E-05,8.906E-05,3.750E-02,1.205E-01,5.424E-02,9.588E-02,7.702E+00,1.690E+00,-6.261E-01,1.727E+01,1.327E+00,3.142E+00,3.288E-03,2.523E+00,2.575E+00,9.166E-02,4.737E+00,1.633E+00,-2.872E-01,4.674E+00,1.708E+00,3.142E+00,-4.844E-03,2.875E+00,2.788E+00,3.155E-01,1.473E+00,1.644E+00,-4.051E-01,6.860E+00,1.631E+00,3.142E+00,1.706E-03,2.631E+00,2.659E+00,1.260E-01,3.582E+00,1.639E+00,-6.081E-01,1.312E+01,1.649E+00,3.142E+00,-4.918E-03,2.475E+00,2.401E+00,7.942E-02,5.401E+00
61,0.000E+00,5.774E-02,0.000E+00,1.738E-02,0.000E+00,8.184E-05,1.023E-04,4.054E-02,1.296E-01,5.783E-02,1.012E-01,8.210E+00,1.660E+00,-6.122E-01,1.699E+01,1.401E+00,3.142E+00,2.979E-03,2.533E+00,2.581E+00,9.195E-02,4.724E+00,1.620E+00,-3.023E-01,5.145E+00,1.704E+00,3.142E+00,-4.643E-03,2.850E+00,2.768E+00,3.174E-01,1.464E+00,1.638E+00,-4.115E-01,7.320E+00,1.608E+00,3.142E+00,1.618E-03,2.634E+00,2.661E+00,1.264E-01,3.574E+00,1.628E+00,-6.018E-01,1.328E+01,1.664E+00,3.142E+00,-4.460E-03,2.499E+00,2.432E+00,7.973E-02,5.382E+00
62,0.000E+00,6.127E-02,0.000E+00,1.791E-02,0.000E+00,9.648E-05,1.156E-04,4.357E-02,1.387E-01,6.142E-02,1.064E-01,8.719E+00,1.630E+00,-5.983E-01,1.670E+01,1.475E+00,3.142E+00,2.670E-03,2.544E+00,2.587E+00,9.223E-02,4.710E+00,1.610E+00,-3.174E-01,5.616E+00,1.701E+00,3.142E+00,-4.442E-03,2.825E+00,2.747E+00,3.194E-01,1.456E+00,1.633E+00,-4.178E-01,7.781E+00,1.584E+00,3.142E+00,1.530E-03,2.638E+00,2.663E+00,1.267E-01,3.565E+00,1.617E+00,-5.956E-01,1.345E+01,1.679E+00,3.142E+00,-4.001E-03,2.524E+00,2.462E+00,8.004E-02,5.363E+00
63,0.000E+00,6.479E-02,0.000E+00,1.844E-02,0.000E+00,1.111E-04,1.289E-04,4.660E-02,1.478E-01,6.501E-02,1.117E-01,9.227E+00,1.603E+00,-5.845E-01,1.642E+01,1.549E+00,3.142E+00,2.361E-03,2.555E+00,2.592E+00,9.252E-02,4.696E+00,1.601E+00,-3.325E-01,6.087E+00,1.697E+00,3.142E+00,-4.240E-03,2.800E+00,2.726E+00,3.214E-01,1.447E+00,1.630E+00,-4.241E-01,8.241E+00,1.561E+00,3.142E+00,1.442E-03,2.641E+00,2.665E+00,1.270E-01,3.556E+00,1.606E+00,-5.894E-01,1.361E+01,1.694E+00,3.142E+00,-3.542E-03,2.548E+00,2.493E+00,8.035E-02,5.343E+00
64,0.000E+00,6.655E-02,0.000E+00,1.871E-02,0.000E+00,1.185E-04,1.355E-04,4.812E-02,1.523E-01,6.680E-02,1.144E-01,9.481E+00,1.589E+00,-5.775E-01,1.627E+01,1.586E+00,3.142E+00,2.207E-03,2.560E+00,2.595E+00,9.266E-02,4.690E+00,1.598E+00,-3.400E-01,6.323E+00,1.696E+00,3.142E+00,-4.140E-03,2.788E+00,2.716E+00,3.223E-01,1.443E+00,1.629E+00,-4.272E-01,8.471E+00,1.550E+00,3.142E+00,1.399E-03,2.642E+00,2.666E+00,1.272E-01,3.552E+00,1.601E+00,-5.862E-01,1.369E+01,1.702E+00,3.142E+00,-3.313E-03,2.560E+00,2.508E+00,8.050E-02,5.334E+00
65,0.000E+00,6.832E-02,0.000E+00,1.897E-02,0.000E+00,1.258E-04,1.422E-04,4.964E-02,1.568E-01,6.860E-02,1.170E-01,9.735E+00,1.576E+00,-5.706E-01,1.613E+01,1.623E+00,3.142E+00,2.052E-03,2.566E+00,2.598E+00,9.281E-02,4.683E+00,1.595E+00,-3.475E-01,6.558E+00,1.694E+00,3.142E+00,-4.039E-03,2.776E+00,2.705E+00,3.233E-01,1.439E+00,1.628E+00,-4.304E-01,8.701E+00,1.538E+00,3.142E+00,1.355E-03,2.644E+00,2.667E+00,1.273E-01,3.548E+00,1.596E+00,-5.831E-01,1.377E+01,1.710E+00,3.142E+00,-3.084E-03,2.573E+00,2.524E+00,8.066E-02,5.324E+00
66,0.000E+00,7.339E-02,0.000E+00,1.923E-02,0.000E+00,1.457E-04,1.729E-04,5.439E-02,1.707E-01,7.362E-02,1.232E-01,1.045E+01,1.555E+00,-5.508E-01,1.504E+01,1.707E+00,3.142E+00,2.509E-03,2.518E+00,2.557E+00,9.450E-02,4.608E+00,1.581E+00,-3.533E-01,7.038E+00,1.699E+00,3.142E+00,-2.683E-03,2.744E+00,2.697E+00,3.200E-01,1.454E+00,1.603E+00,-4.184E-01,8.476E+00,1.626E+00,3.142E+00,1.569E-03,2.641E+00,2.667E+00,1.270E-01,3.556E+00,1.577E+00,-5.625E-01,1.313E+01,1.768E+00,3.142E+00,-1.837E-03,2.504E+00,2.474E+00,7.972E-02,5.384E+00
67,0.000E+00,7.846E-02,0.000E+00,1.949E-02,0.000E+00,1.656E-04,2.035E-04,5.914E-02,1.846E-01,7.864E-02,1.293E-01,1.116E+01,1.536E+00,-5.310E-01,1.396E+01,1.790E+00,3.142E+00,2.965E-03,2.470E+00,2.515E+00,9.620E-02,4.534E+00,1.568E+00,-3.590E-01,7.517E+00,1.703E+00,3.142E+00,-1.326E-03,2.713E+00,2.689E+00,3.166E-01,1.469E+00,1.579E+00,-4.063E-01,8.250E+00,1.714E+00,3.142E+00,1.783E-03,2.639E+00,2.668E+00,1.267E-01,3.564E+00,1.559E+00,-5.419E-01,1.249E+01,1.827E+00,3.142E+00,-5.896E-04,2.435E+00,2.424E+00,7.879E-02,5.444E+00
68,0.000E+00,8.352E-02,0.000E+00,1.975E-02,0.000E+00,1.855E-04,2.342E-04,6.390E-02,1.985E-01,8.367E-02,1.355E-01,1.188E+01,1.521E+00,-5.113E-01,1.287E+01,1.874E+00,3.142E+00,3.422E-03,2.422E+00,2.473E+00,9.789E-02,4.459E+00,1.556E+00,-3.647E-01,7.997E+00,1.708E+00,3.142E+00,2.993E-05,2.682E+00,2.681E+00,3.133E-01,1.484E+00,1.557E+00,-3.943E-01,8.025E+00,1.803E+00,3.142E+00,1.996E-03,2.636E+00,2.669E+00,1.264E-01,3.572E+00,1.543E+00,-5.213E-01,1.185E+01,1.886E+00,3.142E+00,6.575E-04,2.366E+00,2.374E+00,7.785E-02,5.504E+00
69,0.000E+00,8.606E-02,0.000E+00,1.988E-02,0.000E+00,1.955E-04,2.495E-04,6.627E-02,2.054E-01,8.618E-02,1.386E-01,1.224E+01,1.514E+00,-5.014E-01,1.233E+01,1.915E+00,3.142E+00,3.650E-03,2.398E+00,2.452E+00,9.874E-02,4.422E+00,1.550E+00,-3.676E-01,8.236E+00,1.710E+00,3.142E+00,7.081E-04,2.666E+00,2.677E+00,3.116E-01,1.491E+00,1.547E+00,-3.883E-01,7.912E+00,1.847E+00,3.142E+00,2.103E-03,2.634E+00,2.669E+00,1.263E-01,3.575E+00,1.536E+00,-5.109E-01,1.153E+01,1.915E+00,3.142E+00,1.281E-03,2.332E+00,2.349E+00,7.739E-02,5.534E+00
70,0.000E+00,8.859E-02,0.000E+00,2.001E-02,0.000E+00,2.055E-04,2.648E-04,6.865E-02,2.124E-01,8.869E-02,1.417E-01,1.259E+01,1.508E+00,-4.915E-01,1.178E+01,1.957E+00,3.142E+00,3.879E-03,2.374E+00,2.431E+00,9.959E-02,4.384E+00,1.545E+00,-3.705E-01,8.476E+00,1.713E+00,3.142E+00,1.386E-03,2.650E+00,2.674E+00,3.099E-01,1.499E+00,1.537E+00,-3.823E-01,7.799E+00,1.891E+00,3.142E+00,2.210E-03,2.633E+00,2.670E+00,1.262E-01,3.579E+00,1.528E+00,-5.006E-01,1.120E+01,1.945E+00,3.142E+00,1.905E-03,2.298E+00,2.324E+00,7.692E-02,5.563E+00
71,0.000E+00,9.347E-02,0.000E+00,2.026E-02,1.172E-06,2.242E-04,2.684E-04,7.350E-02,2.276E-01,9.379E-02,1.468E-01,1.331E+01,1.523E+00,-4.601E-01,1.002E+01,1.949E+00,3.142E+00,2.208E-03,2.343E+00,2.376E+00,9.846E-02,4.432E+00,1.537E+00,-3.405E-01,7.381E+00,1.797E+00,3.142E+00,1.161E-03,2.643E+00,2.663E+00,3.147E-01,1.477E+00,1.534E+00,-3.575E-01,7.011E+00,1.946E+00,3.142E+00,4.715E-04,2.654E+00,2.662E+00,1.252E-01,3.604E+00,1.528E+00,-4.917E-01,1.058E+01,1.980E+00,3.142E+00,2.835E-03,2.285E+00,2.324E+00,7.580E-02,5.640E+00
72,0.000E+00,9.834E-02,0.000E+00,2.051E-02,2.344E-06,2.430E-04,2.719E-04,7.835E-02,2.429E-01,9.888E-02,1.518E-01,1.403E+01,1.548E+00,-4.287E-01,8.266E+00,1.941E+00,3.142E+00,5.378E-04,2.313E+00,2.321E+00,9.734E-02,4.479E+00,1.537E+00,-3.105E-01,6.285E+00,1.881E+00,3.142E+00,9.367E-04,2.636E+00,2.652E+00,3.195E-01,1.455E+00,1.535E+00,-3.326E-01,6.222E+00,2.002E+00,3.142E+00,-1.267E-03,2.675E+00,2.654E+00,1.243E-01,3.629E+00,1.528E+00,-4.828E-01,9.958E+00,2.015E+00,3.142E+00,3.765E-03,2.272E+00,2.324E+00,7.468E-02,5.717E+00
73,0.000E+00,1.045E-01,0.000E+00,2.081E-02,1.562E-06,2.441E-04,2.770E-04,8.406E-02,2.587E-01,1.049E-01,1.597E-01,1.488E+01,1.528E+00,-4.252E-01,8.428E+00,2.003E+00,3.142E+00,-9.053E-04,2.378E+00,2.365E+00,9.863E-02,4.425E+00,1.529E+00,-3.081E-01,6.346E+00,1.900E+00,3.142E+00,-7.644E-04,2.723E+00,2.709E+00,3.129E-01,1.485E+00,1.507E+00,-3.334E-01,6.634E+00,2.066E+00,3.142E+00,-3.339E-04,2.640E+00,2.634E+00,1.255E-01,3.599E+00,1.504E+00,-4.670E-01,9.717E+00,2.114E+00,3.142E+00,2.516E-04,2.317E+00,2.320E+00,7.520E-02,5.681E+00
74,0.000E+00,1.107E-01,0.000E+00,2.111E-02,7.812E-07,2.453E-04,2.820E-04,8.977E-02,2.746E-01,1.109E-01,1.677E-01,1.574E+01,1.509E+00,-4.217E-01,8.590E+00,2.066E+00,3.142E+00,-2.348E-03,2.443E+00,2.408E+00,9.992E-02,4.371E+00,1.521E+00,-3.056E-01,6.406E+00,1.920E+00,3.142E+00,-2.466E-03,2.809E+00,2.766E+00,3.063E-01,1.516E+00,1.481E+00,-3.342E-01,7.045E+00,2.130E+00,3.142E+00,5.997E-04,2.604E+00,2.614E+00,1.266E-01,3.568E+00,1.481E+00,-4.511E-01,9.476E+00,2.213E+00,3.142E+00,-3.262E-03,2.362E+00,2.316E+00,7.571E-02,5.645E+00
75,0.000E+00,1.170E-01,0.000E+00,2.119E-02,3.906E-07,2.410E-04,2.914E-04,9.596E-02,2.925E-01,1.171E-01,1.748E-01,1.663E+01,1.478E+00,-3.972E-01,7.921E+00,2.256E+00,3.142E+00,1.059E-03,2.424E+00,2.439E+00,9.990E-02,4.371E+00,1.505E+00,-2.846E-01,6.109E+00,1.985E+00,3.142E+00,2.348E-04,2.661E+00,2.662E+00,3.191E-01,1.459E+00,1.480E+00,-3.336E-01,6.929E+00,2.162E+00,3.142E+00,1.442E-03,2.578E+00,2.601E+00,1.252E-01,3.606E+00,1.479E+00,-4.329E-01,8.487E+00,2.300E+00,3.142E+00,-1.797E-04,2.312E+00,2.309E+00,7.550E-02,5.660E+00
76,0.000E+00,1.232E-01,0.000E+00,2.128E-02,0.000E+00,2.367E-04,3.008E-04,1.022E-01,3.105E-01,1.234E-01,1.819E-01,1.752E+01,1.452E+00,-3.727E-01,7.252E+00,2.446E+00,3.142E+00,4.467E-03,2.404E+00,2.471E+00,9.989E-02,4.372E+00,1.489E+00,-2.636E-01,5.811E+00,2.051E+00,3.142E+00,2.935E-03,2.513E+00,2.559E+00,3.320E-01,1.402E+00,1.478E+00,-3.329E-01,6.812E+00,2.194E+00,3.142E+00,2.284E-03,2.552E+00,2.588E+00,1.238E-01,3.644E+00,1.483E+00,-4.146E-01,7.498E+00,2.387E+00,3.142E+00,2.903E-03,2.263E+00,2.303E+00,7.529E-02,5.675E+00
77,0.000E+00,1.300E-01,0.000E+00,2.096E-02,7.812E-07,2.398E-04,3.098E-04,1.093E-01,3.309E-01,1.302E-01,1.887E-01,1.848E+01,1.417E+00,-3.542E-01,6.868E+00,2.706E+00,3.142E+00,2.264E-03,2.415E+00,2.449E+00,9.713E-02,4.491E+00,1.463E+00,-2.535E-01,5.596E+00,2.221E+00,3.142E+00,4.610E-03,2.510E+00,2.583E+00,3.239E-01,1.437E+00,1.453E+00,-3.077E-01,6.369E+00,2.342E+00,3.142E+00,2.364E-03,2.505E+00,2.542E+00,1.247E-01,3.620E+00,1.426E+00,-4.062E-01,7.937E+00,2.638E+00,3.142E+00,8.735E-03,2.137E+00,2.249E+00,7.705E-02,5.557E+00
78,0.000E+00,1.368E-01,0.000E+00,2.064E-02,1.562E-06,2.430E-04,3.188E-04,1.164E-01,3.514E-01,1.370E-01,1.954E-01,1.945E+01,1.386E+00,-3.356E-01,6.484E+00,2.966E+00,3.142E+00,6.010E-05,2.427E+00,2.428E+00,9.437E-02,4.610E+00,1.440E+00,-2.434E-01,5.382E+00,2.392E+00,3.142E+00,6.284E-03,2.507E+00,2.607E+00,3.157E-01,1.472E+00,1.431E+00,-2.826E-01,5.926E+00,2.490E+00,3.142E+00,2.443E-03,2.459E+00,2.496E+00,1.255E-01,3.596E+00,1.374E+00,-3.977E-01,8.377E+00,2.888E+00,3.142E+00,1.457E-02,2.012E+00,2.196E+00,7.881E-02,5.440E+00
79,0.000E+00,1.432E-01,0.000E+00,1.887E-02,2.344E-06,2.461E-04,3.055E-04,1.246E-01,3.722E-01,1.435E-01,2.002E-01,2.036E+01,1.381E+00,-3.385E-01,6.799E+00,2.922E+00,3.142E+00,8.693E-03,2.197E+00,2.304E+00,9.497E-02,4.583E+00,1.414E+00,-2.412E-01,5.624E+00,2.482E+00,3.142E+00,4.981E-03,2.499E+00,2.577E+00,3.168E-01,1.467E+00,1.421E+00,-2.751E-01,5.777E+00,2.570E+00,3.142E+00,1.643E-03,2.465E+00,2.490E+00,1.265E-01,3.570E+00,1.346E+00,-3.831E-01,8.015E+00,3.138E+00,3.142E+00,1.032E-02,2.034E+00,2.163E+00,7.801E-02,5.492E+00
80,0.000E+00,1.495E-01,0.000E+00,1.710E-02,3.125E-06,2.492E-04,2.922E-04,1.328E-01,3.930E-01,1.499E-01,2.050E-01,2.127E+01,1.377E+00,-3.415E-01,7.114E+00,2.879E+00,3.142E+00,1.733E-02,1.966E+00,2.180E+00,9.558E-02,4.556E+00,1.390E+00,-2.389E-01,5.866E+00,2.572E+00,3.142E+00,3.678E-03,2.491E+00,2.548E+00,3.179E-01,1.462E+00,1.412E+00,-2.675E-01,5.628E+00,2.649E+00,3.142E+00,8.416E-04,2.472E+00,2.485E+00,1.275E-01,3.544E+00,1.322E+00,-3.685E-01,7.654E+00,3.389E+00,3.142E+00,6.063E-03,2.055E+00,2.131E+00,7.721E-02,5.544E+00
81,0.000E+00,1.539E-01,0.000E+00,1.571E-02,4.297E-06,2.426E-04,2.766E-04,1.385E-01,4.063E-01,1.542E-01,2.090E-01,2.188E+01,1.319E+00,-3.204E-01,6.908E+00,3.348E+00,3.142E+00,1.750E-02,1.917E+00,2.127E+00,9.353E-02,4.651E+00,1.325E+00,-2.179E-01,5.782E+00,3.023E+00,3.142E+00,7.221E-03,2.360E+00,2.464E+00,3.199E-01,1.454E+00,1.366E+00,-2.554E-01,5.514E+00,3.009E+00,3.142E+00,4.194E-03,2.359E+00,2.418E+00,1.260E-01,3.583E+00,1.279E+00,-3.475E-01,7.426E+00,3.793E+00,3.142E+00,7.523E-03,2.005E+00,2.096E+00,7.617E-02,5.615E+00
82,0.000E+00,1.582E-01,0.000E+00,1.431E-02,5.469E-06,2.359E-04,2.609E-04,1.443E-01,4.195E-01,1.585E-01,2.130E-01,2.250E+01,1.271E+00,-2.994E-01,6.703E+00,3.817E+00,3.142E+00,1.766E-02,1.868E+00,2.074E+00,9.149E-02,4.746E+00,1.271E+00,-1.970E-01,5.698E+00,3.473E+00,3.142E+00,1.076E-02,2.228E+00,2.379E+00,3.219E-01,1.445E+00,1.327E+00,-2.433E-01,5.400E+00,3.369E+00,3.142E+00,7.547E-03,2.245E+00,2.351E+00,1.246E-01,3.622E+00,1.241E+00,-3.265E-01,7.198E+00,4.198E+00,3.142E+00,8.983E-03,1.955E+00,2.062E+00,7.513E-02,5.686E+00
83,0.000E+00,1.553E-01,0.000E+00,1.079E-02,5.859E-06,2.191E-04,2.270E-04,1.447E-01,4.168E-01,1.555E-01,2.038E-01,2.207E+01,1.209E+00,-2.838E-01,6.505E+00,4.638E+00,3.142E+00,2.350E-02,1.740E+00,1.995E+00,9.052E-02,4.794E+00,1.224E+00,-1.863E-01,5.698E+00,3.958E+00,3.142E+00,1.673E-02,2.046E+00,2.257E+00,3.121E-01,1.490E+00,1.276E+00,-2.321E-01,5.505E+00,3.807E+00,3.142E+00,1.055E-02,2.080E+00,2.213E+00,1.221E-01,3.694E+00,1.184E+00,-3.187E-01,7.473E+00,4.843E+00,3.142E+00,4.900E-02,1.524E+00,1.964E+00,7.160E-02,5.957E+00
84,0.000E+00,1.523E-01,0.000E+00,7.259E-03,6.250E-06,2.023E-04,1.930E-04,1.452E-01,4.141E-01,1.524E-01,1.946E-01,2.164E+01,1.161E+00,-2.683E-01,6.308E+00,5.458E+00,3.142E+00,2.934E-02,1.612E+00,1.917E+00,8.954E-02,4.842E+00,1.184E+00,-1.755E-01,5.698E+00,4.443E+00,3.142E+00,2.269E-02,1.864E+00,2.135E+00,3.023E-01,1.535E+00,1.232E+00,-2.210E-01,5.610E+00,4.245E+00,3.142E+00,1.355E-02,1.915E+00,2.075E+00,1.196E-01,3.766E+00,1.134E+00,-3.109E-01,7.748E+00,5.489E+00,3.142E+00,8.901E-02,1.092E+00,1.866E+00,6.808E-02,6.227E+00
85,0.000E+00,1.255E-01,0.000E+00,4.234E-03,4.688E-06,1.820E-04,1.730E-04,1.215E-01,3.433E-01,1.257E-01,1.587E-01,1.785E+01,1.055E+00,-2.551E-01,6.641E+00,7.618E+00,3.142E+00,5.918E-02,1.352E+00,1.891E+00,8.676E-02,4.991E+00,1.096E+00,-1.731E-01,6.400E+00,5.512E+00,3.142E+00,4.615E-02,1.514E+00,1.948E+00,3.044E-01,1.525E+00,1.162E+00,-2.142E-01,5.782E+00,5.206E+00,3.142E+00,4.835E-02,1.472E+00,1.885E+00,1.152E-01,3.908E+00,9.624E-01,-2.764E-01,7.815E+00,1.013E+01,3.142E+00,8.608E-02,1.060E+00,1.781E+00,6.649E-02,6.367E+00
86,0.000E+00,9.876E-02,0.000E+00,1.208E-03,3.125E-06,1.617E-04,1.531E-04,9.790E-02,2.726E-01,9.904E-02,1.228E-01,1.406E+01,9.793E-01,-2.419E-01,6.973E+00,9.777E+00,3.142E+00,8.901E-02,1.092E+00,1.866E+00,8.397E-02,5.140E+00,1.025E+00,-1.706E-01,7.101E+00,6.581E+00,3.142E+00,6.961E-02,1.164E+00,1.762E+00,3.065E-01,1.515E+00,1.106E+00,-2.074E-01,5.955E+00,6.168E+00,3.142E+00,8.315E-02,1.029E+00,1.695E+00,1.108E-01,4.050E+00,8.692E-01,-2.419E-01,7.882E+00,1.476E+01,3.142E+00,8.315E-02,1.029E+00,1.695E+00,6.491E-02,6.507E+00
87,0.000E+00,4.982E-02,0.000E+00,6.590E-04,1.562E-06,8.086E-05,7.734E-05,4.933E-02,1.375E-01,4.993E-02,6.192E-02,7.090E+00,1.253E+00,-1.210E-01,3.487E+00,4.889E+00,1.571E+00,4.451E-02,5.460E-01,9.330E-01,4.199E-02,2.570E+00,1.330E+00,-8.531E-02,3.550E+00,3.291E+00,1.571E+00,3.480E-02,5.820E-01,8.812E-01,1.532E-01,7.574E-01,1.415E+00,-1.037E-01,2.978E+00,3.084E+00,1.571E+00,4.157E-02,5.144E-01,8.477E-01,5.538E-02,2.025E+00,1.119E+00,-1.209E-01,3.941E+00,7.381E+00,1.571E+00,4.157E-02,5.144E-01,8.477E-01,3.245E-02,3.253E+00
88,0.000E+00,8.820E-04,0.000E+00,1.102E-04,0.000E+00,0.000E+00,1.562E-06,7.617E-04,2.362E-03,8.250E-04,1.084E-03,1.222E-01,3.142E+00,0.000E+00,0.000E+00,0.000E+00,0.000E+00,0.000E+00,0.000E+00,0.000E+00,0.000E+00,0.000E+00,3.142E+00,0.000E+00,0.000E+00,0.000E+00,0.000E+00,0.000E+00,0.000E+00,0.000E+00,0.000E+00,0.000E+00,3.142E+00,0.000E+00,0.000E+00,0.000E+00,0.000E+00,0.000E+00,0.000E+00,0.000E+00,0.000E+00,0.000E+00,3.142E+00,0.000E+00,0.000E+00,0.000E+00,0.000E+00,0.000E+00,0.000E+00,0.000E+00,0.000E+00,0.000E+00
89,0.000E+00,0.000E+00,0.000E+00,0.000E+00,0.000E+00,0.000E+00,0.000E+00,0.000E+00,0.000E+00,0.000E+00,0.000E+00,0.000E+00,3.142E+00,0.000E+00,0.000E+00,0.000E+00,0.000E+00,0.000E+00,0.000E+00,0.000E+00,0.000E+00,0.000E+00,3.142E+00,0.000E+00,0.000E+00,0.000E+00,0.000E+00,0.000E+00,0.000E+00,0.000E+00,0.000E+00,0.000E+00,3.142E+00,0.000E+00,0.000E+00,0.000E+00,0.000E+00,0.000E+00,0.000E+00,0.000E+00,0.000E+00,0.000E+00,3.142E+00,0.000E+00,0.000E+00,0.000E+00,0.000E+00,0.000E+00,0.000E+00,0.000E+00,0.000E+00,0.000E+00
