alpha,He,Ca,S,Ca_1,S_1,amu/ion,phiK_Ca,phiTilt_Ca,phiM_Ca,phiN_Ca,thetaK_Ca,thetaTilt_Ca,thetaM_Ca,thetaN_Ca,energyK_Ca,energyE_Ca,phiK_S,phiTilt_S,phiM_S,phiN_S,thetaK_S,thetaTilt_S,thetaM_S,thetaN_S,energyK_S,energyE_S
0,0.000E+00,3.906E-06,4.170E-03,6.006E-02,5.581E-02,4.330E+00,1.816E+00,8.735E-03,1.314E+00,1.379E+00,3.142E+00,6.040E-03,2.195E+00,2.276E+00,1.655E-01,2.671E+00,1.865E+00,-2.147E-02,1.439E+00,1.165E+00,3.142E+00,-1.232E-03,2.446E+00,2.427E+00,1.448E-01,3.061E+00
1,0.000E+00,3.613E-06,4.118E-03,6.040E-02,5.624E-02,4.356E+00,1.803E+00,-9.448E-03,1.412E+00,1.383E+00,3.142E+00,5.364E-03,2.215E+00,2.288E+00,1.658E-01,2.667E+00,1.856E+00,-3.458E-02,1.513E+00,1.194E+00,3.142E+00,-1.273E-03,2.440E+00,2.421E+00,1.447E-01,3.064E+00
2,0.000E+00,3.320E-06,4.066E-03,6.075E-02,5.667E-02,4.382E+00,1.801E+00,-2.763E-02,1.509E+00,1.388E+00,3.142E+00,4.688E-03,2.235E+00,2.299E+00,1.661E-01,2.663E+00,1.848E+00,-4.770E-02,1.586E+00,1.222E+00,3.142E+00,-1.313E-03,2.435E+00,2.416E+00,1.445E-01,3.066E+00
3,0.000E+00,3.027E-06,4.014E-03,6.109E-02,5.709E-02,4.408E+00,1.800E+00,-4.581E-02,1.607E+00,1.392E+00,3.142E+00,4.013E-03,2.255E+00,2.310E+00,1.663E-01,2.659E+00,1.841E+00,-6.081E-02,1.660E+00,1.251E+00,3.142E+00,-1.354E-03,2.430E+00,2.410E+00,1.444E-01,3.068E+00
4,0.000E+00,2.881E-06,3.988E-03,6.126E-02,5.731E-02,4.421E+00,1.800E+00,-5.491E-02,1.656E+00,1.395E+00,3.142E+00,3.675E-03,2.266E+00,2.316E+00,1.665E-01,2.657E+00,1.837E+00,-6.737E-02,1.696E+00,1.265E+00,3.142E+00,-1.374E-03,2.427E+00,2.407E+00,1.444E-01,3.070E+00
5,0.000E+00,2.734E-06,3.963E-03,6.143E-02,5.752E-02,4.434E+00,1.800E+00,-6.400E-02,1.705E+00,1.397E+00,3.142E+00,3.337E-03,2.276E+00,2.321E+00,1.666E-01,2.655E+00,1.834E+00,-7.393E-02,1.733E+00,1.279E+00,3.142E+00,-1.394E-03,2.424E+00,2.404E+00,1.443E-01,3.071E+00
6,0.000E+00,2.441E-06,3.911E-03,6.178E-02,5.795E-02,4.460E+00,1.800E+00,-8.218E-02,1.802E+00,1.401E+00,3.142E+00,2.662E-03,2.296E+00,2.332E+00,1.669E-01,2.650E+00,1.827E+00,-8.704E-02,1.807E+00,1.307E+00,3.142E+00,-1.435E-03,2.419E+00,2.398E+00,1.442E-01,3.073E+00
7,0.000E+00,2.148E-06,3.859E-03,6.212E-02,5.838E-02,4.485E+00,1.801E+00,-1.004E-01,1.900E+00,1.406E+00,3.142E+00,1.986E-03,2.316E+00,2.343E+00,1.671E-01,2.646E+00,1.821E+00,-1.002E-01,1.880E+00,1.336E+00,3.142E+00,-1.475E-03,2.414E+00,2.392E+00,1.441E-01,3.076E+00
8,0.000E+00,1.855E-06,3.807E-03,6.247E-02,5.881E-02,4.511E+00,1.802E+00,-1.185E-01,1.998E+00,1.410E+00,3.142E+00,1.310E-03,2.336E+00,2.355E+00,1.674E-01,2.642E+00,1.815E+00,-1.133E-01,1.954E+00,1.364E+00,3.142E+00,-1.516E-03,2.409E+00,2.386E+00,1.439E-01,3.078E+00
9,0.000E+00,1.709E-06,3.781E-03,6.264E-02,5.902E-02,4.524E+00,1.803E+00,-1.276E-01,2.047E+00,1.413E+00,3.142E+00,9.727E-04,2.346E+00,2.360E+00,1.676E-01,2.640E+00,1.812E+00,-1.198E-01,1.991E+00,1.379E+00,3.142E+00,-1.536E-03,2.406E+00,2.384E+00,1.439E-01,3.080E+00
10,0.000E+00,1.562E-06,3.755E-03,6.281E-02,5.924E-02,4.537E+00,1.803E+00,-1.367E-01,2.095E+00,1.415E+00,3.142E+00,6.349E-04,2.357E+00,2.366E+00,1.677E-01,2.638E+00,1.809E+00,-1.264E-01,2.027E+00,1.393E+00,3.142E+00,-1.556E-03,2.403E+00,2.381E+00,1.438E-01,3.081E+00
11,0.000E+00,1.660E-06,3.786E-03,6.387E-02,6.022E-02,4.612E+00,1.798E+00,-1.485E-01,2.198E+00,1.423E+00,3.142E+00,6.566E-04,2.355E+00,2.364E+00,1.674E-01,2.643E+00,1.807E+00,-1.358E-01,2.081E+00,1.406E+00,3.142E+00,-1.257E-03,2.397E+00,2.378E+00,1.436E-01,3.084E+00
12,0.000E+00,1.758E-06,3.816E-03,6.493E-02,6.119E-02,4.687E+00,1.793E+00,-1.602E-01,2.302E+00,1.431E+00,3.142E+00,6.784E-04,2.353E+00,2.363E+00,1.670E-01,2.648E+00,1.805E+00,-1.452E-01,2.135E+00,1.419E+00,3.142E+00,-9.569E-04,2.390E+00,2.376E+00,1.435E-01,3.088E+00
13,0.000E+00,1.855E-06,3.847E-03,6.598E-02,6.217E-02,4.761E+00,1.788E+00,-1.719E-01,2.405E+00,1.439E+00,3.142E+00,7.001E-04,2.351E+00,2.361E+00,1.667E-01,2.653E+00,1.803E+00,-1.546E-01,2.189E+00,1.432E+00,3.142E+00,-6.573E-04,2.383E+00,2.373E+00,1.433E-01,3.091E+00
14,0.000E+00,1.904E-06,3.863E-03,6.651E-02,6.266E-02,4.799E+00,1.786E+00,-1.778E-01,2.456E+00,1.443E+00,3.142E+00,7.110E-04,2.350E+00,2.360E+00,1.665E-01,2.656E+00,1.802E+00,-1.593E-01,2.216E+00,1.438E+00,3.142E+00,-5.075E-04,2.380E+00,2.372E+00,1.432E-01,3.093E+00
15,0.000E+00,1.953E-06,3.878E-03,6.704E-02,6.315E-02,4.836E+00,1.784E+00,-1.837E-01,2.508E+00,1.447E+00,3.142E+00,7.219E-04,2.349E+00,2.360E+00,1.664E-01,2.658E+00,1.801E+00,-1.640E-01,2.243E+00,1.445E+00,3.142E+00,-3.577E-04,2.376E+00,2.371E+00,1.431E-01,3.094E+00
16,0.000E+00,2.051E-06,3.909E-03,6.810E-02,6.412E-02,4.911E+00,1.781E+00,-1.954E-01,2.611E+00,1.455E+00,3.142E+00,7.436E-04,2.347E+00,2.358E+00,1.660E-01,2.663E+00,1.799E+00,-1.734E-01,2.297E+00,1.458E+00,3.142E+00,-5.804E-05,2.370E+00,2.369E+00,1.430E-01,3.098E+00
17,0.000E+00,2.148E-06,3.940E-03,6.916E-02,6.510E-02,4.985E+00,1.778E+00,-2.072E-01,2.714E+00,1.463E+00,3.142E+00,7.654E-04,2.346E+00,2.357E+00,1.657E-01,2.668E+00,1.798E+00,-1.828E-01,2.351E+00,1.471E+00,3.142E+00,2.416E-04,2.363E+00,2.366E+00,1.428E-01,3.101E+00
18,0.000E+00,2.246E-06,3.971E-03,7.021E-02,6.608E-02,5.060E+00,1.775E+00,-2.189E-01,2.817E+00,1.471E+00,3.142E+00,7.871E-04,2.344E+00,2.355E+00,1.654E-01,2.673E+00,1.796E+00,-1.922E-01,2.404E+00,1.484E+00,3.142E+00,5.412E-04,2.356E+00,2.364E+00,1.426E-01,3.105E+00
19,0.000E+00,2.295E-06,3.986E-03,7.074E-02,6.656E-02,5.097E+00,1.774E+00,-2.248E-01,2.868E+00,1.475E+00,3.142E+00,7.980E-04,2.343E+00,2.354E+00,1.652E-01,2.676E+00,1.795E+00,-1.969E-01,2.431E+00,1.490E+00,3.142E+00,6.910E-04,2.353E+00,2.362E+00,1.426E-01,3.106E+00
20,0.000E+00,2.344E-06,4.002E-03,7.127E-02,6.705E-02,5.135E+00,1.773E+00,-2.306E-01,2.920E+00,1.479E+00,3.142E+00,8.088E-04,2.342E+00,2.354E+00,1.650E-01,2.678E+00,1.795E+00,-2.016E-01,2.458E+00,1.497E+00,3.142E+00,8.408E-04,2.349E+00,2.361E+00,1.425E-01,3.108E+00
21,0.000E+00,2.148E-06,4.182E-03,7.312E-02,6.870E-02,5.268E+00,1.778E+00,-2.336E-01,2.902E+00,1.477E+00,3.142E+00,8.882E-04,2.349E+00,2.362E+00,1.647E-01,2.683E+00,1.790E+00,-2.034E-01,2.469E+00,1.518E+00,3.142E+00,1.576E-03,2.345E+00,2.368E+00,1.419E-01,3.119E+00
22,0.000E+00,1.953E-06,4.362E-03,7.498E-02,7.035E-02,5.401E+00,1.783E+00,-2.366E-01,2.884E+00,1.475E+00,3.142E+00,9.676E-04,2.357E+00,2.371E+00,1.644E-01,2.689E+00,1.785E+00,-2.052E-01,2.480E+00,1.539E+00,3.142E+00,2.311E-03,2.341E+00,2.374E+00,1.414E-01,3.130E+00
23,0.000E+00,1.758E-06,4.543E-03,7.684E-02,7.200E-02,5.534E+00,1.788E+00,-2.395E-01,2.866E+00,1.473E+00,3.142E+00,1.047E-03,2.364E+00,2.379E+00,1.640E-01,2.694E+00,1.781E+00,-2.070E-01,2.491E+00,1.560E+00,3.142E+00,3.046E-03,2.336E+00,2.380E+00,1.409E-01,3.141E+00
24,0.000E+00,1.660E-06,4.633E-03,7.776E-02,7.283E-02,5.600E+00,1.790E+00,-2.410E-01,2.857E+00,1.472E+00,3.142E+00,1.087E-03,2.368E+00,2.384E+00,1.639E-01,2.696E+00,1.779E+00,-2.078E-01,2.497E+00,1.570E+00,3.142E+00,3.413E-03,2.334E+00,2.383E+00,1.406E-01,3.147E+00
25,0.000E+00,1.562E-06,4.723E-03,7.869E-02,7.365E-02,5.667E+00,1.792E+00,-2.425E-01,2.848E+00,1.471E+00,3.142E+00,1.126E-03,2.372E+00,2.388E+00,1.637E-01,2.699E+00,1.776E+00,-2.087E-01,2.503E+00,1.581E+00,3.142E+00,3.780E-03,2.332E+00,2.387E+00,1.404E-01,3.152E+00
26,0.000E+00,1.367E-06,4.903E-03,8.055E-02,7.530E-02,5.800E+00,1.797E+00,-2.455E-01,2.830E+00,1.468E+00,3.142E+00,1.206E-03,2.379E+00,2.397E+00,1.634E-01,2.704E+00,1.772E+00,-2.105E-01,2.514E+00,1.602E+00,3.142E+00,4.515E-03,2.328E+00,2.393E+00,1.399E-01,3.163E+00
27,0.000E+00,1.172E-06,5.084E-03,8.240E-02,7.695E-02,5.933E+00,1.802E+00,-2.485E-01,2.812E+00,1.466E+00,3.142E+00,1.285E-03,2.386E+00,2.405E+00,1.630E-01,2.710E+00,1.767E+00,-2.123E-01,2.525E+00,1.623E+00,3.142E+00,5.250E-03,2.323E+00,2.399E+00,1.393E-01,3.175E+00
28,0.000E+00,9.766E-07,5.264E-03,8.426E-02,7.861E-02,6.066E+00,1.807E+00,-2.514E-01,2.794E+00,1.464E+00,3.142E+00,1.364E-03,2.394E+00,2.414E+00,1.627E-01,2.715E+00,1.763E+00,-2.141E-01,2.536E+00,1.644E+00,3.142E+00,5.985E-03,2.319E+00,2.406E+00,1.388E-01,3.186E+00
29,0.000E+00,8.789E-07,5.354E-03,8.518E-02,7.943E-02,6.132E+00,1.810E+00,-2.529E-01,2.785E+00,1.463E+00,3.142E+00,1.404E-03,2.398E+00,2.418E+00,1.625E-01,2.717E+00,1.761E+00,-2.150E-01,2.541E+00,1.654E+00,3.142E+00,6.353E-03,2.317E+00,2.409E+00,1.385E-01,3.191E+00
30,0.000E+00,7.812E-07,5.445E-03,8.611E-02,8.026E-02,6.199E+00,1.812E+00,-2.544E-01,2.776E+00,1.462E+00,3.142E+00,1.444E-03,2.401E+00,2.423E+00,1.623E-01,2.720E+00,1.759E+00,-2.159E-01,2.547E+00,1.665E+00,3.142E+00,6.720E-03,2.315E+00,2.412E+00,1.383E-01,3.197E+00
31,0.000E+00,1.172E-06,5.839E-03,9.126E-02,8.507E-02,6.572E+00,1.802E+00,-2.555E-01,2.792E+00,1.499E+00,3.142E+00,1.581E-03,2.406E+00,2.430E+00,1.615E-01,2.735E+00,1.761E+00,-2.196E-01,2.565E+00,1.661E+00,3.142E+00,6.318E-03,2.317E+00,2.408E+00,1.381E-01,3.201E+00
32,0.000E+00,1.367E-06,6.036E-03,9.383E-02,8.748E-02,6.759E+00,1.798E+00,-2.560E-01,2.800E+00,1.518E+00,3.142E+00,1.649E-03,2.409E+00,2.433E+00,1.610E-01,2.742E+00,1.762E+00,-2.214E-01,2.574E+00,1.659E+00,3.142E+00,6.117E-03,2.318E+00,2.406E+00,1.380E-01,3.203E+00
33,0.000E+00,1.562E-06,6.234E-03,9.640E-02,8.989E-02,6.946E+00,1.793E+00,-2.566E-01,2.807E+00,1.536E+00,3.142E+00,1.717E-03,2.411E+00,2.437E+00,1.606E-01,2.749E+00,1.762E+00,-2.233E-01,2.583E+00,1.657E+00,3.142E+00,5.916E-03,2.319E+00,2.404E+00,1.379E-01,3.205E+00
34,0.000E+00,1.758E-06,6.431E-03,9.897E-02,9.230E-02,7.132E+00,1.788E+00,-2.571E-01,2.815E+00,1.555E+00,3.142E+00,1.786E-03,2.414E+00,2.440E+00,1.601E-01,2.756E+00,1.763E+00,-2.251E-01,2.592E+00,1.655E+00,3.142E+00,5.715E-03,2.320E+00,2.402E+00,1.378E-01,3.207E+00
35,0.000E+00,1.953E-06,6.628E-03,1.015E-01,9.471E-02,7.319E+00,1.783E+00,-2.576E-01,2.823E+00,1.573E+00,3.142E+00,1.854E-03,2.416E+00,2.444E+00,1.597E-01,2.764E+00,1.764E+00,-2.270E-01,2.601E+00,1.654E+00,3.142E+00,5.514E-03,2.321E+00,2.401E+00,1.377E-01,3.209E+00
36,0.000E+00,2.148E-06,6.825E-03,1.041E-01,9.712E-02,7.505E+00,1.779E+00,-2.582E-01,2.831E+00,1.592E+00,3.142E+00,1.923E-03,2.418E+00,2.447E+00,1.592E-01,2.771E+00,1.765E+00,-2.288E-01,2.611E+00,1.652E+00,3.142E+00,5.313E-03,2.322E+00,2.399E+00,1.376E-01,3.212E+00
37,0.000E+00,2.344E-06,7.023E-03,1.067E-01,9.953E-02,7.692E+00,1.774E+00,-2.587E-01,2.838E+00,1.611E+00,3.142E+00,1.991E-03,2.421E+00,2.451E+00,1.588E-01,2.778E+00,1.766E+00,-2.306E-01,2.620E+00,1.650E+00,3.142E+00,5.112E-03,2.323E+00,2.397E+00,1.375E-01,3.214E+00
38,0.000E+00,2.539E-06,7.220E-03,1.093E-01,1.019E-01,7.879E+00,1.770E+00,-2.592E-01,2.846E+00,1.629E+00,3.142E+00,2.060E-03,2.423E+00,2.454E+00,1.584E-01,2.785E+00,1.767E+00,-2.325E-01,2.629E+00,1.648E+00,3.142E+00,4.911E-03,2.324E+00,2.395E+00,1.374E-01,3.216E+00
39,0.000E+00,2.734E-06,7.417E-03,1.118E-01,1.043E-01,8.065E+00,1.765E+00,-2.598E-01,2.854E+00,1.648E+00,3.142E+00,2.128E-03,2.426E+00,2.458E+00,1.579E-01,2.793E+00,1.768E+00,-2.343E-01,2.638E+00,1.646E+00,3.142E+00,4.710E-03,2.325E+00,2.393E+00,1.373E-01,3.218E+00
40,0.000E+00,2.930E-06,7.614E-03,1.144E-01,1.068E-01,8.252E+00,1.761E+00,-2.603E-01,2.862E+00,1.667E+00,3.142E+00,2.197E-03,2.428E+00,2.461E+00,1.575E-01,2.800E+00,1.769E+00,-2.362E-01,2.647E+00,1.644E+00,3.142E+00,4.509E-03,2.326E+00,2.391E+00,1.372E-01,3.220E+00
41,0.000E+00,3.125E-06,7.812E-03,1.170E-01,1.092E-01,8.439E+00,1.756E+00,-2.609E-01,2.869E+00,1.685E+00,3.142E+00,2.265E-03,2.431E+00,2.465E+00,1.570E-01,2.807E+00,1.770E+00,-2.380E-01,2.656E+00,1.642E+00,3.142E+00,4.308E-03,2.327E+00,2.389E+00,1.371E-01,3.222E+00
42,0.000E+00,3.320E-06,8.009E-03,1.195E-01,1.116E-01,8.625E+00,1.752E+00,-2.614E-01,2.877E+00,1.704E+00,3.142E+00,2.334E-03,2.433E+00,2.468E+00,1.566E-01,2.814E+00,1.771E+00,-2.399E-01,2.665E+00,1.640E+00,3.142E+00,4.107E-03,2.328E+00,2.387E+00,1.370E-01,3.224E+00
43,0.000E+00,3.516E-06,8.206E-03,1.221E-01,1.140E-01,8.812E+00,1.748E+00,-2.619E-01,2.885E+00,1.722E+00,3.142E+00,2.402E-03,2.436E+00,2.472E+00,1.562E-01,2.822E+00,1.772E+00,-2.417E-01,2.674E+00,1.638E+00,3.142E+00,3.906E-03,2.329E+00,2.385E+00,1.369E-01,3.226E+00
44,0.000E+00,3.711E-06,8.404E-03,1.247E-01,1.164E-01,8.999E+00,1.744E+00,-2.625E-01,2.893E+00,1.741E+00,3.142E+00,2.470E-03,2.438E+00,2.475E+00,1.557E-01,2.829E+00,1.773E+00,-2.436E-01,2.684E+00,1.636E+00,3.142E+00,3.705E-03,2.330E+00,2.383E+00,1.368E-01,3.229E+00
45,0.000E+00,3.906E-06,8.601E-03,1.273E-01,1.188E-01,9.185E+00,1.740E+00,-2.630E-01,2.900E+00,1.760E+00,3.142E+00,2.539E-03,2.441E+00,2.479E+00,1.553E-01,2.836E+00,1.774E+00,-2.454E-01,2.693E+00,1.634E+00,3.142E+00,3.504E-03,2.331E+00,2.382E+00,1.367E-01,3.231E+00
46,0.000E+00,4.492E-06,9.006E-03,1.327E-01,1.238E-01,9.574E+00,1.736E+00,-2.775E-01,3.080E+00,1.748E+00,3.142E+00,2.512E-03,2.426E+00,2.464E+00,1.548E-01,2.844E+00,1.759E+00,-2.555E-01,2.833E+00,1.669E+00,3.142E+00,2.822E-03,2.348E+00,2.388E+00,1.358E-01,3.252E+00
47,0.000E+00,5.078E-06,9.411E-03,1.381E-01,1.288E-01,9.963E+00,1.734E+00,-2.920E-01,3.260E+00,1.736E+00,3.142E+00,2.484E-03,2.412E+00,2.449E+00,1.543E-01,2.852E+00,1.746E+00,-2.655E-01,2.973E+00,1.705E+00,3.142E+00,2.140E-03,2.364E+00,2.395E+00,1.349E-01,3.273E+00
48,0.000E+00,5.664E-06,9.817E-03,1.435E-01,1.337E-01,1.035E+01,1.732E+00,-3.065E-01,3.439E+00,1.725E+00,3.142E+00,2.457E-03,2.398E+00,2.434E+00,1.539E-01,2.860E+00,1.733E+00,-2.755E-01,3.114E+00,1.740E+00,3.142E+00,1.457E-03,2.380E+00,2.401E+00,1.339E-01,3.294E+00
49,0.000E+00,5.957E-06,1.002E-02,1.462E-01,1.362E-01,1.055E+01,1.732E+00,-3.138E-01,3.529E+00,1.719E+00,3.142E+00,2.444E-03,2.390E+00,2.427E+00,1.536E-01,2.864E+00,1.727E+00,-2.805E-01,3.184E+00,1.757E+00,3.142E+00,1.116E-03,2.389E+00,2.405E+00,1.335E-01,3.305E+00
50,0.000E+00,6.250E-06,1.022E-02,1.489E-01,1.387E-01,1.074E+01,1.732E+00,-3.210E-01,3.619E+00,1.713E+00,3.142E+00,2.430E-03,2.383E+00,2.419E+00,1.534E-01,2.868E+00,1.721E+00,-2.856E-01,3.254E+00,1.775E+00,3.142E+00,7.752E-04,2.397E+00,2.408E+00,1.330E-01,3.315E+00
51,0.000E+00,6.445E-06,1.068E-02,1.570E-01,1.464E-01,1.133E+01,1.721E+00,-3.331E-01,3.975E+00,1.686E+00,3.142E+00,2.009E-03,2.391E+00,2.421E+00,1.534E-01,2.868E+00,1.695E+00,-3.138E-01,4.043E+00,1.710E+00,3.142E+00,4.976E-04,2.414E+00,2.421E+00,1.327E-01,3.322E+00
52,0.000E+00,6.641E-06,1.114E-02,1.651E-01,1.541E-01,1.192E+01,1.712E+00,-3.452E-01,4.332E+00,1.659E+00,3.142E+00,1.587E-03,2.399E+00,2.422E+00,1.534E-01,2.868E+00,1.683E+00,-3.419E-01,4.831E+00,1.646E+00,3.142E+00,2.199E-04,2.431E+00,2.434E+00,1.325E-01,3.328E+00
53,0.000E+00,6.836E-06,1.159E-02,1.733E-01,1.618E-01,1.251E+01,1.706E+00,-3.573E-01,4.688E+00,1.633E+00,3.142E+00,1.166E-03,2.407E+00,2.424E+00,1.534E-01,2.868E+00,1.680E+00,-3.701E-01,5.620E+00,1.581E+00,3.142E+00,-5.769E-05,2.449E+00,2.447E+00,1.322E-01,3.335E+00
54,0.000E+00,6.934E-06,1.182E-02,1.774E-01,1.657E-01,1.280E+01,1.704E+00,-3.633E-01,4.866E+00,1.619E+00,3.142E+00,9.551E-04,2.411E+00,2.424E+00,1.534E-01,2.868E+00,1.681E+00,-3.842E-01,6.014E+00,1.549E+00,3.142E+00,-1.965E-04,2.457E+00,2.454E+00,1.321E-01,3.338E+00
55,0.000E+00,7.031E-06,1.205E-02,1.814E-01,1.695E-01,1.309E+01,1.702E+00,-3.694E-01,5.045E+00,1.606E+00,3.142E+00,7.444E-04,2.414E+00,2.425E+00,1.534E-01,2.868E+00,1.684E+00,-3.983E-01,6.408E+00,1.517E+00,3.142E+00,-3.353E-04,2.466E+00,2.460E+00,1.319E-01,3.341E+00
56,0.000E+00,7.227E-06,1.251E-02,1.896E-01,1.772E-01,1.368E+01,1.700E+00,-3.815E-01,5.401E+00,1.579E+00,3.142E+00,3.230E-04,2.422E+00,2.427E+00,1.535E-01,2.868E+00,1.694E+00,-4.265E-01,7.196E+00,1.453E+00,3.142E+00,-6.129E-04,2.483E+00,2.474E+00,1.316E-01,3.348E+00
57,0.000E+00,7.422E-06,1.296E-02,1.977E-01,1.849E-01,1.427E+01,1.699E+00,-3.935E-01,5.758E+00,1.552E+00,3.142E+00,-9.837E-05,2.430E+00,2.428E+00,1.535E-01,2.867E+00,1.709E+00,-4.547E-01,7.985E+00,1.388E+00,3.142E+00,-8.906E-04,2.501E+00,2.487E+00,1.314E-01,3.354E+00
58,0.000E+00,7.617E-06,1.342E-02,2.059E-01,1.926E-01,1.486E+01,1.700E+00,-4.056E-01,6.114E+00,1.525E+00,3.142E+00,-5.198E-04,2.438E+00,2.430E+00,1.535E-01,2.867E+00,1.728E+00,-4.828E-01,8.773E+00,1.324E+00,3.142E+00,-1.168E-03,2.518E+00,2.500E+00,1.311E-01,3.361E+00
59,0.000E+00,7.715E-06,1.365E-02,2.100E-01,1.964E-01,1.515E+01,1.701E+00,-4.117E-01,6.293E+00,1.512E+00,3.142E+00,-7.305E-04,2.442E+00,2.431E+00,1.535E-01,2.867E+00,1.739E+00,-4.969E-01,9.168E+00,1.291E+00,3.142E+00,-1.307E-03,2.527E+00,2.506E+00,1.310E-01,3.364E+00
60,0.000E+00,7.813E-06,1.388E-02,2.140E-01,2.003E-01,1.544E+01,1.702E+00,-4.177E-01,6.471E+00,1.499E+00,3.142E+00,-9.412E-04,2.446E+00,2.431E+00,1.535E-01,2.867E+00,1.750E+00,-5.110E-01,9.562E+00,1.259E+00,3.142E+00,-1.446E-03,2.535E+00,2.513E+00,1.308E-01,3.367E+00
61,0.000E+00,7.422E-06,1.486E-02,2.261E-01,2.114E-01,1.632E+01,1.689E+00,-4.353E-01,7.326E+00,1.481E+00,3.142E+00,-4.681E-04,2.442E+00,2.435E+00,1.541E-01,2.857E+00,1.738E+00,-5.020E-01,9.411E+00,1.287E+00,3.142E+00,-1.474E-03,2.497E+00,2.474E+00,1.319E-01,3.343E+00
62,0.000E+00,7.031E-06,1.585E-02,2.382E-01,2.225E-01,1.719E+01,1.680E+00,-4.529E-01,8.181E+00,1.463E+00,3.142E+00,4.916E-06,2.438E+00,2.438E+00,1.547E-01,2.846E+00,1.726E+00,-4.931E-01,9.260E+00,1.314E+00,3.142E+00,-1.502E-03,2.458E+00,2.435E+00,1.329E-01,3.319E+00
63,0.000E+00,6.641E-06,1.684E-02,2.503E-01,2.336E-01,1.806E+01,1.675E+00,-4.705E-01,9.037E+00,1.445E+00,3.142E+00,4.780E-04,2.434E+00,2.441E+00,1.553E-01,2.836E+00,1.714E+00,-4.841E-01,9.109E+00,1.342E+00,3.142E+00,-1.530E-03,2.419E+00,2.397E+00,1.339E-01,3.294E+00
64,0.000E+00,6.445E-06,1.733E-02,2.563E-01,2.391E-01,1.850E+01,1.674E+00,-4.793E-01,9.464E+00,1.436E+00,3.142E+00,7.145E-04,2.432E+00,2.443E+00,1.556E-01,2.831E+00,1.708E+00,-4.796E-01,9.033E+00,1.356E+00,3.142E+00,-1.543E-03,2.400E+00,2.377E+00,1.345E-01,3.282E+00
65,0.000E+00,6.250E-06,1.783E-02,2.624E-01,2.447E-01,1.893E+01,1.673E+00,-4.881E-01,9.892E+00,1.428E+00,3.142E+00,9.510E-04,2.430E+00,2.444E+00,1.559E-01,2.826E+00,1.703E+00,-4.751E-01,8.958E+00,1.370E+00,3.142E+00,-1.557E-03,2.381E+00,2.358E+00,1.350E-01,3.270E+00
66,0.000E+00,7.617E-06,1.901E-02,2.789E-01,2.600E-01,2.012E+01,1.657E+00,-4.732E-01,9.450E+00,1.481E+00,3.142E+00,4.103E-04,2.434E+00,2.441E+00,1.549E-01,2.843E+00,1.681E+00,-4.562E-01,8.431E+00,1.445E+00,3.142E+00,-8.303E-04,2.384E+00,2.372E+00,1.358E-01,3.251E+00
67,0.000E+00,8.984E-06,2.020E-02,2.954E-01,2.753E-01,2.131E+01,1.642E+00,-4.582E-01,9.007E+00,1.534E+00,3.142E+00,-1.303E-04,2.439E+00,2.437E+00,1.538E-01,2.861E+00,1.661E+00,-4.373E-01,7.905E+00,1.520E+00,3.142E+00,-1.031E-04,2.387E+00,2.386E+00,1.367E-01,3.232E+00
68,0.000E+00,1.035E-05,2.139E-02,3.119E-01,2.905E-01,2.250E+01,1.629E+00,-4.433E-01,8.565E+00,1.587E+00,3.142E+00,-6.710E-04,2.443E+00,2.433E+00,1.528E-01,2.879E+00,1.645E+00,-4.184E-01,7.378E+00,1.595E+00,3.142E+00,6.241E-04,2.390E+00,2.400E+00,1.375E-01,3.213E+00
69,0.000E+00,1.104E-05,2.198E-02,3.202E-01,2.982E-01,2.310E+01,1.623E+00,-4.358E-01,8.344E+00,1.614E+00,3.142E+00,-9.413E-04,2.445E+00,2.431E+00,1.523E-01,2.888E+00,1.637E+00,-4.090E-01,7.115E+00,1.632E+00,3.142E+00,9.877E-04,2.392E+00,2.407E+00,1.380E-01,3.204E+00
70,0.000E+00,1.172E-05,2.258E-02,3.284E-01,3.058E-01,2.369E+01,1.618E+00,-4.284E-01,8.123E+00,1.640E+00,3.142E+00,-1.212E-03,2.447E+00,2.429E+00,1.518E-01,2.897E+00,1.631E+00,-3.995E-01,6.851E+00,1.670E+00,3.142E+00,1.351E-03,2.394E+00,2.414E+00,1.384E-01,3.195E+00
71,0.000E+00,1.328E-05,2.286E-02,3.447E-01,3.219E-01,2.487E+01,1.601E+00,-4.201E-01,7.753E+00,1.732E+00,3.142E+00,1.764E-03,2.374E+00,2.399E+00,1.528E-01,2.879E+00,1.629E+00,-3.992E-01,6.844E+00,1.676E+00,3.142E+00,7.373E-04,2.373E+00,2.383E+00,1.368E-01,3.230E+00
72,0.000E+00,1.484E-05,2.314E-02,3.609E-01,3.379E-01,2.604E+01,1.587E+00,-4.118E-01,7.383E+00,1.824E+00,3.142E+00,4.739E-03,2.301E+00,2.368E+00,1.538E-01,2.861E+00,1.627E+00,-3.989E-01,6.837E+00,1.683E+00,3.142E+00,1.234E-04,2.352E+00,2.353E+00,1.352E-01,3.266E+00
73,0.000E+00,1.406E-05,2.525E-02,3.797E-01,3.545E-01,2.739E+01,1.572E+00,-4.071E-01,7.542E+00,1.851E+00,3.142E+00,4.758E-03,2.276E+00,2.343E+00,1.568E-01,2.810E+00,1.606E+00,-3.962E-01,6.966E+00,1.750E+00,3.142E+00,8.376E-04,2.361E+00,2.373E+00,1.324E-01,3.332E+00
74,0.000E+00,1.328E-05,2.736E-02,3.984E-01,3.711E-01,2.874E+01,1.558E+00,-4.024E-01,7.701E+00,1.878E+00,3.142E+00,4.776E-03,2.251E+00,2.317E+00,1.598E-01,2.760E+00,1.585E+00,-3.936E-01,7.095E+00,1.816E+00,3.142E+00,1.552E-03,2.370E+00,2.393E+00,1.296E-01,3.397E+00
75,0.000E+00,1.133E-05,2.879E-02,4.185E-01,3.898E-01,3.020E+01,1.534E+00,-3.784E-01,7.013E+00,2.030E+00,3.142E+00,5.157E-03,2.260E+00,2.332E+00,1.575E-01,2.799E+00,1.553E+00,-3.722E-01,6.648E+00,1.977E+00,3.142E+00,8.896E-04,2.385E+00,2.398E+00,1.308E-01,3.367E+00
76,0.000E+00,9.375E-06,3.023E-02,4.387E-01,4.085E-01,3.165E+01,1.516E+00,-3.544E-01,6.324E+00,2.181E+00,3.142E+00,5.537E-03,2.268E+00,2.346E+00,1.551E-01,2.838E+00,1.525E+00,-3.509E-01,6.200E+00,2.138E+00,3.142E+00,2.273E-04,2.400E+00,2.403E+00,1.321E-01,3.338E+00
77,0.000E+00,7.813E-06,3.181E-02,4.592E-01,4.274E-01,3.313E+01,1.512E+00,-3.514E-01,6.262E+00,2.202E+00,3.142E+00,4.351E-03,2.267E+00,2.328E+00,1.534E-01,2.869E+00,1.517E+00,-3.405E-01,6.021E+00,2.185E+00,3.142E+00,2.957E-03,2.319E+00,2.360E+00,1.348E-01,3.275E+00
78,0.000E+00,6.250E-06,3.338E-02,4.798E-01,4.463E-01,3.461E+01,1.509E+00,-3.484E-01,6.199E+00,2.222E+00,3.142E+00,3.164E-03,2.265E+00,2.309E+00,1.516E-01,2.900E+00,1.509E+00,-3.301E-01,5.843E+00,2.233E+00,3.142E+00,5.687E-03,2.238E+00,2.316E+00,1.376E-01,3.212E+00
79,0.000E+00,5.859E-06,3.573E-02,4.997E-01,4.640E-01,3.605E+01,1.476E+00,-3.355E-01,6.054E+00,2.416E+00,3.142E+00,2.153E-03,2.263E+00,2.293E+00,1.497E-01,2.934E+00,1.489E+00,-3.197E-01,5.659E+00,2.370E+00,3.142E+00,4.376E-03,2.227E+00,2.286E+00,1.343E-01,3.287E+00
80,0.000E+00,5.469E-06,3.807E-02,5.197E-01,4.817E-01,3.749E+01,1.445E+00,-3.227E-01,5.909E+00,2.610E+00,3.142E+00,1.142E-03,2.261E+00,2.277E+00,1.479E-01,2.969E+00,1.470E+00,-3.094E-01,5.475E+00,2.507E+00,3.142E+00,3.065E-03,2.215E+00,2.256E+00,1.310E-01,3.363E+00
81,0.000E+00,4.688E-06,3.858E-02,5.335E-01,4.950E-01,3.849E+01,1.421E+00,-3.142E-01,5.809E+00,2.791E+00,3.142E+00,7.835E-03,2.108E+00,2.204E+00,1.481E-01,2.965E+00,1.428E+00,-2.955E-01,5.399E+00,2.776E+00,3.142E+00,6.274E-03,2.096E+00,2.174E+00,1.282E-01,3.433E+00
82,0.000E+00,3.906E-06,3.910E-02,5.473E-01,5.083E-01,3.948E+01,1.398E+00,-3.058E-01,5.708E+00,2.972E+00,3.142E+00,1.453E-02,1.954E+00,2.131E+00,1.483E-01,2.961E+00,1.391E+00,-2.816E-01,5.324E+00,3.045E+00,3.142E+00,9.484E-03,1.977E+00,2.091E+00,1.254E-01,3.504E+00
83,0.000E+00,4.688E-06,4.004E-02,5.441E-01,5.041E-01,3.925E+01,1.348E+00,-2.888E-01,5.561E+00,3.412E+00,3.142E+00,2.291E-02,1.782E+00,2.034E+00,1.452E-01,3.021E+00,1.345E+00,-2.740E-01,5.429E+00,3.394E+00,3.142E+00,1.142E-02,1.913E+00,2.047E+00,1.267E-01,3.470E+00
84,0.000E+00,5.469E-06,4.099E-02,5.409E-01,4.999E-01,3.902E+01,1.305E+00,-2.719E-01,5.413E+00,3.852E+00,3.142E+00,3.129E-02,1.611E+00,1.937E+00,1.422E-01,3.080E+00,1.304E+00,-2.663E-01,5.534E+00,3.743E+00,3.142E+00,1.335E-02,1.849E+00,2.002E+00,1.281E-01,3.435E+00
85,0.000E+00,3.516E-06,3.595E-02,4.837E-01,4.476E-01,3.489E+01,1.216E+00,-2.614E-01,5.647E+00,4.902E+00,3.142E+00,5.744E-02,1.311E+00,1.804E+00,1.374E-01,3.185E+00,1.235E+00,-2.523E-01,5.380E+00,4.691E+00,3.142E+00,4.704E-02,1.444E+00,1.843E+00,1.257E-01,3.497E+00
86,0.000E+00,1.562E-06,3.092E-02,4.264E-01,3.954E-01,3.076E+01,1.146E+00,-2.510E-01,5.881E+00,5.952E+00,3.142E+00,8.358E-02,1.011E+00,1.671E+00,1.325E-01,3.289E+00,1.183E+00,-2.382E-01,5.225E+00,5.639E+00,3.142E+00,8.073E-02,1.038E+00,1.684E+00,1.233E-01,3.559E+00
87,0.000E+00,7.812E-07,1.685E-02,2.327E-01,2.158E-01,1.678E+01,1.448E+00,-1.255E-01,2.941E+00,2.976E+00,1.571E+00,4.179E-02,5.054E-01,8.354E-01,6.627E-02,1.645E+00,1.494E+00,-1.191E-01,2.613E+00,2.819E+00,1.571E+00,4.037E-02,5.192E-01,8.418E-01,6.166E-02,1.780E+00
88,0.000E+00,0.000E+00,2.767E-03,3.889E-02,3.621E-02,2.808E+00,3.142E+00,0.000E+00,0.000E+00,0.000E+00,0.000E+00,0.000E+00,0.000E+00,0.000E+00,0.000E+00,0.000E+00,3.142E+00,0.000E+00,0.000E+00,0.000E+00,0.000E+00,0.000E+00,0.000E+00,0.000E+00,0.000E+00,0.000E+00
89,0.000E+00,0.000E+00,0.000E+00,0.000E+00,0.000E+00,0.000E+00,3.142E+00,0.000E+00,0.000E+00,0.000E+00,0.000E+00,0.000E+00,0.000E+00,0.000E+00,0.000E+00,0.000E+00,3.142E+00,0.000E+00,0.000E+00,0.000E+00,0.000E+00,0.000E+00,0.000E+00,0.000E+00,0.000E+00,0.000E+00
