alpha,He,Si,O,Si_1,O_1,amu/ion,phiK_O,phiTilt_O,phiM_O,phiN_O,thetaK_O,thetaTilt_O,thetaM_O,thetaN_O,energyK_O,energyE_O,phiK_Si,phiTilt_Si,phiM_Si,phiN_Si,thetaK_Si,thetaTilt_Si,thetaM_Si,thetaN_Si,energyK_Si,energyE_Si
0,0.000E+00,1.356E-02,0.000E+00,1.426E-02,5.375E-02,1.641E+00,1.754E+00,7.673E-03,1.446E+00,1.527E+00,3.142E+00,8.645E-04,2.524E+00,2.538E+00,1.343E-01,3.373E+00,1.919E+00,-4.835E-02,1.566E+00,9.923E-01,3.142E+00,2.254E-04,2.296E+00,2.299E+00,8.772E-02,4.925E+00
1,0.000E+00,1.357E-02,0.000E+00,1.442E-02,5.418E-02,1.653E+00,1.742E+00,-7.829E-03,1.538E+00,1.533E+00,3.142E+00,1.062E-03,2.523E+00,2.540E+00,1.342E-01,3.374E+00,1.882E+00,-3.594E-02,1.467E+00,1.140E+00,3.142E+00,6.006E-04,2.286E+00,2.294E+00,8.712E-02,4.958E+00
2,0.000E+00,1.359E-02,0.000E+00,1.459E-02,5.460E-02,1.665E+00,1.740E+00,-2.333E-02,1.630E+00,1.539E+00,3.142E+00,1.259E-03,2.522E+00,2.542E+00,1.342E-01,3.376E+00,1.852E+00,-2.352E-02,1.368E+00,1.287E+00,3.142E+00,9.757E-04,2.275E+00,2.288E+00,8.651E-02,4.991E+00
3,0.000E+00,1.360E-02,0.000E+00,1.475E-02,5.502E-02,1.677E+00,1.738E+00,-3.883E-02,1.722E+00,1.545E+00,3.142E+00,1.456E-03,2.521E+00,2.543E+00,1.341E-01,3.377E+00,1.827E+00,-1.111E-02,1.268E+00,1.435E+00,3.142E+00,1.351E-03,2.264E+00,2.283E+00,8.591E-02,5.025E+00
4,0.000E+00,1.361E-02,0.000E+00,1.483E-02,5.523E-02,1.682E+00,1.737E+00,-4.659E-02,1.768E+00,1.548E+00,3.142E+00,1.555E-03,2.520E+00,2.544E+00,1.341E-01,3.378E+00,1.817E+00,-4.904E-03,1.219E+00,1.509E+00,3.142E+00,1.538E-03,2.259E+00,2.280E+00,8.561E-02,5.041E+00
5,0.000E+00,1.362E-02,0.000E+00,1.491E-02,5.544E-02,1.688E+00,1.736E+00,-5.434E-02,1.814E+00,1.551E+00,3.142E+00,1.654E-03,2.519E+00,2.545E+00,1.340E-01,3.379E+00,1.809E+00,1.303E-03,1.169E+00,1.582E+00,3.142E+00,1.726E-03,2.254E+00,2.277E+00,8.531E-02,5.058E+00
6,0.000E+00,1.364E-02,0.000E+00,1.507E-02,5.586E-02,1.700E+00,1.735E+00,-6.984E-02,1.906E+00,1.556E+00,3.142E+00,1.851E-03,2.518E+00,2.547E+00,1.340E-01,3.381E+00,1.810E+00,1.372E-02,1.070E+00,1.730E+00,3.142E+00,2.101E-03,2.243E+00,2.272E+00,8.470E-02,5.091E+00
7,0.000E+00,1.365E-02,0.000E+00,1.524E-02,5.628E-02,1.712E+00,1.735E+00,-8.534E-02,1.998E+00,1.562E+00,3.142E+00,2.048E-03,2.517E+00,2.549E+00,1.339E-01,3.382E+00,1.816E+00,2.613E-02,9.704E-01,1.877E+00,3.142E+00,2.476E-03,2.233E+00,2.266E+00,8.410E-02,5.124E+00
8,0.000E+00,1.367E-02,0.000E+00,1.540E-02,5.671E-02,1.724E+00,1.735E+00,-1.008E-01,2.090E+00,1.568E+00,3.142E+00,2.246E-03,2.516E+00,2.551E+00,1.338E-01,3.384E+00,1.826E+00,3.854E-02,8.711E-01,2.025E+00,3.142E+00,2.851E-03,2.222E+00,2.260E+00,8.350E-02,5.158E+00
9,0.000E+00,1.367E-02,0.000E+00,1.548E-02,5.692E-02,1.729E+00,1.735E+00,-1.086E-01,2.136E+00,1.571E+00,3.142E+00,2.344E-03,2.515E+00,2.552E+00,1.338E-01,3.384E+00,1.832E+00,4.475E-02,8.215E-01,2.099E+00,3.142E+00,3.039E-03,2.217E+00,2.258E+00,8.319E-02,5.174E+00
10,0.000E+00,1.368E-02,0.000E+00,1.556E-02,5.713E-02,1.735E+00,1.735E+00,-1.163E-01,2.182E+00,1.574E+00,3.142E+00,2.443E-03,2.514E+00,2.553E+00,1.338E-01,3.385E+00,1.839E+00,5.096E-02,7.718E-01,2.173E+00,3.142E+00,3.227E-03,2.211E+00,2.255E+00,8.289E-02,5.191E+00
11,0.000E+00,1.393E-02,0.000E+00,1.591E-02,5.825E-02,1.770E+00,1.732E+00,-1.295E-01,2.294E+00,1.574E+00,3.142E+00,2.572E-03,2.506E+00,2.546E+00,1.333E-01,3.396E+00,1.759E+00,4.510E-03,1.055E+00,2.070E+00,3.142E+00,2.839E-03,2.213E+00,2.251E+00,8.316E-02,5.176E+00
12,0.000E+00,1.418E-02,0.000E+00,1.626E-02,5.937E-02,1.805E+00,1.730E+00,-1.427E-01,2.406E+00,1.575E+00,3.142E+00,2.702E-03,2.498E+00,2.540E+00,1.329E-01,3.408E+00,1.744E+00,-4.194E-02,1.338E+00,1.968E+00,3.142E+00,2.451E-03,2.214E+00,2.247E+00,8.343E-02,5.160E+00
13,0.000E+00,1.443E-02,0.000E+00,1.661E-02,6.050E-02,1.839E+00,1.728E+00,-1.559E-01,2.518E+00,1.575E+00,3.142E+00,2.832E-03,2.490E+00,2.533E+00,1.324E-01,3.419E+00,1.746E+00,-8.839E-02,1.622E+00,1.866E+00,3.142E+00,2.063E-03,2.215E+00,2.243E+00,8.371E-02,5.145E+00
14,0.000E+00,1.455E-02,0.000E+00,1.678E-02,6.106E-02,1.857E+00,1.728E+00,-1.625E-01,2.574E+00,1.575E+00,3.142E+00,2.896E-03,2.486E+00,2.530E+00,1.322E-01,3.424E+00,1.750E+00,-1.116E-01,1.763E+00,1.815E+00,3.142E+00,1.869E-03,2.216E+00,2.241E+00,8.384E-02,5.137E+00
15,0.000E+00,1.467E-02,0.000E+00,1.696E-02,6.162E-02,1.874E+00,1.727E+00,-1.691E-01,2.629E+00,1.575E+00,3.142E+00,2.961E-03,2.481E+00,2.527E+00,1.320E-01,3.430E+00,1.757E+00,-1.348E-01,1.905E+00,1.764E+00,3.142E+00,1.675E-03,2.216E+00,2.239E+00,8.398E-02,5.129E+00
16,0.000E+00,1.492E-02,0.000E+00,1.730E-02,6.274E-02,1.909E+00,1.727E+00,-1.823E-01,2.741E+00,1.576E+00,3.142E+00,3.091E-03,2.473E+00,2.521E+00,1.315E-01,3.441E+00,1.776E+00,-1.813E-01,2.188E+00,1.662E+00,3.142E+00,1.287E-03,2.217E+00,2.235E+00,8.425E-02,5.114E+00
17,0.000E+00,1.517E-02,0.000E+00,1.765E-02,6.386E-02,1.944E+00,1.726E+00,-1.955E-01,2.853E+00,1.576E+00,3.142E+00,3.220E-03,2.465E+00,2.514E+00,1.311E-01,3.453E+00,1.801E+00,-2.277E-01,2.471E+00,1.560E+00,3.142E+00,8.996E-04,2.219E+00,2.231E+00,8.452E-02,5.099E+00
18,0.000E+00,1.542E-02,0.000E+00,1.800E-02,6.499E-02,1.978E+00,1.726E+00,-2.087E-01,2.965E+00,1.577E+00,3.142E+00,3.350E-03,2.457E+00,2.508E+00,1.306E-01,3.464E+00,1.832E+00,-2.742E-01,2.755E+00,1.458E+00,3.142E+00,5.118E-04,2.220E+00,2.227E+00,8.479E-02,5.083E+00
19,0.000E+00,1.554E-02,0.000E+00,1.818E-02,6.555E-02,1.996E+00,1.727E+00,-2.153E-01,3.021E+00,1.577E+00,3.142E+00,3.414E-03,2.453E+00,2.505E+00,1.304E-01,3.469E+00,1.849E+00,-2.974E-01,2.896E+00,1.407E+00,3.142E+00,3.179E-04,2.221E+00,2.225E+00,8.493E-02,5.076E+00
20,0.000E+00,1.567E-02,0.000E+00,1.835E-02,6.611E-02,2.013E+00,1.727E+00,-2.219E-01,3.076E+00,1.577E+00,3.142E+00,3.479E-03,2.449E+00,2.502E+00,1.301E-01,3.475E+00,1.868E+00,-3.206E-01,3.038E+00,1.356E+00,3.142E+00,1.240E-04,2.221E+00,2.223E+00,8.506E-02,5.068E+00
21,0.000E+00,1.602E-02,0.000E+00,1.907E-02,6.821E-02,2.077E+00,1.721E+00,-2.195E-01,3.023E+00,1.616E+00,3.142E+00,3.529E-03,2.457E+00,2.511E+00,1.306E-01,3.464E+00,1.859E+00,-3.268E-01,3.098E+00,1.383E+00,3.142E+00,7.437E-04,2.219E+00,2.229E+00,8.498E-02,5.072E+00
22,0.000E+00,1.638E-02,0.000E+00,1.980E-02,7.031E-02,2.141E+00,1.716E+00,-2.170E-01,2.969E+00,1.656E+00,3.142E+00,3.579E-03,2.465E+00,2.520E+00,1.310E-01,3.453E+00,1.852E+00,-3.330E-01,3.158E+00,1.410E+00,3.142E+00,1.363E-03,2.216E+00,2.234E+00,8.490E-02,5.077E+00
23,0.000E+00,1.674E-02,0.000E+00,2.052E-02,7.241E-02,2.205E+00,1.711E+00,-2.146E-01,2.915E+00,1.695E+00,3.142E+00,3.629E-03,2.474E+00,2.530E+00,1.315E-01,3.441E+00,1.844E+00,-3.391E-01,3.218E+00,1.437E+00,3.142E+00,1.983E-03,2.214E+00,2.240E+00,8.482E-02,5.081E+00
24,0.000E+00,1.692E-02,0.000E+00,2.089E-02,7.346E-02,2.237E+00,1.709E+00,-2.134E-01,2.888E+00,1.714E+00,3.142E+00,3.654E-03,2.478E+00,2.535E+00,1.317E-01,3.436E+00,1.840E+00,-3.422E-01,3.248E+00,1.451E+00,3.142E+00,2.293E-03,2.212E+00,2.243E+00,8.478E-02,5.084E+00
25,0.000E+00,1.710E-02,0.000E+00,2.125E-02,7.450E-02,2.269E+00,1.707E+00,-2.121E-01,2.861E+00,1.734E+00,3.142E+00,3.678E-03,2.482E+00,2.539E+00,1.320E-01,3.430E+00,1.836E+00,-3.453E-01,3.278E+00,1.464E+00,3.142E+00,2.603E-03,2.211E+00,2.246E+00,8.474E-02,5.086E+00
26,0.000E+00,1.746E-02,0.000E+00,2.197E-02,7.660E-02,2.333E+00,1.702E+00,-2.097E-01,2.807E+00,1.773E+00,3.142E+00,3.728E-03,2.491E+00,2.549E+00,1.324E-01,3.419E+00,1.829E+00,-3.515E-01,3.338E+00,1.491E+00,3.142E+00,3.223E-03,2.208E+00,2.252E+00,8.466E-02,5.090E+00
27,0.000E+00,1.781E-02,0.000E+00,2.270E-02,7.870E-02,2.397E+00,1.699E+00,-2.072E-01,2.753E+00,1.812E+00,3.142E+00,3.778E-03,2.499E+00,2.558E+00,1.329E-01,3.408E+00,1.822E+00,-3.576E-01,3.398E+00,1.518E+00,3.142E+00,3.842E-03,2.206E+00,2.258E+00,8.458E-02,5.095E+00
28,0.000E+00,1.817E-02,0.000E+00,2.342E-02,8.080E-02,2.461E+00,1.695E+00,-2.048E-01,2.699E+00,1.852E+00,3.142E+00,3.828E-03,2.507E+00,2.568E+00,1.333E-01,3.397E+00,1.815E+00,-3.638E-01,3.458E+00,1.546E+00,3.142E+00,4.462E-03,2.203E+00,2.264E+00,8.450E-02,5.099E+00
29,0.000E+00,1.835E-02,0.000E+00,2.378E-02,8.185E-02,2.493E+00,1.693E+00,-2.036E-01,2.672E+00,1.871E+00,3.142E+00,3.853E-03,2.512E+00,2.572E+00,1.335E-01,3.391E+00,1.811E+00,-3.669E-01,3.488E+00,1.559E+00,3.142E+00,4.772E-03,2.202E+00,2.267E+00,8.446E-02,5.101E+00
30,0.000E+00,1.853E-02,0.000E+00,2.414E-02,8.290E-02,2.525E+00,1.692E+00,-2.023E-01,2.645E+00,1.891E+00,3.142E+00,3.878E-03,2.516E+00,2.577E+00,1.338E-01,3.385E+00,1.808E+00,-3.700E-01,3.518E+00,1.573E+00,3.142E+00,5.082E-03,2.201E+00,2.269E+00,8.442E-02,5.103E+00
31,0.000E+00,1.961E-02,0.000E+00,2.611E-02,8.877E-02,2.704E+00,1.692E+00,-2.085E-01,2.709E+00,1.881E+00,3.142E+00,3.172E-03,2.537E+00,2.587E+00,1.327E-01,3.412E+00,1.802E+00,-3.739E-01,3.595E+00,1.584E+00,3.142E+00,4.699E-03,2.220E+00,2.284E+00,8.380E-02,5.140E+00
32,0.000E+00,2.015E-02,0.000E+00,2.709E-02,9.170E-02,2.794E+00,1.692E+00,-2.116E-01,2.741E+00,1.876E+00,3.142E+00,2.819E-03,2.548E+00,2.592E+00,1.322E-01,3.425E+00,1.800E+00,-3.759E-01,3.633E+00,1.590E+00,3.142E+00,4.507E-03,2.230E+00,2.291E+00,8.349E-02,5.159E+00
33,0.000E+00,2.069E-02,0.000E+00,2.808E-02,9.464E-02,2.884E+00,1.692E+00,-2.147E-01,2.773E+00,1.871E+00,3.142E+00,2.466E-03,2.558E+00,2.597E+00,1.317E-01,3.438E+00,1.797E+00,-3.778E-01,3.672E+00,1.595E+00,3.142E+00,4.315E-03,2.240E+00,2.298E+00,8.318E-02,5.177E+00
34,0.000E+00,2.123E-02,0.000E+00,2.906E-02,9.757E-02,2.974E+00,1.692E+00,-2.178E-01,2.805E+00,1.866E+00,3.142E+00,2.114E-03,2.569E+00,2.602E+00,1.312E-01,3.451E+00,1.794E+00,-3.798E-01,3.711E+00,1.601E+00,3.142E+00,4.123E-03,2.249E+00,2.306E+00,8.287E-02,5.196E+00
35,0.000E+00,2.177E-02,0.000E+00,3.004E-02,1.005E-01,3.063E+00,1.692E+00,-2.209E-01,2.837E+00,1.861E+00,3.142E+00,1.761E-03,2.580E+00,2.607E+00,1.307E-01,3.464E+00,1.791E+00,-3.818E-01,3.749E+00,1.606E+00,3.142E+00,3.932E-03,2.259E+00,2.313E+00,8.256E-02,5.214E+00
36,0.000E+00,2.232E-02,0.000E+00,3.103E-02,1.034E-01,3.153E+00,1.692E+00,-2.240E-01,2.869E+00,1.856E+00,3.142E+00,1.408E-03,2.590E+00,2.612E+00,1.302E-01,3.477E+00,1.789E+00,-3.837E-01,3.788E+00,1.612E+00,3.142E+00,3.740E-03,2.269E+00,2.320E+00,8.225E-02,5.232E+00
37,0.000E+00,2.286E-02,0.000E+00,3.201E-02,1.064E-01,3.243E+00,1.692E+00,-2.271E-01,2.901E+00,1.851E+00,3.142E+00,1.055E-03,2.601E+00,2.617E+00,1.297E-01,3.490E+00,1.786E+00,-3.857E-01,3.826E+00,1.618E+00,3.142E+00,3.548E-03,2.278E+00,2.327E+00,8.194E-02,5.251E+00
38,0.000E+00,2.340E-02,0.000E+00,3.299E-02,1.093E-01,3.333E+00,1.692E+00,-2.302E-01,2.933E+00,1.847E+00,3.142E+00,7.022E-04,2.612E+00,2.622E+00,1.292E-01,3.503E+00,1.783E+00,-3.877E-01,3.865E+00,1.623E+00,3.142E+00,3.357E-03,2.288E+00,2.335E+00,8.163E-02,5.269E+00
39,0.000E+00,2.394E-02,0.000E+00,3.398E-02,1.122E-01,3.422E+00,1.693E+00,-2.333E-01,2.965E+00,1.842E+00,3.142E+00,3.493E-04,2.622E+00,2.627E+00,1.286E-01,3.516E+00,1.781E+00,-3.897E-01,3.903E+00,1.629E+00,3.142E+00,3.165E-03,2.298E+00,2.342E+00,8.133E-02,5.288E+00
40,0.000E+00,2.448E-02,0.000E+00,3.496E-02,1.152E-01,3.512E+00,1.693E+00,-2.364E-01,2.997E+00,1.837E+00,3.142E+00,-3.498E-06,2.633E+00,2.632E+00,1.281E-01,3.530E+00,1.778E+00,-3.916E-01,3.942E+00,1.635E+00,3.142E+00,2.973E-03,2.307E+00,2.349E+00,8.102E-02,5.306E+00
41,0.000E+00,2.502E-02,0.000E+00,3.594E-02,1.181E-01,3.602E+00,1.693E+00,-2.395E-01,3.029E+00,1.832E+00,3.142E+00,-3.563E-04,2.643E+00,2.637E+00,1.276E-01,3.543E+00,1.776E+00,-3.936E-01,3.980E+00,1.640E+00,3.142E+00,2.782E-03,2.317E+00,2.356E+00,8.071E-02,5.324E+00
42,0.000E+00,2.556E-02,0.000E+00,3.692E-02,1.211E-01,3.692E+00,1.694E+00,-2.426E-01,3.061E+00,1.827E+00,3.142E+00,-7.092E-04,2.654E+00,2.641E+00,1.271E-01,3.556E+00,1.773E+00,-3.956E-01,4.019E+00,1.646E+00,3.142E+00,2.590E-03,2.327E+00,2.363E+00,8.040E-02,5.343E+00
43,0.000E+00,2.610E-02,0.000E+00,3.791E-02,1.240E-01,3.781E+00,1.694E+00,-2.457E-01,3.093E+00,1.822E+00,3.142E+00,-1.062E-03,2.665E+00,2.646E+00,1.266E-01,3.569E+00,1.771E+00,-3.975E-01,4.057E+00,1.651E+00,3.142E+00,2.398E-03,2.337E+00,2.371E+00,8.009E-02,5.361E+00
44,0.000E+00,2.664E-02,0.000E+00,3.889E-02,1.269E-01,3.871E+00,1.695E+00,-2.488E-01,3.125E+00,1.817E+00,3.142E+00,-1.415E-03,2.675E+00,2.651E+00,1.261E-01,3.582E+00,1.768E+00,-3.995E-01,4.096E+00,1.657E+00,3.142E+00,2.207E-03,2.346E+00,2.378E+00,7.978E-02,5.380E+00
45,0.000E+00,2.718E-02,0.000E+00,3.987E-02,1.299E-01,3.961E+00,1.695E+00,-2.519E-01,3.157E+00,1.812E+00,3.142E+00,-1.768E-03,2.686E+00,2.656E+00,1.256E-01,3.595E+00,1.766E+00,-4.015E-01,4.135E+00,1.663E+00,3.142E+00,2.015E-03,2.356E+00,2.385E+00,7.947E-02,5.398E+00
46,0.000E+00,2.836E-02,0.000E+00,4.190E-02,1.361E-01,4.151E+00,1.684E+00,-2.477E-01,3.151E+00,1.856E+00,3.142E+00,-5.880E-04,2.661E+00,2.651E+00,1.247E-01,3.619E+00,1.747E+00,-4.465E-01,5.443E+00,1.580E+00,3.142E+00,2.725E-03,2.348E+00,2.387E+00,7.902E-02,5.427E+00
47,0.000E+00,2.953E-02,0.000E+00,4.392E-02,1.424E-01,4.341E+00,1.673E+00,-2.434E-01,3.145E+00,1.900E+00,3.142E+00,5.917E-04,2.636E+00,2.645E+00,1.239E-01,3.642E+00,1.747E+00,-4.914E-01,6.752E+00,1.498E+00,3.142E+00,3.435E-03,2.340E+00,2.389E+00,7.857E-02,5.456E+00
48,0.000E+00,3.070E-02,0.000E+00,4.595E-02,1.486E-01,4.531E+00,1.662E+00,-2.392E-01,3.139E+00,1.944E+00,3.142E+00,1.771E-03,2.611E+00,2.640E+00,1.230E-01,3.666E+00,1.761E+00,-5.364E-01,8.061E+00,1.416E+00,3.142E+00,4.145E-03,2.332E+00,2.392E+00,7.812E-02,5.485E+00
49,0.000E+00,3.128E-02,0.000E+00,4.696E-02,1.518E-01,4.626E+00,1.656E+00,-2.371E-01,3.136E+00,1.966E+00,3.142E+00,2.361E-03,2.599E+00,2.637E+00,1.226E-01,3.677E+00,1.772E+00,-5.589E-01,8.716E+00,1.375E+00,3.142E+00,4.500E-03,2.328E+00,2.393E+00,7.789E-02,5.499E+00
50,0.000E+00,3.187E-02,0.000E+00,4.797E-02,1.549E-01,4.721E+00,1.651E+00,-2.350E-01,3.133E+00,1.988E+00,3.142E+00,2.951E-03,2.586E+00,2.634E+00,1.222E-01,3.689E+00,1.785E+00,-5.814E-01,9.370E+00,1.333E+00,3.142E+00,4.855E-03,2.324E+00,2.394E+00,7.767E-02,5.514E+00
51,0.000E+00,3.359E-02,0.000E+00,5.114E-02,1.644E-01,5.010E+00,1.636E+00,-2.569E-01,3.628E+00,1.933E+00,3.142E+00,2.856E-03,2.590E+00,2.636E+00,1.228E-01,3.673E+00,1.768E+00,-5.871E-01,1.010E+01,1.346E+00,3.142E+00,5.012E-03,2.313E+00,2.385E+00,7.746E-02,5.528E+00
52,0.000E+00,3.531E-02,0.000E+00,5.430E-02,1.739E-01,5.299E+00,1.627E+00,-2.788E-01,4.124E+00,1.878E+00,3.142E+00,2.760E-03,2.593E+00,2.638E+00,1.234E-01,3.656E+00,1.753E+00,-5.928E-01,1.082E+01,1.358E+00,3.142E+00,5.170E-03,2.302E+00,2.376E+00,7.725E-02,5.542E+00
53,0.000E+00,3.703E-02,0.000E+00,5.747E-02,1.834E-01,5.587E+00,1.624E+00,-3.007E-01,4.619E+00,1.822E+00,3.142E+00,2.665E-03,2.596E+00,2.640E+00,1.240E-01,3.640E+00,1.739E+00,-5.986E-01,1.155E+01,1.371E+00,3.142E+00,5.328E-03,2.291E+00,2.367E+00,7.704E-02,5.556E+00
54,0.000E+00,3.789E-02,0.000E+00,5.905E-02,1.881E-01,5.732E+00,1.624E+00,-3.117E-01,4.867E+00,1.794E+00,3.142E+00,2.618E-03,2.598E+00,2.641E+00,1.243E-01,3.631E+00,1.733E+00,-6.014E-01,1.191E+01,1.377E+00,3.142E+00,5.406E-03,2.286E+00,2.362E+00,7.694E-02,5.563E+00
55,0.000E+00,3.875E-02,0.000E+00,6.063E-02,1.928E-01,5.876E+00,1.625E+00,-3.226E-01,5.115E+00,1.767E+00,3.142E+00,2.570E-03,2.600E+00,2.642E+00,1.246E-01,3.623E+00,1.726E+00,-6.043E-01,1.227E+01,1.383E+00,3.142E+00,5.485E-03,2.280E+00,2.358E+00,7.683E-02,5.570E+00
56,0.000E+00,4.047E-02,0.000E+00,6.380E-02,2.023E-01,6.165E+00,1.630E+00,-3.445E-01,5.610E+00,1.711E+00,3.142E+00,2.475E-03,2.603E+00,2.644E+00,1.252E-01,3.606E+00,1.714E+00,-6.100E-01,1.300E+01,1.396E+00,3.142E+00,5.643E-03,2.270E+00,2.349E+00,7.662E-02,5.584E+00
57,0.000E+00,4.219E-02,0.000E+00,6.696E-02,2.118E-01,6.454E+00,1.637E+00,-3.664E-01,6.106E+00,1.656E+00,3.142E+00,2.379E-03,2.606E+00,2.645E+00,1.258E-01,3.590E+00,1.703E+00,-6.158E-01,1.372E+01,1.408E+00,3.142E+00,5.800E-03,2.259E+00,2.340E+00,7.642E-02,5.598E+00
58,0.000E+00,4.391E-02,0.000E+00,7.013E-02,2.213E-01,6.743E+00,1.648E+00,-3.884E-01,6.601E+00,1.601E+00,3.142E+00,2.284E-03,2.610E+00,2.647E+00,1.264E-01,3.573E+00,1.693E+00,-6.215E-01,1.445E+01,1.421E+00,3.142E+00,5.958E-03,2.248E+00,2.331E+00,7.621E-02,5.612E+00
59,0.000E+00,4.477E-02,0.000E+00,7.171E-02,2.260E-01,6.888E+00,1.654E+00,-3.993E-01,6.849E+00,1.573E+00,3.142E+00,2.236E-03,2.612E+00,2.648E+00,1.267E-01,3.565E+00,1.688E+00,-6.244E-01,1.481E+01,1.427E+00,3.142E+00,6.037E-03,2.242E+00,2.326E+00,7.610E-02,5.619E+00
60,0.000E+00,4.563E-02,0.000E+00,7.329E-02,2.308E-01,7.032E+00,1.660E+00,-4.103E-01,7.097E+00,1.545E+00,3.142E+00,2.189E-03,2.613E+00,2.649E+00,1.270E-01,3.557E+00,1.683E+00,-6.272E-01,1.518E+01,1.433E+00,3.142E+00,6.115E-03,2.237E+00,2.322E+00,7.600E-02,5.626E+00
61,0.000E+00,4.838E-02,0.000E+00,7.803E-02,2.453E-01,7.476E+00,1.648E+00,-4.177E-01,7.595E+00,1.549E+00,3.142E+00,1.405E-03,2.626E+00,2.649E+00,1.260E-01,3.584E+00,1.668E+00,-6.235E-01,1.532E+01,1.467E+00,3.142E+00,6.622E-03,2.231E+00,2.323E+00,7.656E-02,5.588E+00
62,0.000E+00,5.113E-02,0.000E+00,8.277E-02,2.599E-01,7.919E+00,1.637E+00,-4.252E-01,8.094E+00,1.554E+00,3.142E+00,6.214E-04,2.638E+00,2.648E+00,1.250E-01,3.612E+00,1.654E+00,-6.198E-01,1.547E+01,1.501E+00,3.142E+00,7.128E-03,2.226E+00,2.324E+00,7.713E-02,5.551E+00
63,0.000E+00,5.388E-02,0.000E+00,8.751E-02,2.745E-01,8.363E+00,1.628E+00,-4.327E-01,8.592E+00,1.558E+00,3.142E+00,-1.623E-04,2.651E+00,2.648E+00,1.240E-01,3.639E+00,1.640E+00,-6.160E-01,1.561E+01,1.535E+00,3.142E+00,7.635E-03,2.220E+00,2.325E+00,7.769E-02,5.513E+00
64,0.000E+00,5.525E-02,0.000E+00,8.988E-02,2.818E-01,8.584E+00,1.623E+00,-4.364E-01,8.842E+00,1.560E+00,3.142E+00,-5.541E-04,2.657E+00,2.647E+00,1.235E-01,3.653E+00,1.633E+00,-6.142E-01,1.568E+01,1.552E+00,3.142E+00,7.888E-03,2.217E+00,2.326E+00,7.797E-02,5.494E+00
65,0.000E+00,5.663E-02,0.000E+00,9.225E-02,2.891E-01,8.806E+00,1.619E+00,-4.402E-01,9.091E+00,1.562E+00,3.142E+00,-9.460E-04,2.663E+00,2.647E+00,1.230E-01,3.666E+00,1.626E+00,-6.123E-01,1.576E+01,1.569E+00,3.142E+00,8.142E-03,2.214E+00,2.326E+00,7.825E-02,5.476E+00
66,0.000E+00,6.001E-02,0.000E+00,9.942E-02,3.094E-01,9.427E+00,1.602E+00,-4.208E-01,8.545E+00,1.630E+00,3.142E+00,8.792E-05,2.636E+00,2.637E+00,1.232E-01,3.660E+00,1.601E+00,-5.915E-01,1.488E+01,1.648E+00,3.142E+00,6.657E-03,2.246E+00,2.338E+00,7.790E-02,5.499E+00
67,0.000E+00,6.340E-02,0.000E+00,1.066E-01,3.297E-01,1.005E+01,1.587E+00,-4.014E-01,7.999E+00,1.699E+00,3.142E+00,1.122E-03,2.610E+00,2.628E+00,1.234E-01,3.654E+00,1.579E+00,-5.706E-01,1.401E+01,1.727E+00,3.142E+00,5.173E-03,2.278E+00,2.350E+00,7.754E-02,5.522E+00
68,0.000E+00,6.678E-02,0.000E+00,1.138E-01,3.500E-01,1.067E+01,1.574E+00,-3.821E-01,7.452E+00,1.767E+00,3.142E+00,2.156E-03,2.583E+00,2.618E+00,1.236E-01,3.648E+00,1.559E+00,-5.498E-01,1.314E+01,1.807E+00,3.142E+00,3.688E-03,2.309E+00,2.361E+00,7.719E-02,5.546E+00
69,0.000E+00,6.848E-02,0.000E+00,1.173E-01,3.601E-01,1.098E+01,1.568E+00,-3.724E-01,7.179E+00,1.801E+00,3.142E+00,2.673E-03,2.570E+00,2.613E+00,1.237E-01,3.646E+00,1.550E+00,-5.394E-01,1.270E+01,1.846E+00,3.142E+00,2.946E-03,2.325E+00,2.367E+00,7.701E-02,5.557E+00
70,0.000E+00,7.017E-02,0.000E+00,1.209E-01,3.703E-01,1.129E+01,1.564E+00,-3.627E-01,6.906E+00,1.835E+00,3.142E+00,3.190E-03,2.557E+00,2.608E+00,1.239E-01,3.643E+00,1.541E+00,-5.290E-01,1.227E+01,1.886E+00,3.142E+00,2.204E-03,2.341E+00,2.373E+00,7.683E-02,5.569E+00
71,0.000E+00,7.361E-02,0.000E+00,1.278E-01,3.905E-01,1.190E+01,1.550E+00,-3.676E-01,7.205E+00,1.868E+00,3.142E+00,2.980E-03,2.544E+00,2.591E+00,1.239E-01,3.640E+00,1.516E+00,-5.015E-01,1.107E+01,2.021E+00,3.142E+00,2.280E-03,2.344E+00,2.377E+00,7.666E-02,5.581E+00
72,0.000E+00,7.706E-02,0.000E+00,1.346E-01,4.106E-01,1.251E+01,1.537E+00,-3.725E-01,7.503E+00,1.901E+00,3.142E+00,2.771E-03,2.531E+00,2.575E+00,1.240E-01,3.637E+00,1.497E+00,-4.739E-01,9.881E+00,2.156E+00,3.142E+00,2.355E-03,2.348E+00,2.382E+00,7.649E-02,5.592E+00
73,0.000E+00,8.094E-02,0.000E+00,1.425E-01,4.338E-01,1.322E+01,1.526E+00,-3.654E-01,7.415E+00,1.944E+00,3.142E+00,2.455E-03,2.531E+00,2.570E+00,1.244E-01,3.626E+00,1.487E+00,-4.587E-01,9.503E+00,2.204E+00,3.142E+00,1.708E-03,2.327E+00,2.352E+00,7.565E-02,5.650E+00
74,0.000E+00,8.481E-02,0.000E+00,1.505E-01,4.570E-01,1.392E+01,1.515E+00,-3.583E-01,7.326E+00,1.987E+00,3.142E+00,2.140E-03,2.531E+00,2.565E+00,1.248E-01,3.615E+00,1.477E+00,-4.434E-01,9.124E+00,2.252E+00,3.142E+00,1.061E-03,2.307E+00,2.322E+00,7.481E-02,5.708E+00
75,0.000E+00,8.843E-02,0.000E+00,1.592E-01,4.810E-01,1.465E+01,1.502E+00,-3.371E-01,6.733E+00,2.090E+00,3.142E+00,3.440E-03,2.503E+00,2.557E+00,1.246E-01,3.622E+00,1.447E+00,-4.421E-01,9.126E+00,2.431E+00,3.142E+00,1.916E-03,2.261E+00,2.287E+00,7.631E-02,5.607E+00
76,0.000E+00,9.205E-02,0.000E+00,1.680E-01,5.049E-01,1.538E+01,1.492E+00,-3.158E-01,6.139E+00,2.193E+00,3.142E+00,4.741E-03,2.475E+00,2.549E+00,1.243E-01,3.629E+00,1.420E+00,-4.407E-01,9.128E+00,2.610E+00,3.142E+00,2.772E-03,2.216E+00,2.253E+00,7.780E-02,5.505E+00
77,0.000E+00,9.618E-02,0.000E+00,1.778E-01,5.321E-01,1.621E+01,1.469E+00,-3.052E-01,6.119E+00,2.290E+00,3.142E+00,2.432E-03,2.489E+00,2.527E+00,1.242E-01,3.633E+00,1.414E+00,-4.186E-01,8.247E+00,2.724E+00,3.142E+00,2.685E-03,2.226E+00,2.262E+00,7.823E-02,5.477E+00
78,0.000E+00,1.003E-01,0.000E+00,1.876E-01,5.593E-01,1.704E+01,1.447E+00,-2.946E-01,6.099E+00,2.388E+00,3.142E+00,1.231E-04,2.503E+00,2.505E+00,1.241E-01,3.637E+00,1.412E+00,-3.966E-01,7.367E+00,2.837E+00,3.142E+00,2.598E-03,2.235E+00,2.271E+00,7.867E-02,5.449E+00
79,0.000E+00,1.035E-01,0.000E+00,1.974E-01,5.843E-01,1.780E+01,1.424E+00,-2.911E-01,6.079E+00,2.540E+00,3.142E+00,2.349E-03,2.423E+00,2.457E+00,1.236E-01,3.650E+00,1.386E+00,-3.757E-01,7.160E+00,2.993E+00,3.142E+00,1.076E-02,2.067E+00,2.198E+00,7.762E-02,5.518E+00
80,0.000E+00,1.067E-01,0.000E+00,2.072E-01,6.093E-01,1.856E+01,1.402E+00,-2.877E-01,6.060E+00,2.692E+00,3.142E+00,4.574E-03,2.343E+00,2.410E+00,1.231E-01,3.664E+00,1.362E+00,-3.549E-01,6.953E+00,3.148E+00,3.142E+00,1.892E-02,1.899E+00,2.125E+00,7.657E-02,5.587E+00
81,0.000E+00,1.083E-01,0.000E+00,2.162E-01,6.297E-01,1.919E+01,1.381E+00,-2.720E-01,5.811E+00,2.862E+00,3.142E+00,4.748E-03,2.298E+00,2.366E+00,1.226E-01,3.679E+00,1.312E+00,-3.417E-01,6.796E+00,3.620E+00,3.142E+00,2.621E-02,1.780E+00,2.077E+00,7.496E-02,5.700E+00
82,0.000E+00,1.100E-01,0.000E+00,2.251E-01,6.500E-01,1.981E+01,1.362E+00,-2.564E-01,5.563E+00,3.032E+00,3.142E+00,4.921E-03,2.253E+00,2.322E+00,1.220E-01,3.695E+00,1.270E+00,-3.285E-01,6.639E+00,4.093E+00,3.142E+00,3.350E-02,1.661E+00,2.028E+00,7.336E-02,5.812E+00
83,0.000E+00,1.055E-01,0.000E+00,2.253E-01,6.421E-01,1.956E+01,1.296E+00,-2.427E-01,5.577E+00,3.615E+00,3.142E+00,1.022E-02,2.079E+00,2.204E+00,1.216E-01,3.706E+00,1.191E+00,-3.082E-01,6.857E+00,4.978E+00,3.142E+00,3.866E-02,1.534E+00,1.924E+00,7.162E-02,5.946E+00
84,0.000E+00,1.010E-01,0.000E+00,2.256E-01,6.342E-01,1.932E+01,1.241E+00,-2.290E-01,5.592E+00,4.198E+00,3.142E+00,1.551E-02,1.904E+00,2.087E+00,1.212E-01,3.718E+00,1.125E+00,-2.878E-01,7.074E+00,5.864E+00,3.142E+00,4.382E-02,1.406E+00,1.819E+00,6.987E-02,6.080E+00
85,0.000E+00,8.306E-02,0.000E+00,1.915E-01,5.331E-01,1.624E+01,1.155E+00,-2.164E-01,5.865E+00,5.307E+00,3.142E+00,5.014E-02,1.466E+00,1.899E+00,1.157E-01,3.893E+00,9.807E-01,-2.645E-01,7.333E+00,9.703E+00,3.142E+00,6.630E-02,1.111E+00,1.607E+00,6.675E-02,6.354E+00
86,0.000E+00,6.515E-02,0.000E+00,1.574E-01,4.319E-01,1.316E+01,1.086E+00,-2.039E-01,6.138E+00,6.416E+00,3.142E+00,8.477E-02,1.027E+00,1.712E+00,1.102E-01,4.068E+00,8.934E-01,-2.412E-01,7.593E+00,1.354E+01,3.142E+00,8.878E-02,8.153E-01,1.395E+00,6.363E-02,6.627E+00
87,0.000E+00,3.315E-02,0.000E+00,7.962E-02,2.188E-01,6.668E+00,1.393E+00,-1.019E-01,3.069E+00,3.208E+00,1.571E+00,4.239E-02,5.137E-01,8.558E-01,5.511E-02,2.034E+00,1.149E+00,-1.206E-01,3.796E+00,6.771E+00,1.571E+00,4.439E-02,4.077E-01,6.977E-01,3.181E-02,3.314E+00
88,0.000E+00,1.144E-03,0.000E+00,1.809E-03,5.687E-03,1.739E-01,3.142E+00,0.000E+00,0.000E+00,0.000E+00,0.000E+00,0.000E+00,0.000E+00,0.000E+00,0.000E+00,0.000E+00,3.142E+00,0.000E+00,0.000E+00,0.000E+00,0.000E+00,0.000E+00,0.000E+00,0.000E+00,0.000E+00,0.000E+00
89,0.000E+00,0.000E+00,0.000E+00,0.000E+00,0.000E+00,0.000E+00,3.142E+00,0.000E+00,0.000E+00,0.000E+00,0.000E+00,0.000E+00,0.000E+00,0.000E+00,0.000E+00,0.000E+00,3.142E+00,0.000E+00,0.000E+00,0.000E+00,0.000E+00,0.000E+00,0.000E+00,0.000E+00,0.000E+00,0.000E+00
