alpha,He,Mg,Al,O,Mg_1,O_1,Al_2,O_2,amu/ion,phiK_Al,phiTilt_Al,phiM_Al,phiN_Al,thetaK_Al,thetaTilt_Al,thetaM_Al,thetaN_Al,energyK_Al,energyE_Al,phiK_Mg,phiTilt_Mg,phiM_Mg,phiN_Mg,thetaK_Mg,thetaTilt_Mg,thetaM_Mg,thetaN_Mg,energyK_Mg,energyE_Mg,phiK_O,phiTilt_O,phiM_O,phiN_O,thetaK_O,thetaTilt_O,thetaM_O,thetaN_O,energyK_O,energyE_O
0,0.000E+00,1.671E-02,1.406E-05,0.000E+00,1.484E-05,3.594E-05,3.403E-02,6.698E-02,2.397E+00,1.832E+00,4.375E-02,1.128E+00,1.525E+00,3.142E+00,2.260E-03,2.297E+00,2.328E+00,1.169E-01,3.772E+00,1.714E+00,-6.505E-02,2.212E+00,1.418E+00,3.142E+00,-2.336E-04,2.635E+00,2.631E+00,2.502E-01,1.838E+00,1.724E+00,1.750E-04,1.582E+00,1.538E+00,3.142E+00,3.848E-03,2.564E+00,2.627E+00,1.382E-01,3.283E+00
1,0.000E+00,1.677E-02,1.523E-05,0.000E+00,1.504E-05,3.623E-05,3.426E-02,6.745E-02,2.412E+00,1.783E+00,1.693E-02,1.319E+00,1.526E+00,3.142E+00,2.024E-03,2.312E+00,2.340E+00,1.170E-01,3.771E+00,1.704E+00,-6.817E-02,2.220E+00,1.474E+00,3.142E+00,-7.864E-04,2.651E+00,2.638E+00,2.493E-01,1.845E+00,1.714E+00,-1.831E-02,1.727E+00,1.548E+00,3.142E+00,3.266E-03,2.574E+00,2.627E+00,1.383E-01,3.279E+00
2,0.000E+00,1.682E-02,1.641E-05,0.000E+00,1.523E-05,3.652E-05,3.449E-02,6.792E-02,2.427E+00,1.751E+00,-9.890E-03,1.510E+00,1.527E+00,3.142E+00,1.789E-03,2.327E+00,2.352E+00,1.170E-01,3.770E+00,1.694E+00,-7.128E-02,2.229E+00,1.530E+00,3.142E+00,-1.339E-03,2.667E+00,2.644E+00,2.483E-01,1.852E+00,1.707E+00,-3.680E-02,1.873E+00,1.558E+00,3.142E+00,2.684E-03,2.584E+00,2.627E+00,1.385E-01,3.275E+00
3,0.000E+00,1.688E-02,1.758E-05,0.000E+00,1.543E-05,3.682E-05,3.471E-02,6.839E-02,2.443E+00,1.743E+00,-3.671E-02,1.701E+00,1.528E+00,3.142E+00,1.553E-03,2.342E+00,2.364E+00,1.170E-01,3.770E+00,1.684E+00,-7.440E-02,2.237E+00,1.586E+00,3.142E+00,-1.892E-03,2.683E+00,2.651E+00,2.474E-01,1.859E+00,1.700E+00,-5.529E-02,2.018E+00,1.568E+00,3.142E+00,2.102E-03,2.594E+00,2.628E+00,1.387E-01,3.271E+00
4,0.000E+00,1.690E-02,1.816E-05,0.000E+00,1.553E-05,3.696E-05,3.483E-02,6.863E-02,2.450E+00,1.740E+00,-5.012E-02,1.796E+00,1.528E+00,3.142E+00,1.435E-03,2.350E+00,2.370E+00,1.170E-01,3.769E+00,1.679E+00,-7.596E-02,2.241E+00,1.613E+00,3.142E+00,-2.168E-03,2.691E+00,2.654E+00,2.469E-01,1.862E+00,1.698E+00,-6.454E-02,2.090E+00,1.573E+00,3.142E+00,1.811E-03,2.599E+00,2.628E+00,1.388E-01,3.269E+00
5,0.000E+00,1.693E-02,1.875E-05,0.000E+00,1.563E-05,3.711E-05,3.494E-02,6.886E-02,2.458E+00,1.737E+00,-6.353E-02,1.891E+00,1.529E+00,3.142E+00,1.317E-03,2.358E+00,2.376E+00,1.170E-01,3.769E+00,1.675E+00,-7.752E-02,2.245E+00,1.641E+00,3.142E+00,-2.445E-03,2.700E+00,2.658E+00,2.464E-01,1.865E+00,1.695E+00,-7.378E-02,2.163E+00,1.578E+00,3.142E+00,1.520E-03,2.604E+00,2.628E+00,1.389E-01,3.267E+00
6,0.000E+00,1.699E-02,1.992E-05,0.000E+00,1.582E-05,3.740E-05,3.517E-02,6.933E-02,2.473E+00,1.734E+00,-9.035E-02,2.082E+00,1.530E+00,3.142E+00,1.082E-03,2.373E+00,2.388E+00,1.170E-01,3.769E+00,1.666E+00,-8.064E-02,2.253E+00,1.697E+00,3.142E+00,-2.998E-03,2.716E+00,2.664E+00,2.455E-01,1.872E+00,1.692E+00,-9.227E-02,2.308E+00,1.588E+00,3.142E+00,9.380E-04,2.614E+00,2.629E+00,1.390E-01,3.263E+00
7,0.000E+00,1.704E-02,2.109E-05,0.000E+00,1.602E-05,3.770E-05,3.540E-02,6.980E-02,2.488E+00,1.733E+00,-1.172E-01,2.273E+00,1.530E+00,3.142E+00,8.462E-04,2.388E+00,2.400E+00,1.171E-01,3.768E+00,1.657E+00,-8.376E-02,2.261E+00,1.753E+00,3.142E+00,-3.551E-03,2.732E+00,2.671E+00,2.446E-01,1.879E+00,1.689E+00,-1.108E-01,2.453E+00,1.599E+00,3.142E+00,3.560E-04,2.623E+00,2.629E+00,1.392E-01,3.260E+00
8,0.000E+00,1.710E-02,2.227E-05,0.000E+00,1.621E-05,3.799E-05,3.562E-02,7.027E-02,2.503E+00,1.734E+00,-1.440E-01,2.464E+00,1.531E+00,3.142E+00,6.106E-04,2.403E+00,2.412E+00,1.171E-01,3.767E+00,1.649E+00,-8.688E-02,2.270E+00,1.808E+00,3.142E+00,-4.103E-03,2.748E+00,2.677E+00,2.436E-01,1.886E+00,1.687E+00,-1.293E-01,2.599E+00,1.609E+00,3.142E+00,-2.261E-04,2.633E+00,2.629E+00,1.394E-01,3.256E+00
9,0.000E+00,1.712E-02,2.285E-05,0.000E+00,1.631E-05,3.813E-05,3.574E-02,7.051E-02,2.510E+00,1.734E+00,-1.574E-01,2.559E+00,1.532E+00,3.142E+00,4.928E-04,2.411E+00,2.418E+00,1.171E-01,3.767E+00,1.645E+00,-8.844E-02,2.274E+00,1.836E+00,3.142E+00,-4.380E-03,2.756E+00,2.681E+00,2.431E-01,1.890E+00,1.686E+00,-1.385E-01,2.671E+00,1.614E+00,3.142E+00,-5.171E-04,2.638E+00,2.630E+00,1.395E-01,3.254E+00
10,0.000E+00,1.715E-02,2.344E-05,0.000E+00,1.641E-05,3.828E-05,3.585E-02,7.074E-02,2.518E+00,1.736E+00,-1.708E-01,2.654E+00,1.532E+00,3.142E+00,3.750E-04,2.419E+00,2.424E+00,1.171E-01,3.767E+00,1.641E+00,-9.000E-02,2.278E+00,1.864E+00,3.142E+00,-4.656E-03,2.764E+00,2.684E+00,2.427E-01,1.893E+00,1.685E+00,-1.477E-01,2.744E+00,1.619E+00,3.142E+00,-8.081E-04,2.643E+00,2.630E+00,1.395E-01,3.252E+00
11,0.000E+00,1.750E-02,2.051E-05,0.000E+00,1.738E-05,4.521E-05,3.654E-02,7.201E-02,2.565E+00,1.736E+00,-1.867E-01,2.782E+00,1.531E+00,3.142E+00,1.478E-04,2.432E+00,2.434E+00,1.169E-01,3.773E+00,1.643E+00,-9.558E-02,2.304E+00,1.863E+00,3.142E+00,-4.117E-03,2.743E+00,2.672E+00,2.423E-01,1.896E+00,1.680E+00,-1.486E-01,2.734E+00,1.651E+00,3.142E+00,-5.928E-04,2.647E+00,2.637E+00,1.395E-01,3.253E+00
12,0.000E+00,1.784E-02,1.758E-05,0.000E+00,1.836E-05,5.215E-05,3.723E-02,7.327E-02,2.612E+00,1.737E+00,-2.026E-01,2.911E+00,1.531E+00,3.142E+00,-7.935E-05,2.446E+00,2.444E+00,1.167E-01,3.779E+00,1.645E+00,-1.012E-01,2.329E+00,1.862E+00,3.142E+00,-3.578E-03,2.722E+00,2.660E+00,2.419E-01,1.899E+00,1.676E+00,-1.495E-01,2.725E+00,1.684E+00,3.142E+00,-3.774E-04,2.650E+00,2.644E+00,1.394E-01,3.254E+00
13,0.000E+00,1.819E-02,1.465E-05,0.000E+00,1.934E-05,5.908E-05,3.792E-02,7.454E-02,2.659E+00,1.738E+00,-2.185E-01,3.039E+00,1.530E+00,3.142E+00,-3.065E-04,2.459E+00,2.454E+00,1.165E-01,3.785E+00,1.647E+00,-1.068E-01,2.355E+00,1.860E+00,3.142E+00,-3.039E-03,2.700E+00,2.648E+00,2.415E-01,1.901E+00,1.671E+00,-1.503E-01,2.716E+00,1.716E+00,3.142E+00,-1.621E-04,2.654E+00,2.652E+00,1.394E-01,3.255E+00
14,0.000E+00,1.836E-02,1.318E-05,0.000E+00,1.982E-05,6.255E-05,3.826E-02,7.517E-02,2.683E+00,1.739E+00,-2.265E-01,3.103E+00,1.530E+00,3.142E+00,-4.201E-04,2.466E+00,2.459E+00,1.164E-01,3.788E+00,1.648E+00,-1.095E-01,2.368E+00,1.860E+00,3.142E+00,-2.770E-03,2.690E+00,2.642E+00,2.414E-01,1.903E+00,1.669E+00,-1.508E-01,2.711E+00,1.732E+00,3.142E+00,-5.442E-05,2.656E+00,2.655E+00,1.394E-01,3.255E+00
15,0.000E+00,1.853E-02,1.172E-05,0.000E+00,2.031E-05,6.602E-05,3.861E-02,7.580E-02,2.707E+00,1.740E+00,-2.345E-01,3.167E+00,1.530E+00,3.142E+00,-5.337E-04,2.473E+00,2.464E+00,1.163E-01,3.791E+00,1.650E+00,-1.123E-01,2.381E+00,1.859E+00,3.142E+00,-2.500E-03,2.679E+00,2.636E+00,2.412E-01,1.904E+00,1.666E+00,-1.512E-01,2.706E+00,1.749E+00,3.142E+00,5.325E-05,2.658E+00,2.659E+00,1.394E-01,3.256E+00
16,0.000E+00,1.888E-02,8.789E-06,0.000E+00,2.129E-05,7.295E-05,3.930E-02,7.706E-02,2.754E+00,1.742E+00,-2.504E-01,3.295E+00,1.529E+00,3.142E+00,-7.609E-04,2.486E+00,2.474E+00,1.161E-01,3.797E+00,1.652E+00,-1.179E-01,2.406E+00,1.858E+00,3.142E+00,-1.961E-03,2.658E+00,2.624E+00,2.408E-01,1.907E+00,1.662E+00,-1.520E-01,2.697E+00,1.781E+00,3.142E+00,2.686E-04,2.661E+00,2.666E+00,1.393E-01,3.257E+00
17,0.000E+00,1.923E-02,5.859E-06,0.000E+00,2.227E-05,7.988E-05,3.998E-02,7.833E-02,2.801E+00,1.745E+00,-2.663E-01,3.423E+00,1.528E+00,3.142E+00,-9.881E-04,2.500E+00,2.484E+00,1.159E-01,3.804E+00,1.654E+00,-1.235E-01,2.432E+00,1.856E+00,3.142E+00,-1.422E-03,2.636E+00,2.612E+00,2.404E-01,1.910E+00,1.658E+00,-1.529E-01,2.688E+00,1.814E+00,3.142E+00,4.839E-04,2.665E+00,2.673E+00,1.393E-01,3.258E+00
18,0.000E+00,1.957E-02,2.930E-06,0.000E+00,2.324E-05,8.682E-05,4.067E-02,7.959E-02,2.849E+00,1.748E+00,-2.822E-01,3.551E+00,1.528E+00,3.142E+00,-1.215E-03,2.513E+00,2.494E+00,1.157E-01,3.810E+00,1.656E+00,-1.291E-01,2.458E+00,1.855E+00,3.142E+00,-8.833E-04,2.615E+00,2.600E+00,2.401E-01,1.913E+00,1.654E+00,-1.538E-01,2.678E+00,1.846E+00,3.142E+00,6.993E-04,2.669E+00,2.680E+00,1.392E-01,3.259E+00
19,0.000E+00,1.974E-02,1.465E-06,0.000E+00,2.373E-05,9.028E-05,4.102E-02,8.022E-02,2.872E+00,1.749E+00,-2.901E-01,3.615E+00,1.527E+00,3.142E+00,-1.329E-03,2.520E+00,2.499E+00,1.156E-01,3.813E+00,1.657E+00,-1.319E-01,2.470E+00,1.855E+00,3.142E+00,-6.138E-04,2.604E+00,2.594E+00,2.399E-01,1.914E+00,1.652E+00,-1.542E-01,2.673E+00,1.862E+00,3.142E+00,8.069E-04,2.670E+00,2.684E+00,1.392E-01,3.259E+00
20,0.000E+00,1.992E-02,0.000E+00,0.000E+00,2.422E-05,9.375E-05,4.136E-02,8.085E-02,2.896E+00,1.751E+00,-2.981E-01,3.679E+00,1.527E+00,3.142E+00,-1.442E-03,2.527E+00,2.504E+00,1.155E-01,3.816E+00,1.658E+00,-1.347E-01,2.483E+00,1.854E+00,3.142E+00,-3.444E-04,2.594E+00,2.588E+00,2.397E-01,1.915E+00,1.650E+00,-1.546E-01,2.669E+00,1.878E+00,3.142E+00,9.146E-04,2.672E+00,2.688E+00,1.392E-01,3.260E+00
21,0.000E+00,2.050E-02,0.000E+00,0.000E+00,3.252E-05,1.050E-04,4.256E-02,8.320E-02,2.980E+00,1.736E+00,-2.866E-01,3.536E+00,1.598E+00,3.142E+00,-1.039E-03,2.516E+00,2.500E+00,1.149E-01,3.835E+00,1.655E+00,-1.488E-01,2.625E+00,1.850E+00,3.142E+00,3.598E-04,2.584E+00,2.589E+00,2.396E-01,1.917E+00,1.650E+00,-1.591E-01,2.691E+00,1.887E+00,3.142E+00,6.981E-04,2.682E+00,2.694E+00,1.389E-01,3.266E+00
22,0.000E+00,2.108E-02,0.000E+00,0.000E+00,4.082E-05,1.162E-04,4.376E-02,8.555E-02,3.065E+00,1.723E+00,-2.750E-01,3.393E+00,1.670E+00,3.142E+00,-6.350E-04,2.505E+00,2.495E+00,1.143E-01,3.853E+00,1.652E+00,-1.629E-01,2.767E+00,1.845E+00,3.142E+00,1.064E-03,2.574E+00,2.591E+00,2.394E-01,1.918E+00,1.650E+00,-1.635E-01,2.713E+00,1.895E+00,3.142E+00,4.816E-04,2.692E+00,2.700E+00,1.387E-01,3.271E+00
23,0.000E+00,2.167E-02,0.000E+00,0.000E+00,4.912E-05,1.274E-04,4.497E-02,8.790E-02,3.149E+00,1.711E+00,-2.635E-01,3.250E+00,1.741E+00,3.142E+00,-2.313E-04,2.494E+00,2.490E+00,1.138E-01,3.872E+00,1.650E+00,-1.770E-01,2.909E+00,1.841E+00,3.142E+00,1.768E-03,2.564E+00,2.592E+00,2.393E-01,1.919E+00,1.650E+00,-1.680E-01,2.735E+00,1.903E+00,3.142E+00,2.651E-04,2.701E+00,2.706E+00,1.384E-01,3.277E+00
24,0.000E+00,2.196E-02,0.000E+00,0.000E+00,5.327E-05,1.331E-04,4.557E-02,8.907E-02,3.192E+00,1.705E+00,-2.578E-01,3.179E+00,1.776E+00,3.142E+00,-2.942E-05,2.488E+00,2.488E+00,1.135E-01,3.881E+00,1.650E+00,-1.841E-01,2.980E+00,1.839E+00,3.142E+00,2.120E-03,2.559E+00,2.593E+00,2.392E-01,1.919E+00,1.650E+00,-1.702E-01,2.746E+00,1.907E+00,3.142E+00,1.569E-04,2.706E+00,2.709E+00,1.383E-01,3.280E+00
25,0.000E+00,2.225E-02,0.000E+00,0.000E+00,5.742E-05,1.387E-04,4.617E-02,9.025E-02,3.234E+00,1.700E+00,-2.520E-01,3.107E+00,1.812E+00,3.142E+00,1.724E-04,2.483E+00,2.485E+00,1.132E-01,3.891E+00,1.649E+00,-1.911E-01,3.051E+00,1.837E+00,3.142E+00,2.472E-03,2.554E+00,2.593E+00,2.391E-01,1.920E+00,1.650E+00,-1.724E-01,2.757E+00,1.912E+00,3.142E+00,4.866E-05,2.711E+00,2.712E+00,1.382E-01,3.283E+00
26,0.000E+00,2.284E-02,0.000E+00,0.000E+00,6.572E-05,1.499E-04,4.737E-02,9.260E-02,3.319E+00,1.691E+00,-2.405E-01,2.964E+00,1.883E+00,3.142E+00,5.762E-04,2.472E+00,2.480E+00,1.126E-01,3.910E+00,1.649E+00,-2.052E-01,3.194E+00,1.832E+00,3.142E+00,3.176E-03,2.544E+00,2.594E+00,2.390E-01,1.921E+00,1.650E+00,-1.768E-01,2.779E+00,1.920E+00,3.142E+00,-1.678E-04,2.721E+00,2.718E+00,1.379E-01,3.289E+00
27,0.000E+00,2.342E-02,0.000E+00,0.000E+00,7.402E-05,1.611E-04,4.857E-02,9.495E-02,3.403E+00,1.683E+00,-2.290E-01,2.821E+00,1.954E+00,3.142E+00,9.799E-04,2.461E+00,2.475E+00,1.120E-01,3.928E+00,1.649E+00,-2.194E-01,3.336E+00,1.828E+00,3.142E+00,3.880E-03,2.534E+00,2.596E+00,2.388E-01,1.922E+00,1.650E+00,-1.813E-01,2.801E+00,1.928E+00,3.142E+00,-3.843E-04,2.731E+00,2.724E+00,1.376E-01,3.295E+00
28,0.000E+00,2.400E-02,0.000E+00,0.000E+00,8.232E-05,1.724E-04,4.977E-02,9.729E-02,3.488E+00,1.677E+00,-2.174E-01,2.678E+00,2.025E+00,3.142E+00,1.384E-03,2.450E+00,2.471E+00,1.114E-01,3.947E+00,1.649E+00,-2.335E-01,3.478E+00,1.824E+00,3.142E+00,4.585E-03,2.524E+00,2.597E+00,2.387E-01,1.923E+00,1.650E+00,-1.857E-01,2.823E+00,1.936E+00,3.142E+00,-6.008E-04,2.740E+00,2.730E+00,1.374E-01,3.300E+00
29,0.000E+00,2.429E-02,0.000E+00,0.000E+00,8.647E-05,1.780E-04,5.037E-02,9.847E-02,3.530E+00,1.674E+00,-2.117E-01,2.606E+00,2.061E+00,3.142E+00,1.585E-03,2.444E+00,2.468E+00,1.111E-01,3.956E+00,1.650E+00,-2.405E-01,3.549E+00,1.822E+00,3.142E+00,4.937E-03,2.519E+00,2.597E+00,2.386E-01,1.924E+00,1.650E+00,-1.880E-01,2.834E+00,1.941E+00,3.142E+00,-7.090E-04,2.745E+00,2.733E+00,1.373E-01,3.303E+00
30,0.000E+00,2.459E-02,0.000E+00,0.000E+00,9.062E-05,1.836E-04,5.097E-02,9.964E-02,3.572E+00,1.672E+00,-2.059E-01,2.535E+00,2.097E+00,3.142E+00,1.787E-03,2.439E+00,2.466E+00,1.109E-01,3.966E+00,1.650E+00,-2.476E-01,3.620E+00,1.820E+00,3.142E+00,5.289E-03,2.514E+00,2.598E+00,2.385E-01,1.924E+00,1.650E+00,-1.902E-01,2.846E+00,1.945E+00,3.142E+00,-8.173E-04,2.750E+00,2.736E+00,1.371E-01,3.306E+00
31,0.000E+00,2.620E-02,0.000E+00,0.000E+00,1.788E-04,2.757E-04,5.453E-02,1.065E-01,3.821E+00,1.670E+00,-2.168E-01,2.651E+00,2.079E+00,3.142E+00,1.533E-03,2.453E+00,2.476E+00,1.108E-01,3.968E+00,1.654E+00,-2.466E-01,3.585E+00,1.810E+00,3.142E+00,4.264E-03,2.562E+00,2.629E+00,2.373E-01,1.934E+00,1.644E+00,-1.885E-01,2.831E+00,1.976E+00,3.142E+00,-6.943E-04,2.743E+00,2.731E+00,1.367E-01,3.316E+00
32,0.000E+00,2.700E-02,0.000E+00,0.000E+00,2.229E-04,3.217E-04,5.630E-02,1.100E-01,3.946E+00,1.670E+00,-2.222E-01,2.709E+00,2.070E+00,3.142E+00,1.406E-03,2.460E+00,2.481E+00,1.108E-01,3.968E+00,1.656E+00,-2.461E-01,3.568E+00,1.806E+00,3.142E+00,3.752E-03,2.586E+00,2.644E+00,2.367E-01,1.939E+00,1.642E+00,-1.877E-01,2.824E+00,1.992E+00,3.142E+00,-6.328E-04,2.740E+00,2.729E+00,1.365E-01,3.321E+00
33,0.000E+00,2.781E-02,0.000E+00,0.000E+00,2.670E-04,3.678E-04,5.808E-02,1.135E-01,4.070E+00,1.669E+00,-2.276E-01,2.768E+00,2.061E+00,3.142E+00,1.278E-03,2.467E+00,2.486E+00,1.107E-01,3.969E+00,1.658E+00,-2.456E-01,3.551E+00,1.801E+00,3.142E+00,3.240E-03,2.610E+00,2.660E+00,2.361E-01,1.944E+00,1.639E+00,-1.868E-01,2.817E+00,2.007E+00,3.142E+00,-5.713E-04,2.736E+00,2.726E+00,1.363E-01,3.327E+00
34,0.000E+00,2.862E-02,0.000E+00,0.000E+00,3.111E-04,4.138E-04,5.985E-02,1.169E-01,4.195E+00,1.669E+00,-2.331E-01,2.826E+00,2.052E+00,3.142E+00,1.151E-03,2.474E+00,2.491E+00,1.107E-01,3.970E+00,1.660E+00,-2.451E-01,3.534E+00,1.797E+00,3.142E+00,2.727E-03,2.634E+00,2.675E+00,2.355E-01,1.949E+00,1.637E+00,-1.860E-01,2.809E+00,2.023E+00,3.142E+00,-5.098E-04,2.733E+00,2.724E+00,1.361E-01,3.332E+00
35,0.000E+00,2.942E-02,0.000E+00,0.000E+00,3.552E-04,4.599E-04,6.163E-02,1.204E-01,4.320E+00,1.669E+00,-2.385E-01,2.884E+00,2.044E+00,3.142E+00,1.024E-03,2.481E+00,2.496E+00,1.107E-01,3.971E+00,1.662E+00,-2.447E-01,3.517E+00,1.792E+00,3.142E+00,2.215E-03,2.658E+00,2.691E+00,2.349E-01,1.954E+00,1.634E+00,-1.852E-01,2.802E+00,2.039E+00,3.142E+00,-4.483E-04,2.729E+00,2.721E+00,1.358E-01,3.337E+00
36,0.000E+00,3.023E-02,0.000E+00,0.000E+00,3.993E-04,5.059E-04,6.341E-02,1.238E-01,4.444E+00,1.669E+00,-2.439E-01,2.943E+00,2.035E+00,3.142E+00,8.966E-04,2.488E+00,2.501E+00,1.107E-01,3.972E+00,1.664E+00,-2.442E-01,3.499E+00,1.788E+00,3.142E+00,1.703E-03,2.682E+00,2.706E+00,2.343E-01,1.959E+00,1.632E+00,-1.843E-01,2.795E+00,2.055E+00,3.142E+00,-3.868E-04,2.726E+00,2.719E+00,1.356E-01,3.342E+00
37,0.000E+00,3.103E-02,0.000E+00,0.000E+00,4.434E-04,5.520E-04,6.518E-02,1.273E-01,4.569E+00,1.669E+00,-2.493E-01,3.001E+00,2.026E+00,3.142E+00,7.693E-04,2.495E+00,2.506E+00,1.106E-01,3.973E+00,1.665E+00,-2.437E-01,3.482E+00,1.783E+00,3.142E+00,1.191E-03,2.706E+00,2.721E+00,2.337E-01,1.964E+00,1.629E+00,-1.835E-01,2.788E+00,2.070E+00,3.142E+00,-3.254E-04,2.722E+00,2.717E+00,1.354E-01,3.347E+00
38,0.000E+00,3.184E-02,0.000E+00,0.000E+00,4.875E-04,5.980E-04,6.696E-02,1.307E-01,4.693E+00,1.669E+00,-2.548E-01,3.059E+00,2.017E+00,3.142E+00,6.421E-04,2.502E+00,2.511E+00,1.106E-01,3.974E+00,1.667E+00,-2.432E-01,3.465E+00,1.778E+00,3.142E+00,6.782E-04,2.730E+00,2.737E+00,2.331E-01,1.968E+00,1.627E+00,-1.827E-01,2.780E+00,2.086E+00,3.142E+00,-2.639E-04,2.719E+00,2.714E+00,1.352E-01,3.352E+00
39,0.000E+00,3.264E-02,0.000E+00,0.000E+00,5.315E-04,6.440E-04,6.873E-02,1.342E-01,4.818E+00,1.669E+00,-2.602E-01,3.117E+00,2.008E+00,3.142E+00,5.149E-04,2.508E+00,2.516E+00,1.106E-01,3.974E+00,1.669E+00,-2.427E-01,3.448E+00,1.774E+00,3.142E+00,1.660E-04,2.754E+00,2.752E+00,2.325E-01,1.973E+00,1.624E+00,-1.818E-01,2.773E+00,2.102E+00,3.142E+00,-2.024E-04,2.715E+00,2.712E+00,1.350E-01,3.357E+00
40,0.000E+00,3.345E-02,0.000E+00,0.000E+00,5.756E-04,6.901E-04,7.051E-02,1.376E-01,4.942E+00,1.670E+00,-2.656E-01,3.176E+00,1.999E+00,3.142E+00,3.876E-04,2.515E+00,2.521E+00,1.106E-01,3.975E+00,1.671E+00,-2.422E-01,3.431E+00,1.769E+00,3.142E+00,-3.463E-04,2.778E+00,2.768E+00,2.319E-01,1.978E+00,1.622E+00,-1.810E-01,2.766E+00,2.117E+00,3.142E+00,-1.409E-04,2.712E+00,2.709E+00,1.348E-01,3.362E+00
41,0.000E+00,3.426E-02,0.000E+00,0.000E+00,6.197E-04,7.361E-04,7.229E-02,1.411E-01,5.067E+00,1.670E+00,-2.711E-01,3.234E+00,1.991E+00,3.142E+00,2.604E-04,2.522E+00,2.526E+00,1.105E-01,3.976E+00,1.673E+00,-2.417E-01,3.413E+00,1.765E+00,3.142E+00,-8.586E-04,2.802E+00,2.783E+00,2.312E-01,1.983E+00,1.619E+00,-1.802E-01,2.759E+00,2.133E+00,3.142E+00,-7.938E-05,2.709E+00,2.707E+00,1.345E-01,3.367E+00
42,0.000E+00,3.506E-02,0.000E+00,0.000E+00,6.638E-04,7.822E-04,7.406E-02,1.445E-01,5.191E+00,1.671E+00,-2.765E-01,3.292E+00,1.982E+00,3.142E+00,1.331E-04,2.529E+00,2.531E+00,1.105E-01,3.977E+00,1.675E+00,-2.412E-01,3.396E+00,1.760E+00,3.142E+00,-1.371E-03,2.826E+00,2.798E+00,2.306E-01,1.988E+00,1.617E+00,-1.793E-01,2.751E+00,2.149E+00,3.142E+00,-1.789E-05,2.705E+00,2.705E+00,1.343E-01,3.372E+00
43,0.000E+00,3.587E-02,0.000E+00,0.000E+00,7.079E-04,8.282E-04,7.584E-02,1.480E-01,5.316E+00,1.671E+00,-2.819E-01,3.351E+00,1.973E+00,3.142E+00,5.882E-06,2.536E+00,2.536E+00,1.105E-01,3.978E+00,1.677E+00,-2.407E-01,3.379E+00,1.756E+00,3.142E+00,-1.883E-03,2.850E+00,2.814E+00,2.300E-01,1.993E+00,1.615E+00,-1.785E-01,2.744E+00,2.165E+00,3.142E+00,4.360E-05,2.702E+00,2.702E+00,1.341E-01,3.377E+00
44,0.000E+00,3.667E-02,0.000E+00,0.000E+00,7.520E-04,8.743E-04,7.761E-02,1.514E-01,5.440E+00,1.672E+00,-2.873E-01,3.409E+00,1.964E+00,3.142E+00,-1.214E-04,2.543E+00,2.541E+00,1.105E-01,3.979E+00,1.679E+00,-2.403E-01,3.362E+00,1.751E+00,3.142E+00,-2.395E-03,2.874E+00,2.829E+00,2.294E-01,1.998E+00,1.612E+00,-1.777E-01,2.737E+00,2.180E+00,3.142E+00,1.051E-04,2.698E+00,2.700E+00,1.339E-01,3.382E+00
45,0.000E+00,3.748E-02,0.000E+00,0.000E+00,7.961E-04,9.203E-04,7.939E-02,1.549E-01,5.565E+00,1.673E+00,-2.928E-01,3.467E+00,1.955E+00,3.142E+00,-2.486E-04,2.550E+00,2.546E+00,1.104E-01,3.980E+00,1.681E+00,-2.398E-01,3.345E+00,1.746E+00,3.142E+00,-2.908E-03,2.898E+00,2.845E+00,2.288E-01,2.003E+00,1.610E+00,-1.768E-01,2.730E+00,2.196E+00,3.142E+00,1.666E-04,2.695E+00,2.698E+00,1.337E-01,3.387E+00
46,0.000E+00,3.925E-02,0.000E+00,0.000E+00,8.293E-04,9.887E-04,8.308E-02,1.622E-01,5.826E+00,1.674E+00,-3.020E-01,3.598E+00,1.933E+00,3.142E+00,-8.627E-04,2.589E+00,2.575E+00,1.096E-01,4.007E+00,1.666E+00,-2.349E-01,3.334E+00,1.810E+00,3.142E+00,-2.722E-03,2.856E+00,2.807E+00,2.324E-01,1.974E+00,1.611E+00,-1.790E-01,2.735E+00,2.196E+00,3.142E+00,7.155E-04,2.697E+00,2.710E+00,1.340E-01,3.379E+00
47,0.000E+00,4.102E-02,0.000E+00,0.000E+00,8.625E-04,1.057E-03,8.678E-02,1.694E-01,6.087E+00,1.675E+00,-3.113E-01,3.729E+00,1.910E+00,3.142E+00,-1.477E-03,2.628E+00,2.603E+00,1.089E-01,4.035E+00,1.650E+00,-2.301E-01,3.323E+00,1.874E+00,3.142E+00,-2.536E-03,2.815E+00,2.770E+00,2.360E-01,1.945E+00,1.612E+00,-1.812E-01,2.741E+00,2.196E+00,3.142E+00,1.264E-03,2.700E+00,2.722E+00,1.344E-01,3.371E+00
48,0.000E+00,4.278E-02,0.000E+00,0.000E+00,8.957E-04,1.125E-03,9.047E-02,1.767E-01,6.348E+00,1.677E+00,-3.205E-01,3.860E+00,1.888E+00,3.142E+00,-2.091E-03,2.667E+00,2.632E+00,1.081E-01,4.062E+00,1.636E+00,-2.253E-01,3.312E+00,1.937E+00,3.142E+00,-2.351E-03,2.773E+00,2.732E+00,2.397E-01,1.917E+00,1.614E+00,-1.834E-01,2.747E+00,2.196E+00,3.142E+00,1.813E-03,2.703E+00,2.734E+00,1.347E-01,3.362E+00
49,0.000E+00,4.367E-02,0.000E+00,0.000E+00,9.123E-04,1.160E-03,9.232E-02,1.804E-01,6.479E+00,1.678E+00,-3.251E-01,3.926E+00,1.877E+00,3.142E+00,-2.398E-03,2.687E+00,2.646E+00,1.077E-01,4.076E+00,1.628E+00,-2.229E-01,3.307E+00,1.969E+00,3.142E+00,-2.258E-03,2.752E+00,2.713E+00,2.415E-01,1.903E+00,1.614E+00,-1.845E-01,2.750E+00,2.197E+00,3.142E+00,2.088E-03,2.704E+00,2.740E+00,1.349E-01,3.358E+00
50,0.000E+00,4.455E-02,0.000E+00,0.000E+00,9.289E-04,1.194E-03,9.416E-02,1.840E-01,6.609E+00,1.679E+00,-3.297E-01,3.991E+00,1.865E+00,3.142E+00,-2.705E-03,2.706E+00,2.660E+00,1.073E-01,4.090E+00,1.621E+00,-2.204E-01,3.301E+00,2.001E+00,3.142E+00,-2.165E-03,2.731E+00,2.694E+00,2.433E-01,1.888E+00,1.615E+00,-1.856E-01,2.753E+00,2.197E+00,3.142E+00,2.362E-03,2.706E+00,2.746E+00,1.351E-01,3.354E+00
51,0.000E+00,4.706E-02,0.000E+00,0.000E+00,1.164E-03,1.437E-03,9.988E-02,1.950E-01,7.009E+00,1.645E+00,-3.572E-01,5.077E+00,1.811E+00,3.142E+00,-2.252E-03,2.688E+00,2.650E+00,1.075E-01,4.082E+00,1.623E+00,-2.331E-01,3.541E+00,1.935E+00,3.142E+00,-1.854E-03,2.718E+00,2.687E+00,2.436E-01,1.886E+00,1.607E+00,-1.984E-01,2.976E+00,2.162E+00,3.142E+00,2.026E-03,2.718E+00,2.753E+00,1.345E-01,3.368E+00
52,0.000E+00,4.956E-02,0.000E+00,0.000E+00,1.399E-03,1.681E-03,1.056E-01,2.059E-01,7.409E+00,1.627E+00,-3.847E-01,6.163E+00,1.756E+00,3.142E+00,-1.799E-03,2.670E+00,2.640E+00,1.077E-01,4.075E+00,1.627E+00,-2.458E-01,3.780E+00,1.868E+00,3.142E+00,-1.544E-03,2.706E+00,2.679E+00,2.440E-01,1.883E+00,1.602E+00,-2.112E-01,3.200E+00,2.127E+00,3.142E+00,1.690E-03,2.731E+00,2.760E+00,1.339E-01,3.383E+00
53,0.000E+00,5.206E-02,0.000E+00,0.000E+00,1.633E-03,1.924E-03,1.113E-01,2.169E-01,7.809E+00,1.619E+00,-4.122E-01,7.248E+00,1.701E+00,3.142E+00,-1.347E-03,2.652E+00,2.629E+00,1.079E-01,4.068E+00,1.633E+00,-2.585E-01,4.019E+00,1.802E+00,3.142E+00,-1.234E-03,2.693E+00,2.671E+00,2.444E-01,1.880E+00,1.598E+00,-2.240E-01,3.423E+00,2.092E+00,3.142E+00,1.354E-03,2.744E+00,2.767E+00,1.333E-01,3.397E+00
54,0.000E+00,5.331E-02,0.000E+00,0.000E+00,1.751E-03,2.046E-03,1.142E-01,2.224E-01,8.009E+00,1.618E+00,-4.260E-01,7.791E+00,1.674E+00,3.142E+00,-1.120E-03,2.643E+00,2.624E+00,1.080E-01,4.064E+00,1.636E+00,-2.649E-01,4.139E+00,1.769E+00,3.142E+00,-1.079E-03,2.686E+00,2.668E+00,2.446E-01,1.879E+00,1.597E+00,-2.304E-01,3.535E+00,2.074E+00,3.142E+00,1.186E-03,2.751E+00,2.771E+00,1.330E-01,3.404E+00
55,0.000E+00,5.456E-02,0.000E+00,0.000E+00,1.868E-03,2.168E-03,1.170E-01,2.279E-01,8.209E+00,1.618E+00,-4.397E-01,8.334E+00,1.647E+00,3.142E+00,-8.937E-04,2.634E+00,2.619E+00,1.081E-01,4.061E+00,1.640E+00,-2.712E-01,4.259E+00,1.736E+00,3.142E+00,-9.234E-04,2.680E+00,2.664E+00,2.447E-01,1.878E+00,1.596E+00,-2.368E-01,3.646E+00,2.057E+00,3.142E+00,1.018E-03,2.757E+00,2.774E+00,1.327E-01,3.412E+00
56,0.000E+00,5.707E-02,0.000E+00,0.000E+00,2.103E-03,2.412E-03,1.227E-01,2.388E-01,8.609E+00,1.624E+00,-4.672E-01,9.420E+00,1.592E+00,3.142E+00,-4.409E-04,2.616E+00,2.608E+00,1.083E-01,4.053E+00,1.650E+00,-2.839E-01,4.498E+00,1.670E+00,3.142E+00,-6.130E-04,2.667E+00,2.656E+00,2.451E-01,1.875E+00,1.595E+00,-2.496E-01,3.870E+00,2.022E+00,3.142E+00,6.819E-04,2.770E+00,2.781E+00,1.321E-01,3.426E+00
57,0.000E+00,5.957E-02,0.000E+00,0.000E+00,2.338E-03,2.655E-03,1.284E-01,2.498E-01,9.009E+00,1.634E+00,-4.947E-01,1.051E+01,1.537E+00,3.142E+00,1.184E-05,2.598E+00,2.598E+00,1.085E-01,4.046E+00,1.661E+00,-2.966E-01,4.738E+00,1.604E+00,3.142E+00,-3.027E-04,2.654E+00,2.648E+00,2.455E-01,1.872E+00,1.596E+00,-2.625E-01,4.093E+00,1.987E+00,3.142E+00,3.458E-04,2.783E+00,2.788E+00,1.315E-01,3.440E+00
58,0.000E+00,6.207E-02,0.000E+00,0.000E+00,2.573E-03,2.899E-03,1.342E-01,2.607E-01,9.409E+00,1.648E+00,-5.222E-01,1.159E+01,1.483E+00,3.142E+00,4.646E-04,2.580E+00,2.588E+00,1.087E-01,4.039E+00,1.673E+00,-3.093E-01,4.977E+00,1.538E+00,3.142E+00,7.703E-06,2.641E+00,2.641E+00,2.458E-01,1.869E+00,1.598E+00,-2.753E-01,4.317E+00,1.952E+00,3.142E+00,9.773E-06,2.796E+00,2.796E+00,1.310E-01,3.455E+00
59,0.000E+00,6.332E-02,0.000E+00,0.000E+00,2.690E-03,3.020E-03,1.370E-01,2.662E-01,9.609E+00,1.656E+00,-5.360E-01,1.213E+01,1.456E+00,3.142E+00,6.910E-04,2.571E+00,2.582E+00,1.088E-01,4.035E+00,1.680E+00,-3.156E-01,5.097E+00,1.505E+00,3.142E+00,1.629E-04,2.634E+00,2.637E+00,2.460E-01,1.868E+00,1.599E+00,-2.817E-01,4.428E+00,1.934E+00,3.142E+00,-1.582E-04,2.802E+00,2.799E+00,1.307E-01,3.462E+00
60,0.000E+00,6.457E-02,0.000E+00,0.000E+00,2.808E-03,3.142E-03,1.399E-01,2.717E-01,9.809E+00,1.665E+00,-5.497E-01,1.268E+01,1.428E+00,3.142E+00,9.174E-04,2.563E+00,2.577E+00,1.089E-01,4.032E+00,1.688E+00,-3.220E-01,5.216E+00,1.472E+00,3.142E+00,3.181E-04,2.628E+00,2.633E+00,2.462E-01,1.867E+00,1.600E+00,-2.881E-01,4.540E+00,1.917E+00,3.142E+00,-3.263E-04,2.808E+00,2.803E+00,1.304E-01,3.469E+00
61,0.000E+00,6.854E-02,0.000E+00,0.000E+00,3.186E-03,3.487E-03,1.487E-01,2.888E-01,1.043E+01,1.647E+00,-5.354E-01,1.215E+01,1.484E+00,3.142E+00,2.249E-03,2.516E+00,2.550E+00,1.078E-01,4.071E+00,1.666E+00,-3.294E-01,5.594E+00,1.509E+00,3.142E+00,2.498E-04,2.666E+00,2.670E+00,2.457E-01,1.870E+00,1.593E+00,-3.068E-01,5.109E+00,1.865E+00,3.142E+00,-5.328E-04,2.799E+00,2.790E+00,1.307E-01,3.461E+00
62,0.000E+00,7.250E-02,0.000E+00,0.000E+00,3.563E-03,3.832E-03,1.576E-01,3.059E-01,1.106E+01,1.631E+00,-5.210E-01,1.163E+01,1.539E+00,3.142E+00,3.581E-03,2.470E+00,2.523E+00,1.067E-01,4.111E+00,1.645E+00,-3.368E-01,5.971E+00,1.545E+00,3.142E+00,1.816E-04,2.704E+00,2.707E+00,2.453E-01,1.874E+00,1.589E+00,-3.255E-01,5.678E+00,1.814E+00,3.142E+00,-7.393E-04,2.790E+00,2.777E+00,1.310E-01,3.452E+00
63,0.000E+00,7.647E-02,0.000E+00,0.000E+00,3.941E-03,4.178E-03,1.664E-01,3.230E-01,1.168E+01,1.616E+00,-5.067E-01,1.110E+01,1.594E+00,3.142E+00,4.913E-03,2.423E+00,2.496E+00,1.056E-01,4.151E+00,1.627E+00,-3.443E-01,6.349E+00,1.582E+00,3.142E+00,1.133E-04,2.742E+00,2.744E+00,2.448E-01,1.877E+00,1.590E+00,-3.442E-01,6.247E+00,1.763E+00,3.142E+00,-9.459E-04,2.780E+00,2.764E+00,1.314E-01,3.444E+00
64,0.000E+00,7.845E-02,0.000E+00,0.000E+00,4.130E-03,4.350E-03,1.708E-01,3.315E-01,1.199E+01,1.609E+00,-4.995E-01,1.084E+01,1.622E+00,3.142E+00,5.579E-03,2.400E+00,2.483E+00,1.051E-01,4.171E+00,1.618E+00,-3.480E-01,6.537E+00,1.601E+00,3.142E+00,7.923E-05,2.761E+00,2.763E+00,2.445E-01,1.879E+00,1.591E+00,-3.536E-01,6.532E+00,1.738E+00,3.142E+00,-1.049E-03,2.776E+00,2.757E+00,1.315E-01,3.440E+00
65,0.000E+00,8.043E-02,0.000E+00,0.000E+00,4.319E-03,4.523E-03,1.752E-01,3.401E-01,1.230E+01,1.602E+00,-4.924E-01,1.057E+01,1.650E+00,3.142E+00,6.245E-03,2.377E+00,2.469E+00,1.045E-01,4.191E+00,1.609E+00,-3.517E-01,6.726E+00,1.619E+00,3.142E+00,4.511E-05,2.780E+00,2.781E+00,2.443E-01,1.881E+00,1.593E+00,-3.629E-01,6.816E+00,1.712E+00,3.142E+00,-1.152E-03,2.771E+00,2.751E+00,1.317E-01,3.436E+00
66,0.000E+00,8.530E-02,0.000E+00,0.000E+00,5.258E-03,5.413E-03,1.874E-01,3.630E-01,1.315E+01,1.576E+00,-4.755E-01,1.014E+01,1.743E+00,3.142E+00,5.733E-03,2.404E+00,2.490E+00,1.045E-01,4.190E+00,1.605E+00,-3.497E-01,6.780E+00,1.621E+00,3.142E+00,3.391E-03,2.679E+00,2.731E+00,2.414E-01,1.903E+00,1.583E+00,-3.610E-01,6.885E+00,1.741E+00,3.142E+00,-1.044E-03,2.762E+00,2.744E+00,1.318E-01,3.433E+00
67,0.000E+00,9.016E-02,0.000E+00,0.000E+00,6.197E-03,6.304E-03,1.996E-01,3.859E-01,1.400E+01,1.553E+00,-4.587E-01,9.713E+00,1.837E+00,3.142E+00,5.221E-03,2.432E+00,2.512E+00,1.046E-01,4.188E+00,1.601E+00,-3.477E-01,6.834E+00,1.623E+00,3.142E+00,6.737E-03,2.577E+00,2.680E+00,2.385E-01,1.926E+00,1.572E+00,-3.591E-01,6.954E+00,1.771E+00,3.142E+00,-9.353E-04,2.753E+00,2.737E+00,1.319E-01,3.430E+00
68,0.000E+00,9.502E-02,0.000E+00,0.000E+00,7.136E-03,7.195E-03,2.117E-01,4.089E-01,1.485E+01,1.532E+00,-4.418E-01,9.282E+00,1.930E+00,3.142E+00,4.709E-03,2.460E+00,2.533E+00,1.046E-01,4.187E+00,1.597E+00,-3.457E-01,6.888E+00,1.625E+00,3.142E+00,1.008E-02,2.475E+00,2.630E+00,2.356E-01,1.948E+00,1.562E+00,-3.571E-01,7.023E+00,1.800E+00,3.142E+00,-8.268E-04,2.744E+00,2.730E+00,1.321E-01,3.427E+00
69,0.000E+00,9.745E-02,0.000E+00,0.000E+00,7.605E-03,7.640E-03,2.178E-01,4.203E-01,1.528E+01,1.522E+00,-4.334E-01,9.066E+00,1.977E+00,3.142E+00,4.453E-03,2.474E+00,2.543E+00,1.046E-01,4.186E+00,1.595E+00,-3.448E-01,6.915E+00,1.626E+00,3.142E+00,1.176E-02,2.424E+00,2.605E+00,2.341E-01,1.960E+00,1.557E+00,-3.561E-01,7.057E+00,1.815E+00,3.142E+00,-7.725E-04,2.740E+00,2.726E+00,1.321E-01,3.426E+00
70,0.000E+00,9.989E-02,0.000E+00,0.000E+00,8.075E-03,8.085E-03,2.239E-01,4.318E-01,1.570E+01,1.512E+00,-4.250E-01,8.851E+00,2.024E+00,3.142E+00,4.197E-03,2.488E+00,2.554E+00,1.047E-01,4.186E+00,1.593E+00,-3.438E-01,6.942E+00,1.628E+00,3.142E+00,1.343E-02,2.373E+00,2.579E+00,2.326E-01,1.971E+00,1.552E+00,-3.552E-01,7.092E+00,1.830E+00,3.142E+00,-7.182E-04,2.735E+00,2.723E+00,1.322E-01,3.424E+00
71,0.000E+00,1.044E-01,0.000E+00,3.906E-07,9.287E-03,9.037E-03,2.357E-01,4.541E-01,1.653E+01,1.497E+00,-4.216E-01,9.256E+00,2.038E+00,3.142E+00,3.557E-03,2.480E+00,2.535E+00,1.045E-01,4.193E+00,1.534E+00,-3.456E-01,7.668E+00,1.787E+00,3.142E+00,6.309E-03,2.571E+00,2.667E+00,2.326E-01,1.971E+00,1.532E+00,-3.387E-01,6.854E+00,1.907E+00,3.142E+00,2.465E-04,2.718E+00,2.722E+00,1.329E-01,3.408E+00
72,0.000E+00,1.089E-01,0.000E+00,7.812E-07,1.050E-02,9.988E-03,2.475E-01,4.765E-01,1.736E+01,1.481E+00,-4.182E-01,9.662E+00,2.052E+00,3.142E+00,2.918E-03,2.471E+00,2.516E+00,1.043E-01,4.200E+00,1.481E+00,-3.475E-01,8.395E+00,1.947E+00,3.142E+00,-8.123E-04,2.770E+00,2.755E+00,2.326E-01,1.971E+00,1.514E+00,-3.222E-01,6.616E+00,1.984E+00,3.142E+00,1.211E-03,2.700E+00,2.721E+00,1.335E-01,3.391E+00
73,0.000E+00,1.129E-01,0.000E+00,3.906E-07,1.301E-02,1.217E-02,2.609E-01,5.007E-01,1.831E+01,1.472E+00,-4.142E-01,9.376E+00,2.123E+00,3.142E+00,4.289E-03,2.406E+00,2.469E+00,1.053E-01,4.162E+00,1.488E+00,-3.489E-01,8.224E+00,1.944E+00,3.142E+00,-1.663E-04,2.757E+00,2.754E+00,2.276E-01,2.014E+00,1.516E+00,-3.234E-01,6.695E+00,1.961E+00,3.142E+00,-3.154E-04,2.737E+00,2.731E+00,1.316E-01,3.439E+00
74,0.000E+00,1.169E-01,0.000E+00,0.000E+00,1.553E-02,1.435E-02,2.744E-01,5.249E-01,1.925E+01,1.464E+00,-4.103E-01,9.091E+00,2.195E+00,3.142E+00,5.659E-03,2.340E+00,2.422E+00,1.063E-01,4.125E+00,1.495E+00,-3.502E-01,8.052E+00,1.941E+00,3.142E+00,4.797E-04,2.744E+00,2.752E+00,2.225E-01,2.057E+00,1.518E+00,-3.247E-01,6.775E+00,1.938E+00,3.142E+00,-1.842E-03,2.774E+00,2.742E+00,1.297E-01,3.487E+00
75,0.000E+00,1.223E-01,0.000E+00,3.906E-07,1.695E-02,1.569E-02,2.884E-01,5.510E-01,2.023E+01,1.445E+00,-3.886E-01,8.280E+00,2.352E+00,3.142E+00,2.897E-03,2.440E+00,2.482E+00,1.076E-01,4.078E+00,1.463E+00,-3.166E-01,7.113E+00,2.143E+00,3.142E+00,2.928E-03,2.602E+00,2.648E+00,2.279E-01,2.011E+00,1.484E+00,-3.141E-01,6.585E+00,2.123E+00,3.142E+00,4.960E-04,2.683E+00,2.690E+00,1.297E-01,3.487E+00
76,0.000E+00,1.276E-01,0.000E+00,7.812E-07,1.838E-02,1.703E-02,3.024E-01,5.771E-01,2.121E+01,1.432E+00,-3.670E-01,7.469E+00,2.508E+00,3.142E+00,1.339E-04,2.539E+00,2.541E+00,1.089E-01,4.032E+00,1.442E+00,-2.829E-01,6.174E+00,2.344E+00,3.142E+00,5.376E-03,2.461E+00,2.544E+00,2.333E-01,1.965E+00,1.454E+00,-3.035E-01,6.396E+00,2.308E+00,3.142E+00,2.834E-03,2.591E+00,2.638E+00,1.297E-01,3.487E+00
77,0.000E+00,1.301E-01,0.000E+00,7.812E-07,2.276E-02,2.075E-02,3.168E-01,6.017E-01,2.222E+01,1.403E+00,-3.628E-01,7.777E+00,2.619E+00,3.142E+00,1.922E-03,2.430E+00,2.458E+00,1.069E-01,4.103E+00,1.416E+00,-2.769E-01,6.350E+00,2.440E+00,3.142E+00,3.909E-03,2.513E+00,2.574E+00,2.290E-01,2.002E+00,1.434E+00,-2.983E-01,6.503E+00,2.386E+00,3.142E+00,-4.384E-04,2.677E+00,2.668E+00,1.266E-01,3.569E+00
78,0.000E+00,1.325E-01,0.000E+00,7.812E-07,2.713E-02,2.447E-02,3.312E-01,6.262E-01,2.323E+01,1.376E+00,-3.585E-01,8.085E+00,2.731E+00,3.142E+00,3.710E-03,2.322E+00,2.374E+00,1.049E-01,4.175E+00,1.391E+00,-2.709E-01,6.526E+00,2.537E+00,3.142E+00,2.441E-03,2.565E+00,2.604E+00,2.247E-01,2.038E+00,1.415E+00,-2.931E-01,6.610E+00,2.464E+00,3.142E+00,-3.711E-03,2.763E+00,2.699E+00,1.236E-01,3.650E+00
79,0.000E+00,1.324E-01,0.000E+00,3.906E-07,3.312E-02,2.947E-02,3.433E-01,6.451E-01,2.408E+01,1.347E+00,-3.416E-01,7.539E+00,3.011E+00,3.142E+00,5.616E-03,2.275E+00,2.353E+00,1.031E-01,4.246E+00,1.365E+00,-2.631E-01,6.498E+00,2.704E+00,3.142E+00,-8.746E-05,2.658E+00,2.655E+00,2.238E-01,2.045E+00,1.393E+00,-2.850E-01,6.441E+00,2.625E+00,3.142E+00,-1.646E-03,2.667E+00,2.639E+00,1.241E-01,3.635E+00
80,0.000E+00,1.323E-01,0.000E+00,0.000E+00,3.911E-02,3.446E-02,3.553E-01,6.639E-01,2.493E+01,1.325E+00,-3.247E-01,6.994E+00,3.292E+00,3.142E+00,7.523E-03,2.228E+00,2.332E+00,1.012E-01,4.317E+00,1.340E+00,-2.554E-01,6.469E+00,2.872E+00,3.142E+00,-2.616E-03,2.751E+00,2.706E+00,2.230E-01,2.053E+00,1.374E+00,-2.769E-01,6.272E+00,2.786E+00,3.142E+00,4.194E-04,2.572E+00,2.579E+00,1.247E-01,3.620E+00
81,0.000E+00,1.288E-01,0.000E+00,0.000E+00,4.476E-02,3.894E-02,3.598E-01,6.680E-01,2.524E+01,1.301E+00,-3.127E-01,6.898E+00,3.491E+00,3.142E+00,1.582E-02,2.030E+00,2.223E+00,9.988E-02,4.373E+00,1.310E+00,-2.426E-01,6.330E+00,3.121E+00,3.142E+00,-4.515E-04,2.590E+00,2.580E+00,2.207E-01,2.073E+00,1.348E+00,-2.589E-01,5.915E+00,3.030E+00,3.142E+00,3.475E-03,2.432E+00,2.482E+00,1.245E-01,3.624E+00
82,0.000E+00,1.254E-01,0.000E+00,0.000E+00,5.041E-02,4.342E-02,3.642E-01,6.721E-01,2.555E+01,1.278E+00,-3.007E-01,6.802E+00,3.690E+00,3.142E+00,2.411E-02,1.831E+00,2.114E+00,9.851E-02,4.429E+00,1.282E+00,-2.299E-01,6.191E+00,3.369E+00,3.142E+00,1.713E-03,2.429E+00,2.455E+00,2.184E-01,2.094E+00,1.327E+00,-2.409E-01,5.558E+00,3.274E+00,3.142E+00,6.531E-03,2.292E+00,2.385E+00,1.244E-01,3.627E+00
83,0.000E+00,1.125E-01,0.000E+00,0.000E+00,5.399E-02,4.627E-02,3.449E-01,6.316E-01,2.420E+01,1.197E+00,-2.861E-01,6.967E+00,4.576E+00,3.142E+00,4.961E-02,1.532E+00,2.026E+00,9.734E-02,4.479E+00,1.214E+00,-2.116E-01,6.182E+00,4.049E+00,3.142E+00,7.614E-03,2.230E+00,2.329E+00,2.154E-01,2.122E+00,1.261E+00,-2.278E-01,5.675E+00,3.866E+00,3.142E+00,7.942E-03,2.164E+00,2.269E+00,1.212E-01,3.720E+00
84,0.000E+00,9.963E-02,0.000E+00,0.000E+00,5.757E-02,4.912E-02,3.257E-01,5.911E-01,2.285E+01,1.132E+00,-2.715E-01,7.131E+00,5.462E+00,3.142E+00,7.511E-02,1.232E+00,1.937E+00,9.617E-02,4.530E+00,1.158E+00,-1.932E-01,6.172E+00,4.729E+00,3.142E+00,1.351E-02,2.032E+00,2.203E+00,2.125E-01,2.150E+00,1.205E+00,-2.148E-01,5.792E+00,4.458E+00,3.142E+00,9.354E-03,2.037E+00,2.154E+00,1.180E-01,3.813E+00
85,0.000E+00,7.249E-02,0.000E+00,0.000E+00,4.460E-02,3.811E-02,2.427E-01,4.389E-01,1.703E+01,1.028E+00,-2.558E-01,7.267E+00,7.784E+00,3.142E+00,0.000E+00,0.000E+00,0.000E+00,9.082E-02,4.793E+00,1.101E+00,-1.966E-01,6.419E+00,5.695E+00,3.142E+00,5.126E-02,1.536E+00,1.988E+00,1.951E-01,2.349E+00,1.150E+00,-2.117E-01,5.972E+00,5.260E+00,3.142E+00,4.918E-02,1.521E+00,1.936E+00,1.152E-01,3.904E+00
86,0.000E+00,4.535E-02,0.000E+00,0.000E+00,3.163E-02,2.711E-02,1.596E-01,2.867E-01,1.120E+01,9.569E-01,-2.402E-01,7.403E+00,1.011E+01,3.142E+00,0.000E+00,0.000E+00,0.000E+00,8.546E-02,5.056E+00,1.055E+00,-2.000E-01,6.666E+00,6.660E+00,3.142E+00,8.901E-02,1.040E+00,1.773E+00,1.777E-01,2.549E+00,1.103E+00,-2.086E-01,6.153E+00,6.063E+00,3.142E+00,8.901E-02,1.005E+00,1.718E+00,1.124E-01,3.995E+00
87,0.000E+00,2.271E-02,0.000E+00,0.000E+00,1.587E-02,1.359E-02,7.994E-02,1.436E-01,5.609E+00,1.227E+00,-1.201E-01,3.702E+00,5.053E+00,1.571E+00,0.000E+00,0.000E+00,0.000E+00,4.273E-02,2.528E+00,1.356E+00,-1.000E-01,3.333E+00,3.330E+00,1.571E+00,4.451E-02,5.198E-01,8.865E-01,8.886E-02,1.274E+00,1.411E+00,-1.043E-01,3.076E+00,3.032E+00,1.571E+00,4.451E-02,5.025E-01,8.588E-01,5.619E-02,1.997E+00
88,0.000E+00,6.406E-05,0.000E+00,0.000E+00,9.688E-05,8.125E-05,2.258E-04,4.375E-04,1.830E-02,3.142E+00,0.000E+00,0.000E+00,0.000E+00,0.000E+00,0.000E+00,0.000E+00,0.000E+00,0.000E+00,0.000E+00,3.142E+00,0.000E+00,0.000E+00,0.000E+00,0.000E+00,0.000E+00,0.000E+00,0.000E+00,0.000E+00,0.000E+00,3.142E+00,0.000E+00,0.000E+00,0.000E+00,0.000E+00,0.000E+00,0.000E+00,0.000E+00,0.000E+00,0.000E+00
89,0.000E+00,0.000E+00,0.000E+00,0.000E+00,0.000E+00,0.000E+00,0.000E+00,0.000E+00,0.000E+00,3.142E+00,0.000E+00,0.000E+00,0.000E+00,0.000E+00,0.000E+00,0.000E+00,0.000E+00,0.000E+00,0.000E+00,3.142E+00,0.000E+00,0.000E+00,0.000E+00,0.000E+00,0.000E+00,0.000E+00,0.000E+00,0.000E+00,0.000E+00,3.142E+00,0.000E+00,0.000E+00,0.000E+00,0.000E+00,0.000E+00,0.000E+00,0.000E+00,0.000E+00,0.000E+00
