alpha,He,Fe,S,Fe_1,S_1,amu/ion,phiK_Fe,phiTilt_Fe,phiM_Fe,phiN_Fe,thetaK_Fe,thetaTilt_Fe,thetaM_Fe,thetaN_Fe,energyK_Fe,energyE_Fe,phiK_S,phiTilt_S,phiM_S,phiN_S,thetaK_S,thetaTilt_S,thetaM_S,thetaN_S,energyK_S,energyE_S
0,0.000E+00,7.109E-02,7.066E-02,7.812E-07,0.000E+00,6.236E+00,1.807E+00,-9.357E-03,1.365E+00,1.411E+00,1.797E+00,-3.274E-04,2.279E+00,2.274E+00,1.157E-01,3.657E+00,1.753E+00,-3.949E-02,1.816E+00,1.403E+00,1.713E+00,-3.251E-03,2.510E+00,2.460E+00,1.977E-01,2.280E+00
1,0.000E+00,7.141E-02,7.106E-02,6.836E-07,0.000E+00,6.267E+00,1.810E+00,-1.336E-02,1.365E+00,1.419E+00,1.795E+00,-2.278E-04,2.278E+00,2.275E+00,1.154E-01,3.666E+00,1.747E+00,-4.018E-02,1.796E+00,1.447E+00,1.708E+00,-3.130E-03,2.507E+00,2.459E+00,1.977E-01,2.281E+00
2,0.000E+00,7.173E-02,7.147E-02,5.859E-07,0.000E+00,6.297E+00,1.813E+00,-1.736E-02,1.366E+00,1.426E+00,1.793E+00,-1.282E-04,2.278E+00,2.276E+00,1.151E-01,3.675E+00,1.741E+00,-4.087E-02,1.776E+00,1.492E+00,1.703E+00,-3.009E-03,2.504E+00,2.458E+00,1.976E-01,2.281E+00
3,0.000E+00,7.205E-02,7.188E-02,4.883E-07,0.000E+00,6.328E+00,1.815E+00,-2.137E-02,1.367E+00,1.433E+00,1.791E+00,-2.866E-05,2.277E+00,2.277E+00,1.148E-01,3.683E+00,1.736E+00,-4.156E-02,1.756E+00,1.537E+00,1.697E+00,-2.888E-03,2.501E+00,2.457E+00,1.976E-01,2.281E+00
4,0.000E+00,7.221E-02,7.208E-02,4.395E-07,0.000E+00,6.344E+00,1.817E+00,-2.337E-02,1.368E+00,1.437E+00,1.791E+00,2.112E-05,2.277E+00,2.277E+00,1.146E-01,3.688E+00,1.734E+00,-4.191E-02,1.746E+00,1.559E+00,1.694E+00,-2.828E-03,2.499E+00,2.456E+00,1.976E-01,2.281E+00
5,0.000E+00,7.236E-02,7.229E-02,3.906E-07,0.000E+00,6.359E+00,1.818E+00,-2.537E-02,1.368E+00,1.440E+00,1.790E+00,7.091E-05,2.276E+00,2.277E+00,1.145E-01,3.692E+00,1.731E+00,-4.225E-02,1.736E+00,1.581E+00,1.692E+00,-2.768E-03,2.498E+00,2.455E+00,1.976E-01,2.281E+00
6,0.000E+00,7.268E-02,7.270E-02,2.930E-07,0.000E+00,6.390E+00,1.821E+00,-2.937E-02,1.369E+00,1.448E+00,1.788E+00,1.705E-04,2.276E+00,2.278E+00,1.142E-01,3.701E+00,1.727E+00,-4.295E-02,1.716E+00,1.626E+00,1.686E+00,-2.647E-03,2.495E+00,2.454E+00,1.976E-01,2.281E+00
7,0.000E+00,7.300E-02,7.310E-02,1.953E-07,0.000E+00,6.421E+00,1.823E+00,-3.338E-02,1.370E+00,1.455E+00,1.786E+00,2.701E-04,2.275E+00,2.279E+00,1.139E-01,3.710E+00,1.723E+00,-4.364E-02,1.696E+00,1.670E+00,1.681E+00,-2.526E-03,2.492E+00,2.453E+00,1.975E-01,2.282E+00
8,0.000E+00,7.332E-02,7.351E-02,9.766E-08,0.000E+00,6.452E+00,1.826E+00,-3.738E-02,1.371E+00,1.462E+00,1.784E+00,3.696E-04,2.275E+00,2.280E+00,1.136E-01,3.719E+00,1.719E+00,-4.433E-02,1.676E+00,1.715E+00,1.676E+00,-2.405E-03,2.489E+00,2.452E+00,1.975E-01,2.282E+00
9,0.000E+00,7.348E-02,7.372E-02,4.883E-08,0.000E+00,6.467E+00,1.827E+00,-3.938E-02,1.371E+00,1.466E+00,1.783E+00,4.194E-04,2.274E+00,2.280E+00,1.134E-01,3.723E+00,1.717E+00,-4.467E-02,1.666E+00,1.737E+00,1.673E+00,-2.344E-03,2.487E+00,2.452E+00,1.975E-01,2.282E+00
10,0.000E+00,7.364E-02,7.392E-02,0.000E+00,0.000E+00,6.482E+00,1.828E+00,-4.139E-02,1.372E+00,1.469E+00,1.782E+00,4.692E-04,2.274E+00,2.281E+00,1.133E-01,3.728E+00,1.715E+00,-4.502E-02,1.656E+00,1.760E+00,1.670E+00,-2.284E-03,2.486E+00,2.451E+00,1.975E-01,2.282E+00
11,0.000E+00,7.477E-02,7.505E-02,0.000E+00,0.000E+00,6.581E+00,1.820E+00,-6.217E-02,1.510E+00,1.469E+00,1.760E+00,1.553E-04,2.278E+00,2.280E+00,1.131E-01,3.732E+00,1.716E+00,-5.387E-02,1.704E+00,1.756E+00,1.663E+00,-2.419E-03,2.499E+00,2.462E+00,1.973E-01,2.284E+00
12,0.000E+00,7.589E-02,7.617E-02,0.000E+00,0.000E+00,6.681E+00,1.814E+00,-8.295E-02,1.649E+00,1.468E+00,1.738E+00,-1.587E-04,2.282E+00,2.280E+00,1.130E-01,3.736E+00,1.717E+00,-6.273E-02,1.751E+00,1.752E+00,1.656E+00,-2.555E-03,2.512E+00,2.473E+00,1.971E-01,2.286E+00
13,0.000E+00,7.702E-02,7.730E-02,0.000E+00,0.000E+00,6.780E+00,1.809E+00,-1.037E-01,1.787E+00,1.467E+00,1.716E+00,-4.726E-04,2.286E+00,2.279E+00,1.128E-01,3.741E+00,1.718E+00,-7.158E-02,1.798E+00,1.748E+00,1.649E+00,-2.690E-03,2.526E+00,2.484E+00,1.969E-01,2.288E+00
14,0.000E+00,7.759E-02,7.786E-02,0.000E+00,0.000E+00,6.829E+00,1.807E+00,-1.141E-01,1.857E+00,1.466E+00,1.705E+00,-6.296E-04,2.288E+00,2.279E+00,1.128E-01,3.743E+00,1.719E+00,-7.601E-02,1.821E+00,1.746E+00,1.646E+00,-2.758E-03,2.532E+00,2.489E+00,1.968E-01,2.289E+00
15,0.000E+00,7.815E-02,7.842E-02,0.000E+00,0.000E+00,6.879E+00,1.806E+00,-1.245E-01,1.926E+00,1.466E+00,1.694E+00,-7.866E-04,2.290E+00,2.279E+00,1.127E-01,3.745E+00,1.719E+00,-8.044E-02,1.845E+00,1.744E+00,1.642E+00,-2.826E-03,2.539E+00,2.495E+00,1.968E-01,2.291E+00
16,0.000E+00,7.928E-02,7.955E-02,0.000E+00,0.000E+00,6.978E+00,1.804E+00,-1.453E-01,2.065E+00,1.465E+00,1.672E+00,-1.101E-03,2.293E+00,2.278E+00,1.126E-01,3.750E+00,1.721E+00,-8.929E-02,1.892E+00,1.740E+00,1.635E+00,-2.961E-03,2.552E+00,2.506E+00,1.966E-01,2.293E+00
17,0.000E+00,8.041E-02,8.067E-02,0.000E+00,0.000E+00,7.077E+00,1.804E+00,-1.661E-01,2.203E+00,1.464E+00,1.649E+00,-1.414E-03,2.297E+00,2.278E+00,1.124E-01,3.754E+00,1.722E+00,-9.815E-02,1.939E+00,1.736E+00,1.628E+00,-3.096E-03,2.565E+00,2.517E+00,1.964E-01,2.295E+00
18,0.000E+00,8.154E-02,8.180E-02,0.000E+00,0.000E+00,7.176E+00,1.804E+00,-1.869E-01,2.342E+00,1.463E+00,1.627E+00,-1.728E-03,2.301E+00,2.277E+00,1.123E-01,3.758E+00,1.724E+00,-1.070E-01,1.986E+00,1.732E+00,1.621E+00,-3.232E-03,2.579E+00,2.528E+00,1.962E-01,2.297E+00
19,0.000E+00,8.211E-02,8.236E-02,0.000E+00,0.000E+00,7.226E+00,1.805E+00,-1.973E-01,2.411E+00,1.463E+00,1.616E+00,-1.885E-03,2.303E+00,2.277E+00,1.122E-01,3.760E+00,1.725E+00,-1.114E-01,2.010E+00,1.730E+00,1.617E+00,-3.300E-03,2.585E+00,2.533E+00,1.961E-01,2.298E+00
20,0.000E+00,8.267E-02,8.293E-02,0.000E+00,0.000E+00,7.276E+00,1.805E+00,-2.077E-01,2.481E+00,1.463E+00,1.605E+00,-2.042E-03,2.305E+00,2.277E+00,1.121E-01,3.763E+00,1.726E+00,-1.159E-01,2.033E+00,1.728E+00,1.614E+00,-3.367E-03,2.592E+00,2.538E+00,1.960E-01,2.299E+00
21,0.000E+00,8.452E-02,8.476E-02,0.000E+00,0.000E+00,7.438E+00,1.804E+00,-2.134E-01,2.511E+00,1.475E+00,1.599E+00,-1.770E-03,2.307E+00,2.283E+00,1.120E-01,3.768E+00,1.729E+00,-1.261E-01,2.112E+00,1.702E+00,1.609E+00,-3.363E-03,2.588E+00,2.535E+00,1.955E-01,2.304E+00
22,0.000E+00,8.637E-02,8.658E-02,0.000E+00,0.000E+00,7.600E+00,1.802E+00,-2.191E-01,2.541E+00,1.487E+00,1.593E+00,-1.498E-03,2.309E+00,2.288E+00,1.118E-01,3.774E+00,1.732E+00,-1.364E-01,2.190E+00,1.676E+00,1.604E+00,-3.358E-03,2.584E+00,2.531E+00,1.951E-01,2.309E+00
23,0.000E+00,8.822E-02,8.841E-02,0.000E+00,0.000E+00,7.762E+00,1.801E+00,-2.249E-01,2.571E+00,1.499E+00,1.587E+00,-1.226E-03,2.311E+00,2.294E+00,1.116E-01,3.780E+00,1.736E+00,-1.466E-01,2.268E+00,1.650E+00,1.599E+00,-3.353E-03,2.580E+00,2.527E+00,1.946E-01,2.314E+00
24,0.000E+00,8.915E-02,8.933E-02,0.000E+00,0.000E+00,7.843E+00,1.800E+00,-2.278E-01,2.586E+00,1.505E+00,1.584E+00,-1.090E-03,2.312E+00,2.297E+00,1.115E-01,3.783E+00,1.738E+00,-1.517E-01,2.307E+00,1.637E+00,1.597E+00,-3.351E-03,2.578E+00,2.526E+00,1.944E-01,2.317E+00
25,0.000E+00,9.007E-02,9.024E-02,0.000E+00,0.000E+00,7.924E+00,1.800E+00,-2.306E-01,2.601E+00,1.511E+00,1.581E+00,-9.544E-04,2.314E+00,2.300E+00,1.114E-01,3.785E+00,1.740E+00,-1.569E-01,2.347E+00,1.624E+00,1.594E+00,-3.349E-03,2.577E+00,2.524E+00,1.942E-01,2.319E+00
26,0.000E+00,9.193E-02,9.207E-02,0.000E+00,0.000E+00,8.086E+00,1.798E+00,-2.364E-01,2.631E+00,1.523E+00,1.575E+00,-6.824E-04,2.316E+00,2.306E+00,1.112E-01,3.791E+00,1.745E+00,-1.671E-01,2.425E+00,1.598E+00,1.589E+00,-3.344E-03,2.573E+00,2.520E+00,1.937E-01,2.325E+00
27,0.000E+00,9.378E-02,9.390E-02,0.000E+00,0.000E+00,8.248E+00,1.797E+00,-2.421E-01,2.661E+00,1.535E+00,1.569E+00,-4.104E-04,2.318E+00,2.312E+00,1.110E-01,3.797E+00,1.751E+00,-1.773E-01,2.503E+00,1.572E+00,1.584E+00,-3.339E-03,2.569E+00,2.516E+00,1.933E-01,2.330E+00
28,0.000E+00,9.563E-02,9.573E-02,0.000E+00,0.000E+00,8.410E+00,1.796E+00,-2.479E-01,2.691E+00,1.546E+00,1.563E+00,-1.384E-04,2.320E+00,2.318E+00,1.109E-01,3.802E+00,1.756E+00,-1.876E-01,2.581E+00,1.545E+00,1.579E+00,-3.334E-03,2.565E+00,2.513E+00,1.928E-01,2.335E+00
29,0.000E+00,9.655E-02,9.664E-02,0.000E+00,0.000E+00,8.491E+00,1.795E+00,-2.507E-01,2.706E+00,1.552E+00,1.560E+00,-2.454E-06,2.321E+00,2.321E+00,1.108E-01,3.805E+00,1.759E+00,-1.927E-01,2.621E+00,1.532E+00,1.577E+00,-3.332E-03,2.563E+00,2.511E+00,1.926E-01,2.338E+00
30,0.000E+00,9.748E-02,9.756E-02,0.000E+00,0.000E+00,8.572E+00,1.794E+00,-2.536E-01,2.721E+00,1.558E+00,1.557E+00,1.335E-04,2.322E+00,2.324E+00,1.107E-01,3.808E+00,1.762E+00,-1.978E-01,2.660E+00,1.519E+00,1.574E+00,-3.330E-03,2.561E+00,2.509E+00,1.924E-01,2.340E+00
31,0.000E+00,1.030E-01,1.031E-01,0.000E+00,9.766E-08,9.059E+00,1.790E+00,-2.532E-01,2.694E+00,1.588E+00,1.554E+00,-7.881E-05,2.330E+00,2.328E+00,1.101E-01,3.826E+00,1.757E+00,-1.971E-01,2.638E+00,1.549E+00,1.571E+00,-3.061E-03,2.563E+00,2.515E+00,1.917E-01,2.348E+00
32,0.000E+00,1.058E-01,1.058E-01,0.000E+00,1.465E-07,9.302E+00,1.788E+00,-2.530E-01,2.681E+00,1.603E+00,1.553E+00,-1.850E-04,2.333E+00,2.330E+00,1.099E-01,3.835E+00,1.755E+00,-1.967E-01,2.627E+00,1.564E+00,1.569E+00,-2.926E-03,2.564E+00,2.518E+00,1.914E-01,2.351E+00
33,0.000E+00,1.086E-01,1.086E-01,0.000E+00,1.953E-07,9.546E+00,1.786E+00,-2.528E-01,2.668E+00,1.618E+00,1.552E+00,-2.912E-04,2.337E+00,2.333E+00,1.096E-01,3.844E+00,1.752E+00,-1.964E-01,2.617E+00,1.580E+00,1.567E+00,-2.791E-03,2.564E+00,2.521E+00,1.911E-01,2.355E+00
34,0.000E+00,1.114E-01,1.114E-01,0.000E+00,2.441E-07,9.789E+00,1.784E+00,-2.527E-01,2.655E+00,1.633E+00,1.551E+00,-3.973E-04,2.341E+00,2.335E+00,1.093E-01,3.853E+00,1.750E+00,-1.960E-01,2.606E+00,1.595E+00,1.565E+00,-2.657E-03,2.565E+00,2.524E+00,1.908E-01,2.359E+00
35,0.000E+00,1.141E-01,1.141E-01,0.000E+00,2.930E-07,1.003E+01,1.782E+00,-2.525E-01,2.642E+00,1.647E+00,1.549E+00,-5.035E-04,2.344E+00,2.337E+00,1.090E-01,3.862E+00,1.748E+00,-1.956E-01,2.595E+00,1.610E+00,1.564E+00,-2.522E-03,2.566E+00,2.526E+00,1.905E-01,2.362E+00
36,0.000E+00,1.169E-01,1.169E-01,0.000E+00,3.418E-07,1.028E+01,1.780E+00,-2.523E-01,2.629E+00,1.662E+00,1.548E+00,-6.097E-04,2.348E+00,2.339E+00,1.088E-01,3.871E+00,1.745E+00,-1.953E-01,2.584E+00,1.625E+00,1.562E+00,-2.388E-03,2.567E+00,2.529E+00,1.902E-01,2.366E+00
37,0.000E+00,1.197E-01,1.196E-01,0.000E+00,3.906E-07,1.052E+01,1.778E+00,-2.521E-01,2.616E+00,1.677E+00,1.547E+00,-7.159E-04,2.352E+00,2.341E+00,1.085E-01,3.880E+00,1.743E+00,-1.949E-01,2.573E+00,1.640E+00,1.560E+00,-2.253E-03,2.568E+00,2.532E+00,1.899E-01,2.370E+00
38,0.000E+00,1.225E-01,1.224E-01,0.000E+00,4.395E-07,1.076E+01,1.776E+00,-2.519E-01,2.602E+00,1.692E+00,1.546E+00,-8.220E-04,2.355E+00,2.343E+00,1.082E-01,3.889E+00,1.741E+00,-1.945E-01,2.563E+00,1.655E+00,1.558E+00,-2.119E-03,2.569E+00,2.535E+00,1.895E-01,2.374E+00
39,0.000E+00,1.252E-01,1.252E-01,0.000E+00,4.883E-07,1.101E+01,1.774E+00,-2.517E-01,2.589E+00,1.707E+00,1.545E+00,-9.282E-04,2.359E+00,2.345E+00,1.080E-01,3.897E+00,1.739E+00,-1.942E-01,2.552E+00,1.670E+00,1.557E+00,-1.984E-03,2.569E+00,2.538E+00,1.892E-01,2.377E+00
40,0.000E+00,1.280E-01,1.279E-01,0.000E+00,5.371E-07,1.125E+01,1.773E+00,-2.515E-01,2.576E+00,1.722E+00,1.543E+00,-1.034E-03,2.363E+00,2.348E+00,1.077E-01,3.906E+00,1.736E+00,-1.938E-01,2.541E+00,1.685E+00,1.555E+00,-1.850E-03,2.570E+00,2.541E+00,1.889E-01,2.381E+00
41,0.000E+00,1.308E-01,1.307E-01,0.000E+00,5.859E-07,1.149E+01,1.771E+00,-2.513E-01,2.563E+00,1.736E+00,1.542E+00,-1.141E-03,2.366E+00,2.350E+00,1.074E-01,3.915E+00,1.734E+00,-1.934E-01,2.530E+00,1.700E+00,1.553E+00,-1.715E-03,2.571E+00,2.544E+00,1.886E-01,2.385E+00
42,0.000E+00,1.336E-01,1.334E-01,0.000E+00,6.348E-07,1.174E+01,1.769E+00,-2.511E-01,2.550E+00,1.751E+00,1.541E+00,-1.247E-03,2.370E+00,2.352E+00,1.071E-01,3.924E+00,1.732E+00,-1.930E-01,2.520E+00,1.715E+00,1.551E+00,-1.580E-03,2.572E+00,2.547E+00,1.883E-01,2.388E+00
43,0.000E+00,1.363E-01,1.362E-01,0.000E+00,6.836E-07,1.198E+01,1.768E+00,-2.509E-01,2.537E+00,1.766E+00,1.540E+00,-1.353E-03,2.374E+00,2.354E+00,1.069E-01,3.933E+00,1.730E+00,-1.927E-01,2.509E+00,1.730E+00,1.549E+00,-1.446E-03,2.573E+00,2.550E+00,1.880E-01,2.392E+00
44,0.000E+00,1.391E-01,1.390E-01,0.000E+00,7.324E-07,1.222E+01,1.766E+00,-2.507E-01,2.524E+00,1.781E+00,1.539E+00,-1.459E-03,2.377E+00,2.356E+00,1.066E-01,3.942E+00,1.728E+00,-1.923E-01,2.498E+00,1.745E+00,1.548E+00,-1.311E-03,2.574E+00,2.553E+00,1.877E-01,2.396E+00
45,0.000E+00,1.419E-01,1.417E-01,0.000E+00,7.812E-07,1.247E+01,1.764E+00,-2.506E-01,2.510E+00,1.796E+00,1.538E+00,-1.565E-03,2.381E+00,2.358E+00,1.063E-01,3.951E+00,1.726E+00,-1.919E-01,2.487E+00,1.760E+00,1.546E+00,-1.177E-03,2.575E+00,2.556E+00,1.873E-01,2.400E+00
46,0.000E+00,1.481E-01,1.479E-01,0.000E+00,3.906E-07,1.301E+01,1.765E+00,-2.768E-01,2.787E+00,1.744E+00,1.517E+00,-7.721E-05,2.361E+00,2.360E+00,1.065E-01,3.947E+00,1.698E+00,-1.542E-01,2.190E+00,1.944E+00,1.558E+00,-1.177E-03,2.550E+00,2.532E+00,1.873E-01,2.400E+00
47,0.000E+00,1.511E-01,1.510E-01,0.000E+00,1.953E-07,1.328E+01,1.767E+00,-2.899E-01,2.926E+00,1.718E+00,1.507E+00,6.668E-04,2.351E+00,2.360E+00,1.065E-01,3.944E+00,1.688E+00,-1.354E-01,2.042E+00,2.036E+00,1.564E+00,-1.176E-03,2.538E+00,2.520E+00,1.872E-01,2.401E+00
48,0.000E+00,1.542E-01,1.541E-01,0.000E+00,0.000E+00,1.355E+01,1.769E+00,-3.030E-01,3.064E+00,1.692E+00,1.497E+00,1.411E-03,2.341E+00,2.361E+00,1.066E-01,3.942E+00,1.681E+00,-1.166E-01,1.893E+00,2.128E+00,1.570E+00,-1.176E-03,2.526E+00,2.508E+00,1.872E-01,2.401E+00
49,0.000E+00,1.615E-01,1.614E-01,0.000E+00,0.000E+00,1.420E+01,1.762E+00,-3.247E-01,3.386E+00,1.670E+00,1.476E+00,-3.728E-05,2.359E+00,2.358E+00,1.060E-01,3.963E+00,1.695E+00,-1.377E-01,2.065E+00,1.987E+00,1.566E+00,-7.144E-04,2.525E+00,2.513E+00,1.854E-01,2.423E+00
50,0.000E+00,1.651E-01,1.651E-01,0.000E+00,0.000E+00,1.452E+01,1.760E+00,-3.355E-01,3.546E+00,1.659E+00,1.466E+00,-7.614E-04,2.368E+00,2.357E+00,1.057E-01,3.974E+00,1.704E+00,-1.483E-01,2.152E+00,1.916E+00,1.564E+00,-4.835E-04,2.524E+00,2.516E+00,1.846E-01,2.434E+00
51,0.000E+00,1.688E-01,1.688E-01,0.000E+00,0.000E+00,1.484E+01,1.759E+00,-3.464E-01,3.707E+00,1.648E+00,1.455E+00,-1.485E-03,2.377E+00,2.356E+00,1.053E-01,3.985E+00,1.714E+00,-1.589E-01,2.238E+00,1.845E+00,1.562E+00,-2.525E-04,2.523E+00,2.519E+00,1.837E-01,2.445E+00
52,0.000E+00,1.770E-01,1.771E-01,0.000E+00,0.000E+00,1.556E+01,1.755E+00,-3.526E-01,3.829E+00,1.647E+00,1.447E+00,-1.308E-03,2.390E+00,2.371E+00,1.052E-01,3.991E+00,1.715E+00,-2.130E-01,2.821E+00,1.715E+00,1.526E+00,-1.109E-03,2.519E+00,2.502E+00,1.831E-01,2.452E+00
53,0.000E+00,1.811E-01,1.813E-01,0.000E+00,0.000E+00,1.593E+01,1.753E+00,-3.558E-01,3.889E+00,1.647E+00,1.443E+00,-1.219E-03,2.396E+00,2.378E+00,1.051E-01,3.994E+00,1.723E+00,-2.400E-01,3.113E+00,1.650E+00,1.508E+00,-1.537E-03,2.517E+00,2.493E+00,1.828E-01,2.456E+00
54,0.000E+00,1.852E-01,1.855E-01,0.000E+00,0.000E+00,1.629E+01,1.751E+00,-3.589E-01,3.950E+00,1.646E+00,1.438E+00,-1.131E-03,2.402E+00,2.386E+00,1.050E-01,3.998E+00,1.734E+00,-2.670E-01,3.404E+00,1.585E+00,1.491E+00,-1.965E-03,2.515E+00,2.485E+00,1.825E-01,2.460E+00
55,0.000E+00,1.951E-01,1.953E-01,0.000E+00,0.000E+00,1.716E+01,1.747E+00,-3.675E-01,4.136E+00,1.638E+00,1.428E+00,-3.150E-04,2.379E+00,2.375E+00,1.048E-01,4.002E+00,1.718E+00,-2.498E-01,3.247E+00,1.653E+00,1.491E+00,-1.296E-03,2.503E+00,2.483E+00,1.840E-01,2.441E+00
56,0.000E+00,2.001E-01,2.002E-01,0.000E+00,0.000E+00,1.759E+01,1.745E+00,-3.718E-01,4.228E+00,1.634E+00,1.423E+00,9.293E-05,2.368E+00,2.369E+00,1.048E-01,4.004E+00,1.711E+00,-2.413E-01,3.168E+00,1.687E+00,1.491E+00,-9.609E-04,2.497E+00,2.483E+00,1.848E-01,2.431E+00
57,0.000E+00,2.050E-01,2.051E-01,0.000E+00,0.000E+00,1.803E+01,1.744E+00,-3.761E-01,4.321E+00,1.629E+00,1.418E+00,5.008E-04,2.357E+00,2.364E+00,1.047E-01,4.007E+00,1.704E+00,-2.327E-01,3.089E+00,1.721E+00,1.491E+00,-6.261E-04,2.492E+00,2.482E+00,1.855E-01,2.422E+00
58,0.000E+00,2.177E-01,2.177E-01,0.000E+00,3.906E-07,1.914E+01,1.734E+00,-4.390E-01,6.011E+00,1.511E+00,1.376E+00,5.391E-04,2.358E+00,2.366E+00,1.045E-01,4.016E+00,1.700E+00,-2.461E-01,3.333E+00,1.688E+00,1.478E+00,-2.212E-03,2.547E+00,2.512E+00,1.831E-01,2.453E+00
59,0.000E+00,2.240E-01,2.240E-01,0.000E+00,5.859E-07,1.969E+01,1.741E+00,-4.705E-01,6.856E+00,1.452E+00,1.355E+00,5.583E-04,2.359E+00,2.367E+00,1.043E-01,4.020E+00,1.699E+00,-2.528E-01,3.455E+00,1.671E+00,1.472E+00,-3.005E-03,2.575E+00,2.527E+00,1.818E-01,2.469E+00
60,0.000E+00,2.303E-01,2.303E-01,0.000E+00,7.812E-07,2.024E+01,1.753E+00,-5.019E-01,7.702E+00,1.393E+00,1.334E+00,5.774E-04,2.360E+00,2.368E+00,1.042E-01,4.025E+00,1.698E+00,-2.595E-01,3.577E+00,1.654E+00,1.466E+00,-3.798E-03,2.603E+00,2.542E+00,1.806E-01,2.484E+00
61,0.000E+00,2.445E-01,2.446E-01,0.000E+00,3.906E-07,2.149E+01,1.738E+00,-5.214E-01,8.696E+00,1.397E+00,1.311E+00,1.137E-03,2.335E+00,2.351E+00,1.039E-01,4.037E+00,1.686E+00,-3.093E-01,4.580E+00,1.580E+00,1.424E+00,-2.754E-03,2.562E+00,2.519E+00,1.805E-01,2.486E+00
62,0.000E+00,2.515E-01,2.517E-01,0.000E+00,1.953E-07,2.212E+01,1.731E+00,-5.312E-01,9.193E+00,1.399E+00,1.299E+00,1.416E-03,2.322E+00,2.342E+00,1.037E-01,4.043E+00,1.687E+00,-3.342E-01,5.082E+00,1.542E+00,1.403E+00,-2.232E-03,2.542E+00,2.507E+00,1.804E-01,2.486E+00
63,0.000E+00,2.586E-01,2.589E-01,0.000E+00,0.000E+00,2.274E+01,1.726E+00,-5.409E-01,9.689E+00,1.401E+00,1.287E+00,1.696E-03,2.309E+00,2.333E+00,1.035E-01,4.049E+00,1.692E+00,-3.591E-01,5.584E+00,1.505E+00,1.382E+00,-1.710E-03,2.522E+00,2.496E+00,1.804E-01,2.487E+00
64,0.000E+00,2.750E-01,2.751E-01,0.000E+00,3.906E-07,2.418E+01,1.716E+00,-5.346E-01,9.716E+00,1.418E+00,1.283E+00,2.564E-03,2.286E+00,2.322E+00,1.040E-01,4.031E+00,1.680E+00,-3.520E-01,5.505E+00,1.542E+00,1.378E+00,-1.685E-03,2.528E+00,2.502E+00,1.820E-01,2.466E+00
65,0.000E+00,2.832E-01,2.832E-01,0.000E+00,5.859E-07,2.489E+01,1.710E+00,-5.314E-01,9.729E+00,1.427E+00,1.280E+00,2.998E-03,2.274E+00,2.316E+00,1.043E-01,4.021E+00,1.675E+00,-3.484E-01,5.465E+00,1.561E+00,1.375E+00,-1.673E-03,2.531E+00,2.505E+00,1.828E-01,2.456E+00
66,0.000E+00,2.913E-01,2.913E-01,0.000E+00,7.812E-07,2.561E+01,1.705E+00,-5.283E-01,9.742E+00,1.435E+00,1.278E+00,3.432E-03,2.262E+00,2.310E+00,1.046E-01,4.012E+00,1.669E+00,-3.449E-01,5.425E+00,1.580E+00,1.373E+00,-1.660E-03,2.534E+00,2.509E+00,1.836E-01,2.446E+00
67,0.000E+00,3.110E-01,3.111E-01,7.812E-07,3.906E-07,2.734E+01,1.681E+00,-5.231E-01,9.980E+00,1.486E+00,1.263E+00,3.249E-03,2.284E+00,2.329E+00,1.046E-01,4.011E+00,1.659E+00,-3.670E-01,6.178E+00,1.553E+00,1.351E+00,-1.207E-03,2.534E+00,2.515E+00,1.832E-01,2.451E+00
68,0.000E+00,3.209E-01,3.210E-01,1.172E-06,1.953E-07,2.821E+01,1.670E+00,-5.205E-01,1.010E+01,1.511E+00,1.256E+00,3.157E-03,2.295E+00,2.339E+00,1.046E-01,4.011E+00,1.656E+00,-3.781E-01,6.555E+00,1.540E+00,1.340E+00,-9.803E-04,2.534E+00,2.518E+00,1.830E-01,2.453E+00
69,0.000E+00,3.307E-01,3.308E-01,1.562E-06,0.000E+00,2.908E+01,1.658E+00,-5.179E-01,1.022E+01,1.536E+00,1.248E+00,3.065E-03,2.305E+00,2.349E+00,1.046E-01,4.011E+00,1.654E+00,-3.892E-01,6.931E+00,1.527E+00,1.328E+00,-7.537E-04,2.533E+00,2.522E+00,1.828E-01,2.456E+00
70,0.000E+00,3.540E-01,3.541E-01,1.172E-06,7.812E-07,3.113E+01,1.628E+00,-5.089E-01,1.012E+01,1.635E+00,1.231E+00,3.287E-03,2.270E+00,2.316E+00,1.030E-01,4.070E+00,1.642E+00,-3.827E-01,6.901E+00,1.557E+00,1.324E+00,-1.394E-03,2.510E+00,2.489E+00,1.812E-01,2.477E+00
71,0.000E+00,3.657E-01,3.658E-01,9.766E-07,1.172E-06,3.215E+01,1.613E+00,-5.044E-01,1.008E+01,1.684E+00,1.223E+00,3.398E-03,2.253E+00,2.300E+00,1.022E-01,4.099E+00,1.637E+00,-3.795E-01,6.885E+00,1.572E+00,1.322E+00,-1.714E-03,2.499E+00,2.473E+00,1.804E-01,2.488E+00
72,0.000E+00,3.774E-01,3.774E-01,7.812E-07,1.562E-06,3.318E+01,1.599E+00,-4.999E-01,1.003E+01,1.734E+00,1.214E+00,3.510E-03,2.236E+00,2.283E+00,1.013E-01,4.128E+00,1.631E+00,-3.762E-01,6.870E+00,1.587E+00,1.319E+00,-2.034E-03,2.487E+00,2.456E+00,1.795E-01,2.498E+00
73,0.000E+00,3.943E-01,3.944E-01,1.562E-06,1.172E-06,3.467E+01,1.573E+00,-4.832E-01,9.504E+00,1.853E+00,1.205E+00,3.958E-03,2.228E+00,2.281E+00,1.014E-01,4.128E+00,1.606E+00,-3.580E-01,6.470E+00,1.700E+00,1.311E+00,7.616E-04,2.427E+00,2.438E+00,1.794E-01,2.500E+00
74,0.000E+00,4.113E-01,4.113E-01,2.344E-06,7.812E-07,3.616E+01,1.549E+00,-4.665E-01,8.977E+00,1.972E+00,1.195E+00,4.407E-03,2.220E+00,2.280E+00,1.014E-01,4.128E+00,1.584E+00,-3.399E-01,6.069E+00,1.813E+00,1.303E+00,3.557E-03,2.367E+00,2.419E+00,1.792E-01,2.502E+00
75,0.000E+00,4.302E-01,4.302E-01,1.172E-06,7.812E-07,3.782E+01,1.534E+00,-4.455E-01,8.262E+00,2.074E+00,1.199E+00,2.054E-03,2.236E+00,2.264E+00,1.011E-01,4.136E+00,1.559E+00,-3.325E-01,6.009E+00,1.921E+00,1.289E+00,1.157E-03,2.401E+00,2.418E+00,1.779E-01,2.520E+00
76,0.000E+00,4.491E-01,4.491E-01,0.000E+00,7.812E-07,3.948E+01,1.523E+00,-4.246E-01,7.547E+00,2.175E+00,1.202E+00,-2.993E-04,2.252E+00,2.248E+00,1.009E-01,4.145E+00,1.536E+00,-3.251E-01,5.950E+00,2.028E+00,1.275E+00,-1.244E-03,2.436E+00,2.417E+00,1.766E-01,2.538E+00
77,0.000E+00,4.674E-01,4.674E-01,0.000E+00,3.906E-07,4.109E+01,1.494E+00,-4.202E-01,7.639E+00,2.315E+00,1.181E+00,2.360E-03,2.190E+00,2.220E+00,1.003E-01,4.167E+00,1.526E+00,-3.204E-01,5.910E+00,2.072E+00,1.270E+00,-4.293E-04,2.412E+00,2.405E+00,1.744E-01,2.568E+00
78,0.000E+00,4.857E-01,4.856E-01,0.000E+00,0.000E+00,4.269E+01,1.466E+00,-4.158E-01,7.731E+00,2.455E+00,1.160E+00,5.020E-03,2.128E+00,2.193E+00,9.976E-02,4.188E+00,1.517E+00,-3.157E-01,5.871E+00,2.116E+00,1.264E+00,3.858E-04,2.387E+00,2.393E+00,1.722E-01,2.599E+00
79,0.000E+00,5.002E-01,5.002E-01,0.000E+00,3.906E-07,4.397E+01,1.444E+00,-3.982E-01,7.300E+00,2.619E+00,1.154E+00,5.874E-03,2.067E+00,2.140E+00,9.829E-02,4.247E+00,1.491E+00,-3.053E-01,5.696E+00,2.271E+00,1.251E+00,2.409E-03,2.313E+00,2.346E+00,1.723E-01,2.597E+00
80,0.000E+00,5.146E-01,5.148E-01,0.000E+00,7.812E-07,4.525E+01,1.425E+00,-3.807E-01,6.869E+00,2.784E+00,1.148E+00,6.727E-03,2.005E+00,2.087E+00,9.681E-02,4.305E+00,1.468E+00,-2.948E-01,5.520E+00,2.426E+00,1.237E+00,4.432E-03,2.238E+00,2.299E+00,1.725E-01,2.595E+00
81,0.000E+00,5.203E-01,5.204E-01,3.906E-07,7.812E-07,4.574E+01,1.377E+00,-3.733E-01,6.961E+00,3.121E+00,1.114E+00,1.532E-02,1.871E+00,2.044E+00,9.710E-02,4.293E+00,1.427E+00,-2.850E-01,5.448E+00,2.701E+00,1.211E+00,7.299E-03,2.137E+00,2.231E+00,1.707E-01,2.621E+00
82,0.000E+00,5.259E-01,5.260E-01,7.812E-07,7.812E-07,4.623E+01,1.334E+00,-3.659E-01,7.053E+00,3.458E+00,1.081E+00,2.391E-02,1.738E+00,2.002E+00,9.739E-02,4.281E+00,1.391E+00,-2.751E-01,5.377E+00,2.975E+00,1.184E+00,1.017E-02,2.036E+00,2.163E+00,1.688E-01,2.648E+00
83,0.000E+00,5.090E-01,5.091E-01,3.906E-07,7.812E-07,4.475E+01,1.283E+00,-3.535E-01,6.933E+00,3.995E+00,1.049E+00,3.524E-02,1.556E+00,1.905E+00,9.439E-02,4.409E+00,1.358E+00,-2.639E-01,5.298E+00,3.256E+00,1.164E+00,1.256E-02,1.937E+00,2.086E+00,1.629E-01,2.742E+00
84,0.000E+00,4.922E-01,4.923E-01,0.000E+00,7.812E-07,4.327E+01,1.241E+00,-3.411E-01,6.813E+00,4.533E+00,1.017E+00,4.657E-02,1.374E+00,1.808E+00,9.139E-02,4.537E+00,1.328E+00,-2.526E-01,5.218E+00,3.537E+00,1.144E+00,1.495E-02,1.838E+00,2.008E+00,1.570E-01,2.836E+00
85,0.000E+00,4.098E-01,4.098E-01,3.906E-07,1.172E-06,3.602E+01,1.155E+00,-3.239E-01,6.595E+00,6.062E+00,9.686E-01,6.986E-02,1.106E+00,1.641E+00,8.785E-02,4.710E+00,1.270E+00,-2.475E-01,5.262E+00,4.201E+00,1.101E+00,3.250E-02,1.560E+00,1.863E+00,1.558E-01,2.857E+00
86,0.000E+00,3.274E-01,3.272E-01,7.812E-07,1.562E-06,2.878E+01,1.096E+00,-3.066E-01,6.377E+00,7.590E+00,9.197E-01,9.314E-02,8.384E-01,1.475E+00,8.431E-02,4.882E+00,1.222E+00,-2.423E-01,5.306E+00,4.865E+00,1.058E+00,5.005E-02,1.281E+00,1.718E+00,1.547E-01,2.877E+00
87,0.000E+00,1.679E-01,1.678E-01,3.906E-07,7.812E-07,1.476E+01,1.373E+00,-1.533E-01,3.189E+00,3.795E+00,4.599E-01,4.657E-02,4.192E-01,7.375E-01,4.216E-02,2.441E+00,1.537E+00,-1.212E-01,2.653E+00,2.433E+00,5.292E-01,2.502E-02,6.407E-01,8.590E-01,7.733E-02,1.438E+00
88,0.000E+00,8.443E-03,8.447E-03,0.000E+00,0.000E+00,7.423E-01,3.142E+00,0.000E+00,0.000E+00,0.000E+00,0.000E+00,0.000E+00,0.000E+00,0.000E+00,0.000E+00,0.000E+00,3.142E+00,0.000E+00,0.000E+00,0.000E+00,0.000E+00,0.000E+00,0.000E+00,0.000E+00,0.000E+00,0.000E+00
89,0.000E+00,0.000E+00,0.000E+00,0.000E+00,0.000E+00,0.000E+00,3.142E+00,0.000E+00,0.000E+00,0.000E+00,0.000E+00,0.000E+00,0.000E+00,0.000E+00,0.000E+00,0.000E+00,3.142E+00,0.000E+00,0.000E+00,0.000E+00,0.000E+00,0.000E+00,0.000E+00,0.000E+00,0.000E+00,0.000E+00
