alpha,He,Ca,Si,O,Ca_1,O_1,Si_2,O_2,amu/ion,phiK_Ca,phiTilt_Ca,phiM_Ca,phiN_Ca,thetaK_Ca,thetaTilt_Ca,thetaM_Ca,thetaN_Ca,energyK_Ca,energyE_Ca,phiK_O,phiTilt_O,phiM_O,phiN_O,thetaK_O,thetaTilt_O,thetaM_O,thetaN_O,energyK_O,energyE_O,phiK_Si,phiTilt_Si,phiM_Si,phiN_Si,thetaK_Si,thetaTilt_Si,thetaM_Si,thetaN_Si,energyK_Si,energyE_Si
0,0.000E+00,0.000E+00,9.415E-03,0.000E+00,1.711E-02,2.267E-02,7.792E-03,2.815E-02,1.982E+00,1.849E+00,-3.940E-02,1.581E+00,1.189E+00,3.142E+00,1.152E-02,2.135E+00,2.289E+00,1.279E-01,3.399E+00,1.732E+00,-1.230E-02,1.613E+00,1.532E+00,3.142E+00,2.964E-03,2.477E+00,2.523E+00,1.307E-01,3.460E+00,1.838E+00,2.572E-02,1.107E+00,1.527E+00,3.142E+00,-7.645E-04,2.208E+00,2.197E+00,8.590E-02,5.022E+00
1,0.000E+00,0.000E+00,9.423E-03,0.000E+00,1.723E-02,2.272E-02,7.890E-03,2.844E-02,1.995E+00,1.838E+00,-5.459E-02,1.657E+00,1.236E+00,3.142E+00,9.778E-03,2.174E+00,2.304E+00,1.269E-01,3.427E+00,1.733E+00,-3.106E-02,1.742E+00,1.510E+00,3.142E+00,2.589E-03,2.483E+00,2.523E+00,1.304E-01,3.468E+00,1.824E+00,4.256E-03,1.190E+00,1.486E+00,3.142E+00,-7.890E-04,2.220E+00,2.209E+00,8.599E-02,5.017E+00
2,0.000E+00,0.000E+00,9.432E-03,0.000E+00,1.735E-02,2.277E-02,7.989E-03,2.873E-02,2.009E+00,1.828E+00,-6.978E-02,1.733E+00,1.283E+00,3.142E+00,8.037E-03,2.213E+00,2.319E+00,1.259E-01,3.455E+00,1.736E+00,-4.982E-02,1.870E+00,1.487E+00,3.142E+00,2.214E-03,2.490E+00,2.524E+00,1.301E-01,3.476E+00,1.831E+00,-1.720E-02,1.272E+00,1.444E+00,3.142E+00,-8.136E-04,2.232E+00,2.221E+00,8.607E-02,5.013E+00
3,0.000E+00,0.000E+00,9.440E-03,0.000E+00,1.747E-02,2.282E-02,8.087E-03,2.902E-02,2.022E+00,1.819E+00,-8.497E-02,1.809E+00,1.330E+00,3.142E+00,6.295E-03,2.252E+00,2.334E+00,1.248E-01,3.482E+00,1.739E+00,-6.858E-02,1.998E+00,1.464E+00,3.142E+00,1.839E-03,2.497E+00,2.525E+00,1.298E-01,3.484E+00,1.844E+00,-3.866E-02,1.354E+00,1.403E+00,3.142E+00,-8.382E-04,2.244E+00,2.233E+00,8.615E-02,5.008E+00
4,0.000E+00,0.000E+00,9.445E-03,0.000E+00,1.754E-02,2.284E-02,8.136E-03,2.917E-02,2.029E+00,1.814E+00,-9.256E-02,1.848E+00,1.353E+00,3.142E+00,5.424E-03,2.271E+00,2.342E+00,1.243E-01,3.496E+00,1.741E+00,-7.796E-02,2.062E+00,1.453E+00,3.142E+00,1.652E-03,2.500E+00,2.525E+00,1.297E-01,3.488E+00,1.851E+00,-4.940E-02,1.395E+00,1.382E+00,3.142E+00,-8.505E-04,2.250E+00,2.239E+00,8.620E-02,5.006E+00
5,0.000E+00,0.000E+00,9.449E-03,0.000E+00,1.760E-02,2.287E-02,8.185E-03,2.931E-02,2.035E+00,1.810E+00,-1.002E-01,1.886E+00,1.376E+00,3.142E+00,4.553E-03,2.290E+00,2.349E+00,1.238E-01,3.510E+00,1.744E+00,-8.734E-02,2.127E+00,1.441E+00,3.142E+00,1.464E-03,2.503E+00,2.526E+00,1.295E-01,3.492E+00,1.858E+00,-6.013E-02,1.437E+00,1.361E+00,3.142E+00,-8.627E-04,2.256E+00,2.244E+00,8.624E-02,5.004E+00
6,0.000E+00,0.000E+00,9.457E-03,0.000E+00,1.772E-02,2.292E-02,8.283E-03,2.960E-02,2.049E+00,1.801E+00,-1.153E-01,1.962E+00,1.423E+00,3.142E+00,2.812E-03,2.329E+00,2.364E+00,1.227E-01,3.537E+00,1.750E+00,-1.061E-01,2.255E+00,1.419E+00,3.142E+00,1.089E-03,2.510E+00,2.526E+00,1.292E-01,3.499E+00,1.873E+00,-8.159E-02,1.519E+00,1.320E+00,3.142E+00,-8.873E-04,2.268E+00,2.256E+00,8.632E-02,4.999E+00
7,0.000E+00,0.000E+00,9.466E-03,0.000E+00,1.784E-02,2.297E-02,8.382E-03,2.989E-02,2.062E+00,1.793E+00,-1.305E-01,2.038E+00,1.470E+00,3.142E+00,1.070E-03,2.368E+00,2.379E+00,1.217E-01,3.565E+00,1.757E+00,-1.249E-01,2.383E+00,1.396E+00,3.142E+00,7.145E-04,2.516E+00,2.527E+00,1.289E-01,3.507E+00,1.889E+00,-1.030E-01,1.601E+00,1.278E+00,3.142E+00,-9.119E-04,2.281E+00,2.268E+00,8.640E-02,4.995E+00
8,0.000E+00,0.000E+00,9.474E-03,0.000E+00,1.797E-02,2.302E-02,8.480E-03,3.019E-02,2.076E+00,1.786E+00,-1.457E-01,2.114E+00,1.517E+00,3.142E+00,-6.714E-04,2.406E+00,2.394E+00,1.206E-01,3.593E+00,1.764E+00,-1.436E-01,2.511E+00,1.373E+00,3.142E+00,3.396E-04,2.523E+00,2.528E+00,1.286E-01,3.515E+00,1.905E+00,-1.245E-01,1.684E+00,1.237E+00,3.142E+00,-9.364E-04,2.293E+00,2.280E+00,8.649E-02,4.990E+00
9,0.000E+00,0.000E+00,9.479E-03,0.000E+00,1.803E-02,2.305E-02,8.529E-03,3.033E-02,2.082E+00,1.782E+00,-1.533E-01,2.153E+00,1.541E+00,3.142E+00,-1.542E-03,2.426E+00,2.402E+00,1.201E-01,3.606E+00,1.768E+00,-1.530E-01,2.576E+00,1.362E+00,3.142E+00,1.521E-04,2.526E+00,2.528E+00,1.284E-01,3.519E+00,1.914E+00,-1.352E-01,1.725E+00,1.216E+00,3.142E+00,-9.487E-04,2.299E+00,2.286E+00,8.653E-02,4.988E+00
10,0.000E+00,0.000E+00,9.483E-03,0.000E+00,1.809E-02,2.307E-02,8.578E-03,3.048E-02,2.089E+00,1.778E+00,-1.609E-01,2.191E+00,1.564E+00,3.142E+00,-2.413E-03,2.445E+00,2.409E+00,1.196E-01,3.620E+00,1.773E+00,-1.624E-01,2.640E+00,1.350E+00,3.142E+00,-3.533E-05,2.529E+00,2.529E+00,1.283E-01,3.523E+00,1.922E+00,-1.460E-01,1.766E+00,1.195E+00,3.142E+00,-9.610E-04,2.305E+00,2.291E+00,8.657E-02,4.986E+00
11,0.000E+00,0.000E+00,9.651E-03,0.000E+00,1.843E-02,2.357E-02,8.753E-03,3.104E-02,2.129E+00,1.775E+00,-1.770E-01,2.316E+00,1.568E+00,3.142E+00,4.178E-05,2.403E+00,2.401E+00,1.194E-01,3.624E+00,1.763E+00,-1.611E-01,2.598E+00,1.404E+00,3.142E+00,-1.816E-04,2.534E+00,2.531E+00,1.280E-01,3.529E+00,1.903E+00,-1.624E-01,1.903E+00,1.237E+00,3.142E+00,-7.841E-04,2.303E+00,2.293E+00,8.597E-02,5.020E+00
12,0.000E+00,0.000E+00,9.819E-03,0.000E+00,1.877E-02,2.406E-02,8.928E-03,3.160E-02,2.169E+00,1.772E+00,-1.930E-01,2.442E+00,1.573E+00,3.142E+00,2.497E-03,2.362E+00,2.393E+00,1.193E-01,3.629E+00,1.754E+00,-1.598E-01,2.556E+00,1.457E+00,3.142E+00,-3.278E-04,2.539E+00,2.534E+00,1.278E-01,3.535E+00,1.886E+00,-1.789E-01,2.040E+00,1.280E+00,3.142E+00,-6.073E-04,2.302E+00,2.294E+00,8.536E-02,5.054E+00
13,0.000E+00,0.000E+00,9.987E-03,0.000E+00,1.910E-02,2.456E-02,9.102E-03,3.216E-02,2.209E+00,1.770E+00,-2.091E-01,2.568E+00,1.577E+00,3.142E+00,4.951E-03,2.320E+00,2.385E+00,1.191E-01,3.633E+00,1.746E+00,-1.586E-01,2.514E+00,1.511E+00,3.142E+00,-4.741E-04,2.544E+00,2.536E+00,1.276E-01,3.541E+00,1.870E+00,-1.954E-01,2.176E+00,1.322E+00,3.142E+00,-4.304E-04,2.301E+00,2.295E+00,8.475E-02,5.088E+00
14,0.000E+00,0.000E+00,1.007E-02,0.000E+00,1.927E-02,2.481E-02,9.190E-03,3.244E-02,2.229E+00,1.769E+00,-2.171E-01,2.631E+00,1.579E+00,3.142E+00,6.179E-03,2.299E+00,2.381E+00,1.191E-01,3.635E+00,1.742E+00,-1.579E-01,2.493E+00,1.538E+00,3.142E+00,-5.472E-04,2.546E+00,2.537E+00,1.275E-01,3.544E+00,1.862E+00,-2.036E-01,2.245E+00,1.343E+00,3.142E+00,-3.420E-04,2.300E+00,2.295E+00,8.445E-02,5.106E+00
15,0.000E+00,0.000E+00,1.015E-02,0.000E+00,1.944E-02,2.505E-02,9.277E-03,3.272E-02,2.249E+00,1.768E+00,-2.251E-01,2.694E+00,1.581E+00,3.142E+00,7.406E-03,2.278E+00,2.376E+00,1.190E-01,3.637E+00,1.738E+00,-1.573E-01,2.472E+00,1.564E+00,3.142E+00,-6.203E-04,2.549E+00,2.539E+00,1.274E-01,3.547E+00,1.855E+00,-2.118E-01,2.313E+00,1.364E+00,3.142E+00,-2.536E-04,2.299E+00,2.296E+00,8.415E-02,5.123E+00
16,0.000E+00,0.000E+00,1.032E-02,0.000E+00,1.978E-02,2.555E-02,9.452E-03,3.328E-02,2.289E+00,1.767E+00,-2.412E-01,2.819E+00,1.585E+00,3.142E+00,9.861E-03,2.236E+00,2.368E+00,1.188E-01,3.642E+00,1.730E+00,-1.560E-01,2.430E+00,1.618E+00,3.142E+00,-7.666E-04,2.553E+00,2.541E+00,1.272E-01,3.552E+00,1.841E+00,-2.283E-01,2.450E+00,1.406E+00,3.142E+00,-7.670E-05,2.298E+00,2.297E+00,8.354E-02,5.157E+00
17,0.000E+00,0.000E+00,1.049E-02,0.000E+00,2.012E-02,2.604E-02,9.626E-03,3.384E-02,2.330E+00,1.767E+00,-2.572E-01,2.945E+00,1.590E+00,3.142E+00,1.232E-02,2.194E+00,2.360E+00,1.187E-01,3.646E+00,1.723E+00,-1.547E-01,2.388E+00,1.671E+00,3.142E+00,-9.128E-04,2.558E+00,2.544E+00,1.269E-01,3.558E+00,1.828E+00,-2.448E-01,2.587E+00,1.448E+00,3.142E+00,1.002E-04,2.297E+00,2.298E+00,8.294E-02,5.191E+00
18,0.000E+00,0.000E+00,1.066E-02,0.000E+00,2.046E-02,2.654E-02,9.801E-03,3.440E-02,2.370E+00,1.767E+00,-2.732E-01,3.071E+00,1.594E+00,3.142E+00,1.477E-02,2.153E+00,2.352E+00,1.185E-01,3.650E+00,1.717E+00,-1.535E-01,2.347E+00,1.725E+00,3.142E+00,-1.059E-03,2.563E+00,2.546E+00,1.267E-01,3.564E+00,1.816E+00,-2.613E-01,2.724E+00,1.491E+00,3.142E+00,2.770E-04,2.295E+00,2.299E+00,8.233E-02,5.225E+00
19,0.000E+00,0.000E+00,1.074E-02,0.000E+00,2.063E-02,2.678E-02,9.888E-03,3.468E-02,2.390E+00,1.767E+00,-2.813E-01,3.134E+00,1.596E+00,3.142E+00,1.600E-02,2.132E+00,2.348E+00,1.185E-01,3.652E+00,1.714E+00,-1.528E-01,2.326E+00,1.751E+00,3.142E+00,-1.132E-03,2.565E+00,2.547E+00,1.266E-01,3.567E+00,1.811E+00,-2.695E-01,2.792E+00,1.512E+00,3.142E+00,3.655E-04,2.295E+00,2.300E+00,8.203E-02,5.242E+00
20,0.000E+00,0.000E+00,1.083E-02,0.000E+00,2.080E-02,2.703E-02,9.976E-03,3.496E-02,2.410E+00,1.767E+00,-2.893E-01,3.196E+00,1.598E+00,3.142E+00,1.723E-02,2.111E+00,2.344E+00,1.184E-01,3.654E+00,1.711E+00,-1.522E-01,2.305E+00,1.778E+00,3.142E+00,-1.205E-03,2.568E+00,2.548E+00,1.265E-01,3.570E+00,1.805E+00,-2.777E-01,2.861E+00,1.533E+00,3.142E+00,4.539E-04,2.294E+00,2.300E+00,8.173E-02,5.260E+00
21,0.000E+00,0.000E+00,1.103E-02,0.000E+00,2.145E-02,2.768E-02,1.043E-02,3.631E-02,2.486E+00,1.771E+00,-2.861E-01,3.090E+00,1.614E+00,3.142E+00,1.551E-02,2.138E+00,2.347E+00,1.183E-01,3.656E+00,1.708E+00,-1.550E-01,2.316E+00,1.799E+00,3.142E+00,-1.083E-03,2.571E+00,2.554E+00,1.261E-01,3.582E+00,1.794E+00,-2.825E-01,2.908E+00,1.575E+00,3.142E+00,1.200E-04,2.299E+00,2.301E+00,8.175E-02,5.258E+00
22,0.000E+00,0.000E+00,1.122E-02,0.000E+00,2.209E-02,2.833E-02,1.089E-02,3.765E-02,2.562E+00,1.775E+00,-2.829E-01,2.983E+00,1.630E+00,3.142E+00,1.379E-02,2.164E+00,2.351E+00,1.183E-01,3.658E+00,1.705E+00,-1.579E-01,2.326E+00,1.820E+00,3.142E+00,-9.602E-04,2.575E+00,2.559E+00,1.257E-01,3.593E+00,1.784E+00,-2.872E-01,2.956E+00,1.616E+00,3.142E+00,-2.139E-04,2.304E+00,2.301E+00,8.178E-02,5.257E+00
23,0.000E+00,0.000E+00,1.142E-02,0.000E+00,2.274E-02,2.898E-02,1.135E-02,3.900E-02,2.639E+00,1.779E+00,-2.798E-01,2.877E+00,1.647E+00,3.142E+00,1.207E-02,2.191E+00,2.355E+00,1.182E-01,3.659E+00,1.703E+00,-1.607E-01,2.337E+00,1.841E+00,3.142E+00,-8.376E-04,2.578E+00,2.565E+00,1.252E-01,3.605E+00,1.774E+00,-2.920E-01,3.004E+00,1.658E+00,3.142E+00,-5.478E-04,2.309E+00,2.302E+00,8.180E-02,5.255E+00
24,0.000E+00,0.000E+00,1.152E-02,0.000E+00,2.307E-02,2.930E-02,1.158E-02,3.967E-02,2.677E+00,1.781E+00,-2.782E-01,2.823E+00,1.655E+00,3.142E+00,1.122E-02,2.205E+00,2.357E+00,1.182E-01,3.660E+00,1.701E+00,-1.621E-01,2.343E+00,1.852E+00,3.142E+00,-7.763E-04,2.580E+00,2.568E+00,1.250E-01,3.610E+00,1.769E+00,-2.944E-01,3.028E+00,1.679E+00,3.142E+00,-7.147E-04,2.312E+00,2.302E+00,8.182E-02,5.254E+00
25,0.000E+00,0.000E+00,1.162E-02,0.000E+00,2.339E-02,2.963E-02,1.181E-02,4.034E-02,2.715E+00,1.784E+00,-2.766E-01,2.770E+00,1.663E+00,3.142E+00,1.036E-02,2.218E+00,2.359E+00,1.182E-01,3.661E+00,1.700E+00,-1.635E-01,2.348E+00,1.862E+00,3.142E+00,-7.150E-04,2.582E+00,2.570E+00,1.248E-01,3.616E+00,1.764E+00,-2.967E-01,3.052E+00,1.700E+00,3.142E+00,-8.817E-04,2.315E+00,2.302E+00,8.183E-02,5.254E+00
26,0.000E+00,0.000E+00,1.182E-02,0.000E+00,2.404E-02,3.027E-02,1.226E-02,4.169E-02,2.791E+00,1.789E+00,-2.734E-01,2.663E+00,1.679E+00,3.142E+00,8.640E-03,2.245E+00,2.363E+00,1.181E-01,3.663E+00,1.697E+00,-1.664E-01,2.359E+00,1.883E+00,3.142E+00,-5.924E-04,2.585E+00,2.576E+00,1.244E-01,3.628E+00,1.754E+00,-3.015E-01,3.100E+00,1.742E+00,3.142E+00,-1.216E-03,2.320E+00,2.303E+00,8.185E-02,5.252E+00
27,0.000E+00,0.000E+00,1.202E-02,0.000E+00,2.469E-02,3.092E-02,1.272E-02,4.303E-02,2.867E+00,1.795E+00,-2.702E-01,2.557E+00,1.695E+00,3.142E+00,6.923E-03,2.272E+00,2.367E+00,1.180E-01,3.664E+00,1.694E+00,-1.692E-01,2.370E+00,1.904E+00,3.142E+00,-4.699E-04,2.589E+00,2.581E+00,1.240E-01,3.639E+00,1.745E+00,-3.062E-01,3.148E+00,1.784E+00,3.142E+00,-1.549E-03,2.325E+00,2.303E+00,8.188E-02,5.251E+00
28,0.000E+00,0.000E+00,1.222E-02,0.000E+00,2.533E-02,3.157E-02,1.318E-02,4.437E-02,2.944E+00,1.801E+00,-2.670E-01,2.450E+00,1.711E+00,3.142E+00,5.206E-03,2.298E+00,2.371E+00,1.180E-01,3.666E+00,1.692E+00,-1.720E-01,2.381E+00,1.925E+00,3.142E+00,-3.473E-04,2.592E+00,2.587E+00,1.236E-01,3.651E+00,1.735E+00,-3.110E-01,3.195E+00,1.825E+00,3.142E+00,-1.883E-03,2.330E+00,2.304E+00,8.190E-02,5.249E+00
29,0.000E+00,0.000E+00,1.232E-02,0.000E+00,2.566E-02,3.190E-02,1.341E-02,4.505E-02,2.982E+00,1.805E+00,-2.655E-01,2.397E+00,1.719E+00,3.142E+00,4.347E-03,2.312E+00,2.373E+00,1.180E-01,3.667E+00,1.690E+00,-1.735E-01,2.386E+00,1.936E+00,3.142E+00,-2.860E-04,2.594E+00,2.590E+00,1.233E-01,3.657E+00,1.731E+00,-3.134E-01,3.219E+00,1.846E+00,3.142E+00,-2.050E-03,2.333E+00,2.304E+00,8.192E-02,5.248E+00
30,0.000E+00,0.000E+00,1.242E-02,0.000E+00,2.598E-02,3.222E-02,1.364E-02,4.572E-02,3.020E+00,1.808E+00,-2.639E-01,2.344E+00,1.727E+00,3.142E+00,3.488E-03,2.325E+00,2.375E+00,1.179E-01,3.668E+00,1.689E+00,-1.749E-01,2.392E+00,1.946E+00,3.142E+00,-2.247E-04,2.596E+00,2.592E+00,1.231E-01,3.663E+00,1.726E+00,-3.157E-01,3.243E+00,1.867E+00,3.142E+00,-2.217E-03,2.335E+00,2.304E+00,8.193E-02,5.248E+00
31,0.000E+00,0.000E+00,1.309E-02,0.000E+00,2.775E-02,3.421E-02,1.469E-02,4.897E-02,3.223E+00,1.770E+00,-2.969E-01,3.011E+00,1.691E+00,3.142E+00,4.940E-03,2.315E+00,2.386E+00,1.174E-01,3.682E+00,1.688E+00,-1.871E-01,2.520E+00,1.919E+00,3.142E+00,1.467E-05,2.596E+00,2.596E+00,1.228E-01,3.674E+00,1.727E+00,-3.325E-01,3.454E+00,1.836E+00,3.142E+00,-1.738E-03,2.339E+00,2.315E+00,8.121E-02,5.294E+00
32,0.000E+00,0.000E+00,1.343E-02,0.000E+00,2.863E-02,3.520E-02,1.522E-02,5.060E-02,3.325E+00,1.757E+00,-3.135E-01,3.344E+00,1.673E+00,3.142E+00,5.666E-03,2.310E+00,2.391E+00,1.172E-01,3.690E+00,1.688E+00,-1.932E-01,2.584E+00,1.906E+00,3.142E+00,1.344E-04,2.595E+00,2.598E+00,1.226E-01,3.679E+00,1.728E+00,-3.409E-01,3.560E+00,1.820E+00,3.142E+00,-1.499E-03,2.341E+00,2.320E+00,8.084E-02,5.317E+00
33,0.000E+00,0.000E+00,1.377E-02,0.000E+00,2.951E-02,3.619E-02,1.575E-02,5.222E-02,3.426E+00,1.747E+00,-3.300E-01,3.678E+00,1.655E+00,3.142E+00,6.392E-03,2.305E+00,2.396E+00,1.169E-01,3.697E+00,1.689E+00,-1.993E-01,2.649E+00,1.892E+00,3.142E+00,2.541E-04,2.595E+00,2.599E+00,1.224E-01,3.684E+00,1.730E+00,-3.493E-01,3.666E+00,1.805E+00,3.142E+00,-1.259E-03,2.342E+00,2.325E+00,8.048E-02,5.340E+00
34,0.000E+00,0.000E+00,1.410E-02,0.000E+00,3.039E-02,3.719E-02,1.628E-02,5.385E-02,3.528E+00,1.740E+00,-3.465E-01,4.011E+00,1.636E+00,3.142E+00,7.118E-03,2.299E+00,2.402E+00,1.167E-01,3.704E+00,1.689E+00,-2.054E-01,2.713E+00,1.879E+00,3.142E+00,3.738E-04,2.595E+00,2.601E+00,1.222E-01,3.690E+00,1.731E+00,-3.576E-01,3.771E+00,1.789E+00,3.142E+00,-1.020E-03,2.344E+00,2.330E+00,8.012E-02,5.363E+00
35,0.000E+00,0.000E+00,1.444E-02,0.000E+00,3.128E-02,3.818E-02,1.681E-02,5.547E-02,3.630E+00,1.735E+00,-3.631E-01,4.345E+00,1.618E+00,3.142E+00,7.843E-03,2.294E+00,2.407E+00,1.164E-01,3.712E+00,1.690E+00,-2.115E-01,2.777E+00,1.865E+00,3.142E+00,4.935E-04,2.595E+00,2.603E+00,1.220E-01,3.695E+00,1.733E+00,-3.660E-01,3.877E+00,1.773E+00,3.142E+00,-7.802E-04,2.346E+00,2.335E+00,7.976E-02,5.386E+00
36,0.000E+00,0.000E+00,1.478E-02,0.000E+00,3.216E-02,3.918E-02,1.734E-02,5.710E-02,3.731E+00,1.732E+00,-3.796E-01,4.678E+00,1.600E+00,3.142E+00,8.569E-03,2.289E+00,2.412E+00,1.162E-01,3.719E+00,1.690E+00,-2.176E-01,2.841E+00,1.852E+00,3.142E+00,6.132E-04,2.595E+00,2.605E+00,1.218E-01,3.701E+00,1.735E+00,-3.744E-01,3.982E+00,1.758E+00,3.142E+00,-5.407E-04,2.348E+00,2.340E+00,7.940E-02,5.409E+00
37,0.000E+00,0.000E+00,1.511E-02,0.000E+00,3.304E-02,4.017E-02,1.787E-02,5.873E-02,3.833E+00,1.731E+00,-3.962E-01,5.012E+00,1.582E+00,3.142E+00,9.295E-03,2.284E+00,2.418E+00,1.160E-01,3.727E+00,1.691E+00,-2.237E-01,2.906E+00,1.838E+00,3.142E+00,7.329E-04,2.595E+00,2.607E+00,1.216E-01,3.706E+00,1.738E+00,-3.828E-01,4.088E+00,1.742E+00,3.142E+00,-3.011E-04,2.350E+00,2.346E+00,7.903E-02,5.432E+00
38,0.000E+00,0.000E+00,1.545E-02,0.000E+00,3.392E-02,4.116E-02,1.840E-02,6.035E-02,3.934E+00,1.731E+00,-4.127E-01,5.345E+00,1.563E+00,3.142E+00,1.002E-02,2.279E+00,2.423E+00,1.157E-01,3.734E+00,1.693E+00,-2.298E-01,2.970E+00,1.825E+00,3.142E+00,8.526E-04,2.594E+00,2.608E+00,1.214E-01,3.712E+00,1.740E+00,-3.911E-01,4.193E+00,1.726E+00,3.142E+00,-6.163E-05,2.351E+00,2.351E+00,7.867E-02,5.455E+00
39,0.000E+00,0.000E+00,1.579E-02,0.000E+00,3.480E-02,4.216E-02,1.893E-02,6.198E-02,4.036E+00,1.732E+00,-4.292E-01,5.679E+00,1.545E+00,3.142E+00,1.075E-02,2.274E+00,2.429E+00,1.155E-01,3.741E+00,1.694E+00,-2.359E-01,3.034E+00,1.811E+00,3.142E+00,9.723E-04,2.594E+00,2.610E+00,1.213E-01,3.717E+00,1.743E+00,-3.995E-01,4.299E+00,1.711E+00,3.142E+00,1.779E-04,2.353E+00,2.356E+00,7.831E-02,5.478E+00
40,0.000E+00,0.000E+00,1.613E-02,0.000E+00,3.569E-02,4.315E-02,1.946E-02,6.361E-02,4.138E+00,1.735E+00,-4.458E-01,6.012E+00,1.527E+00,3.142E+00,1.147E-02,2.268E+00,2.434E+00,1.152E-01,3.749E+00,1.695E+00,-2.420E-01,3.098E+00,1.798E+00,3.142E+00,1.092E-03,2.594E+00,2.612E+00,1.211E-01,3.723E+00,1.747E+00,-4.079E-01,4.404E+00,1.695E+00,3.142E+00,4.174E-04,2.355E+00,2.361E+00,7.795E-02,5.501E+00
41,0.000E+00,0.000E+00,1.646E-02,0.000E+00,3.657E-02,4.414E-02,1.998E-02,6.523E-02,4.239E+00,1.738E+00,-4.623E-01,6.346E+00,1.509E+00,3.142E+00,1.220E-02,2.263E+00,2.439E+00,1.150E-01,3.756E+00,1.697E+00,-2.481E-01,3.163E+00,1.784E+00,3.142E+00,1.212E-03,2.594E+00,2.614E+00,1.209E-01,3.728E+00,1.750E+00,-4.163E-01,4.510E+00,1.679E+00,3.142E+00,6.569E-04,2.357E+00,2.366E+00,7.759E-02,5.524E+00
42,0.000E+00,0.000E+00,1.680E-02,0.000E+00,3.745E-02,4.514E-02,2.051E-02,6.686E-02,4.341E+00,1.743E+00,-4.788E-01,6.679E+00,1.490E+00,3.142E+00,1.292E-02,2.258E+00,2.445E+00,1.147E-01,3.763E+00,1.699E+00,-2.543E-01,3.227E+00,1.771E+00,3.142E+00,1.331E-03,2.594E+00,2.616E+00,1.207E-01,3.733E+00,1.754E+00,-4.246E-01,4.616E+00,1.663E+00,3.142E+00,8.964E-04,2.358E+00,2.372E+00,7.722E-02,5.547E+00
43,0.000E+00,0.000E+00,1.714E-02,0.000E+00,3.833E-02,4.613E-02,2.104E-02,6.848E-02,4.442E+00,1.748E+00,-4.954E-01,7.012E+00,1.472E+00,3.142E+00,1.365E-02,2.253E+00,2.450E+00,1.145E-01,3.771E+00,1.701E+00,-2.604E-01,3.291E+00,1.757E+00,3.142E+00,1.451E-03,2.594E+00,2.617E+00,1.205E-01,3.739E+00,1.757E+00,-4.330E-01,4.721E+00,1.648E+00,3.142E+00,1.136E-03,2.360E+00,2.377E+00,7.686E-02,5.570E+00
44,0.000E+00,0.000E+00,1.747E-02,0.000E+00,3.922E-02,4.712E-02,2.157E-02,7.011E-02,4.544E+00,1.754E+00,-5.119E-01,7.346E+00,1.454E+00,3.142E+00,1.438E-02,2.248E+00,2.455E+00,1.142E-01,3.778E+00,1.703E+00,-2.665E-01,3.355E+00,1.744E+00,3.142E+00,1.571E-03,2.593E+00,2.619E+00,1.203E-01,3.744E+00,1.761E+00,-4.414E-01,4.827E+00,1.632E+00,3.142E+00,1.375E-03,2.362E+00,2.382E+00,7.650E-02,5.593E+00
45,0.000E+00,0.000E+00,1.781E-02,0.000E+00,4.010E-02,4.812E-02,2.210E-02,7.174E-02,4.646E+00,1.761E+00,-5.284E-01,7.679E+00,1.436E+00,3.142E+00,1.510E-02,2.243E+00,2.461E+00,1.140E-01,3.786E+00,1.706E+00,-2.726E-01,3.420E+00,1.730E+00,3.142E+00,1.691E-03,2.593E+00,2.621E+00,1.201E-01,3.750E+00,1.765E+00,-4.498E-01,4.932E+00,1.616E+00,3.142E+00,1.615E-03,2.364E+00,2.387E+00,7.614E-02,5.616E+00
46,0.000E+00,0.000E+00,1.849E-02,0.000E+00,4.201E-02,5.009E-02,2.347E-02,7.568E-02,4.874E+00,1.742E+00,-5.709E-01,1.054E+01,1.360E+00,3.142E+00,1.331E-02,2.260E+00,2.452E+00,1.128E-01,3.822E+00,1.691E+00,-2.674E-01,3.413E+00,1.782E+00,3.142E+00,1.602E-03,2.605E+00,2.632E+00,1.205E-01,3.739E+00,1.753E+00,-4.811E-01,5.998E+00,1.560E+00,3.142E+00,2.950E-03,2.362E+00,2.405E+00,7.607E-02,5.621E+00
47,0.000E+00,0.000E+00,1.916E-02,0.000E+00,4.392E-02,5.207E-02,2.483E-02,7.963E-02,5.103E+00,1.746E+00,-6.133E-01,1.339E+01,1.285E+00,3.142E+00,1.152E-02,2.277E+00,2.444E+00,1.117E-01,3.859E+00,1.677E+00,-2.622E-01,3.406E+00,1.833E+00,3.142E+00,1.513E-03,2.618E+00,2.642E+00,1.208E-01,3.729E+00,1.750E+00,-5.124E-01,7.063E+00,1.503E+00,3.142E+00,4.286E-03,2.360E+00,2.424E+00,7.600E-02,5.626E+00
48,0.000E+00,0.000E+00,1.984E-02,0.000E+00,4.583E-02,5.405E-02,2.620E-02,8.358E-02,5.332E+00,1.766E+00,-6.558E-01,1.625E+01,1.209E+00,3.142E+00,9.732E-03,2.294E+00,2.435E+00,1.106E-01,3.895E+00,1.664E+00,-2.570E-01,3.398E+00,1.885E+00,3.142E+00,1.424E-03,2.630E+00,2.653E+00,1.212E-01,3.718E+00,1.755E+00,-5.437E-01,8.129E+00,1.447E+00,3.142E+00,5.621E-03,2.359E+00,2.442E+00,7.593E-02,5.631E+00
49,0.000E+00,0.000E+00,2.018E-02,0.000E+00,4.679E-02,5.504E-02,2.688E-02,8.556E-02,5.446E+00,1.779E+00,-6.770E-01,1.768E+01,1.171E+00,3.142E+00,8.837E-03,2.303E+00,2.431E+00,1.100E-01,3.914E+00,1.657E+00,-2.544E-01,3.395E+00,1.911E+00,3.142E+00,1.379E-03,2.636E+00,2.659E+00,1.214E-01,3.713E+00,1.760E+00,-5.593E-01,8.661E+00,1.418E+00,3.142E+00,6.289E-03,2.358E+00,2.451E+00,7.589E-02,5.633E+00
50,0.000E+00,0.000E+00,2.051E-02,0.000E+00,4.775E-02,5.602E-02,2.757E-02,8.753E-02,5.561E+00,1.795E+00,-6.982E-01,1.911E+01,1.133E+00,3.142E+00,7.942E-03,2.311E+00,2.426E+00,1.094E-01,3.932E+00,1.651E+00,-2.518E-01,3.391E+00,1.937E+00,3.142E+00,1.335E-03,2.642E+00,2.664E+00,1.216E-01,3.707E+00,1.767E+00,-5.750E-01,9.194E+00,1.390E+00,3.142E+00,6.957E-03,2.357E+00,2.460E+00,7.586E-02,5.636E+00
51,0.000E+00,0.000E+00,2.150E-02,0.000E+00,5.062E-02,5.918E-02,2.940E-02,9.296E-02,5.892E+00,1.774E+00,-6.909E-01,1.897E+01,1.178E+00,3.142E+00,6.566E-03,2.339E+00,2.434E+00,1.100E-01,3.914E+00,1.644E+00,-2.637E-01,3.645E+00,1.912E+00,3.142E+00,9.875E-04,2.646E+00,2.663E+00,1.210E-01,3.725E+00,1.747E+00,-5.838E-01,1.015E+01,1.403E+00,3.142E+00,5.870E-03,2.372E+00,2.459E+00,7.594E-02,5.630E+00
52,0.000E+00,0.000E+00,2.248E-02,0.000E+00,5.349E-02,6.233E-02,3.123E-02,9.838E-02,6.224E+00,1.753E+00,-6.835E-01,1.883E+01,1.223E+00,3.142E+00,5.191E-03,2.367E+00,2.442E+00,1.106E-01,3.895E+00,1.639E+00,-2.757E-01,3.899E+00,1.887E+00,3.142E+00,6.399E-04,2.651E+00,2.661E+00,1.204E-01,3.743E+00,1.729E+00,-5.926E-01,1.110E+01,1.417E+00,3.142E+00,4.783E-03,2.388E+00,2.459E+00,7.602E-02,5.624E+00
53,0.000E+00,0.000E+00,2.347E-02,0.000E+00,5.636E-02,6.548E-02,3.307E-02,1.038E-01,6.555E+00,1.733E+00,-6.762E-01,1.868E+01,1.268E+00,3.142E+00,3.815E-03,2.395E+00,2.449E+00,1.111E-01,3.877E+00,1.635E+00,-2.876E-01,4.153E+00,1.862E+00,3.142E+00,2.923E-04,2.655E+00,2.660E+00,1.198E-01,3.761E+00,1.714E+00,-6.014E-01,1.205E+01,1.430E+00,3.142E+00,3.696E-03,2.403E+00,2.458E+00,7.610E-02,5.619E+00
54,0.000E+00,0.000E+00,2.396E-02,0.000E+00,5.780E-02,6.706E-02,3.398E-02,1.065E-01,6.721E+00,1.723E+00,-6.725E-01,1.861E+01,1.291E+00,3.142E+00,3.127E-03,2.409E+00,2.453E+00,1.114E-01,3.868E+00,1.634E+00,-2.936E-01,4.280E+00,1.850E+00,3.142E+00,1.185E-04,2.658E+00,2.660E+00,1.195E-01,3.770E+00,1.706E+00,-6.058E-01,1.253E+01,1.437E+00,3.142E+00,3.152E-03,2.411E+00,2.457E+00,7.614E-02,5.616E+00
55,0.000E+00,0.000E+00,2.446E-02,0.000E+00,5.924E-02,6.863E-02,3.490E-02,1.092E-01,6.887E+00,1.713E+00,-6.689E-01,1.854E+01,1.313E+00,3.142E+00,2.439E-03,2.423E+00,2.457E+00,1.117E-01,3.859E+00,1.633E+00,-2.996E-01,4.407E+00,1.837E+00,3.142E+00,-5.529E-05,2.660E+00,2.659E+00,1.192E-01,3.779E+00,1.700E+00,-6.102E-01,1.301E+01,1.444E+00,3.142E+00,2.609E-03,2.418E+00,2.457E+00,7.619E-02,5.613E+00
56,0.000E+00,0.000E+00,2.544E-02,0.000E+00,6.211E-02,7.178E-02,3.673E-02,1.147E-01,7.218E+00,1.694E+00,-6.615E-01,1.840E+01,1.358E+00,3.142E+00,1.064E-03,2.451E+00,2.465E+00,1.123E-01,3.841E+00,1.632E+00,-3.115E-01,4.661E+00,1.813E+00,3.142E+00,-4.029E-04,2.664E+00,2.658E+00,1.186E-01,3.797E+00,1.687E+00,-6.190E-01,1.396E+01,1.457E+00,3.142E+00,1.522E-03,2.434E+00,2.456E+00,7.627E-02,5.608E+00
57,0.000E+00,0.000E+00,2.643E-02,0.000E+00,6.498E-02,7.494E-02,3.856E-02,1.201E-01,7.550E+00,1.676E+00,-6.542E-01,1.826E+01,1.403E+00,3.142E+00,-3.119E-04,2.479E+00,2.472E+00,1.128E-01,3.823E+00,1.632E+00,-3.234E-01,4.915E+00,1.788E+00,3.142E+00,-7.505E-04,2.669E+00,2.656E+00,1.180E-01,3.815E+00,1.676E+00,-6.279E-01,1.492E+01,1.471E+00,3.142E+00,4.350E-04,2.449E+00,2.455E+00,7.635E-02,5.602E+00
58,0.000E+00,0.000E+00,2.741E-02,0.000E+00,6.785E-02,7.809E-02,4.040E-02,1.255E-01,7.881E+00,1.658E+00,-6.468E-01,1.812E+01,1.448E+00,3.142E+00,-1.688E-03,2.507E+00,2.480E+00,1.134E-01,3.805E+00,1.633E+00,-3.354E-01,5.169E+00,1.763E+00,3.142E+00,-1.098E-03,2.674E+00,2.655E+00,1.174E-01,3.833E+00,1.666E+00,-6.367E-01,1.587E+01,1.484E+00,3.142E+00,-6.520E-04,2.465E+00,2.454E+00,7.643E-02,5.596E+00
59,0.000E+00,0.000E+00,2.790E-02,0.000E+00,6.929E-02,7.966E-02,4.131E-02,1.282E-01,8.047E+00,1.649E+00,-6.432E-01,1.804E+01,1.471E+00,3.142E+00,-2.375E-03,2.521E+00,2.484E+00,1.137E-01,3.796E+00,1.634E+00,-3.414E-01,5.296E+00,1.751E+00,3.142E+00,-1.272E-03,2.676E+00,2.655E+00,1.171E-01,3.842E+00,1.661E+00,-6.411E-01,1.635E+01,1.491E+00,3.142E+00,-1.195E-03,2.472E+00,2.454E+00,7.647E-02,5.593E+00
60,0.000E+00,0.000E+00,2.840E-02,0.000E+00,7.073E-02,8.124E-02,4.223E-02,1.309E-01,8.213E+00,1.641E+00,-6.395E-01,1.797E+01,1.493E+00,3.142E+00,-3.063E-03,2.535E+00,2.487E+00,1.139E-01,3.787E+00,1.635E+00,-3.473E-01,5.423E+00,1.738E+00,3.142E+00,-1.446E-03,2.678E+00,2.654E+00,1.168E-01,3.850E+00,1.657E+00,-6.455E-01,1.682E+01,1.498E+00,3.142E+00,-1.739E-03,2.480E+00,2.454E+00,7.652E-02,5.591E+00
61,0.000E+00,0.000E+00,3.004E-02,0.000E+00,7.513E-02,8.616E-02,4.505E-02,1.393E-01,8.728E+00,1.625E+00,-6.308E-01,1.770E+01,1.538E+00,3.142E+00,-2.497E-03,2.537E+00,2.499E+00,1.139E-01,3.788E+00,1.625E+00,-3.656E-01,6.117E+00,1.705E+00,3.142E+00,-3.212E-04,2.643E+00,2.637E+00,1.173E-01,3.836E+00,1.653E+00,-6.289E-01,1.594E+01,1.505E+00,3.142E+00,-9.305E-04,2.461E+00,2.447E+00,7.654E-02,5.589E+00
62,0.000E+00,0.000E+00,3.169E-02,0.000E+00,7.953E-02,9.108E-02,4.788E-02,1.477E-01,9.242E+00,1.609E+00,-6.220E-01,1.744E+01,1.583E+00,3.142E+00,-1.931E-03,2.540E+00,2.510E+00,1.138E-01,3.790E+00,1.620E+00,-3.840E-01,6.811E+00,1.671E+00,3.142E+00,8.032E-04,2.608E+00,2.621E+00,1.178E-01,3.821E+00,1.650E+00,-6.123E-01,1.506E+01,1.513E+00,3.142E+00,-1.222E-04,2.442E+00,2.440E+00,7.657E-02,5.587E+00
63,0.000E+00,0.000E+00,3.334E-02,0.000E+00,8.392E-02,9.601E-02,5.070E-02,1.561E-01,9.757E+00,1.594E+00,-6.133E-01,1.717E+01,1.627E+00,3.142E+00,-1.365E-03,2.542E+00,2.521E+00,1.138E-01,3.791E+00,1.617E+00,-4.023E-01,7.505E+00,1.637E+00,3.142E+00,1.928E-03,2.574E+00,2.604E+00,1.182E-01,3.807E+00,1.649E+00,-5.957E-01,1.418E+01,1.521E+00,3.142E+00,6.862E-04,2.423E+00,2.433E+00,7.659E-02,5.585E+00
64,0.000E+00,0.000E+00,3.416E-02,0.000E+00,8.612E-02,9.847E-02,5.211E-02,1.603E-01,1.001E+01,1.586E+00,-6.089E-01,1.703E+01,1.650E+00,3.142E+00,-1.082E-03,2.543E+00,2.527E+00,1.138E-01,3.792E+00,1.617E+00,-4.114E-01,7.852E+00,1.621E+00,3.142E+00,2.490E-03,2.556E+00,2.596E+00,1.185E-01,3.799E+00,1.648E+00,-5.874E-01,1.374E+01,1.525E+00,3.142E+00,1.090E-03,2.413E+00,2.429E+00,7.661E-02,5.584E+00
65,0.000E+00,0.000E+00,3.499E-02,0.000E+00,8.832E-02,1.009E-01,5.352E-02,1.644E-01,1.027E+01,1.579E+00,-6.045E-01,1.690E+01,1.672E+00,3.142E+00,-7.985E-04,2.545E+00,2.532E+00,1.137E-01,3.793E+00,1.618E+00,-4.206E-01,8.199E+00,1.604E+00,3.142E+00,3.052E-03,2.539E+00,2.587E+00,1.187E-01,3.792E+00,1.648E+00,-5.791E-01,1.330E+01,1.528E+00,3.142E+00,1.495E-03,2.404E+00,2.426E+00,7.662E-02,5.583E+00
66,0.000E+00,0.000E+00,3.677E-02,0.000E+00,9.438E-02,1.074E-01,5.779E-02,1.761E-01,1.097E+01,1.549E+00,-5.786E-01,1.578E+01,1.772E+00,3.142E+00,-8.234E-04,2.535E+00,2.522E+00,1.137E-01,3.795E+00,1.597E+00,-4.135E-01,8.192E+00,1.669E+00,3.142E+00,2.098E-03,2.570E+00,2.603E+00,1.188E-01,3.791E+00,1.618E+00,-5.636E-01,1.290E+01,1.621E+00,3.142E+00,3.501E-03,2.338E+00,2.386E+00,7.700E-02,5.559E+00
67,0.000E+00,0.000E+00,3.856E-02,0.000E+00,1.004E-01,1.138E-01,6.206E-02,1.877E-01,1.168E+01,1.523E+00,-5.527E-01,1.466E+01,1.872E+00,3.142E+00,-8.483E-04,2.525E+00,2.512E+00,1.136E-01,3.798E+00,1.577E+00,-4.064E-01,8.185E+00,1.735E+00,3.142E+00,1.144E-03,2.601E+00,2.618E+00,1.188E-01,3.789E+00,1.590E+00,-5.480E-01,1.250E+01,1.714E+00,3.142E+00,5.508E-03,2.271E+00,2.346E+00,7.737E-02,5.534E+00
68,0.000E+00,0.000E+00,4.035E-02,0.000E+00,1.065E-01,1.203E-01,6.633E-02,1.993E-01,1.238E+01,1.500E+00,-5.268E-01,1.354E+01,1.972E+00,3.142E+00,-8.732E-04,2.515E+00,2.502E+00,1.135E-01,3.800E+00,1.557E+00,-3.992E-01,8.179E+00,1.801E+00,3.142E+00,1.899E-04,2.631E+00,2.634E+00,1.189E-01,3.788E+00,1.564E+00,-5.325E-01,1.210E+01,1.806E+00,3.142E+00,7.514E-03,2.205E+00,2.306E+00,7.775E-02,5.509E+00
69,0.000E+00,0.000E+00,4.124E-02,0.000E+00,1.095E-01,1.235E-01,6.847E-02,2.051E-01,1.273E+01,1.490E+00,-5.139E-01,1.299E+01,2.022E+00,3.142E+00,-8.856E-04,2.510E+00,2.497E+00,1.135E-01,3.802E+00,1.547E+00,-3.957E-01,8.175E+00,1.834E+00,3.142E+00,-2.871E-04,2.647E+00,2.642E+00,1.189E-01,3.787E+00,1.552E+00,-5.248E-01,1.190E+01,1.853E+00,3.142E+00,8.518E-03,2.172E+00,2.285E+00,7.793E-02,5.497E+00
70,0.000E+00,0.000E+00,4.214E-02,0.000E+00,1.125E-01,1.268E-01,7.061E-02,2.109E-01,1.308E+01,1.480E+00,-5.009E-01,1.243E+01,2.072E+00,3.142E+00,-8.981E-04,2.505E+00,2.492E+00,1.134E-01,3.803E+00,1.538E+00,-3.921E-01,8.172E+00,1.867E+00,3.142E+00,-7.641E-04,2.662E+00,2.650E+00,1.189E-01,3.787E+00,1.540E+00,-5.170E-01,1.170E+01,1.899E+00,3.142E+00,9.521E-03,2.139E+00,2.265E+00,7.812E-02,5.484E+00
71,0.000E+00,0.000E+00,4.469E-02,1.172E-06,1.188E-01,1.336E-01,7.409E-02,2.225E-01,1.379E+01,1.471E+00,-4.920E-01,1.187E+01,2.142E+00,3.142E+00,1.671E-03,2.453E+00,2.478E+00,1.133E-01,3.807E+00,1.533E+00,-3.793E-01,7.761E+00,1.904E+00,3.142E+00,-2.947E-06,2.612E+00,2.611E+00,1.186E-01,3.796E+00,1.519E+00,-4.960E-01,1.093E+01,2.003E+00,3.142E+00,7.815E-03,2.230E+00,2.337E+00,7.682E-02,5.571E+00
72,0.000E+00,0.000E+00,4.725E-02,2.344E-06,1.250E-01,1.404E-01,7.758E-02,2.341E-01,1.451E+01,1.463E+00,-4.832E-01,1.131E+01,2.212E+00,3.142E+00,4.241E-03,2.400E+00,2.464E+00,1.132E-01,3.810E+00,1.530E+00,-3.664E-01,7.351E+00,1.941E+00,3.142E+00,7.583E-04,2.561E+00,2.573E+00,1.183E-01,3.806E+00,1.501E+00,-4.749E-01,1.015E+01,2.107E+00,3.142E+00,6.110E-03,2.321E+00,2.410E+00,7.552E-02,5.659E+00
73,0.000E+00,0.000E+00,4.880E-02,1.953E-06,1.315E-01,1.474E-01,8.266E-02,2.471E-01,1.527E+01,1.441E+00,-4.618E-01,1.044E+01,2.359E+00,3.142E+00,4.171E-03,2.405E+00,2.467E+00,1.127E-01,3.826E+00,1.514E+00,-3.652E-01,7.471E+00,1.997E+00,3.142E+00,1.032E-03,2.574E+00,2.590E+00,1.186E-01,3.797E+00,1.487E+00,-4.600E-01,9.725E+00,2.179E+00,3.142E+00,4.394E-03,2.273E+00,2.335E+00,7.305E-02,5.842E+00
74,0.000E+00,0.000E+00,5.035E-02,1.562E-06,1.380E-01,1.543E-01,8.775E-02,2.601E-01,1.604E+01,1.424E+00,-4.405E-01,9.568E+00,2.506E+00,3.142E+00,4.102E-03,2.409E+00,2.471E+00,1.122E-01,3.841E+00,1.499E+00,-3.640E-01,7.591E+00,2.054E+00,3.142E+00,1.306E-03,2.586E+00,2.607E+00,1.188E-01,3.788E+00,1.474E+00,-4.450E-01,9.295E+00,2.252E+00,3.142E+00,2.679E-03,2.224E+00,2.260E+00,7.057E-02,6.025E+00
75,0.000E+00,0.000E+00,5.240E-02,1.562E-06,1.456E-01,1.617E-01,9.315E-02,2.751E-01,1.691E+01,1.398E+00,-4.163E-01,8.928E+00,2.688E+00,3.142E+00,4.159E-03,2.357E+00,2.418E+00,1.123E-01,3.840E+00,1.478E+00,-3.421E-01,7.029E+00,2.190E+00,3.142E+00,3.050E-03,2.535E+00,2.583E+00,1.171E-01,3.842E+00,1.444E+00,-4.364E-01,9.153E+00,2.426E+00,3.142E+00,1.296E-03,2.264E+00,2.281E+00,7.178E-02,5.932E+00
76,0.000E+00,0.000E+00,5.444E-02,1.562E-06,1.531E-01,1.692E-01,9.854E-02,2.901E-01,1.778E+01,1.376E+00,-3.920E-01,8.287E+00,2.869E+00,3.142E+00,4.217E-03,2.305E+00,2.365E+00,1.123E-01,3.838E+00,1.461E+00,-3.202E-01,6.467E+00,2.326E+00,3.142E+00,4.795E-03,2.484E+00,2.559E+00,1.154E-01,3.896E+00,1.416E+00,-4.279E-01,9.011E+00,2.600E+00,3.142E+00,-8.675E-05,2.304E+00,2.302E+00,7.300E-02,5.839E+00
77,0.000E+00,0.000E+00,5.660E-02,1.562E-06,1.610E-01,1.770E-01,1.043E-01,3.060E-01,1.870E+01,1.376E+00,-3.826E-01,8.028E+00,2.872E+00,3.142E+00,4.224E-03,2.270E+00,2.328E+00,1.125E-01,3.833E+00,1.457E+00,-3.109E-01,6.295E+00,2.350E+00,3.142E+00,3.566E-03,2.456E+00,2.511E+00,1.174E-01,3.835E+00,1.415E+00,-4.097E-01,8.439E+00,2.630E+00,3.142E+00,8.102E-03,2.139E+00,2.240E+00,7.465E-02,5.722E+00
78,0.000E+00,0.000E+00,5.877E-02,1.562E-06,1.689E-01,1.848E-01,1.100E-01,3.219E-01,1.962E+01,1.378E+00,-3.731E-01,7.768E+00,2.875E+00,3.142E+00,4.231E-03,2.234E+00,2.292E+00,1.126E-01,3.828E+00,1.454E+00,-3.016E-01,6.123E+00,2.375E+00,3.142E+00,2.336E-03,2.428E+00,2.463E+00,1.193E-01,3.773E+00,1.415E+00,-3.915E-01,7.868E+00,2.659E+00,3.142E+00,1.629E-02,1.975E+00,2.178E+00,7.630E-02,5.605E+00
79,0.000E+00,0.000E+00,6.012E-02,1.562E-06,1.767E-01,1.915E-01,1.165E-01,3.384E-01,2.052E+01,1.327E+00,-3.564E-01,7.519E+00,3.301E+00,3.142E+00,3.221E-03,2.233E+00,2.277E+00,1.112E-01,3.873E+00,1.417E+00,-2.847E-01,5.968E+00,2.590E+00,3.142E+00,5.050E-03,2.353E+00,2.426E+00,1.169E-01,3.849E+00,1.379E+00,-3.641E-01,7.143E+00,2.985E+00,3.142E+00,1.545E-02,1.973E+00,2.165E+00,7.452E-02,5.732E+00
80,0.000E+00,0.000E+00,6.147E-02,1.562E-06,1.844E-01,1.983E-01,1.230E-01,3.550E-01,2.142E+01,1.284E+00,-3.397E-01,7.270E+00,3.728E+00,3.142E+00,2.211E-03,2.232E+00,2.262E+00,1.098E-01,3.919E+00,1.385E+00,-2.678E-01,5.814E+00,2.806E+00,3.142E+00,7.765E-03,2.279E+00,2.389E+00,1.145E-01,3.926E+00,1.353E+00,-3.367E-01,6.418E+00,3.312E+00,3.142E+00,1.462E-02,1.971E+00,2.151E+00,7.274E-02,5.859E+00
81,0.000E+00,0.000E+00,6.167E-02,3.516E-06,1.899E-01,2.024E-01,1.283E-01,3.673E-01,2.206E+01,1.248E+00,-3.316E-01,7.354E+00,4.081E+00,3.142E+00,2.662E-02,1.897E+00,2.193E+00,1.088E-01,3.951E+00,1.350E+00,-2.531E-01,5.630E+00,3.099E+00,3.142E+00,9.487E-03,2.203E+00,2.333E+00,1.159E-01,3.881E+00,1.291E+00,-3.374E-01,6.808E+00,3.831E+00,3.142E+00,1.656E-02,1.897E+00,2.092E+00,7.176E-02,5.933E+00
82,0.000E+00,0.000E+00,6.187E-02,5.469E-06,1.954E-01,2.064E-01,1.336E-01,3.796E-01,2.270E+01,1.214E+00,-3.234E-01,7.438E+00,4.434E+00,3.142E+00,5.104E-02,1.562E+00,2.125E+00,1.079E-01,3.984E+00,1.319E+00,-2.383E-01,5.445E+00,3.391E+00,3.142E+00,1.121E-02,2.128E+00,2.277E+00,1.173E-01,3.836E+00,1.237E+00,-3.381E-01,7.199E+00,4.349E+00,3.142E+00,1.850E-02,1.822E+00,2.034E+00,7.077E-02,6.008E+00
83,0.000E+00,0.000E+00,5.836E-02,4.297E-06,1.922E-01,2.008E-01,1.339E-01,3.758E-01,2.233E+01,1.158E+00,-3.009E-01,7.114E+00,5.325E+00,3.142E+00,7.002E-02,1.352E+00,2.042E+00,1.075E-01,3.996E+00,1.274E+00,-2.320E-01,5.511E+00,3.828E+00,3.142E+00,1.412E-02,2.004E+00,2.178E+00,1.163E-01,3.868E+00,1.199E+00,-3.147E-01,6.863E+00,4.909E+00,3.142E+00,4.532E-02,1.493E+00,1.911E+00,6.936E-02,6.123E+00
84,0.000E+00,0.000E+00,5.485E-02,3.125E-06,1.891E-01,1.952E-01,1.341E-01,3.720E-01,2.196E+01,1.114E+00,-2.784E-01,6.791E+00,6.216E+00,3.142E+00,8.901E-02,1.142E+00,1.960E+00,1.072E-01,4.009E+00,1.235E+00,-2.256E-01,5.577E+00,4.264E+00,3.142E+00,1.703E-02,1.880E+00,2.080E+00,1.153E-01,3.900E+00,1.166E+00,-2.914E-01,6.526E+00,5.469E+00,3.142E+00,7.214E-02,1.163E+00,1.788E+00,6.795E-02,6.238E+00
85,0.000E+00,0.000E+00,4.487E-02,3.906E-06,1.578E-01,1.618E-01,1.129E-01,3.116E-01,1.833E+01,1.035E+00,-2.631E-01,6.608E+00,8.505E+00,3.142E+00,8.896E-02,9.849E-01,1.689E+00,9.988E-02,4.299E+00,1.159E+00,-2.154E-01,5.817E+00,5.249E+00,3.142E+00,4.890E-02,1.478E+00,1.914E+00,1.123E-01,3.999E+00,1.044E+00,-2.736E-01,6.760E+00,8.188E+00,3.142E+00,7.990E-02,9.877E-01,1.583E+00,6.542E-02,6.468E+00
86,0.000E+00,0.000E+00,3.489E-02,4.688E-06,1.265E-01,1.284E-01,9.162E-02,2.512E-01,1.470E+01,9.820E-01,-2.478E-01,6.425E+00,1.080E+01,3.142E+00,8.890E-02,8.277E-01,1.417E+00,9.260E-02,4.588E+00,1.098E+00,-2.051E-01,6.057E+00,6.234E+00,3.142E+00,8.078E-02,1.076E+00,1.748E+00,1.094E-01,4.098E+00,9.629E-01,-2.557E-01,6.995E+00,1.091E+01,3.142E+00,8.766E-02,8.119E-01,1.377E+00,6.289E-02,6.699E+00
87,0.000E+00,0.000E+00,1.776E-02,2.344E-06,6.412E-02,6.522E-02,4.632E-02,1.271E-01,7.447E+00,1.254E+00,-1.239E-01,3.213E+00,5.398E+00,1.571E+00,4.445E-02,4.138E-01,7.086E-01,4.630E-02,2.294E+00,1.406E+00,-1.026E-01,3.029E+00,3.117E+00,1.571E+00,4.039E-02,5.381E-01,8.742E-01,5.469E-02,2.049E+00,1.230E+00,-1.279E-01,3.497E+00,5.453E+00,1.571E+00,4.383E-02,4.060E-01,6.887E-01,3.144E-02,3.349E+00
88,0.000E+00,0.000E+00,6.344E-04,0.000E+00,1.709E-03,1.988E-03,1.022E-03,2.997E-03,1.948E-01,3.142E+00,0.000E+00,0.000E+00,0.000E+00,0.000E+00,0.000E+00,0.000E+00,0.000E+00,0.000E+00,0.000E+00,3.142E+00,0.000E+00,0.000E+00,0.000E+00,0.000E+00,0.000E+00,0.000E+00,0.000E+00,0.000E+00,0.000E+00,3.142E+00,0.000E+00,0.000E+00,0.000E+00,0.000E+00,0.000E+00,0.000E+00,0.000E+00,0.000E+00,0.000E+00
89,0.000E+00,0.000E+00,0.000E+00,0.000E+00,0.000E+00,0.000E+00,0.000E+00,0.000E+00,0.000E+00,3.142E+00,0.000E+00,0.000E+00,0.000E+00,0.000E+00,0.000E+00,0.000E+00,0.000E+00,0.000E+00,0.000E+00,3.142E+00,0.000E+00,0.000E+00,0.000E+00,0.000E+00,0.000E+00,0.000E+00,0.000E+00,0.000E+00,0.000E+00,3.142E+00,0.000E+00,0.000E+00,0.000E+00,0.000E+00,0.000E+00,0.000E+00,0.000E+00,0.000E+00,0.000E+00
