alpha,H,He,Ca,Al,Si,O,Ca_1,O_1,Si_2,O_2,Al_3,O_3,amu/ion,phiK_Al,phiTilt_Al,phiM_Al,phiN_Al,thetaK_Al,thetaTilt_Al,thetaM_Al,thetaN_Al,energyK_Al,energyE_Al,phiK_Ca,phiTilt_Ca,phiM_Ca,phiN_Ca,thetaK_Ca,thetaTilt_Ca,thetaM_Ca,thetaN_Ca,energyK_Ca,energyE_Ca,phiK_O,phiTilt_O,phiM_O,phiN_O,thetaK_O,thetaTilt_O,thetaM_O,thetaN_O,energyK_O,energyE_O,phiK_Si,phiTilt_Si,phiM_Si,phiN_Si,thetaK_Si,thetaTilt_Si,thetaM_Si,thetaN_Si,energyK_Si,energyE_Si
0,0.000E+00,0.000E+00,1.855E-05,1.298E-03,1.550E-03,0.000E+00,1.414E-03,1.921E-03,1.543E-03,5.660E-03,3.174E-04,4.248E-04,3.161E-01,1.824E+00,-6.988E-03,1.495E+00,1.212E+00,3.142E+00,-4.758E-03,2.513E+00,2.441E+00,1.109E-01,2.949E+00,1.773E+00,3.364E-03,1.496E+00,1.388E+00,3.142E+00,-7.275E-03,2.636E+00,2.520E+00,9.451E-02,3.094E+00,1.690E+00,-3.574E-02,1.888E+00,1.622E+00,3.142E+00,-2.628E-03,2.678E+00,2.634E+00,1.098E-01,3.225E+00,1.790E+00,1.307E-02,1.264E+00,1.555E+00,3.142E+00,-8.451E-03,2.512E+00,2.386E+00,5.697E-02,4.927E+00
1,0.000E+00,0.000E+00,1.624E-05,1.136E-03,1.608E-03,0.000E+00,1.385E-03,1.883E-03,1.402E-03,5.193E-03,5.862E-04,1.108E-03,3.182E-01,1.827E+00,-2.415E-02,1.586E+00,1.202E+00,3.142E+00,-4.513E-03,2.526E+00,2.458E+00,1.065E-01,3.080E+00,1.769E+00,-2.494E-03,1.510E+00,1.407E+00,3.142E+00,-7.481E-03,2.640E+00,2.520E+00,9.407E-02,3.105E+00,1.690E+00,-4.337E-02,1.906E+00,1.647E+00,3.142E+00,-2.560E-03,2.673E+00,2.631E+00,1.107E-01,3.204E+00,1.772E+00,-4.799E-03,1.371E+00,1.545E+00,3.142E+00,-7.654E-03,2.500E+00,2.385E+00,5.802E-02,4.866E+00
2,0.000E+00,0.000E+00,1.392E-05,9.734E-04,1.666E-03,0.000E+00,1.355E-03,1.844E-03,1.260E-03,4.726E-03,8.550E-04,1.792E-03,3.203E-01,1.831E+00,-4.132E-02,1.678E+00,1.193E+00,3.142E+00,-4.267E-03,2.540E+00,2.474E+00,1.020E-01,3.211E+00,1.768E+00,-8.352E-03,1.525E+00,1.425E+00,3.142E+00,-7.688E-03,2.643E+00,2.520E+00,9.364E-02,3.117E+00,1.690E+00,-5.100E-02,1.925E+00,1.672E+00,3.142E+00,-2.492E-03,2.669E+00,2.627E+00,1.116E-01,3.182E+00,1.770E+00,-2.267E-02,1.478E+00,1.534E+00,3.142E+00,-6.858E-03,2.488E+00,2.385E+00,5.908E-02,4.805E+00
3,0.000E+00,0.000E+00,1.160E-05,8.112E-04,1.724E-03,0.000E+00,1.326E-03,1.806E-03,1.119E-03,4.259E-03,1.124E-03,2.475E-03,3.225E-01,1.836E+00,-5.849E-02,1.769E+00,1.183E+00,3.142E+00,-4.022E-03,2.553E+00,2.491E+00,9.764E-02,3.343E+00,1.768E+00,-1.421E-02,1.540E+00,1.443E+00,3.142E+00,-7.895E-03,2.647E+00,2.520E+00,9.320E-02,3.128E+00,1.690E+00,-5.863E-02,1.943E+00,1.697E+00,3.142E+00,-2.423E-03,2.664E+00,2.624E+00,1.125E-01,3.161E+00,1.770E+00,-4.054E-02,1.586E+00,1.524E+00,3.142E+00,-6.061E-03,2.476E+00,2.385E+00,6.013E-02,4.743E+00
4,0.000E+00,0.000E+00,1.044E-05,7.300E-04,1.753E-03,0.000E+00,1.311E-03,1.787E-03,1.048E-03,4.026E-03,1.258E-03,2.817E-03,3.235E-01,1.839E+00,-6.707E-02,1.814E+00,1.178E+00,3.142E+00,-3.899E-03,2.559E+00,2.499E+00,9.544E-02,3.408E+00,1.768E+00,-1.714E-02,1.547E+00,1.452E+00,3.142E+00,-7.998E-03,2.648E+00,2.520E+00,9.298E-02,3.134E+00,1.690E+00,-6.245E-02,1.952E+00,1.710E+00,3.142E+00,-2.389E-03,2.662E+00,2.622E+00,1.130E-01,3.151E+00,1.770E+00,-4.948E-02,1.639E+00,1.519E+00,3.142E+00,-5.663E-03,2.470E+00,2.385E+00,6.066E-02,4.713E+00
5,0.000E+00,0.000E+00,9.277E-06,6.489E-04,1.782E-03,0.000E+00,1.296E-03,1.768E-03,9.775E-04,3.792E-03,1.393E-03,3.158E-03,3.246E-01,1.841E+00,-7.565E-02,1.860E+00,1.173E+00,3.142E+00,-3.776E-03,2.566E+00,2.507E+00,9.323E-02,3.474E+00,1.767E+00,-2.007E-02,1.554E+00,1.461E+00,3.142E+00,-8.101E-03,2.650E+00,2.519E+00,9.277E-02,3.139E+00,1.690E+00,-6.627E-02,1.961E+00,1.723E+00,3.142E+00,-2.355E-03,2.660E+00,2.621E+00,1.134E-01,3.140E+00,1.770E+00,-5.841E-02,1.693E+00,1.514E+00,3.142E+00,-5.264E-03,2.464E+00,2.385E+00,6.119E-02,4.682E+00
6,0.000E+00,0.000E+00,6.958E-06,4.867E-04,1.840E-03,0.000E+00,1.267E-03,1.729E-03,8.362E-04,3.325E-03,1.661E-03,3.842E-03,3.267E-01,1.847E+00,-9.282E-02,1.951E+00,1.164E+00,3.142E+00,-3.531E-03,2.579E+00,2.524E+00,8.883E-02,3.605E+00,1.767E+00,-2.593E-02,1.569E+00,1.480E+00,3.142E+00,-8.308E-03,2.653E+00,2.519E+00,9.233E-02,3.151E+00,1.690E+00,-7.390E-02,1.980E+00,1.748E+00,3.142E+00,-2.287E-03,2.655E+00,2.617E+00,1.143E-01,3.119E+00,1.771E+00,-7.628E-02,1.800E+00,1.503E+00,3.142E+00,-4.468E-03,2.452E+00,2.385E+00,6.224E-02,4.621E+00
7,0.000E+00,0.000E+00,4.639E-06,3.245E-04,1.898E-03,0.000E+00,1.238E-03,1.691E-03,6.948E-04,2.858E-03,1.930E-03,4.525E-03,3.288E-01,1.853E+00,-1.100E-01,2.042E+00,1.154E+00,3.142E+00,-3.285E-03,2.592E+00,2.540E+00,8.442E-02,3.737E+00,1.766E+00,-3.178E-02,1.584E+00,1.498E+00,3.142E+00,-8.514E-03,2.657E+00,2.519E+00,9.190E-02,3.162E+00,1.690E+00,-8.153E-02,1.998E+00,1.773E+00,3.142E+00,-2.219E-03,2.650E+00,2.614E+00,1.153E-01,3.097E+00,1.773E+00,-9.415E-02,1.907E+00,1.493E+00,3.142E+00,-3.671E-03,2.440E+00,2.385E+00,6.329E-02,4.559E+00
8,0.000E+00,0.000E+00,2.319E-06,1.622E-04,1.957E-03,0.000E+00,1.208E-03,1.653E-03,5.535E-04,2.391E-03,2.199E-03,5.208E-03,3.310E-01,1.860E+00,-1.272E-01,2.134E+00,1.144E+00,3.142E+00,-3.039E-03,2.605E+00,2.557E+00,8.002E-02,3.868E+00,1.766E+00,-3.764E-02,1.599E+00,1.516E+00,3.142E+00,-8.721E-03,2.660E+00,2.519E+00,9.146E-02,3.173E+00,1.690E+00,-8.916E-02,2.016E+00,1.798E+00,3.142E+00,-2.151E-03,2.646E+00,2.611E+00,1.162E-01,3.076E+00,1.776E+00,-1.120E-01,2.014E+00,1.482E+00,3.142E+00,-2.874E-03,2.428E+00,2.385E+00,6.435E-02,4.498E+00
9,0.000E+00,0.000E+00,1.160E-06,8.112E-05,1.986E-03,0.000E+00,1.193E-03,1.633E-03,4.828E-04,2.157E-03,2.333E-03,5.550E-03,3.320E-01,1.864E+00,-1.357E-01,2.179E+00,1.140E+00,3.142E+00,-2.917E-03,2.612E+00,2.565E+00,7.781E-02,3.934E+00,1.766E+00,-4.057E-02,1.606E+00,1.525E+00,3.142E+00,-8.824E-03,2.662E+00,2.519E+00,9.124E-02,3.179E+00,1.690E+00,-9.298E-02,2.025E+00,1.811E+00,3.142E+00,-2.116E-03,2.643E+00,2.609E+00,1.166E-01,3.065E+00,1.778E+00,-1.210E-01,2.068E+00,1.477E+00,3.142E+00,-2.476E-03,2.422E+00,2.385E+00,6.487E-02,4.467E+00
10,0.000E+00,0.000E+00,0.000E+00,0.000E+00,2.015E-03,0.000E+00,1.179E-03,1.614E-03,4.121E-04,1.924E-03,2.468E-03,5.892E-03,3.331E-01,1.867E+00,-1.443E-01,2.225E+00,1.135E+00,3.142E+00,-2.794E-03,2.618E+00,2.573E+00,7.561E-02,3.999E+00,1.765E+00,-4.350E-02,1.613E+00,1.534E+00,3.142E+00,-8.927E-03,2.663E+00,2.519E+00,9.103E-02,3.185E+00,1.690E+00,-9.680E-02,2.034E+00,1.823E+00,3.142E+00,-2.082E-03,2.641E+00,2.607E+00,1.171E-01,3.055E+00,1.780E+00,-1.299E-01,2.121E+00,1.472E+00,3.142E+00,-2.078E-03,2.416E+00,2.385E+00,6.540E-02,4.437E+00
11,0.000E+00,0.000E+00,0.000E+00,0.000E+00,2.042E-03,0.000E+00,1.208E-03,1.639E-03,4.377E-04,2.029E-03,2.501E-03,5.994E-03,3.403E-01,1.850E+00,-1.565E-01,2.298E+00,1.200E+00,3.142E+00,-2.657E-03,2.598E+00,2.556E+00,7.541E-02,4.007E+00,1.757E+00,-7.065E-02,1.816E+00,1.528E+00,3.142E+00,-8.550E-03,2.646E+00,2.509E+00,9.066E-02,3.195E+00,1.689E+00,-1.069E-01,2.088E+00,1.838E+00,3.142E+00,-1.996E-03,2.649E+00,2.616E+00,1.158E-01,3.084E+00,1.780E+00,-1.308E-01,2.072E+00,1.505E+00,3.142E+00,-2.009E-03,2.416E+00,2.386E+00,6.547E-02,4.433E+00
12,0.000E+00,0.000E+00,0.000E+00,0.000E+00,2.070E-03,0.000E+00,1.237E-03,1.664E-03,4.634E-04,2.133E-03,2.534E-03,6.097E-03,3.474E-01,1.834E+00,-1.687E-01,2.370E+00,1.265E+00,3.142E+00,-2.520E-03,2.579E+00,2.539E+00,7.522E-02,4.016E+00,1.753E+00,-9.780E-02,2.019E+00,1.523E+00,3.142E+00,-8.172E-03,2.630E+00,2.498E+00,9.029E-02,3.205E+00,1.688E+00,-1.171E-01,2.142E+00,1.853E+00,3.142E+00,-1.909E-03,2.656E+00,2.625E+00,1.146E-01,3.114E+00,1.781E+00,-1.316E-01,2.023E+00,1.538E+00,3.142E+00,-1.939E-03,2.416E+00,2.388E+00,6.555E-02,4.429E+00
13,0.000E+00,0.000E+00,0.000E+00,0.000E+00,2.097E-03,0.000E+00,1.266E-03,1.689E-03,4.890E-04,2.238E-03,2.567E-03,6.199E-03,3.546E-01,1.819E+00,-1.808E-01,2.443E+00,1.331E+00,3.142E+00,-2.383E-03,2.559E+00,2.521E+00,7.502E-02,4.024E+00,1.751E+00,-1.250E-01,2.221E+00,1.517E+00,3.142E+00,-7.795E-03,2.613E+00,2.488E+00,8.992E-02,3.215E+00,1.687E+00,-1.272E-01,2.196E+00,1.867E+00,3.142E+00,-1.823E-03,2.663E+00,2.633E+00,1.133E-01,3.144E+00,1.783E+00,-1.325E-01,1.975E+00,1.570E+00,3.142E+00,-1.870E-03,2.417E+00,2.389E+00,6.562E-02,4.425E+00
14,0.000E+00,0.000E+00,0.000E+00,0.000E+00,2.111E-03,0.000E+00,1.280E-03,1.701E-03,5.018E-04,2.290E-03,2.584E-03,6.250E-03,3.582E-01,1.812E+00,-1.869E-01,2.480E+00,1.363E+00,3.142E+00,-2.314E-03,2.549E+00,2.513E+00,7.492E-02,4.028E+00,1.750E+00,-1.385E-01,2.323E+00,1.514E+00,3.142E+00,-7.606E-03,2.604E+00,2.483E+00,8.973E-02,3.220E+00,1.686E+00,-1.323E-01,2.222E+00,1.875E+00,3.142E+00,-1.779E-03,2.667E+00,2.638E+00,1.127E-01,3.159E+00,1.783E+00,-1.329E-01,1.950E+00,1.587E+00,3.142E+00,-1.836E-03,2.417E+00,2.390E+00,6.565E-02,4.424E+00
15,0.000E+00,0.000E+00,0.000E+00,0.000E+00,2.125E-03,0.000E+00,1.295E-03,1.714E-03,5.146E-04,2.343E-03,2.601E-03,6.302E-03,3.618E-01,1.804E+00,-1.930E-01,2.516E+00,1.396E+00,3.142E+00,-2.246E-03,2.539E+00,2.504E+00,7.482E-02,4.032E+00,1.751E+00,-1.521E-01,2.424E+00,1.511E+00,3.142E+00,-7.417E-03,2.596E+00,2.478E+00,8.955E-02,3.225E+00,1.686E+00,-1.373E-01,2.249E+00,1.882E+00,3.142E+00,-1.736E-03,2.671E+00,2.642E+00,1.121E-01,3.174E+00,1.784E+00,-1.334E-01,1.926E+00,1.603E+00,3.142E+00,-1.801E-03,2.417E+00,2.390E+00,6.569E-02,4.422E+00
16,0.000E+00,0.000E+00,0.000E+00,0.000E+00,2.153E-03,0.000E+00,1.324E-03,1.739E-03,5.403E-04,2.448E-03,2.634E-03,6.404E-03,3.689E-01,1.791E+00,-2.052E-01,2.589E+00,1.461E+00,3.142E+00,-2.109E-03,2.519E+00,2.487E+00,7.463E-02,4.041E+00,1.753E+00,-1.793E-01,2.626E+00,1.505E+00,3.142E+00,-7.040E-03,2.579E+00,2.468E+00,8.918E-02,3.235E+00,1.685E+00,-1.475E-01,2.303E+00,1.897E+00,3.142E+00,-1.649E-03,2.678E+00,2.651E+00,1.108E-01,3.204E+00,1.786E+00,-1.343E-01,1.877E+00,1.636E+00,3.142E+00,-1.732E-03,2.417E+00,2.392E+00,6.576E-02,4.418E+00
17,0.000E+00,0.000E+00,0.000E+00,0.000E+00,2.180E-03,0.000E+00,1.353E-03,1.764E-03,5.659E-04,2.552E-03,2.667E-03,6.507E-03,3.761E-01,1.778E+00,-2.174E-01,2.661E+00,1.527E+00,3.142E+00,-1.972E-03,2.500E+00,2.469E+00,7.443E-02,4.049E+00,1.756E+00,-2.064E-01,2.829E+00,1.499E+00,3.142E+00,-6.662E-03,2.562E+00,2.458E+00,8.881E-02,3.246E+00,1.685E+00,-1.576E-01,2.357E+00,1.912E+00,3.142E+00,-1.563E-03,2.686E+00,2.660E+00,1.096E-01,3.234E+00,1.789E+00,-1.351E-01,1.828E+00,1.669E+00,3.142E+00,-1.663E-03,2.418E+00,2.393E+00,6.584E-02,4.414E+00
18,0.000E+00,0.000E+00,0.000E+00,0.000E+00,2.208E-03,0.000E+00,1.382E-03,1.789E-03,5.916E-04,2.657E-03,2.700E-03,6.609E-03,3.833E-01,1.765E+00,-2.295E-01,2.734E+00,1.592E+00,3.142E+00,-1.835E-03,2.480E+00,2.452E+00,7.424E-02,4.057E+00,1.761E+00,-2.336E-01,3.032E+00,1.494E+00,3.142E+00,-6.285E-03,2.545E+00,2.448E+00,8.844E-02,3.256E+00,1.684E+00,-1.677E-01,2.411E+00,1.927E+00,3.142E+00,-1.476E-03,2.693E+00,2.668E+00,1.083E-01,3.263E+00,1.791E+00,-1.360E-01,1.779E+00,1.702E+00,3.142E+00,-1.594E-03,2.418E+00,2.394E+00,6.591E-02,4.410E+00
19,0.000E+00,0.000E+00,0.000E+00,0.000E+00,2.222E-03,0.000E+00,1.397E-03,1.801E-03,6.044E-04,2.709E-03,2.717E-03,6.661E-03,3.868E-01,1.759E+00,-2.356E-01,2.771E+00,1.625E+00,3.142E+00,-1.766E-03,2.470E+00,2.443E+00,7.414E-02,4.061E+00,1.764E+00,-2.471E-01,3.133E+00,1.491E+00,3.142E+00,-6.096E-03,2.537E+00,2.443E+00,8.826E-02,3.261E+00,1.684E+00,-1.728E-01,2.437E+00,1.934E+00,3.142E+00,-1.433E-03,2.697E+00,2.673E+00,1.077E-01,3.278E+00,1.793E+00,-1.364E-01,1.755E+00,1.719E+00,3.142E+00,-1.559E-03,2.418E+00,2.395E+00,6.595E-02,4.409E+00
20,0.000E+00,0.000E+00,0.000E+00,0.000E+00,2.235E-03,0.000E+00,1.411E-03,1.813E-03,6.172E-04,2.762E-03,2.733E-03,6.712E-03,3.904E-01,1.753E+00,-2.417E-01,2.807E+00,1.657E+00,3.142E+00,-1.698E-03,2.460E+00,2.435E+00,7.404E-02,4.065E+00,1.767E+00,-2.607E-01,3.234E+00,1.488E+00,3.142E+00,-5.907E-03,2.528E+00,2.438E+00,8.807E-02,3.266E+00,1.683E+00,-1.779E-01,2.464E+00,1.941E+00,3.142E+00,-1.390E-03,2.701E+00,2.677E+00,1.071E-01,3.293E+00,1.794E+00,-1.369E-01,1.730E+00,1.735E+00,3.142E+00,-1.525E-03,2.418E+00,2.396E+00,6.598E-02,4.407E+00
21,0.000E+00,0.000E+00,0.000E+00,0.000E+00,2.309E-03,0.000E+00,1.462E-03,1.885E-03,6.477E-04,2.886E-03,2.836E-03,6.890E-03,4.042E-01,1.748E+00,-2.558E-01,2.943E+00,1.670E+00,3.142E+00,-2.074E-03,2.486E+00,2.454E+00,7.381E-02,4.075E+00,1.764E+00,-2.791E-01,3.402E+00,1.502E+00,3.142E+00,-5.152E-03,2.517E+00,2.439E+00,8.872E-02,3.248E+00,1.685E+00,-1.908E-01,2.571E+00,1.920E+00,3.142E+00,-1.390E-03,2.700E+00,2.676E+00,1.071E-01,3.294E+00,1.793E+00,-1.638E-01,1.930E+00,1.689E+00,3.142E+00,-1.994E-03,2.436E+00,2.406E+00,6.585E-02,4.414E+00
22,0.000E+00,0.000E+00,0.000E+00,0.000E+00,2.383E-03,0.000E+00,1.512E-03,1.957E-03,6.782E-04,3.010E-03,2.938E-03,7.067E-03,4.180E-01,1.744E+00,-2.700E-01,3.078E+00,1.683E+00,3.142E+00,-2.451E-03,2.512E+00,2.474E+00,7.358E-02,4.085E+00,1.762E+00,-2.975E-01,3.569E+00,1.516E+00,3.142E+00,-4.396E-03,2.506E+00,2.439E+00,8.937E-02,3.231E+00,1.688E+00,-2.037E-01,2.677E+00,1.899E+00,3.142E+00,-1.390E-03,2.699E+00,2.676E+00,1.071E-01,3.294E+00,1.796E+00,-1.908E-01,2.130E+00,1.643E+00,3.142E+00,-2.464E-03,2.453E+00,2.416E+00,6.571E-02,4.421E+00
23,0.000E+00,0.000E+00,0.000E+00,0.000E+00,2.457E-03,0.000E+00,1.563E-03,2.029E-03,7.087E-04,3.133E-03,3.041E-03,7.245E-03,4.318E-01,1.740E+00,-2.841E-01,3.214E+00,1.696E+00,3.142E+00,-2.828E-03,2.538E+00,2.493E+00,7.335E-02,4.095E+00,1.761E+00,-3.160E-01,3.737E+00,1.530E+00,3.142E+00,-3.641E-03,2.495E+00,2.439E+00,9.001E-02,3.213E+00,1.691E+00,-2.167E-01,2.784E+00,1.878E+00,3.142E+00,-1.390E-03,2.698E+00,2.675E+00,1.070E-01,3.295E+00,1.801E+00,-2.177E-01,2.331E+00,1.597E+00,3.142E+00,-2.934E-03,2.471E+00,2.426E+00,6.558E-02,4.428E+00
24,0.000E+00,0.000E+00,0.000E+00,0.000E+00,2.494E-03,0.000E+00,1.588E-03,2.065E-03,7.240E-04,3.195E-03,3.092E-03,7.334E-03,4.387E-01,1.738E+00,-2.912E-01,3.281E+00,1.703E+00,3.142E+00,-3.016E-03,2.551E+00,2.503E+00,7.324E-02,4.100E+00,1.760E+00,-3.252E-01,3.820E+00,1.537E+00,3.142E+00,-3.263E-03,2.489E+00,2.439E+00,9.034E-02,3.205E+00,1.693E+00,-2.231E-01,2.837E+00,1.867E+00,3.142E+00,-1.390E-03,2.698E+00,2.675E+00,1.070E-01,3.295E+00,1.805E+00,-2.312E-01,2.431E+00,1.574E+00,3.142E+00,-3.169E-03,2.480E+00,2.431E+00,6.551E-02,4.431E+00
25,0.000E+00,0.000E+00,0.000E+00,0.000E+00,2.531E-03,0.000E+00,1.613E-03,2.101E-03,7.393E-04,3.257E-03,3.143E-03,7.423E-03,4.456E-01,1.736E+00,-2.982E-01,3.349E+00,1.710E+00,3.142E+00,-3.204E-03,2.564E+00,2.513E+00,7.312E-02,4.105E+00,1.760E+00,-3.344E-01,3.904E+00,1.544E+00,3.142E+00,-2.885E-03,2.483E+00,2.439E+00,9.066E-02,3.196E+00,1.694E+00,-2.296E-01,2.891E+00,1.856E+00,3.142E+00,-1.390E-03,2.698E+00,2.674E+00,1.070E-01,3.295E+00,1.810E+00,-2.447E-01,2.531E+00,1.551E+00,3.142E+00,-3.404E-03,2.488E+00,2.436E+00,6.544E-02,4.435E+00
26,0.000E+00,0.000E+00,0.000E+00,0.000E+00,2.605E-03,0.000E+00,1.664E-03,2.173E-03,7.698E-04,3.381E-03,3.245E-03,7.601E-03,4.594E-01,1.733E+00,-3.123E-01,3.485E+00,1.723E+00,3.142E+00,-3.581E-03,2.590E+00,2.532E+00,7.289E-02,4.115E+00,1.759E+00,-3.528E-01,4.072E+00,1.558E+00,3.142E+00,-2.130E-03,2.472E+00,2.440E+00,9.131E-02,3.179E+00,1.698E+00,-2.425E-01,2.997E+00,1.835E+00,3.142E+00,-1.390E-03,2.697E+00,2.673E+00,1.070E-01,3.296E+00,1.820E+00,-2.716E-01,2.731E+00,1.505E+00,3.142E+00,-3.874E-03,2.506E+00,2.446E+00,6.530E-02,4.442E+00
27,0.000E+00,0.000E+00,0.000E+00,0.000E+00,2.679E-03,0.000E+00,1.714E-03,2.245E-03,8.003E-04,3.505E-03,3.348E-03,7.778E-03,4.731E-01,1.731E+00,-3.265E-01,3.620E+00,1.736E+00,3.142E+00,-3.958E-03,2.616E+00,2.551E+00,7.266E-02,4.125E+00,1.759E+00,-3.712E-01,4.239E+00,1.572E+00,3.142E+00,-1.374E-03,2.461E+00,2.440E+00,9.196E-02,3.161E+00,1.703E+00,-2.554E-01,3.104E+00,1.814E+00,3.142E+00,-1.390E-03,2.696E+00,2.673E+00,1.070E-01,3.296E+00,1.833E+00,-2.985E-01,2.931E+00,1.460E+00,3.142E+00,-4.343E-03,2.524E+00,2.457E+00,6.517E-02,4.449E+00
28,0.000E+00,0.000E+00,0.000E+00,0.000E+00,2.753E-03,0.000E+00,1.765E-03,2.317E-03,8.308E-04,3.629E-03,3.450E-03,7.956E-03,4.869E-01,1.728E+00,-3.406E-01,3.756E+00,1.749E+00,3.142E+00,-4.334E-03,2.642E+00,2.571E+00,7.244E-02,4.135E+00,1.759E+00,-3.896E-01,4.407E+00,1.586E+00,3.142E+00,-6.185E-04,2.450E+00,2.440E+00,9.260E-02,3.144E+00,1.708E+00,-2.684E-01,3.210E+00,1.793E+00,3.142E+00,-1.390E-03,2.695E+00,2.672E+00,1.070E-01,3.297E+00,1.847E+00,-3.255E-01,3.131E+00,1.414E+00,3.142E+00,-4.813E-03,2.541E+00,2.467E+00,6.503E-02,4.456E+00
29,0.000E+00,0.000E+00,0.000E+00,0.000E+00,2.790E-03,0.000E+00,1.790E-03,2.353E-03,8.461E-04,3.691E-03,3.502E-03,8.045E-03,4.938E-01,1.727E+00,-3.477E-01,3.824E+00,1.755E+00,3.142E+00,-4.523E-03,2.654E+00,2.581E+00,7.232E-02,4.140E+00,1.759E+00,-3.988E-01,4.490E+00,1.593E+00,3.142E+00,-2.408E-04,2.444E+00,2.440E+00,9.293E-02,3.135E+00,1.710E+00,-2.748E-01,3.264E+00,1.782E+00,3.142E+00,-1.390E-03,2.695E+00,2.672E+00,1.069E-01,3.297E+00,1.855E+00,-3.390E-01,3.232E+00,1.391E+00,3.142E+00,-5.048E-03,2.550E+00,2.472E+00,6.496E-02,4.459E+00
30,0.000E+00,0.000E+00,0.000E+00,0.000E+00,2.827E-03,0.000E+00,1.815E-03,2.389E-03,8.613E-04,3.753E-03,3.553E-03,8.134E-03,5.007E-01,1.726E+00,-3.547E-01,3.891E+00,1.762E+00,3.142E+00,-4.711E-03,2.667E+00,2.590E+00,7.221E-02,4.145E+00,1.759E+00,-4.080E-01,4.574E+00,1.600E+00,3.142E+00,1.370E-04,2.438E+00,2.441E+00,9.325E-02,3.126E+00,1.713E+00,-2.813E-01,3.317E+00,1.771E+00,3.142E+00,-1.390E-03,2.695E+00,2.671E+00,1.069E-01,3.297E+00,1.863E+00,-3.524E-01,3.332E+00,1.368E+00,3.142E+00,-5.283E-03,2.559E+00,2.477E+00,6.490E-02,4.463E+00
31,0.000E+00,0.000E+00,0.000E+00,0.000E+00,3.008E-03,0.000E+00,1.949E-03,2.594E-03,9.476E-04,4.041E-03,3.829E-03,8.716E-03,5.382E-01,1.722E+00,-3.716E-01,4.084E+00,1.780E+00,3.142E+00,-4.874E-03,2.672E+00,2.592E+00,7.211E-02,4.150E+00,1.749E+00,-4.295E-01,5.047E+00,1.601E+00,3.142E+00,-3.702E-04,2.472E+00,2.465E+00,9.220E-02,3.155E+00,1.705E+00,-2.875E-01,3.375E+00,1.809E+00,3.142E+00,-1.353E-03,2.698E+00,2.675E+00,1.062E-01,3.317E+00,1.849E+00,-3.757E-01,3.650E+00,1.395E+00,3.142E+00,-5.088E-03,2.568E+00,2.489E+00,6.400E-02,4.515E+00
32,0.000E+00,0.000E+00,0.000E+00,0.000E+00,3.099E-03,0.000E+00,2.016E-03,2.697E-03,9.908E-04,4.185E-03,3.967E-03,9.006E-03,5.569E-01,1.720E+00,-3.801E-01,4.181E+00,1.789E+00,3.142E+00,-4.955E-03,2.674E+00,2.592E+00,7.207E-02,4.152E+00,1.745E+00,-4.403E-01,5.284E+00,1.602E+00,3.142E+00,-6.238E-04,2.488E+00,2.478E+00,9.167E-02,3.170E+00,1.701E+00,-2.906E-01,3.404E+00,1.828E+00,3.142E+00,-1.335E-03,2.700E+00,2.677E+00,1.059E-01,3.327E+00,1.842E+00,-3.874E-01,3.809E+00,1.408E+00,3.142E+00,-4.990E-03,2.573E+00,2.495E+00,6.356E-02,4.541E+00
33,0.000E+00,0.000E+00,0.000E+00,0.000E+00,3.190E-03,0.000E+00,2.083E-03,2.800E-03,1.034E-03,4.330E-03,4.105E-03,9.297E-03,5.757E-01,1.718E+00,-3.885E-01,4.277E+00,1.798E+00,3.142E+00,-5.036E-03,2.676E+00,2.593E+00,7.202E-02,4.154E+00,1.741E+00,-4.510E-01,5.520E+00,1.603E+00,3.142E+00,-8.774E-04,2.505E+00,2.490E+00,9.114E-02,3.185E+00,1.698E+00,-2.937E-01,3.433E+00,1.847E+00,3.142E+00,-1.316E-03,2.702E+00,2.679E+00,1.055E-01,3.337E+00,1.836E+00,-3.990E-01,3.968E+00,1.421E+00,3.142E+00,-4.893E-03,2.578E+00,2.501E+00,6.311E-02,4.567E+00
34,0.000E+00,0.000E+00,0.000E+00,0.000E+00,3.280E-03,0.000E+00,2.150E-03,2.903E-03,1.077E-03,4.474E-03,4.244E-03,9.588E-03,5.944E-01,1.716E+00,-3.969E-01,4.373E+00,1.808E+00,3.142E+00,-5.118E-03,2.678E+00,2.594E+00,7.197E-02,4.156E+00,1.738E+00,-4.618E-01,5.757E+00,1.604E+00,3.142E+00,-1.131E-03,2.521E+00,2.502E+00,9.061E-02,3.200E+00,1.694E+00,-2.968E-01,3.462E+00,1.865E+00,3.142E+00,-1.298E-03,2.703E+00,2.681E+00,1.051E-01,3.346E+00,1.831E+00,-4.107E-01,4.127E+00,1.435E+00,3.142E+00,-4.795E-03,2.582E+00,2.507E+00,6.266E-02,4.592E+00
35,0.000E+00,0.000E+00,0.000E+00,0.000E+00,3.371E-03,0.000E+00,2.216E-03,3.006E-03,1.120E-03,4.618E-03,4.382E-03,9.879E-03,6.132E-01,1.714E+00,-4.054E-01,4.470E+00,1.817E+00,3.142E+00,-5.199E-03,2.680E+00,2.594E+00,7.193E-02,4.158E+00,1.735E+00,-4.725E-01,5.993E+00,1.604E+00,3.142E+00,-1.385E-03,2.538E+00,2.515E+00,9.009E-02,3.214E+00,1.690E+00,-2.999E-01,3.491E+00,1.884E+00,3.142E+00,-1.279E-03,2.705E+00,2.683E+00,1.048E-01,3.356E+00,1.826E+00,-4.223E-01,4.286E+00,1.448E+00,3.142E+00,-4.698E-03,2.587E+00,2.513E+00,6.221E-02,4.618E+00
36,0.000E+00,0.000E+00,0.000E+00,0.000E+00,3.462E-03,0.000E+00,2.283E-03,3.109E-03,1.163E-03,4.762E-03,4.520E-03,1.017E-02,6.319E-01,1.712E+00,-4.138E-01,4.566E+00,1.826E+00,3.142E+00,-5.281E-03,2.682E+00,2.595E+00,7.188E-02,4.160E+00,1.733E+00,-4.832E-01,6.230E+00,1.605E+00,3.142E+00,-1.638E-03,2.555E+00,2.527E+00,8.956E-02,3.229E+00,1.687E+00,-3.030E-01,3.520E+00,1.903E+00,3.142E+00,-1.261E-03,2.707E+00,2.685E+00,1.044E-01,3.366E+00,1.821E+00,-4.340E-01,4.445E+00,1.462E+00,3.142E+00,-4.600E-03,2.592E+00,2.519E+00,6.177E-02,4.644E+00
37,0.000E+00,0.000E+00,0.000E+00,0.000E+00,3.552E-03,0.000E+00,2.350E-03,3.211E-03,1.207E-03,4.906E-03,4.658E-03,1.046E-02,6.506E-01,1.711E+00,-4.223E-01,4.663E+00,1.835E+00,3.142E+00,-5.362E-03,2.684E+00,2.596E+00,7.183E-02,4.162E+00,1.731E+00,-4.940E-01,6.466E+00,1.606E+00,3.142E+00,-1.892E-03,2.571E+00,2.539E+00,8.903E-02,3.244E+00,1.683E+00,-3.061E-01,3.549E+00,1.922E+00,3.142E+00,-1.243E-03,2.709E+00,2.687E+00,1.041E-01,3.376E+00,1.817E+00,-4.456E-01,4.604E+00,1.475E+00,3.142E+00,-4.502E-03,2.596E+00,2.525E+00,6.132E-02,4.670E+00
38,0.000E+00,0.000E+00,0.000E+00,0.000E+00,3.643E-03,0.000E+00,2.417E-03,3.314E-03,1.250E-03,5.050E-03,4.796E-03,1.075E-02,6.694E-01,1.709E+00,-4.307E-01,4.759E+00,1.844E+00,3.142E+00,-5.443E-03,2.686E+00,2.597E+00,7.179E-02,4.164E+00,1.730E+00,-5.047E-01,6.703E+00,1.607E+00,3.142E+00,-2.145E-03,2.588E+00,2.552E+00,8.850E-02,3.258E+00,1.680E+00,-3.092E-01,3.578E+00,1.941E+00,3.142E+00,-1.224E-03,2.710E+00,2.689E+00,1.037E-01,3.385E+00,1.812E+00,-4.573E-01,4.763E+00,1.489E+00,3.142E+00,-4.405E-03,2.601E+00,2.531E+00,6.087E-02,4.696E+00
39,0.000E+00,0.000E+00,0.000E+00,0.000E+00,3.734E-03,0.000E+00,2.484E-03,3.417E-03,1.293E-03,5.195E-03,4.935E-03,1.104E-02,6.881E-01,1.708E+00,-4.392E-01,4.856E+00,1.853E+00,3.142E+00,-5.525E-03,2.689E+00,2.597E+00,7.174E-02,4.166E+00,1.729E+00,-5.155E-01,6.939E+00,1.608E+00,3.142E+00,-2.399E-03,2.604E+00,2.564E+00,8.797E-02,3.273E+00,1.676E+00,-3.123E-01,3.607E+00,1.959E+00,3.142E+00,-1.206E-03,2.712E+00,2.691E+00,1.034E-01,3.395E+00,1.809E+00,-4.689E-01,4.922E+00,1.502E+00,3.142E+00,-4.307E-03,2.606E+00,2.537E+00,6.043E-02,4.722E+00
40,0.000E+00,0.000E+00,0.000E+00,0.000E+00,3.824E-03,0.000E+00,2.551E-03,3.520E-03,1.336E-03,5.339E-03,5.073E-03,1.133E-02,7.069E-01,1.707E+00,-4.476E-01,4.952E+00,1.863E+00,3.142E+00,-5.606E-03,2.691E+00,2.598E+00,7.170E-02,4.168E+00,1.728E+00,-5.262E-01,7.176E+00,1.608E+00,3.142E+00,-2.653E-03,2.621E+00,2.577E+00,8.745E-02,3.288E+00,1.673E+00,-3.154E-01,3.636E+00,1.978E+00,3.142E+00,-1.187E-03,2.714E+00,2.693E+00,1.030E-01,3.405E+00,1.805E+00,-4.806E-01,5.081E+00,1.515E+00,3.142E+00,-4.210E-03,2.611E+00,2.543E+00,5.998E-02,4.748E+00
41,0.000E+00,0.000E+00,0.000E+00,0.000E+00,3.915E-03,0.000E+00,2.617E-03,3.623E-03,1.379E-03,5.483E-03,5.211E-03,1.162E-02,7.256E-01,1.706E+00,-4.561E-01,5.048E+00,1.872E+00,3.142E+00,-5.688E-03,2.693E+00,2.599E+00,7.165E-02,4.171E+00,1.728E+00,-5.370E-01,7.412E+00,1.609E+00,3.142E+00,-2.906E-03,2.637E+00,2.589E+00,8.692E-02,3.302E+00,1.670E+00,-3.185E-01,3.665E+00,1.997E+00,3.142E+00,-1.169E-03,2.715E+00,2.696E+00,1.026E-01,3.415E+00,1.802E+00,-4.922E-01,5.240E+00,1.529E+00,3.142E+00,-4.112E-03,2.615E+00,2.549E+00,5.953E-02,4.774E+00
42,0.000E+00,0.000E+00,0.000E+00,0.000E+00,4.005E-03,0.000E+00,2.684E-03,3.726E-03,1.422E-03,5.627E-03,5.349E-03,1.192E-02,7.443E-01,1.705E+00,-4.645E-01,5.145E+00,1.881E+00,3.142E+00,-5.769E-03,2.695E+00,2.599E+00,7.160E-02,4.173E+00,1.728E+00,-5.477E-01,7.649E+00,1.610E+00,3.142E+00,-3.160E-03,2.654E+00,2.601E+00,8.639E-02,3.317E+00,1.666E+00,-3.216E-01,3.694E+00,2.016E+00,3.142E+00,-1.150E-03,2.717E+00,2.698E+00,1.023E-01,3.424E+00,1.799E+00,-5.039E-01,5.399E+00,1.542E+00,3.142E+00,-4.015E-03,2.620E+00,2.555E+00,5.909E-02,4.800E+00
43,0.000E+00,0.000E+00,0.000E+00,0.000E+00,4.096E-03,0.000E+00,2.751E-03,3.828E-03,1.465E-03,5.771E-03,5.487E-03,1.221E-02,7.631E-01,1.704E+00,-4.729E-01,5.241E+00,1.890E+00,3.142E+00,-5.850E-03,2.697E+00,2.600E+00,7.156E-02,4.175E+00,1.728E+00,-5.585E-01,7.885E+00,1.611E+00,3.142E+00,-3.413E-03,2.671E+00,2.614E+00,8.586E-02,3.332E+00,1.663E+00,-3.248E-01,3.723E+00,2.035E+00,3.142E+00,-1.132E-03,2.719E+00,2.700E+00,1.019E-01,3.434E+00,1.796E+00,-5.155E-01,5.558E+00,1.556E+00,3.142E+00,-3.917E-03,2.625E+00,2.561E+00,5.864E-02,4.826E+00
44,0.000E+00,0.000E+00,0.000E+00,0.000E+00,4.187E-03,0.000E+00,2.818E-03,3.931E-03,1.509E-03,5.915E-03,5.625E-03,1.250E-02,7.818E-01,1.703E+00,-4.814E-01,5.338E+00,1.899E+00,3.142E+00,-5.932E-03,2.699E+00,2.601E+00,7.151E-02,4.177E+00,1.728E+00,-5.692E-01,8.122E+00,1.611E+00,3.142E+00,-3.667E-03,2.687E+00,2.626E+00,8.534E-02,3.346E+00,1.660E+00,-3.279E-01,3.752E+00,2.053E+00,3.142E+00,-1.114E-03,2.721E+00,2.702E+00,1.016E-01,3.444E+00,1.793E+00,-5.272E-01,5.717E+00,1.569E+00,3.142E+00,-3.820E-03,2.629E+00,2.567E+00,5.819E-02,4.851E+00
45,0.000E+00,0.000E+00,0.000E+00,0.000E+00,4.277E-03,0.000E+00,2.885E-03,4.034E-03,1.552E-03,6.060E-03,5.764E-03,1.279E-02,8.006E-01,1.702E+00,-4.898E-01,5.434E+00,1.908E+00,3.142E+00,-6.013E-03,2.701E+00,2.601E+00,7.146E-02,4.179E+00,1.729E+00,-5.800E-01,8.358E+00,1.612E+00,3.142E+00,-3.921E-03,2.704E+00,2.638E+00,8.481E-02,3.361E+00,1.656E+00,-3.310E-01,3.781E+00,2.072E+00,3.142E+00,-1.095E-03,2.722E+00,2.704E+00,1.012E-01,3.454E+00,1.791E+00,-5.388E-01,5.876E+00,1.583E+00,3.142E+00,-3.722E-03,2.634E+00,2.574E+00,5.774E-02,4.877E+00
46,0.000E+00,0.000E+00,0.000E+00,0.000E+00,4.542E-03,0.000E+00,3.032E-03,4.194E-03,1.601E-03,6.578E-03,6.093E-03,1.355E-02,8.478E-01,1.697E+00,-5.077E-01,5.865E+00,1.898E+00,3.142E+00,-4.119E-03,2.674E+00,2.606E+00,7.159E-02,4.173E+00,1.673E+00,-4.899E-01,6.033E+00,1.923E+00,3.142E+00,-1.379E-03,2.606E+00,2.582E+00,8.247E-02,3.435E+00,1.652E+00,-3.318E-01,3.767E+00,2.107E+00,3.142E+00,-2.035E-03,2.719E+00,2.685E+00,1.017E-01,3.440E+00,1.783E+00,-6.061E-01,7.838E+00,1.529E+00,3.142E+00,-4.201E-03,2.611E+00,2.544E+00,5.888E-02,4.807E+00
47,0.000E+00,0.000E+00,0.000E+00,0.000E+00,4.675E-03,0.000E+00,3.106E-03,4.274E-03,1.625E-03,6.837E-03,6.258E-03,1.394E-02,8.714E-01,1.695E+00,-5.166E-01,6.081E+00,1.893E+00,3.142E+00,-3.172E-03,2.661E+00,2.609E+00,7.166E-02,4.170E+00,1.666E+00,-4.448E-01,4.870E+00,2.078E+00,3.142E+00,-1.077E-04,2.556E+00,2.554E+00,8.131E-02,3.471E+00,1.650E+00,-3.323E-01,3.761E+00,2.125E+00,3.142E+00,-2.504E-03,2.717E+00,2.675E+00,1.019E-01,3.433E+00,1.786E+00,-6.397E-01,8.820E+00,1.502E+00,3.142E+00,-4.440E-03,2.600E+00,2.529E+00,5.944E-02,4.772E+00
48,0.000E+00,0.000E+00,0.000E+00,0.000E+00,4.808E-03,0.000E+00,3.180E-03,4.354E-03,1.649E-03,7.096E-03,6.423E-03,1.432E-02,8.951E-01,1.693E+00,-5.255E-01,6.296E+00,1.888E+00,3.142E+00,-2.224E-03,2.648E+00,2.611E+00,7.172E-02,4.167E+00,1.681E+00,-3.998E-01,3.707E+00,2.234E+00,3.142E+00,1.163E-03,2.507E+00,2.526E+00,8.014E-02,3.508E+00,1.648E+00,-3.327E-01,3.754E+00,2.143E+00,3.142E+00,-2.974E-03,2.716E+00,2.665E+00,1.022E-01,3.427E+00,1.793E+00,-6.733E-01,9.801E+00,1.475E+00,3.142E+00,-4.680E-03,2.589E+00,2.515E+00,6.001E-02,4.737E+00
49,0.000E+00,0.000E+00,0.000E+00,0.000E+00,5.021E-03,0.000E+00,3.397E-03,4.632E-03,1.839E-03,7.609E-03,6.842E-03,1.511E-02,9.513E-01,1.675E+00,-5.232E-01,6.105E+00,2.005E+00,3.142E+00,-1.443E-03,2.606E+00,2.582E+00,7.006E-02,4.245E+00,1.718E+00,-4.345E-01,4.052E+00,2.018E+00,3.142E+00,-1.830E-03,2.627E+00,2.595E+00,7.877E-02,3.555E+00,1.642E+00,-3.352E-01,3.745E+00,2.191E+00,3.142E+00,-3.127E-03,2.774E+00,2.720E+00,1.010E-01,3.461E+00,1.746E+00,-6.403E-01,8.994E+00,1.633E+00,3.142E+00,-3.134E-03,2.534E+00,2.485E+00,5.947E-02,4.770E+00
50,0.000E+00,0.000E+00,0.000E+00,0.000E+00,5.128E-03,0.000E+00,3.506E-03,4.771E-03,1.934E-03,7.865E-03,7.052E-03,1.551E-02,9.795E-01,1.666E+00,-5.220E-01,6.010E+00,2.063E+00,3.142E+00,-1.052E-03,2.585E+00,2.568E+00,6.924E-02,4.284E+00,1.740E+00,-4.519E-01,4.225E+00,1.910E+00,3.142E+00,-3.327E-03,2.687E+00,2.630E+00,7.809E-02,3.578E+00,1.639E+00,-3.365E-01,3.741E+00,2.216E+00,3.142E+00,-3.203E-03,2.803E+00,2.747E+00,1.004E-01,3.478E+00,1.725E+00,-6.239E-01,8.590E+00,1.712E+00,3.142E+00,-2.362E-03,2.507E+00,2.470E+00,5.920E-02,4.786E+00
51,0.000E+00,0.000E+00,0.000E+00,0.000E+00,5.235E-03,0.000E+00,3.615E-03,4.910E-03,2.029E-03,8.122E-03,7.262E-03,1.590E-02,1.008E+00,1.658E+00,-5.208E-01,5.914E+00,2.122E+00,3.142E+00,-6.617E-04,2.564E+00,2.554E+00,6.841E-02,4.323E+00,1.763E+00,-4.692E-01,4.397E+00,1.802E+00,3.142E+00,-4.824E-03,2.746E+00,2.664E+00,7.741E-02,3.601E+00,1.636E+00,-3.378E-01,3.737E+00,2.240E+00,3.142E+00,-3.279E-03,2.832E+00,2.774E+00,9.977E-02,3.495E+00,1.706E+00,-6.074E-01,8.187E+00,1.791E+00,3.142E+00,-1.589E-03,2.480E+00,2.456E+00,5.893E-02,4.803E+00
52,0.000E+00,0.000E+00,0.000E+00,0.000E+00,5.466E-03,0.000E+00,3.822E-03,5.030E-03,2.240E-03,8.932E-03,7.682E-03,1.676E-02,1.068E+00,1.651E+00,-5.477E-01,6.999E+00,2.038E+00,3.142E+00,-6.589E-05,2.585E+00,2.584E+00,6.890E-02,4.299E+00,1.718E+00,-5.157E-01,5.563E+00,1.879E+00,3.142E+00,-6.348E-03,2.741E+00,2.634E+00,7.670E-02,3.626E+00,1.634E+00,-3.529E-01,4.035E+00,2.191E+00,3.142E+00,-3.087E-03,2.800E+00,2.746E+00,9.958E-02,3.501E+00,1.694E+00,-6.431E-01,9.834E+00,1.770E+00,3.142E+00,-4.151E-03,2.609E+00,2.541E+00,5.865E-02,4.820E+00
53,0.000E+00,0.000E+00,0.000E+00,0.000E+00,5.581E-03,0.000E+00,3.926E-03,5.090E-03,2.345E-03,9.336E-03,7.892E-03,1.718E-02,1.099E+00,1.650E+00,-5.611E-01,7.541E+00,1.996E+00,3.142E+00,2.320E-04,2.596E+00,2.600E+00,6.915E-02,4.287E+00,1.701E+00,-5.389E-01,6.146E+00,1.918E+00,3.142E+00,-7.110E-03,2.739E+00,2.619E+00,7.635E-02,3.639E+00,1.633E+00,-3.605E-01,4.184E+00,2.166E+00,3.142E+00,-2.991E-03,2.784E+00,2.732E+00,9.949E-02,3.504E+00,1.690E+00,-6.610E-01,1.066E+01,1.760E+00,3.142E+00,-5.432E-03,2.674E+00,2.583E+00,5.851E-02,4.829E+00
54,0.000E+00,0.000E+00,0.000E+00,0.000E+00,5.696E-03,0.000E+00,4.029E-03,5.149E-03,2.450E-03,9.741E-03,8.102E-03,1.761E-02,1.129E+00,1.652E+00,-5.745E-01,8.083E+00,1.954E+00,3.142E+00,5.299E-04,2.607E+00,2.615E+00,6.940E-02,4.275E+00,1.686E+00,-5.622E-01,6.728E+00,1.956E+00,3.142E+00,-7.872E-03,2.736E+00,2.604E+00,7.599E-02,3.651E+00,1.634E+00,-3.680E-01,4.333E+00,2.142E+00,3.142E+00,-2.894E-03,2.769E+00,2.718E+00,9.939E-02,3.506E+00,1.688E+00,-6.789E-01,1.148E+01,1.750E+00,3.142E+00,-6.712E-03,2.739E+00,2.626E+00,5.837E-02,4.838E+00
55,0.000E+00,0.000E+00,0.000E+00,0.000E+00,5.969E-03,0.000E+00,4.312E-03,5.460E-03,2.649E-03,1.050E-02,8.699E-03,1.882E-02,1.206E+00,1.644E+00,-5.963E-01,8.690E+00,1.980E+00,3.142E+00,-7.418E-04,2.644E+00,2.631E+00,6.833E-02,4.327E+00,1.666E+00,-6.180E-01,9.023E+00,1.901E+00,3.142E+00,-3.340E-03,2.669E+00,2.613E+00,7.800E-02,3.582E+00,1.620E+00,-3.962E-01,4.908E+00,2.140E+00,3.142E+00,-1.142E-03,2.782E+00,2.763E+00,9.932E-02,3.509E+00,1.649E+00,-6.109E-01,8.767E+00,1.990E+00,3.142E+00,-5.559E-03,2.650E+00,2.559E+00,5.715E-02,4.917E+00
56,0.000E+00,0.000E+00,0.000E+00,0.000E+00,6.105E-03,0.000E+00,4.453E-03,5.615E-03,2.748E-03,1.087E-02,8.997E-03,1.942E-02,1.245E+00,1.640E+00,-6.072E-01,8.993E+00,1.993E+00,3.142E+00,-1.378E-03,2.662E+00,2.639E+00,6.779E-02,4.354E+00,1.664E+00,-6.459E-01,1.017E+01,1.873E+00,3.142E+00,-1.074E-03,2.636E+00,2.617E+00,7.901E-02,3.547E+00,1.615E+00,-4.103E-01,5.195E+00,2.138E+00,3.142E+00,-2.661E-04,2.789E+00,2.785E+00,9.928E-02,3.510E+00,1.641E+00,-5.769E-01,7.410E+00,2.110E+00,3.142E+00,-4.982E-03,2.605E+00,2.526E+00,5.654E-02,4.956E+00
57,0.000E+00,0.000E+00,0.000E+00,0.000E+00,6.241E-03,0.000E+00,4.595E-03,5.771E-03,2.848E-03,1.125E-02,9.296E-03,2.003E-02,1.283E+00,1.637E+00,-6.180E-01,9.297E+00,2.006E+00,3.142E+00,-2.013E-03,2.681E+00,2.647E+00,6.726E-02,4.380E+00,1.665E+00,-6.738E-01,1.132E+01,1.846E+00,3.142E+00,1.192E-03,2.602E+00,2.622E+00,8.001E-02,3.513E+00,1.611E+00,-4.244E-01,5.482E+00,2.137E+00,3.142E+00,6.099E-04,2.796E+00,2.807E+00,9.924E-02,3.511E+00,1.645E+00,-5.430E-01,6.053E+00,2.230E+00,3.142E+00,-4.405E-03,2.561E+00,2.493E+00,5.593E-02,4.996E+00
58,0.000E+00,0.000E+00,0.000E+00,0.000E+00,6.695E-03,4.883E-07,4.965E-03,6.225E-03,3.135E-03,1.226E-02,9.937E-03,2.128E-02,1.379E+00,1.633E+00,-6.223E-01,9.418E+00,2.024E+00,3.142E+00,-3.838E-03,2.699E+00,2.635E+00,6.478E-02,4.512E+00,1.652E+00,-6.451E-01,9.915E+00,1.945E+00,3.142E+00,-8.068E-04,2.730E+00,2.714E+00,7.578E-02,3.666E+00,1.617E+00,-4.327E-01,5.635E+00,2.099E+00,3.142E+00,3.939E-04,2.726E+00,2.733E+00,9.870E-02,3.527E+00,1.656E+00,-6.001E-01,7.659E+00,2.068E+00,3.142E+00,-2.168E-03,2.488E+00,2.454E+00,5.648E-02,4.960E+00
59,0.000E+00,0.000E+00,0.000E+00,0.000E+00,6.922E-03,7.324E-07,5.150E-03,6.452E-03,3.278E-03,1.277E-02,1.026E-02,2.191E-02,1.428E+00,1.631E+00,-6.244E-01,9.479E+00,2.033E+00,3.142E+00,-4.751E-03,2.708E+00,2.628E+00,6.354E-02,4.579E+00,1.649E+00,-6.308E-01,9.213E+00,1.995E+00,3.142E+00,-1.806E-03,2.793E+00,2.760E+00,7.367E-02,3.743E+00,1.620E+00,-4.368E-01,5.712E+00,2.079E+00,3.142E+00,2.859E-04,2.692E+00,2.697E+00,9.843E-02,3.535E+00,1.668E+00,-6.287E-01,8.462E+00,1.987E+00,3.142E+00,-1.049E-03,2.451E+00,2.435E+00,5.675E-02,4.942E+00
60,0.000E+00,0.000E+00,0.000E+00,0.000E+00,7.149E-03,9.766E-07,5.335E-03,6.679E-03,3.422E-03,1.327E-02,1.058E-02,2.253E-02,1.476E+00,1.629E+00,-6.265E-01,9.540E+00,2.042E+00,3.142E+00,-5.663E-03,2.718E+00,2.622E+00,6.230E-02,4.645E+00,1.647E+00,-6.164E-01,8.512E+00,2.045E+00,3.142E+00,-2.806E-03,2.857E+00,2.806E+00,7.156E-02,3.819E+00,1.623E+00,-4.410E-01,5.789E+00,2.060E+00,3.142E+00,1.779E-04,2.657E+00,2.660E+00,9.817E-02,3.543E+00,1.683E+00,-6.572E-01,9.266E+00,1.905E+00,3.142E+00,6.964E-05,2.415E+00,2.416E+00,5.703E-02,4.924E+00
61,0.000E+00,0.000E+00,0.000E+00,0.000E+00,7.605E-03,4.883E-07,5.679E-03,7.041E-03,3.758E-03,1.440E-02,1.134E-02,2.406E-02,1.580E+00,1.610E+00,-6.356E-01,1.018E+01,2.090E+00,3.142E+00,-3.797E-03,2.707E+00,2.643E+00,6.305E-02,4.603E+00,1.610E+00,-5.726E-01,7.251E+00,2.291E+00,3.142E+00,-1.764E-03,2.719E+00,2.688E+00,7.368E-02,3.739E+00,1.589E+00,-4.337E-01,5.840E+00,2.209E+00,3.142E+00,1.210E-05,2.672E+00,2.672E+00,9.822E-02,3.541E+00,1.676E+00,-6.802E-01,1.008E+01,1.918E+00,3.142E+00,1.978E-04,2.462E+00,2.465E+00,5.623E-02,4.977E+00
62,0.000E+00,0.000E+00,0.000E+00,0.000E+00,7.833E-03,2.441E-07,5.851E-03,7.221E-03,3.927E-03,1.497E-02,1.173E-02,2.482E-02,1.633E+00,1.602E+00,-6.401E-01,1.050E+01,2.114E+00,3.142E+00,-2.864E-03,2.702E+00,2.654E+00,6.342E-02,4.582E+00,1.597E+00,-5.507E-01,6.621E+00,2.414E+00,3.142E+00,-1.243E-03,2.650E+00,2.629E+00,7.475E-02,3.698E+00,1.573E+00,-4.301E-01,5.865E+00,2.283E+00,3.142E+00,-7.080E-05,2.680E+00,2.679E+00,9.824E-02,3.541E+00,1.673E+00,-6.916E-01,1.049E+01,1.925E+00,3.142E+00,2.619E-04,2.486E+00,2.490E+00,5.583E-02,5.003E+00
63,0.000E+00,0.000E+00,0.000E+00,0.000E+00,8.062E-03,0.000E+00,6.022E-03,7.402E-03,4.095E-03,1.553E-02,1.211E-02,2.558E-02,1.685E+00,1.593E+00,-6.446E-01,1.082E+01,2.138E+00,3.142E+00,-1.931E-03,2.696E+00,2.664E+00,6.380E-02,4.561E+00,1.589E+00,-5.287E-01,5.991E+00,2.537E+00,3.142E+00,-7.216E-04,2.581E+00,2.570E+00,7.581E-02,3.658E+00,1.557E+00,-4.265E-01,5.891E+00,2.357E+00,3.142E+00,-1.537E-04,2.688E+00,2.685E+00,9.827E-02,3.540E+00,1.670E+00,-7.031E-01,1.090E+01,1.931E+00,3.142E+00,3.260E-04,2.509E+00,2.514E+00,5.544E-02,5.030E+00
64,0.000E+00,0.000E+00,0.000E+00,0.000E+00,8.667E-03,0.000E+00,6.550E-03,8.093E-03,4.525E-03,1.690E-02,1.318E-02,2.757E-02,1.829E+00,1.569E+00,-6.424E-01,1.125E+01,2.210E+00,3.142E+00,2.551E-04,2.591E+00,2.594E+00,6.576E-02,4.459E+00,1.551E+00,-5.912E-01,8.972E+00,2.419E+00,3.142E+00,-1.664E-03,2.641E+00,2.613E+00,7.580E-02,3.658E+00,1.560E+00,-4.904E-01,8.322E+00,2.097E+00,3.142E+00,-1.837E-04,2.708E+00,2.705E+00,9.798E-02,3.549E+00,1.640E+00,-6.824E-01,1.022E+01,2.077E+00,3.142E+00,-4.758E-03,2.558E+00,2.484E+00,5.470E-02,5.081E+00
65,0.000E+00,0.000E+00,0.000E+00,0.000E+00,8.969E-03,0.000E+00,6.813E-03,8.438E-03,4.740E-03,1.759E-02,1.371E-02,2.856E-02,1.901E+00,1.558E+00,-6.413E-01,1.147E+01,2.247E+00,3.142E+00,1.348E-03,2.538E+00,2.559E+00,6.674E-02,4.408E+00,1.546E+00,-6.224E-01,1.046E+01,2.360E+00,3.142E+00,-2.135E-03,2.670E+00,2.635E+00,7.580E-02,3.658E+00,1.576E+00,-5.224E-01,9.538E+00,1.967E+00,3.142E+00,-1.987E-04,2.719E+00,2.715E+00,9.783E-02,3.553E+00,1.626E+00,-6.720E-01,9.877E+00,2.149E+00,3.142E+00,-7.300E-03,2.583E+00,2.469E+00,5.434E-02,5.106E+00
66,0.000E+00,0.000E+00,0.000E+00,0.000E+00,9.271E-03,0.000E+00,7.077E-03,8.783E-03,4.955E-03,1.827E-02,1.425E-02,2.955E-02,1.973E+00,1.546E+00,-6.402E-01,1.169E+01,2.283E+00,3.142E+00,2.441E-03,2.486E+00,2.524E+00,6.773E-02,4.356E+00,1.547E+00,-6.536E-01,1.195E+01,2.301E+00,3.142E+00,-2.606E-03,2.700E+00,2.656E+00,7.580E-02,3.658E+00,1.599E+00,-5.543E-01,1.075E+01,1.837E+00,3.142E+00,-2.137E-04,2.729E+00,2.725E+00,9.768E-02,3.558E+00,1.613E+00,-6.616E-01,9.537E+00,2.222E+00,3.142E+00,-9.842E-03,2.607E+00,2.453E+00,5.397E-02,5.132E+00
67,0.000E+00,0.000E+00,0.000E+00,0.000E+00,9.967E-03,0.000E+00,7.681E-03,9.381E-03,5.390E-03,1.981E-02,1.539E-02,3.208E-02,2.134E+00,1.530E+00,-6.859E-01,1.513E+01,2.235E+00,3.142E+00,1.250E-04,2.528E+00,2.530E+00,6.623E-02,4.433E+00,1.525E+00,-6.823E-01,1.398E+01,2.337E+00,3.142E+00,-3.187E-03,2.663E+00,2.610E+00,7.450E-02,3.707E+00,1.555E+00,-5.555E-01,1.124E+01,1.998E+00,3.142E+00,2.188E-04,2.689E+00,2.693E+00,9.814E-02,3.544E+00,1.541E+00,-7.491E-01,1.921E+01,2.146E+00,3.142E+00,-5.311E-03,2.558E+00,2.475E+00,5.300E-02,5.203E+00
68,0.000E+00,0.000E+00,0.000E+00,0.000E+00,1.031E-02,0.000E+00,7.983E-03,9.680E-03,5.608E-03,2.058E-02,1.596E-02,3.334E-02,2.215E+00,1.528E+00,-7.088E-01,1.685E+01,2.212E+00,3.142E+00,-1.033E-03,2.549E+00,2.533E+00,6.549E-02,4.472E+00,1.516E+00,-6.967E-01,1.500E+01,2.355E+00,3.142E+00,-3.477E-03,2.644E+00,2.587E+00,7.385E-02,3.731E+00,1.535E+00,-5.561E-01,1.148E+01,2.078E+00,3.142E+00,4.351E-04,2.670E+00,2.677E+00,9.837E-02,3.537E+00,1.535E+00,-7.928E-01,2.405E+01,2.108E+00,3.142E+00,-3.046E-03,2.533E+00,2.486E+00,5.251E-02,5.239E+00
69,0.000E+00,0.000E+00,0.000E+00,0.000E+00,1.066E-02,0.000E+00,8.285E-03,9.979E-03,5.825E-03,2.135E-02,1.654E-02,3.461E-02,2.295E+00,1.528E+00,-7.316E-01,1.857E+01,2.188E+00,3.142E+00,-2.191E-03,2.571E+00,2.536E+00,6.474E-02,4.510E+00,1.509E+00,-7.110E-01,1.601E+01,2.372E+00,3.142E+00,-3.767E-03,2.625E+00,2.564E+00,7.320E-02,3.755E+00,1.515E+00,-5.567E-01,1.172E+01,2.159E+00,3.142E+00,6.514E-04,2.650E+00,2.660E+00,9.860E-02,3.530E+00,1.539E+00,-8.365E-01,2.889E+01,2.070E+00,3.142E+00,-7.801E-04,2.509E+00,2.497E+00,5.202E-02,5.275E+00
70,0.000E+00,0.000E+00,0.000E+00,0.000E+00,1.158E-02,0.000E+00,8.987E-03,1.098E-02,6.432E-03,2.312E-02,1.802E-02,3.763E-02,2.499E+00,1.480E+00,-7.158E-01,1.849E+01,2.395E+00,3.142E+00,4.858E-04,2.485E+00,2.491E+00,6.318E-02,4.597E+00,1.454E+00,-7.182E-01,1.857E+01,2.547E+00,3.142E+00,1.071E-03,2.522E+00,2.536E+00,7.303E-02,3.762E+00,1.491E+00,-5.720E-01,1.310E+01,2.212E+00,3.142E+00,-5.912E-05,2.684E+00,2.683E+00,9.755E-02,3.562E+00,1.521E+00,-8.182E-01,2.677E+01,2.158E+00,3.142E+00,5.028E-04,2.450E+00,2.458E+00,5.182E-02,5.290E+00
71,0.000E+00,0.000E+00,0.000E+00,0.000E+00,1.204E-02,0.000E+00,9.338E-03,1.148E-02,6.735E-03,2.401E-02,1.876E-02,3.914E-02,2.601E+00,1.458E+00,-7.079E-01,1.845E+01,2.499E+00,3.142E+00,1.824E-03,2.442E+00,2.469E+00,6.240E-02,4.641E+00,1.430E+00,-7.218E-01,1.985E+01,2.635E+00,3.142E+00,3.490E-03,2.470E+00,2.522E+00,7.294E-02,3.765E+00,1.481E+00,-5.796E-01,1.379E+01,2.238E+00,3.142E+00,-4.144E-04,2.702E+00,2.694E+00,9.703E-02,3.578E+00,1.513E+00,-8.090E-01,2.572E+01,2.203E+00,3.142E+00,1.144E-03,2.421E+00,2.438E+00,5.172E-02,5.298E+00
72,0.000E+00,0.000E+00,0.000E+00,0.000E+00,1.250E-02,0.000E+00,9.689E-03,1.197E-02,7.038E-03,2.489E-02,1.950E-02,4.065E-02,2.703E+00,1.436E+00,-7.000E-01,1.841E+01,2.602E+00,3.142E+00,3.163E-03,2.399E+00,2.446E+00,6.162E-02,4.684E+00,1.407E+00,-7.254E-01,2.113E+01,2.722E+00,3.142E+00,5.910E-03,2.418E+00,2.508E+00,7.286E-02,3.768E+00,1.471E+00,-5.872E-01,1.448E+01,2.265E+00,3.142E+00,-7.697E-04,2.719E+00,2.706E+00,9.651E-02,3.594E+00,1.506E+00,-7.999E-01,2.466E+01,2.247E+00,3.142E+00,1.786E-03,2.392E+00,2.418E+00,5.162E-02,5.305E+00
73,0.000E+00,0.000E+00,0.000E+00,0.000E+00,1.284E-02,0.000E+00,1.028E-02,1.230E-02,7.811E-03,2.744E-02,2.060E-02,4.244E-02,2.862E+00,1.416E+00,-7.091E-01,1.983E+01,2.677E+00,3.142E+00,3.387E-03,2.434E+00,2.485E+00,6.225E-02,4.648E+00,1.399E+00,-7.454E-01,2.503E+01,2.653E+00,3.142E+00,7.938E-03,2.368E+00,2.486E+00,7.208E-02,3.799E+00,1.443E+00,-5.800E-01,1.467E+01,2.383E+00,3.142E+00,2.016E-03,2.611E+00,2.643E+00,9.683E-02,3.584E+00,1.470E+00,-7.753E-01,2.203E+01,2.469E+00,3.142E+00,1.346E-03,2.408E+00,2.428E+00,5.000E-02,5.436E+00
74,0.000E+00,0.000E+00,0.000E+00,0.000E+00,1.317E-02,0.000E+00,1.087E-02,1.262E-02,8.583E-03,2.999E-02,2.171E-02,4.423E-02,3.022E+00,1.397E+00,-7.183E-01,2.124E+01,2.751E+00,3.142E+00,3.612E-03,2.468E+00,2.524E+00,6.288E-02,4.612E+00,1.397E+00,-7.654E-01,2.893E+01,2.585E+00,3.142E+00,9.967E-03,2.317E+00,2.465E+00,7.131E-02,3.829E+00,1.416E+00,-5.727E-01,1.486E+01,2.502E+00,3.142E+00,4.802E-03,2.504E+00,2.580E+00,9.716E-02,3.573E+00,1.441E+00,-7.508E-01,1.940E+01,2.692E+00,3.142E+00,9.067E-04,2.424E+00,2.437E+00,4.838E-02,5.567E+00
75,0.000E+00,0.000E+00,0.000E+00,0.000E+00,1.356E-02,0.000E+00,1.149E-02,1.334E-02,9.429E-03,3.235E-02,2.295E-02,4.620E-02,3.195E+00,1.370E+00,-6.953E-01,1.972E+01,2.944E+00,3.142E+00,6.516E-03,2.412E+00,2.511E+00,6.102E-02,4.722E+00,1.349E+00,-7.592E-01,2.885E+01,2.877E+00,3.142E+00,4.358E-03,2.479E+00,2.542E+00,7.376E-02,3.736E+00,1.404E+00,-5.651E-01,1.439E+01,2.585E+00,3.142E+00,4.779E-03,2.457E+00,2.531E+00,9.462E-02,3.655E+00,1.398E+00,-7.491E-01,2.075E+01,2.890E+00,3.142E+00,-5.478E-05,2.450E+00,2.449E+00,4.865E-02,5.544E+00
76,0.000E+00,0.000E+00,0.000E+00,0.000E+00,1.395E-02,0.000E+00,1.211E-02,1.405E-02,1.028E-02,3.472E-02,2.419E-02,4.817E-02,3.369E+00,1.346E+00,-6.724E-01,1.820E+01,3.137E+00,3.142E+00,9.420E-03,2.356E+00,2.498E+00,5.915E-02,4.832E+00,1.306E+00,-7.530E-01,2.876E+01,3.170E+00,3.142E+00,-1.251E-03,2.640E+00,2.620E+00,7.621E-02,3.644E+00,1.394E+00,-5.574E-01,1.393E+01,2.669E+00,3.142E+00,4.757E-03,2.410E+00,2.481E+00,9.208E-02,3.737E+00,1.359E+00,-7.475E-01,2.210E+01,3.089E+00,3.142E+00,-1.016E-03,2.477E+00,2.461E+00,4.892E-02,5.521E+00
77,0.000E+00,0.000E+00,0.000E+00,0.000E+00,1.458E-02,0.000E+00,1.274E-02,1.453E-02,1.087E-02,3.684E-02,2.535E-02,5.034E-02,3.537E+00,1.319E+00,-6.817E-01,1.992E+01,3.262E+00,3.142E+00,1.061E-02,2.271E+00,2.423E+00,5.956E-02,4.807E+00,1.279E+00,-7.396E-01,2.646E+01,3.443E+00,3.142E+00,4.919E-03,2.432E+00,2.500E+00,6.932E-02,3.934E+00,1.360E+00,-5.429E-01,1.350E+01,2.898E+00,3.142E+00,6.624E-03,2.359E+00,2.457E+00,9.163E-02,3.752E+00,1.318E+00,-7.461E-01,2.346E+01,3.317E+00,3.142E+00,2.445E-03,2.304E+00,2.335E+00,4.902E-02,5.513E+00
78,0.000E+00,0.000E+00,0.000E+00,0.000E+00,1.521E-02,0.000E+00,1.337E-02,1.500E-02,1.147E-02,3.897E-02,2.652E-02,5.252E-02,3.705E+00,1.294E+00,-6.909E-01,2.165E+01,3.387E+00,3.142E+00,1.180E-02,2.186E+00,2.349E+00,5.997E-02,4.782E+00,1.258E+00,-7.262E-01,2.415E+01,3.716E+00,3.142E+00,1.109E-02,2.223E+00,2.380E+00,6.244E-02,4.224E+00,1.329E+00,-5.283E-01,1.308E+01,3.127E+00,3.142E+00,8.491E-03,2.309E+00,2.432E+00,9.119E-02,3.767E+00,1.281E+00,-7.446E-01,2.483E+01,3.546E+00,3.142E+00,5.907E-03,2.131E+00,2.208E+00,4.912E-02,5.504E+00
79,0.000E+00,0.000E+00,0.000E+00,0.000E+00,1.536E-02,0.000E+00,1.379E-02,1.552E-02,1.222E-02,4.064E-02,2.753E-02,5.390E-02,3.831E+00,1.243E+00,-6.729E-01,2.011E+01,3.909E+00,3.142E+00,1.833E-02,2.082E+00,2.324E+00,5.777E-02,4.925E+00,1.208E+00,-7.119E-01,2.273E+01,4.270E+00,3.142E+00,2.287E-02,2.094E+00,2.405E+00,6.356E-02,4.170E+00,1.288E+00,-5.232E-01,1.296E+01,3.488E+00,3.142E+00,1.326E-02,2.203E+00,2.386E+00,8.981E-02,3.816E+00,1.226E+00,-7.287E-01,2.348E+01,4.099E+00,3.142E+00,1.635E-02,2.003E+00,2.205E+00,4.722E-02,5.673E+00
80,0.000E+00,0.000E+00,0.000E+00,0.000E+00,1.551E-02,0.000E+00,1.421E-02,1.604E-02,1.297E-02,4.232E-02,2.854E-02,5.529E-02,3.958E+00,1.203E+00,-6.550E-01,1.857E+01,4.431E+00,3.142E+00,2.486E-02,1.978E+00,2.299E+00,5.557E-02,5.067E+00,1.169E+00,-6.976E-01,2.131E+01,4.824E+00,3.142E+00,3.466E-02,1.965E+00,2.431E+00,6.467E-02,4.116E+00,1.252E+00,-5.180E-01,1.284E+01,3.848E+00,3.142E+00,1.802E-02,2.098E+00,2.340E+00,8.844E-02,3.864E+00,1.182E+00,-7.128E-01,2.213E+01,4.652E+00,3.142E+00,2.680E-02,1.875E+00,2.202E+00,4.532E-02,5.841E+00
81,0.000E+00,0.000E+00,0.000E+00,0.000E+00,1.515E-02,0.000E+00,1.430E-02,1.584E-02,1.354E-02,4.342E-02,2.870E-02,5.517E-02,3.984E+00,1.161E+00,-6.491E-01,1.820E+01,5.017E+00,3.142E+00,3.811E-02,1.820E+00,2.285E+00,5.317E-02,5.245E+00,1.119E+00,-6.957E-01,2.201E+01,5.460E+00,3.142E+00,3.087E-02,1.922E+00,2.322E+00,6.317E-02,4.189E+00,1.212E+00,-5.123E-01,1.291E+01,4.264E+00,3.142E+00,1.616E-02,2.078E+00,2.292E+00,8.728E-02,3.907E+00,1.150E+00,-7.141E-01,2.192E+01,5.140E+00,3.142E+00,3.825E-02,1.740E+00,2.183E+00,4.401E-02,5.971E+00
82,0.000E+00,0.000E+00,0.000E+00,0.000E+00,1.480E-02,0.000E+00,1.438E-02,1.563E-02,1.410E-02,4.452E-02,2.885E-02,5.506E-02,4.009E+00,1.125E+00,-6.433E-01,1.783E+01,5.604E+00,3.142E+00,5.137E-02,1.663E+00,2.272E+00,5.077E-02,5.423E+00,1.077E+00,-6.937E-01,2.271E+01,6.095E+00,3.142E+00,2.709E-02,1.879E+00,2.214E+00,6.166E-02,4.262E+00,1.177E+00,-5.067E-01,1.299E+01,4.680E+00,3.142E+00,1.430E-02,2.059E+00,2.244E+00,8.613E-02,3.950E+00,1.121E+00,-7.154E-01,2.170E+01,5.627E+00,3.142E+00,4.970E-02,1.605E+00,2.163E+00,4.271E-02,6.100E+00
83,0.000E+00,0.000E+00,0.000E+00,0.000E+00,1.322E-02,0.000E+00,1.325E-02,1.426E-02,1.325E-02,4.145E-02,2.650E-02,5.008E-02,3.681E+00,1.072E+00,-6.377E-01,1.744E+01,6.676E+00,3.142E+00,7.019E-02,1.426E+00,2.161E+00,4.741E-02,5.723E+00,1.017E+00,-6.740E-01,2.050E+01,7.627E+00,3.142E+00,5.200E-02,1.608E+00,2.174E+00,5.480E-02,4.685E+00,1.141E+00,-4.898E-01,1.197E+01,5.392E+00,3.142E+00,5.166E-02,1.621E+00,2.134E+00,8.222E-02,4.111E+00,1.056E+00,-6.836E-01,1.903E+01,7.113E+00,3.142E+00,6.935E-02,1.389E+00,2.086E+00,4.011E-02,6.399E+00
84,0.000E+00,0.000E+00,0.000E+00,0.000E+00,1.163E-02,0.000E+00,1.212E-02,1.290E-02,1.240E-02,3.838E-02,2.414E-02,4.510E-02,3.354E+00,1.030E+00,-6.322E-01,1.704E+01,7.749E+00,3.142E+00,8.901E-02,1.188E+00,2.050E+00,4.405E-02,6.024E+00,9.790E-01,-6.544E-01,1.829E+01,9.158E+00,3.142E+00,7.691E-02,1.338E+00,2.135E+00,4.793E-02,5.108E+00,1.114E+00,-4.729E-01,1.096E+01,6.105E+00,3.142E+00,8.901E-02,1.182E+00,2.024E+00,7.832E-02,4.272E+00,1.017E+00,-6.518E-01,1.636E+01,8.600E+00,3.142E+00,8.901E-02,1.173E+00,2.009E+00,3.752E-02,6.698E+00
85,0.000E+00,0.000E+00,0.000E+00,0.000E+00,8.235E-03,0.000E+00,8.708E-03,9.157E-03,9.143E-03,2.777E-02,1.737E-02,3.248E-02,2.416E+00,1.048E+00,-6.173E-01,1.437E+01,7.996E+00,3.142E+00,8.901E-02,1.048E+00,1.801E+00,4.193E-02,6.254E+00,1.023E+00,-6.752E-01,1.693E+01,8.518E+00,3.142E+00,8.296E-02,1.139E+00,1.851E+00,4.298E-02,5.554E+00,1.106E+00,-4.592E-01,9.785E+00,6.702E+00,3.142E+00,8.901E-02,1.046E+00,1.780E+00,7.483E-02,4.441E+00,1.048E+00,-6.487E-01,1.469E+01,8.276E+00,3.142E+00,8.901E-02,1.042E+00,1.772E+00,3.297E-02,7.417E+00
86,0.000E+00,0.000E+00,0.000E+00,0.000E+00,4.837E-03,0.000E+00,5.296E-03,5.419E-03,5.887E-03,1.716E-02,1.061E-02,1.987E-02,1.478E+00,1.077E+00,-6.023E-01,1.170E+01,8.244E+00,3.142E+00,8.901E-02,9.090E-01,1.552E+00,3.981E-02,6.485E+00,1.070E+00,-6.959E-01,1.558E+01,7.877E+00,3.142E+00,8.901E-02,9.406E-01,1.567E+00,3.803E-02,6.000E+00,1.106E+00,-4.454E-01,8.612E+00,7.300E+00,3.142E+00,8.901E-02,9.111E-01,1.536E+00,7.134E-02,4.610E+00,1.083E+00,-6.457E-01,1.302E+01,7.953E+00,3.142E+00,8.901E-02,9.111E-01,1.536E+00,2.843E-02,8.137E+00
87,0.000E+00,0.000E+00,0.000E+00,0.000E+00,2.421E-03,0.000E+00,2.677E-03,2.744E-03,2.985E-03,8.699E-03,5.339E-03,1.002E-02,7.459E-01,8.639E-01,-6.424E-01,1.177E+01,2.251E+01,3.142E+00,-2.870E-01,1.373E+01,1.126E+00,3.330E-02,7.530E+00,8.647E-01,-6.949E-01,1.363E+01,2.069E+01,3.142E+00,-2.565E-01,9.519E+00,1.129E+00,3.689E-02,6.128E+00,1.159E+00,-5.216E-01,8.767E+00,6.813E+00,3.142E+00,8.866E-02,7.712E-01,1.307E+00,6.592E-02,4.938E+00,1.055E+00,-7.083E-01,1.146E+01,1.054E+01,3.142E+00,-3.096E-01,1.490E+01,1.073E+00,2.049E-02,1.096E+01
88,0.000E+00,0.000E+00,0.000E+00,0.000E+00,4.883E-06,0.000E+00,5.762E-05,6.836E-05,8.398E-05,2.344E-04,7.129E-05,1.807E-04,1.387E-02,7.938E-01,-6.825E-01,1.183E+01,3.678E+01,3.142E+00,-6.630E-01,2.656E+01,6.992E-01,2.679E-02,8.574E+00,8.129E-01,-6.940E-01,1.168E+01,3.350E+01,3.142E+00,-6.020E-01,1.810E+01,6.919E-01,3.576E-02,6.256E+00,1.212E+00,-5.977E-01,8.921E+00,6.326E+00,3.142E+00,8.831E-02,6.313E-01,1.079E+00,6.051E-02,5.266E+00,1.041E+00,-7.709E-01,9.898E+00,1.313E+01,3.142E+00,-7.083E-01,2.888E+01,6.108E-01,1.256E-02,1.378E+01
89,0.000E+00,0.000E+00,0.000E+00,0.000E+00,0.000E+00,0.000E+00,0.000E+00,0.000E+00,0.000E+00,9.766E-07,0.000E+00,9.766E-07,7.214E-04,3.142E+00,0.000E+00,0.000E+00,0.000E+00,0.000E+00,0.000E+00,0.000E+00,0.000E+00,0.000E+00,0.000E+00,3.142E+00,0.000E+00,0.000E+00,0.000E+00,0.000E+00,0.000E+00,0.000E+00,0.000E+00,0.000E+00,0.000E+00,3.142E+00,0.000E+00,0.000E+00,0.000E+00,0.000E+00,0.000E+00,0.000E+00,0.000E+00,0.000E+00,0.000E+00,3.142E+00,0.000E+00,0.000E+00,0.000E+00,0.000E+00,0.000E+00,0.000E+00,0.000E+00,0.000E+00,0.000E+00
