alpha,H,He,Mn,S,Mn_1,S_1,amu/ion,phiK_Mn,phiTilt_Mn,phiM_Mn,phiN_Mn,thetaK_Mn,thetaTilt_Mn,thetaM_Mn,thetaN_Mn,energyK_Mn,energyE_Mn,phiK_S,phiTilt_S,phiM_S,phiN_S,thetaK_S,thetaTilt_S,thetaM_S,thetaN_S,energyK_S,energyE_S
0,0.000E+00,0.000E+00,2.544E-03,0.000E+00,9.269E-03,1.188E-02,1.030E+00,1.785E+00,-4.334E-03,1.414E+00,1.433E+00,3.142E+00,-3.204E-03,2.483E+00,2.435E+00,1.012E-01,2.732E+00,1.734E+00,-3.445E-03,1.565E+00,1.520E+00,3.142E+00,-3.733E-03,2.563E+00,2.504E+00,1.202E-01,2.677E+00
1,0.000E+00,0.000E+00,2.555E-03,0.000E+00,9.309E-03,1.194E-02,1.035E+00,1.783E+00,-1.540E-02,1.479E+00,1.436E+00,3.142E+00,-3.490E-03,2.484E+00,2.432E+00,1.012E-01,2.730E+00,1.734E+00,-1.301E-02,1.616E+00,1.526E+00,3.142E+00,-3.637E-03,2.557E+00,2.500E+00,1.201E-01,2.679E+00
2,0.000E+00,0.000E+00,2.565E-03,0.000E+00,9.350E-03,1.200E-02,1.039E+00,1.781E+00,-2.647E-02,1.544E+00,1.438E+00,3.142E+00,-3.776E-03,2.485E+00,2.428E+00,1.013E-01,2.729E+00,1.733E+00,-2.257E-02,1.666E+00,1.533E+00,3.142E+00,-3.542E-03,2.551E+00,2.496E+00,1.200E-01,2.681E+00
3,0.000E+00,0.000E+00,2.576E-03,0.000E+00,9.391E-03,1.206E-02,1.044E+00,1.780E+00,-3.753E-02,1.610E+00,1.440E+00,3.142E+00,-4.061E-03,2.486E+00,2.425E+00,1.014E-01,2.727E+00,1.733E+00,-3.213E-02,1.717E+00,1.539E+00,3.142E+00,-3.446E-03,2.545E+00,2.491E+00,1.199E-01,2.683E+00
4,0.000E+00,0.000E+00,2.581E-03,0.000E+00,9.411E-03,1.209E-02,1.047E+00,1.779E+00,-4.307E-02,1.642E+00,1.441E+00,3.142E+00,-4.204E-03,2.486E+00,2.423E+00,1.014E-01,2.727E+00,1.733E+00,-3.691E-02,1.743E+00,1.542E+00,3.142E+00,-3.399E-03,2.542E+00,2.489E+00,1.199E-01,2.683E+00
5,0.000E+00,0.000E+00,2.586E-03,0.000E+00,9.431E-03,1.212E-02,1.049E+00,1.779E+00,-4.860E-02,1.675E+00,1.443E+00,3.142E+00,-4.347E-03,2.487E+00,2.421E+00,1.015E-01,2.726E+00,1.732E+00,-4.169E-02,1.768E+00,1.545E+00,3.142E+00,-3.351E-03,2.539E+00,2.487E+00,1.198E-01,2.684E+00
6,0.000E+00,0.000E+00,2.597E-03,0.000E+00,9.472E-03,1.217E-02,1.054E+00,1.778E+00,-5.967E-02,1.740E+00,1.445E+00,3.142E+00,-4.632E-03,2.488E+00,2.418E+00,1.015E-01,2.725E+00,1.732E+00,-5.125E-02,1.819E+00,1.551E+00,3.142E+00,-3.255E-03,2.533E+00,2.483E+00,1.197E-01,2.686E+00
7,0.000E+00,0.000E+00,2.608E-03,0.000E+00,9.512E-03,1.223E-02,1.058E+00,1.777E+00,-7.074E-02,1.805E+00,1.447E+00,3.142E+00,-4.918E-03,2.488E+00,2.414E+00,1.016E-01,2.723E+00,1.732E+00,-6.081E-02,1.869E+00,1.557E+00,3.142E+00,-3.160E-03,2.527E+00,2.478E+00,1.197E-01,2.688E+00
8,0.000E+00,0.000E+00,2.618E-03,0.000E+00,9.553E-03,1.229E-02,1.063E+00,1.777E+00,-8.180E-02,1.870E+00,1.449E+00,3.142E+00,-5.204E-03,2.489E+00,2.411E+00,1.017E-01,2.722E+00,1.732E+00,-7.037E-02,1.920E+00,1.563E+00,3.142E+00,-3.065E-03,2.521E+00,2.474E+00,1.196E-01,2.689E+00
9,0.000E+00,0.000E+00,2.624E-03,0.000E+00,9.573E-03,1.232E-02,1.066E+00,1.777E+00,-8.734E-02,1.903E+00,1.451E+00,3.142E+00,-5.346E-03,2.490E+00,2.409E+00,1.017E-01,2.721E+00,1.732E+00,-7.516E-02,1.945E+00,1.566E+00,3.142E+00,-3.017E-03,2.518E+00,2.472E+00,1.195E-01,2.690E+00
10,0.000E+00,0.000E+00,2.629E-03,0.000E+00,9.594E-03,1.235E-02,1.068E+00,1.777E+00,-9.287E-02,1.935E+00,1.452E+00,3.142E+00,-5.489E-03,2.490E+00,2.407E+00,1.017E-01,2.720E+00,1.733E+00,-7.994E-02,1.971E+00,1.569E+00,3.142E+00,-2.969E-03,2.515E+00,2.470E+00,1.195E-01,2.691E+00
11,0.000E+00,0.000E+00,2.684E-03,0.000E+00,9.725E-03,1.250E-02,1.083E+00,1.777E+00,-8.829E-02,1.867E+00,1.479E+00,3.142E+00,-5.294E-03,2.494E+00,2.414E+00,1.013E-01,2.730E+00,1.726E+00,-8.165E-02,1.946E+00,1.628E+00,3.142E+00,-2.647E-03,2.506E+00,2.466E+00,1.195E-01,2.691E+00
12,0.000E+00,0.000E+00,2.739E-03,0.000E+00,9.856E-03,1.265E-02,1.097E+00,1.778E+00,-8.371E-02,1.798E+00,1.507E+00,3.142E+00,-5.098E-03,2.498E+00,2.421E+00,1.008E-01,2.739E+00,1.720E+00,-8.337E-02,1.921E+00,1.688E+00,3.142E+00,-2.324E-03,2.497E+00,2.462E+00,1.195E-01,2.690E+00
13,0.000E+00,0.000E+00,2.794E-03,0.000E+00,9.987E-03,1.279E-02,1.112E+00,1.780E+00,-7.913E-02,1.729E+00,1.534E+00,3.142E+00,-4.902E-03,2.502E+00,2.428E+00,1.004E-01,2.749E+00,1.715E+00,-8.508E-02,1.897E+00,1.747E+00,3.142E+00,-2.001E-03,2.488E+00,2.458E+00,1.195E-01,2.690E+00
14,0.000E+00,0.000E+00,2.821E-03,0.000E+00,1.005E-02,1.287E-02,1.120E+00,1.781E+00,-7.684E-02,1.695E+00,1.548E+00,3.142E+00,-4.805E-03,2.504E+00,2.431E+00,1.001E-01,2.754E+00,1.712E+00,-8.594E-02,1.884E+00,1.777E+00,3.142E+00,-1.840E-03,2.484E+00,2.456E+00,1.195E-01,2.690E+00
15,0.000E+00,0.000E+00,2.849E-03,0.000E+00,1.012E-02,1.294E-02,1.127E+00,1.783E+00,-7.455E-02,1.661E+00,1.561E+00,3.142E+00,-4.707E-03,2.506E+00,2.435E+00,9.988E-02,2.759E+00,1.710E+00,-8.680E-02,1.872E+00,1.807E+00,3.142E+00,-1.679E-03,2.479E+00,2.454E+00,1.196E-01,2.689E+00
16,0.000E+00,0.000E+00,2.904E-03,0.000E+00,1.025E-02,1.309E-02,1.142E+00,1.786E+00,-6.997E-02,1.592E+00,1.589E+00,3.142E+00,-4.511E-03,2.510E+00,2.441E+00,9.942E-02,2.768E+00,1.705E+00,-8.851E-02,1.847E+00,1.866E+00,3.142E+00,-1.356E-03,2.470E+00,2.450E+00,1.196E-01,2.689E+00
17,0.000E+00,0.000E+00,2.958E-03,0.000E+00,1.038E-02,1.324E-02,1.157E+00,1.789E+00,-6.539E-02,1.523E+00,1.616E+00,3.142E+00,-4.316E-03,2.514E+00,2.448E+00,9.895E-02,2.778E+00,1.701E+00,-9.023E-02,1.822E+00,1.925E+00,3.142E+00,-1.033E-03,2.461E+00,2.446E+00,1.196E-01,2.689E+00
18,0.000E+00,0.000E+00,3.013E-03,0.000E+00,1.051E-02,1.339E-02,1.171E+00,1.794E+00,-6.081E-02,1.455E+00,1.644E+00,3.142E+00,-4.120E-03,2.518E+00,2.455E+00,9.849E-02,2.787E+00,1.697E+00,-9.194E-02,1.798E+00,1.985E+00,3.142E+00,-7.107E-04,2.452E+00,2.442E+00,1.196E-01,2.688E+00
19,0.000E+00,0.000E+00,3.041E-03,0.000E+00,1.058E-02,1.346E-02,1.179E+00,1.796E+00,-5.852E-02,1.420E+00,1.658E+00,3.142E+00,-4.022E-03,2.520E+00,2.458E+00,9.825E-02,2.792E+00,1.695E+00,-9.280E-02,1.785E+00,2.014E+00,3.142E+00,-5.494E-04,2.448E+00,2.440E+00,1.196E-01,2.688E+00
20,0.000E+00,0.000E+00,3.068E-03,0.000E+00,1.064E-02,1.353E-02,1.186E+00,1.799E+00,-5.623E-02,1.386E+00,1.671E+00,3.142E+00,-3.924E-03,2.522E+00,2.462E+00,9.802E-02,2.797E+00,1.693E+00,-9.366E-02,1.773E+00,2.044E+00,3.142E+00,-3.881E-04,2.443E+00,2.437E+00,1.197E-01,2.688E+00
21,0.000E+00,0.000E+00,3.124E-03,0.000E+00,1.093E-02,1.388E-02,1.216E+00,1.791E+00,-6.272E-02,1.408E+00,1.724E+00,3.142E+00,-4.026E-03,2.518E+00,2.456E+00,9.840E-02,2.789E+00,1.702E+00,-9.807E-02,1.773E+00,2.015E+00,3.142E+00,-8.389E-04,2.461E+00,2.448E+00,1.192E-01,2.697E+00
22,0.000E+00,0.000E+00,3.179E-03,0.000E+00,1.121E-02,1.422E-02,1.246E+00,1.783E+00,-6.921E-02,1.430E+00,1.777E+00,3.142E+00,-4.127E-03,2.514E+00,2.451E+00,9.877E-02,2.781E+00,1.711E+00,-1.025E-01,1.772E+00,1.986E+00,3.142E+00,-1.290E-03,2.478E+00,2.458E+00,1.187E-01,2.706E+00
23,0.000E+00,0.000E+00,3.235E-03,0.000E+00,1.149E-02,1.457E-02,1.276E+00,1.775E+00,-7.571E-02,1.452E+00,1.829E+00,3.142E+00,-4.228E-03,2.509E+00,2.445E+00,9.915E-02,2.774E+00,1.720E+00,-1.069E-01,1.772E+00,1.957E+00,3.142E+00,-1.741E-03,2.496E+00,2.468E+00,1.182E-01,2.714E+00
24,0.000E+00,0.000E+00,3.263E-03,0.000E+00,1.164E-02,1.474E-02,1.291E+00,1.771E+00,-7.895E-02,1.463E+00,1.855E+00,3.142E+00,-4.278E-03,2.507E+00,2.442E+00,9.934E-02,2.770E+00,1.724E+00,-1.091E-01,1.772E+00,1.942E+00,3.142E+00,-1.966E-03,2.504E+00,2.473E+00,1.180E-01,2.719E+00
25,0.000E+00,0.000E+00,3.291E-03,0.000E+00,1.178E-02,1.492E-02,1.306E+00,1.767E+00,-8.220E-02,1.474E+00,1.882E+00,3.142E+00,-4.329E-03,2.505E+00,2.440E+00,9.953E-02,2.766E+00,1.729E+00,-1.113E-01,1.772E+00,1.927E+00,3.142E+00,-2.192E-03,2.513E+00,2.478E+00,1.177E-01,2.723E+00
26,0.000E+00,0.000E+00,3.346E-03,0.000E+00,1.206E-02,1.526E-02,1.335E+00,1.760E+00,-8.870E-02,1.495E+00,1.934E+00,3.142E+00,-4.430E-03,2.501E+00,2.434E+00,9.990E-02,2.758E+00,1.738E+00,-1.157E-01,1.772E+00,1.898E+00,3.142E+00,-2.642E-03,2.530E+00,2.489E+00,1.173E-01,2.732E+00
27,0.000E+00,0.000E+00,3.402E-03,0.000E+00,1.234E-02,1.561E-02,1.365E+00,1.753E+00,-9.519E-02,1.517E+00,1.987E+00,3.142E+00,-4.531E-03,2.497E+00,2.429E+00,1.003E-01,2.750E+00,1.747E+00,-1.201E-01,1.772E+00,1.869E+00,3.142E+00,-3.093E-03,2.548E+00,2.499E+00,1.168E-01,2.741E+00
28,0.000E+00,0.000E+00,3.457E-03,0.000E+00,1.263E-02,1.595E-02,1.395E+00,1.746E+00,-1.017E-01,1.539E+00,2.040E+00,3.142E+00,-4.632E-03,2.493E+00,2.423E+00,1.007E-01,2.742E+00,1.756E+00,-1.245E-01,1.771E+00,1.840E+00,3.142E+00,-3.544E-03,2.565E+00,2.509E+00,1.163E-01,2.750E+00
29,0.000E+00,0.000E+00,3.485E-03,0.000E+00,1.277E-02,1.613E-02,1.410E+00,1.742E+00,-1.049E-01,1.550E+00,2.066E+00,3.142E+00,-4.683E-03,2.491E+00,2.420E+00,1.008E-01,2.739E+00,1.761E+00,-1.267E-01,1.771E+00,1.825E+00,3.142E+00,-3.770E-03,2.574E+00,2.514E+00,1.161E-01,2.754E+00
30,0.000E+00,0.000E+00,3.513E-03,0.000E+00,1.291E-02,1.630E-02,1.425E+00,1.739E+00,-1.082E-01,1.561E+00,2.092E+00,3.142E+00,-4.734E-03,2.489E+00,2.417E+00,1.010E-01,2.735E+00,1.765E+00,-1.289E-01,1.771E+00,1.811E+00,3.142E+00,-3.995E-03,2.583E+00,2.519E+00,1.158E-01,2.759E+00
31,0.000E+00,0.000E+00,3.718E-03,0.000E+00,1.364E-02,1.723E-02,1.506E+00,1.722E+00,-1.485E-01,1.908E+00,2.026E+00,3.142E+00,-4.544E-03,2.489E+00,2.420E+00,1.004E-01,2.748E+00,1.750E+00,-1.583E-01,2.047E+00,1.793E+00,3.142E+00,-4.191E-03,2.587E+00,2.521E+00,1.153E-01,2.769E+00
32,0.000E+00,0.000E+00,3.821E-03,0.000E+00,1.400E-02,1.769E-02,1.546E+00,1.718E+00,-1.686E-01,2.081E+00,1.993E+00,3.142E+00,-4.449E-03,2.489E+00,2.422E+00,1.001E-01,2.755E+00,1.745E+00,-1.729E-01,2.184E+00,1.784E+00,3.142E+00,-4.289E-03,2.589E+00,2.521E+00,1.150E-01,2.775E+00
33,0.000E+00,0.000E+00,3.924E-03,0.000E+00,1.437E-02,1.815E-02,1.587E+00,1.716E+00,-1.888E-01,2.254E+00,1.960E+00,3.142E+00,-4.354E-03,2.489E+00,2.423E+00,9.974E-02,2.762E+00,1.740E+00,-1.876E-01,2.322E+00,1.775E+00,3.142E+00,-4.387E-03,2.591E+00,2.522E+00,1.147E-01,2.780E+00
34,0.000E+00,0.000E+00,4.027E-03,0.000E+00,1.473E-02,1.861E-02,1.627E+00,1.716E+00,-2.089E-01,2.427E+00,1.927E+00,3.142E+00,-4.260E-03,2.488E+00,2.424E+00,9.942E-02,2.769E+00,1.737E+00,-2.023E-01,2.460E+00,1.766E+00,3.142E+00,-4.484E-03,2.594E+00,2.522E+00,1.145E-01,2.786E+00
35,0.000E+00,0.000E+00,4.129E-03,0.000E+00,1.509E-02,1.908E-02,1.668E+00,1.718E+00,-2.291E-01,2.600E+00,1.894E+00,3.142E+00,-4.165E-03,2.488E+00,2.426E+00,9.909E-02,2.776E+00,1.735E+00,-2.170E-01,2.598E+00,1.757E+00,3.142E+00,-4.582E-03,2.596E+00,2.523E+00,1.142E-01,2.791E+00
36,0.000E+00,0.000E+00,4.232E-03,0.000E+00,1.546E-02,1.954E-02,1.708E+00,1.722E+00,-2.492E-01,2.774E+00,1.861E+00,3.142E+00,-4.070E-03,2.488E+00,2.427E+00,9.877E-02,2.782E+00,1.734E+00,-2.316E-01,2.735E+00,1.749E+00,3.142E+00,-4.680E-03,2.598E+00,2.524E+00,1.139E-01,2.796E+00
37,0.000E+00,0.000E+00,4.335E-03,0.000E+00,1.582E-02,2.000E-02,1.749E+00,1.726E+00,-2.694E-01,2.947E+00,1.828E+00,3.142E+00,-3.975E-03,2.488E+00,2.428E+00,9.845E-02,2.789E+00,1.733E+00,-2.463E-01,2.873E+00,1.740E+00,3.142E+00,-4.778E-03,2.600E+00,2.524E+00,1.137E-01,2.802E+00
38,0.000E+00,0.000E+00,4.438E-03,0.000E+00,1.619E-02,2.046E-02,1.789E+00,1.732E+00,-2.895E-01,3.120E+00,1.795E+00,3.142E+00,-3.880E-03,2.488E+00,2.430E+00,9.812E-02,2.796E+00,1.733E+00,-2.610E-01,3.011E+00,1.731E+00,3.142E+00,-4.876E-03,2.602E+00,2.525E+00,1.134E-01,2.807E+00
39,0.000E+00,0.000E+00,4.541E-03,0.000E+00,1.655E-02,2.093E-02,1.830E+00,1.739E+00,-3.097E-01,3.293E+00,1.762E+00,3.142E+00,-3.786E-03,2.488E+00,2.431E+00,9.780E-02,2.803E+00,1.734E+00,-2.757E-01,3.148E+00,1.722E+00,3.142E+00,-4.974E-03,2.605E+00,2.525E+00,1.131E-01,2.812E+00
40,0.000E+00,0.000E+00,4.643E-03,0.000E+00,1.691E-02,2.139E-02,1.870E+00,1.747E+00,-3.298E-01,3.467E+00,1.729E+00,3.142E+00,-3.691E-03,2.488E+00,2.432E+00,9.748E-02,2.810E+00,1.735E+00,-2.903E-01,3.286E+00,1.713E+00,3.142E+00,-5.072E-03,2.607E+00,2.526E+00,1.128E-01,2.818E+00
41,0.000E+00,0.000E+00,4.746E-03,0.000E+00,1.728E-02,2.185E-02,1.910E+00,1.755E+00,-3.500E-01,3.640E+00,1.696E+00,3.142E+00,-3.596E-03,2.488E+00,2.434E+00,9.716E-02,2.817E+00,1.737E+00,-3.050E-01,3.424E+00,1.704E+00,3.142E+00,-5.170E-03,2.609E+00,2.526E+00,1.126E-01,2.823E+00
42,0.000E+00,0.000E+00,4.849E-03,0.000E+00,1.764E-02,2.232E-02,1.951E+00,1.765E+00,-3.701E-01,3.813E+00,1.663E+00,3.142E+00,-3.501E-03,2.488E+00,2.435E+00,9.683E-02,2.823E+00,1.739E+00,-3.197E-01,3.562E+00,1.695E+00,3.142E+00,-5.267E-03,2.611E+00,2.527E+00,1.123E-01,2.828E+00
43,0.000E+00,0.000E+00,4.952E-03,0.000E+00,1.800E-02,2.278E-02,1.991E+00,1.775E+00,-3.903E-01,3.986E+00,1.630E+00,3.142E+00,-3.406E-03,2.488E+00,2.437E+00,9.651E-02,2.830E+00,1.741E+00,-3.344E-01,3.699E+00,1.686E+00,3.142E+00,-5.365E-03,2.613E+00,2.528E+00,1.120E-01,2.834E+00
44,0.000E+00,0.000E+00,5.054E-03,0.000E+00,1.837E-02,2.324E-02,2.032E+00,1.786E+00,-4.104E-01,4.159E+00,1.597E+00,3.142E+00,-3.312E-03,2.488E+00,2.438E+00,9.619E-02,2.837E+00,1.744E+00,-3.490E-01,3.837E+00,1.677E+00,3.142E+00,-5.463E-03,2.615E+00,2.528E+00,1.118E-01,2.839E+00
45,0.000E+00,0.000E+00,5.157E-03,0.000E+00,1.873E-02,2.370E-02,2.072E+00,1.798E+00,-4.306E-01,4.333E+00,1.564E+00,3.142E+00,-3.217E-03,2.488E+00,2.439E+00,9.586E-02,2.844E+00,1.748E+00,-3.637E-01,3.975E+00,1.669E+00,3.142E+00,-5.561E-03,2.618E+00,2.529E+00,1.115E-01,2.844E+00
46,0.000E+00,0.000E+00,5.364E-03,0.000E+00,1.962E-02,2.491E-02,2.171E+00,1.800E+00,-4.627E-01,4.817E+00,1.538E+00,3.142E+00,-1.597E-03,2.437E+00,2.413E+00,9.400E-02,2.886E+00,1.726E+00,-3.642E-01,3.985E+00,1.764E+00,3.142E+00,-2.899E-03,2.540E+00,2.493E+00,1.095E-01,2.886E+00
47,0.000E+00,0.000E+00,5.468E-03,0.000E+00,2.007E-02,2.551E-02,2.221E+00,1.803E+00,-4.788E-01,5.059E+00,1.524E+00,3.142E+00,-7.866E-04,2.411E+00,2.399E+00,9.307E-02,2.907E+00,1.716E+00,-3.644E-01,3.990E+00,1.812E+00,3.142E+00,-1.567E-03,2.501E+00,2.476E+00,1.085E-01,2.907E+00
48,0.000E+00,0.000E+00,5.571E-03,0.000E+00,2.052E-02,2.611E-02,2.271E+00,1.806E+00,-4.949E-01,5.300E+00,1.511E+00,3.142E+00,2.354E-05,2.386E+00,2.386E+00,9.214E-02,2.929E+00,1.706E+00,-3.646E-01,3.995E+00,1.860E+00,3.142E+00,-2.362E-04,2.462E+00,2.458E+00,1.076E-01,2.927E+00
49,0.000E+00,0.000E+00,5.848E-03,0.000E+00,2.163E-02,2.746E-02,2.390E+00,1.788E+00,-4.539E-01,4.549E+00,1.617E+00,3.142E+00,-2.080E-03,2.451E+00,2.419E+00,9.230E-02,2.925E+00,1.715E+00,-3.613E-01,3.792E+00,1.874E+00,3.142E+00,-2.667E-03,2.555E+00,2.512E+00,1.086E-01,2.905E+00
50,0.000E+00,0.000E+00,5.987E-03,0.000E+00,2.218E-02,2.813E-02,2.449E+00,1.784E+00,-4.334E-01,4.174E+00,1.670E+00,3.142E+00,-3.132E-03,2.483E+00,2.435E+00,9.238E-02,2.923E+00,1.720E+00,-3.596E-01,3.691E+00,1.881E+00,3.142E+00,-3.882E-03,2.602E+00,2.539E+00,1.091E-01,2.894E+00
51,0.000E+00,0.000E+00,6.125E-03,0.000E+00,2.274E-02,2.880E-02,2.509E+00,1.782E+00,-4.128E-01,3.798E+00,1.723E+00,3.142E+00,-4.184E-03,2.515E+00,2.451E+00,9.246E-02,2.921E+00,1.725E+00,-3.579E-01,3.589E+00,1.888E+00,3.142E+00,-5.097E-03,2.648E+00,2.566E+00,1.097E-01,2.883E+00
52,0.000E+00,0.000E+00,6.197E-03,0.000E+00,2.416E-02,3.039E-02,2.641E+00,1.756E+00,-4.905E-01,5.489E+00,1.659E+00,3.142E+00,-2.744E-03,2.502E+00,2.460E+00,9.101E-02,2.956E+00,1.711E+00,-3.649E-01,3.692E+00,1.946E+00,3.142E+00,-4.621E-03,2.616E+00,2.542E+00,1.091E-01,2.894E+00
53,0.000E+00,0.000E+00,6.233E-03,0.000E+00,2.487E-02,3.118E-02,2.708E+00,1.755E+00,-5.293E-01,6.334E+00,1.627E+00,3.142E+00,-2.024E-03,2.495E+00,2.464E+00,9.028E-02,2.973E+00,1.704E+00,-3.683E-01,3.743E+00,1.975E+00,3.142E+00,-4.382E-03,2.600E+00,2.531E+00,1.088E-01,2.900E+00
54,0.000E+00,0.000E+00,6.269E-03,0.000E+00,2.558E-02,3.198E-02,2.774E+00,1.760E+00,-5.682E-01,7.179E+00,1.595E+00,3.142E+00,-1.304E-03,2.488E+00,2.468E+00,8.956E-02,2.991E+00,1.697E+00,-3.718E-01,3.794E+00,2.003E+00,3.142E+00,-4.144E-03,2.585E+00,2.519E+00,1.085E-01,2.906E+00
55,0.000E+00,0.000E+00,6.796E-03,0.000E+00,2.700E-02,3.391E-02,2.944E+00,1.741E+00,-5.313E-01,6.140E+00,1.718E+00,3.142E+00,-2.727E-03,2.514E+00,2.472E+00,8.850E-02,3.017E+00,1.694E+00,-3.828E-01,3.922E+00,2.010E+00,3.142E+00,-1.399E-03,2.547E+00,2.524E+00,1.080E-01,2.919E+00
56,0.000E+00,0.000E+00,7.060E-03,0.000E+00,2.771E-02,3.488E-02,3.029E+00,1.736E+00,-5.128E-01,5.620E+00,1.780E+00,3.142E+00,-3.438E-03,2.526E+00,2.473E+00,8.798E-02,3.030E+00,1.693E+00,-3.883E-01,3.986E+00,2.013E+00,3.142E+00,-2.666E-05,2.528E+00,2.527E+00,1.077E-01,2.925E+00
57,0.000E+00,0.000E+00,7.323E-03,0.000E+00,2.842E-02,3.584E-02,3.113E+00,1.734E+00,-4.944E-01,5.101E+00,1.842E+00,3.142E+00,-4.149E-03,2.539E+00,2.475E+00,8.745E-02,3.044E+00,1.692E+00,-3.938E-01,4.050E+00,2.016E+00,3.142E+00,1.346E-03,2.509E+00,2.530E+00,1.074E-01,2.931E+00
58,0.000E+00,0.000E+00,7.628E-03,0.000E+00,3.022E-02,3.794E-02,3.296E+00,1.720E+00,-5.359E-01,6.162E+00,1.817E+00,3.142E+00,-3.960E-03,2.523E+00,2.462E+00,8.745E-02,3.044E+00,1.694E+00,-4.239E-01,4.547E+00,1.956E+00,3.142E+00,-7.914E-04,2.530E+00,2.518E+00,1.055E-01,2.973E+00
59,0.000E+00,0.000E+00,7.780E-03,0.000E+00,3.112E-02,3.899E-02,3.387E+00,1.717E+00,-5.567E-01,6.692E+00,1.805E+00,3.142E+00,-3.866E-03,2.515E+00,2.455E+00,8.745E-02,3.044E+00,1.696E+00,-4.389E-01,4.796E+00,1.926E+00,3.142E+00,-1.860E-03,2.541E+00,2.512E+00,1.046E-01,2.994E+00
60,0.000E+00,0.000E+00,7.933E-03,0.000E+00,3.202E-02,4.005E-02,3.479E+00,1.715E+00,-5.775E-01,7.222E+00,1.793E+00,3.142E+00,-3.771E-03,2.506E+00,2.449E+00,8.745E-02,3.044E+00,1.699E+00,-4.539E-01,5.044E+00,1.896E+00,3.142E+00,-2.929E-03,2.552E+00,2.506E+00,1.036E-01,3.015E+00
61,0.000E+00,0.000E+00,8.210E-03,0.000E+00,3.452E-02,4.267E-02,3.715E+00,1.695E+00,-5.928E-01,7.648E+00,1.867E+00,3.142E+00,-3.492E-03,2.542E+00,2.488E+00,8.527E-02,3.102E+00,1.691E+00,-4.554E-01,5.030E+00,1.943E+00,3.142E+00,-1.193E-03,2.529E+00,2.510E+00,1.042E-01,3.003E+00
62,0.000E+00,0.000E+00,8.349E-03,0.000E+00,3.577E-02,4.399E-02,3.834E+00,1.685E+00,-6.005E-01,7.861E+00,1.903E+00,3.142E+00,-3.352E-03,2.561E+00,2.508E+00,8.418E-02,3.131E+00,1.687E+00,-4.562E-01,5.023E+00,1.967E+00,3.142E+00,-3.258E-04,2.517E+00,2.512E+00,1.044E-01,2.997E+00
63,0.000E+00,0.000E+00,8.488E-03,0.000E+00,3.701E-02,4.530E-02,3.952E+00,1.676E+00,-6.082E-01,8.073E+00,1.940E+00,3.142E+00,-3.213E-03,2.579E+00,2.528E+00,8.308E-02,3.160E+00,1.684E+00,-4.569E-01,5.015E+00,1.991E+00,3.142E+00,5.418E-04,2.505E+00,2.514E+00,1.047E-01,2.990E+00
64,0.000E+00,0.000E+00,9.094E-03,0.000E+00,3.958E-02,4.863E-02,4.233E+00,1.665E+00,-5.996E-01,7.628E+00,2.028E+00,3.142E+00,-3.332E-03,2.524E+00,2.473E+00,8.468E-02,3.117E+00,1.651E+00,-5.250E-01,7.116E+00,1.950E+00,3.142E+00,-2.373E-04,2.539E+00,2.535E+00,1.051E-01,2.980E+00
65,0.000E+00,0.000E+00,9.396E-03,0.000E+00,4.086E-02,5.029E-02,4.374E+00,1.660E+00,-5.953E-01,7.405E+00,2.072E+00,3.142E+00,-3.392E-03,2.497E+00,2.445E+00,8.548E-02,3.095E+00,1.645E+00,-5.591E-01,8.166E+00,1.929E+00,3.142E+00,-6.268E-04,2.556E+00,2.546E+00,1.054E-01,2.976E+00
66,0.000E+00,0.000E+00,9.699E-03,0.000E+00,4.214E-02,5.196E-02,4.514E+00,1.655E+00,-5.911E-01,7.182E+00,2.116E+00,3.142E+00,-3.451E-03,2.470E+00,2.418E+00,8.628E-02,3.074E+00,1.644E+00,-5.932E-01,9.216E+00,1.909E+00,3.142E+00,-1.016E-03,2.573E+00,2.556E+00,1.056E-01,2.971E+00
67,0.000E+00,0.000E+00,1.015E-02,0.000E+00,4.540E-02,5.571E-02,4.838E+00,1.628E+00,-6.280E-01,8.760E+00,2.142E+00,3.142E+00,-1.793E-03,2.469E+00,2.442E+00,8.448E-02,3.123E+00,1.625E+00,-6.057E-01,1.017E+01,1.932E+00,3.142E+00,8.179E-05,2.517E+00,2.517E+00,1.037E-01,3.014E+00
68,0.000E+00,0.000E+00,1.038E-02,0.000E+00,4.703E-02,5.758E-02,5.000E+00,1.617E+00,-6.465E-01,9.549E+00,2.155E+00,3.142E+00,-9.643E-04,2.469E+00,2.454E+00,8.358E-02,3.147E+00,1.617E+00,-6.120E-01,1.065E+01,1.944E+00,3.142E+00,6.309E-04,2.488E+00,2.498E+00,1.027E-01,3.036E+00
69,0.000E+00,0.000E+00,1.061E-02,0.000E+00,4.866E-02,5.946E-02,5.162E+00,1.609E+00,-6.650E-01,1.034E+01,2.169E+00,3.142E+00,-1.353E-04,2.469E+00,2.467E+00,8.268E-02,3.171E+00,1.609E+00,-6.183E-01,1.113E+01,1.955E+00,3.142E+00,1.180E-03,2.460E+00,2.478E+00,1.018E-01,3.058E+00
70,0.000E+00,0.000E+00,1.148E-02,0.000E+00,5.246E-02,6.402E-02,5.565E+00,1.585E+00,-6.997E-01,1.289E+01,2.164E+00,3.142E+00,1.444E-03,2.430E+00,2.452E+00,8.061E-02,3.232E+00,1.578E+00,-6.554E-01,1.486E+01,1.928E+00,3.142E+00,-2.008E-04,2.488E+00,2.485E+00,1.015E-01,3.066E+00
71,0.000E+00,0.000E+00,1.191E-02,0.000E+00,5.436E-02,6.630E-02,5.766E+00,1.577E+00,-7.171E-01,1.416E+01,2.161E+00,3.142E+00,2.234E-03,2.411E+00,2.444E+00,7.957E-02,3.262E+00,1.570E+00,-6.739E-01,1.673E+01,1.914E+00,3.142E+00,-8.911E-04,2.502E+00,2.488E+00,1.013E-01,3.070E+00
72,0.000E+00,0.000E+00,1.234E-02,0.000E+00,5.625E-02,6.859E-02,5.968E+00,1.571E+00,-7.345E-01,1.543E+01,2.159E+00,3.142E+00,3.024E-03,2.392E+00,2.437E+00,7.854E-02,3.292E+00,1.565E+00,-6.924E-01,1.859E+01,1.900E+00,3.142E+00,-1.582E-03,2.515E+00,2.491E+00,1.011E-01,3.074E+00
73,0.000E+00,0.000E+00,1.259E-02,0.000E+00,5.943E-02,7.209E-02,6.268E+00,1.526E+00,-7.587E-01,1.935E+01,2.242E+00,3.142E+00,1.865E-03,2.385E+00,2.413E+00,7.811E-02,3.305E+00,1.533E+00,-6.763E-01,1.747E+01,2.053E+00,3.142E+00,2.652E-03,2.397E+00,2.433E+00,9.834E-02,3.144E+00
74,0.000E+00,0.000E+00,1.284E-02,0.000E+00,6.261E-02,7.560E-02,6.568E+00,1.491E+00,-7.830E-01,2.327E+01,2.326E+00,3.142E+00,7.065E-04,2.379E+00,2.389E+00,7.767E-02,3.319E+00,1.505E+00,-6.602E-01,1.634E+01,2.206E+00,3.142E+00,6.886E-03,2.278E+00,2.376E+00,9.556E-02,3.215E+00
75,0.000E+00,0.000E+00,1.304E-02,0.000E+00,6.586E-02,7.896E-02,6.866E+00,1.470E+00,-7.854E-01,2.401E+01,2.414E+00,3.142E+00,1.659E-03,2.360E+00,2.384E+00,7.731E-02,3.330E+00,1.485E+00,-6.639E-01,1.686E+01,2.288E+00,3.142E+00,4.082E-03,2.326E+00,2.384E+00,9.658E-02,3.188E+00
76,0.000E+00,0.000E+00,1.324E-02,0.000E+00,6.911E-02,8.232E-02,7.163E+00,1.451E+00,-7.879E-01,2.474E+01,2.503E+00,3.142E+00,2.612E-03,2.341E+00,2.378E+00,7.694E-02,3.342E+00,1.467E+00,-6.677E-01,1.738E+01,2.370E+00,3.142E+00,1.278E-03,2.374E+00,2.392E+00,9.760E-02,3.162E+00
77,0.000E+00,0.000E+00,1.408E-02,0.000E+00,7.179E-02,8.581E-02,7.469E+00,1.416E+00,-7.767E-01,2.376E+01,2.713E+00,3.142E+00,5.206E-03,2.273E+00,2.346E+00,7.552E-02,3.387E+00,1.430E+00,-6.584E-01,1.714E+01,2.570E+00,3.142E+00,3.014E-03,2.326E+00,2.368E+00,9.557E-02,3.215E+00
78,0.000E+00,0.000E+00,1.493E-02,0.000E+00,7.448E-02,8.930E-02,7.775E+00,1.386E+00,-7.654E-01,2.278E+01,2.924E+00,3.142E+00,7.800E-03,2.206E+00,2.313E+00,7.410E-02,3.433E+00,1.397E+00,-6.491E-01,1.689E+01,2.769E+00,3.142E+00,4.749E-03,2.278E+00,2.344E+00,9.355E-02,3.269E+00
79,0.000E+00,0.000E+00,1.470E-02,0.000E+00,7.744E-02,9.214E-02,8.015E+00,1.326E+00,-7.557E-01,2.286E+01,3.329E+00,3.142E+00,1.092E-02,2.140E+00,2.285E+00,7.285E-02,3.476E+00,1.350E+00,-6.368E-01,1.648E+01,3.100E+00,3.142E+00,1.920E-02,2.033E+00,2.266E+00,9.369E-02,3.265E+00
80,0.000E+00,0.000E+00,1.446E-02,0.000E+00,8.039E-02,9.499E-02,8.255E+00,1.275E+00,-7.459E-01,2.295E+01,3.734E+00,3.142E+00,1.404E-02,2.074E+00,2.257E+00,7.161E-02,3.519E+00,1.309E+00,-6.246E-01,1.606E+01,3.432E+00,3.142E+00,3.365E-02,1.788E+00,2.188E+00,9.383E-02,3.261E+00
81,0.000E+00,0.000E+00,1.475E-02,0.000E+00,8.073E-02,9.555E-02,8.308E+00,1.222E+00,-7.297E-01,2.116E+01,4.360E+00,3.142E+00,1.612E-02,2.019E+00,2.224E+00,6.828E-02,3.645E+00,1.264E+00,-6.099E-01,1.542E+01,3.864E+00,3.142E+00,3.304E-02,1.782E+00,2.172E+00,8.995E-02,3.375E+00
82,0.000E+00,0.000E+00,1.505E-02,0.000E+00,8.107E-02,9.610E-02,8.362E+00,1.183E+00,-7.136E-01,1.937E+01,4.987E+00,3.142E+00,1.821E-02,1.964E+00,2.190E+00,6.495E-02,3.772E+00,1.227E+00,-5.952E-01,1.478E+01,4.297E+00,3.142E+00,3.244E-02,1.775E+00,2.156E+00,8.608E-02,3.489E+00
83,0.000E+00,0.000E+00,1.398E-02,0.000E+00,7.637E-02,9.033E-02,7.859E+00,1.154E+00,-7.256E-01,1.998E+01,5.419E+00,3.142E+00,5.361E-02,1.597E+00,2.152E+00,6.115E-02,3.944E+00,1.192E+00,-5.882E-01,1.396E+01,4.885E+00,3.142E+00,6.072E-02,1.489E+00,2.114E+00,8.383E-02,3.563E+00
84,0.000E+00,0.000E+00,1.291E-02,0.000E+00,7.166E-02,8.455E-02,7.356E+00,1.128E+00,-7.377E-01,2.059E+01,5.850E+00,3.142E+00,8.901E-02,1.230E+00,2.115E+00,5.735E-02,4.115E+00,1.164E+00,-5.811E-01,1.314E+01,5.474E+00,3.142E+00,8.901E-02,1.203E+00,2.072E+00,8.157E-02,3.637E+00
85,0.000E+00,0.000E+00,9.884E-03,0.000E+00,5.627E-02,6.613E-02,5.755E+00,1.098E+00,-7.313E-01,1.911E+01,6.635E+00,3.142E+00,8.901E-02,1.129E+00,1.922E+00,5.323E-02,4.347E+00,1.139E+00,-5.717E-01,1.202E+01,6.208E+00,3.142E+00,8.901E-02,1.089E+00,1.860E+00,7.575E-02,3.866E+00
86,0.000E+00,0.000E+00,6.856E-03,0.000E+00,4.088E-02,4.772E-02,4.153E+00,1.076E+00,-7.250E-01,1.762E+01,7.419E+00,3.142E+00,8.901E-02,1.027E+00,1.730E+00,4.911E-02,4.578E+00,1.123E+00,-5.623E-01,1.090E+01,6.942E+00,3.142E+00,8.901E-02,9.747E-01,1.647E+00,6.993E-02,4.094E+00
87,0.000E+00,0.000E+00,3.608E-03,0.000E+00,2.132E-02,2.494E-02,2.170E+00,9.914E-01,-7.615E-01,1.678E+01,1.082E+01,3.142E+00,8.901E-02,1.001E+00,1.688E+00,3.869E-02,5.566E+00,1.139E+00,-6.151E-01,1.040E+01,7.381E+00,3.142E+00,8.901E-02,8.298E-01,1.416E+00,6.259E-02,4.490E+00
88,0.000E+00,0.000E+00,3.594E-04,0.000E+00,1.765E-03,2.154E-03,1.865E-01,9.429E-01,-7.981E-01,1.594E+01,1.423E+01,3.142E+00,8.901E-02,9.747E-01,1.647E+00,2.827E-02,6.554E+00,1.154E+00,-6.679E-01,9.891E+00,7.820E+00,3.142E+00,8.900E-02,6.849E-01,1.184E+00,5.525E-02,4.886E+00
89,0.000E+00,0.000E+00,0.000E+00,0.000E+00,7.715E-05,8.008E-05,6.613E-03,3.142E+00,0.000E+00,0.000E+00,0.000E+00,0.000E+00,0.000E+00,0.000E+00,0.000E+00,0.000E+00,0.000E+00,3.142E+00,0.000E+00,0.000E+00,0.000E+00,0.000E+00,0.000E+00,0.000E+00,0.000E+00,0.000E+00,0.000E+00
