alpha,H,He,Na,Al,Si,O,Na_1,O_1,Si_2,O_2,Al_3,O_3,amu/ion,thetaK_Al,thetaTilt_Al,thetaM_Al,thetaN_Al,phiK_Al,phiTilt_Al,phiM_Al,phiN_Al,energyK_Al,energyE_Al,thetaK_Na,thetaTilt_Na,thetaM_Na,thetaN_Na,phiK_Na,phiTilt_Na,phiM_Na,phiN_Na,energyK_Na,energyE_Na,thetaK_O,thetaTilt_O,thetaM_O,thetaN_O,phiK_O,phiTilt_O,phiM_O,phiN_O,energyK_O,energyE_O,thetaK_Si,thetaTilt_Si,thetaM_Si,thetaN_Si,phiK_Si,phiTilt_Si,phiM_Si,phiN_Si,energyK_Si,energyE_Si
0,0.000E+00,0.000E+00,1.104E-03,0.000E+00,2.109E-03,0.000E+00,0.000E+00,0.000E+00,1.232E-03,5.733E-03,1.126E-03,2.765E-03,2.853E-01,0.000E+00,0.000E+00,0.000E+00,0.000E+00,1.642E+00,1.961E-02,1.541E+00,2.064E+00,7.288E-02,4.116E+00,0.000E+00,0.000E+00,0.000E+00,0.000E+00,1.700E+00,-4.362E-02,1.844E+00,1.652E+00,3.234E-01,1.212E+00,0.000E+00,0.000E+00,0.000E+00,0.000E+00,1.719E+00,1.413E-02,1.532E+00,1.611E+00,1.141E-01,3.122E+00,0.000E+00,0.000E+00,0.000E+00,0.000E+00,1.839E+00,-4.344E-02,1.648E+00,1.195E+00,6.565E-02,4.424E+00
1,0.000E+00,0.000E+00,1.110E-03,0.000E+00,2.103E-03,0.000E+00,0.000E+00,0.000E+00,1.253E-03,5.788E-03,1.132E-03,2.771E-03,2.870E-01,0.000E+00,0.000E+00,0.000E+00,0.000E+00,1.627E+00,-3.987E-03,1.675E+00,2.014E+00,7.276E-02,4.121E+00,0.000E+00,0.000E+00,0.000E+00,0.000E+00,1.683E+00,-3.085E-02,1.746E+00,1.763E+00,3.211E-01,1.220E+00,0.000E+00,0.000E+00,0.000E+00,0.000E+00,1.705E+00,-5.226E-03,1.639E+00,1.605E+00,1.138E-01,3.128E+00,0.000E+00,0.000E+00,0.000E+00,0.000E+00,1.832E+00,-4.533E-02,1.628E+00,1.244E+00,6.491E-02,4.465E+00
2,0.000E+00,0.000E+00,1.116E-03,0.000E+00,2.096E-03,0.000E+00,0.000E+00,0.000E+00,1.273E-03,5.842E-03,1.138E-03,2.778E-03,2.888E-01,0.000E+00,0.000E+00,0.000E+00,0.000E+00,1.635E+00,-2.758E-02,1.808E+00,1.964E+00,7.264E-02,4.126E+00,0.000E+00,0.000E+00,0.000E+00,0.000E+00,1.669E+00,-1.808E-02,1.648E+00,1.873E+00,3.189E-01,1.227E+00,0.000E+00,0.000E+00,0.000E+00,0.000E+00,1.708E+00,-2.458E-02,1.745E+00,1.598E+00,1.136E-01,3.134E+00,0.000E+00,0.000E+00,0.000E+00,0.000E+00,1.825E+00,-4.721E-02,1.608E+00,1.293E+00,6.416E-02,4.507E+00
3,0.000E+00,0.000E+00,1.121E-03,0.000E+00,2.089E-03,0.000E+00,0.000E+00,0.000E+00,1.294E-03,5.896E-03,1.145E-03,2.784E-03,2.906E-01,0.000E+00,0.000E+00,0.000E+00,0.000E+00,1.645E+00,-5.117E-02,1.942E+00,1.914E+00,7.252E-02,4.132E+00,0.000E+00,0.000E+00,0.000E+00,0.000E+00,1.657E+00,-5.316E-03,1.551E+00,1.984E+00,3.167E-01,1.235E+00,0.000E+00,0.000E+00,0.000E+00,0.000E+00,1.711E+00,-4.393E-02,1.851E+00,1.592E+00,1.133E-01,3.140E+00,0.000E+00,0.000E+00,0.000E+00,0.000E+00,1.819E+00,-4.909E-02,1.588E+00,1.342E+00,6.342E-02,4.549E+00
4,0.000E+00,0.000E+00,1.124E-03,0.000E+00,2.086E-03,0.000E+00,0.000E+00,0.000E+00,1.304E-03,5.924E-03,1.148E-03,2.787E-03,2.915E-01,0.000E+00,0.000E+00,0.000E+00,0.000E+00,1.650E+00,-6.297E-02,2.009E+00,1.889E+00,7.246E-02,4.134E+00,0.000E+00,0.000E+00,0.000E+00,0.000E+00,1.653E+00,1.067E-03,1.502E+00,2.039E+00,3.156E-01,1.239E+00,0.000E+00,0.000E+00,0.000E+00,0.000E+00,1.713E+00,-5.361E-02,1.904E+00,1.589E+00,1.132E-01,3.143E+00,0.000E+00,0.000E+00,0.000E+00,0.000E+00,1.816E+00,-5.003E-02,1.578E+00,1.367E+00,6.304E-02,4.569E+00
5,0.000E+00,0.000E+00,1.127E-03,0.000E+00,2.083E-03,0.000E+00,0.000E+00,0.000E+00,1.314E-03,5.951E-03,1.151E-03,2.791E-03,2.924E-01,0.000E+00,0.000E+00,0.000E+00,0.000E+00,1.655E+00,-7.477E-02,2.076E+00,1.864E+00,7.240E-02,4.137E+00,0.000E+00,0.000E+00,0.000E+00,0.000E+00,1.656E+00,7.450E-03,1.453E+00,2.095E+00,3.144E-01,1.243E+00,0.000E+00,0.000E+00,0.000E+00,0.000E+00,1.714E+00,-6.328E-02,1.957E+00,1.585E+00,1.131E-01,3.146E+00,0.000E+00,0.000E+00,0.000E+00,0.000E+00,1.814E+00,-5.098E-02,1.568E+00,1.391E+00,6.267E-02,4.590E+00
6,0.000E+00,0.000E+00,1.133E-03,0.000E+00,2.076E-03,0.000E+00,0.000E+00,0.000E+00,1.335E-03,6.005E-03,1.157E-03,2.797E-03,2.941E-01,0.000E+00,0.000E+00,0.000E+00,0.000E+00,1.667E+00,-9.836E-02,2.209E+00,1.814E+00,7.228E-02,4.142E+00,0.000E+00,0.000E+00,0.000E+00,0.000E+00,1.663E+00,2.022E-02,1.355E+00,2.205E+00,3.122E-01,1.251E+00,0.000E+00,0.000E+00,0.000E+00,0.000E+00,1.719E+00,-8.263E-02,2.064E+00,1.579E+00,1.128E-01,3.152E+00,0.000E+00,0.000E+00,0.000E+00,0.000E+00,1.809E+00,-5.286E-02,1.549E+00,1.440E+00,6.192E-02,4.632E+00
7,0.000E+00,0.000E+00,1.138E-03,0.000E+00,2.069E-03,0.000E+00,0.000E+00,0.000E+00,1.355E-03,6.059E-03,1.163E-03,2.803E-03,2.959E-01,0.000E+00,0.000E+00,0.000E+00,0.000E+00,1.681E+00,-1.220E-01,2.343E+00,1.764E+00,7.216E-02,4.148E+00,0.000E+00,0.000E+00,0.000E+00,0.000E+00,1.673E+00,3.298E-02,1.258E+00,2.316E+00,3.100E-01,1.259E+00,0.000E+00,0.000E+00,0.000E+00,0.000E+00,1.724E+00,-1.020E-01,2.170E+00,1.573E+00,1.126E-01,3.158E+00,0.000E+00,0.000E+00,0.000E+00,0.000E+00,1.804E+00,-5.474E-02,1.529E+00,1.489E+00,6.118E-02,4.674E+00
8,0.000E+00,0.000E+00,1.144E-03,0.000E+00,2.062E-03,0.000E+00,0.000E+00,0.000E+00,1.376E-03,6.114E-03,1.170E-03,2.810E-03,2.977E-01,0.000E+00,0.000E+00,0.000E+00,0.000E+00,1.695E+00,-1.455E-01,2.476E+00,1.714E+00,7.204E-02,4.153E+00,0.000E+00,0.000E+00,0.000E+00,0.000E+00,1.686E+00,4.575E-02,1.160E+00,2.427E+00,3.078E-01,1.266E+00,0.000E+00,0.000E+00,0.000E+00,0.000E+00,1.729E+00,-1.213E-01,2.276E+00,1.566E+00,1.123E-01,3.163E+00,0.000E+00,0.000E+00,0.000E+00,0.000E+00,1.799E+00,-5.663E-02,1.509E+00,1.538E+00,6.043E-02,4.715E+00
9,0.000E+00,0.000E+00,1.147E-03,0.000E+00,2.059E-03,0.000E+00,0.000E+00,0.000E+00,1.386E-03,6.141E-03,1.173E-03,2.813E-03,2.986E-01,0.000E+00,0.000E+00,0.000E+00,0.000E+00,1.703E+00,-1.573E-01,2.543E+00,1.689E+00,7.198E-02,4.156E+00,0.000E+00,0.000E+00,0.000E+00,0.000E+00,1.693E+00,5.213E-02,1.111E+00,2.482E+00,3.066E-01,1.270E+00,0.000E+00,0.000E+00,0.000E+00,0.000E+00,1.732E+00,-1.310E-01,2.329E+00,1.563E+00,1.122E-01,3.166E+00,0.000E+00,0.000E+00,0.000E+00,0.000E+00,1.797E+00,-5.757E-02,1.499E+00,1.563E+00,6.006E-02,4.736E+00
10,0.000E+00,0.000E+00,1.149E-03,0.000E+00,2.056E-03,0.000E+00,0.000E+00,0.000E+00,1.396E-03,6.168E-03,1.176E-03,2.816E-03,2.995E-01,0.000E+00,0.000E+00,0.000E+00,0.000E+00,1.711E+00,-1.691E-01,2.610E+00,1.664E+00,7.192E-02,4.158E+00,0.000E+00,0.000E+00,0.000E+00,0.000E+00,1.700E+00,5.852E-02,1.062E+00,2.537E+00,3.055E-01,1.274E+00,0.000E+00,0.000E+00,0.000E+00,0.000E+00,1.734E+00,-1.407E-01,2.383E+00,1.560E+00,1.121E-01,3.169E+00,0.000E+00,0.000E+00,0.000E+00,0.000E+00,1.795E+00,-5.851E-02,1.489E+00,1.587E+00,5.968E-02,4.757E+00
11,0.000E+00,0.000E+00,1.181E-03,0.000E+00,2.088E-03,0.000E+00,0.000E+00,0.000E+00,1.433E-03,6.343E-03,1.202E-03,2.870E-03,3.064E-01,0.000E+00,0.000E+00,0.000E+00,0.000E+00,1.716E+00,-1.749E-01,2.599E+00,1.672E+00,7.189E-02,4.159E+00,0.000E+00,0.000E+00,0.000E+00,0.000E+00,1.659E+00,2.981E-02,1.237E+00,2.480E+00,3.062E-01,1.272E+00,0.000E+00,0.000E+00,0.000E+00,0.000E+00,1.729E+00,-1.433E-01,2.366E+00,1.608E+00,1.120E-01,3.172E+00,0.000E+00,0.000E+00,0.000E+00,0.000E+00,1.795E+00,-7.865E-02,1.602E+00,1.576E+00,5.988E-02,4.745E+00
12,0.000E+00,0.000E+00,1.212E-03,0.000E+00,2.121E-03,0.000E+00,0.000E+00,0.000E+00,1.469E-03,6.517E-03,1.228E-03,2.925E-03,3.133E-01,0.000E+00,0.000E+00,0.000E+00,0.000E+00,1.721E+00,-1.806E-01,2.588E+00,1.679E+00,7.187E-02,4.161E+00,0.000E+00,0.000E+00,0.000E+00,0.000E+00,1.621E+00,1.109E-03,1.412E+00,2.423E+00,3.069E-01,1.269E+00,0.000E+00,0.000E+00,0.000E+00,0.000E+00,1.723E+00,-1.458E-01,2.349E+00,1.656E+00,1.119E-01,3.174E+00,0.000E+00,0.000E+00,0.000E+00,0.000E+00,1.796E+00,-9.878E-02,1.715E+00,1.565E+00,6.008E-02,4.734E+00
13,0.000E+00,0.000E+00,1.243E-03,0.000E+00,2.153E-03,0.000E+00,0.000E+00,0.000E+00,1.506E-03,6.692E-03,1.254E-03,2.979E-03,3.202E-01,0.000E+00,0.000E+00,0.000E+00,0.000E+00,1.725E+00,-1.864E-01,2.577E+00,1.686E+00,7.184E-02,4.162E+00,0.000E+00,0.000E+00,0.000E+00,0.000E+00,1.619E+00,-2.759E-02,1.586E+00,2.366E+00,3.075E-01,1.267E+00,0.000E+00,0.000E+00,0.000E+00,0.000E+00,1.718E+00,-1.484E-01,2.332E+00,1.703E+00,1.118E-01,3.176E+00,0.000E+00,0.000E+00,0.000E+00,0.000E+00,1.797E+00,-1.189E-01,1.827E+00,1.555E+00,6.027E-02,4.722E+00
14,0.000E+00,0.000E+00,1.259E-03,0.000E+00,2.169E-03,0.000E+00,0.000E+00,0.000E+00,1.524E-03,6.779E-03,1.267E-03,3.006E-03,3.236E-01,0.000E+00,0.000E+00,0.000E+00,0.000E+00,1.728E+00,-1.893E-01,2.572E+00,1.690E+00,7.183E-02,4.162E+00,0.000E+00,0.000E+00,0.000E+00,0.000E+00,1.620E+00,-4.195E-02,1.673E+00,2.337E+00,3.079E-01,1.266E+00,0.000E+00,0.000E+00,0.000E+00,0.000E+00,1.716E+00,-1.497E-01,2.324E+00,1.727E+00,1.118E-01,3.177E+00,0.000E+00,0.000E+00,0.000E+00,0.000E+00,1.799E+00,-1.290E-01,1.883E+00,1.549E+00,6.037E-02,4.716E+00
15,0.000E+00,0.000E+00,1.274E-03,0.000E+00,2.186E-03,0.000E+00,0.000E+00,0.000E+00,1.542E-03,6.866E-03,1.280E-03,3.033E-03,3.271E-01,0.000E+00,0.000E+00,0.000E+00,0.000E+00,1.730E+00,-1.922E-01,2.566E+00,1.694E+00,7.182E-02,4.163E+00,0.000E+00,0.000E+00,0.000E+00,0.000E+00,1.622E+00,-5.630E-02,1.761E+00,2.309E+00,3.082E-01,1.264E+00,0.000E+00,0.000E+00,0.000E+00,0.000E+00,1.714E+00,-1.510E-01,2.315E+00,1.751E+00,1.117E-01,3.178E+00,0.000E+00,0.000E+00,0.000E+00,0.000E+00,1.800E+00,-1.391E-01,1.940E+00,1.544E+00,6.047E-02,4.711E+00
16,0.000E+00,0.000E+00,1.306E-03,0.000E+00,2.218E-03,0.000E+00,0.000E+00,0.000E+00,1.578E-03,7.041E-03,1.306E-03,3.087E-03,3.340E-01,0.000E+00,0.000E+00,0.000E+00,0.000E+00,1.735E+00,-1.979E-01,2.556E+00,1.701E+00,7.180E-02,4.164E+00,0.000E+00,0.000E+00,0.000E+00,0.000E+00,1.627E+00,-8.500E-02,1.935E+00,2.252E+00,3.089E-01,1.262E+00,0.000E+00,0.000E+00,0.000E+00,0.000E+00,1.709E+00,-1.536E-01,2.299E+00,1.799E+00,1.116E-01,3.180E+00,0.000E+00,0.000E+00,0.000E+00,0.000E+00,1.803E+00,-1.592E-01,2.052E+00,1.533E+00,6.066E-02,4.699E+00
17,0.000E+00,0.000E+00,1.337E-03,0.000E+00,2.250E-03,0.000E+00,0.000E+00,0.000E+00,1.615E-03,7.215E-03,1.333E-03,3.141E-03,3.409E-01,0.000E+00,0.000E+00,0.000E+00,0.000E+00,1.740E+00,-2.037E-01,2.545E+00,1.708E+00,7.177E-02,4.165E+00,0.000E+00,0.000E+00,0.000E+00,0.000E+00,1.634E+00,-1.137E-01,2.110E+00,2.195E+00,3.095E-01,1.260E+00,0.000E+00,0.000E+00,0.000E+00,0.000E+00,1.705E+00,-1.561E-01,2.282E+00,1.847E+00,1.116E-01,3.182E+00,0.000E+00,0.000E+00,0.000E+00,0.000E+00,1.808E+00,-1.793E-01,2.165E+00,1.522E+00,6.086E-02,4.688E+00
18,0.000E+00,0.000E+00,1.368E-03,0.000E+00,2.283E-03,0.000E+00,0.000E+00,0.000E+00,1.651E-03,7.390E-03,1.359E-03,3.195E-03,3.478E-01,0.000E+00,0.000E+00,0.000E+00,0.000E+00,1.744E+00,-2.094E-01,2.534E+00,1.716E+00,7.175E-02,4.166E+00,0.000E+00,0.000E+00,0.000E+00,0.000E+00,1.644E+00,-1.424E-01,2.284E+00,2.138E+00,3.102E-01,1.257E+00,0.000E+00,0.000E+00,0.000E+00,0.000E+00,1.701E+00,-1.587E-01,2.265E+00,1.895E+00,1.115E-01,3.184E+00,0.000E+00,0.000E+00,0.000E+00,0.000E+00,1.812E+00,-1.995E-01,2.278E+00,1.511E+00,6.105E-02,4.676E+00
19,0.000E+00,0.000E+00,1.384E-03,0.000E+00,2.299E-03,0.000E+00,0.000E+00,0.000E+00,1.669E-03,7.477E-03,1.372E-03,3.222E-03,3.513E-01,0.000E+00,0.000E+00,0.000E+00,0.000E+00,1.747E+00,-2.123E-01,2.528E+00,1.719E+00,7.173E-02,4.167E+00,0.000E+00,0.000E+00,0.000E+00,0.000E+00,1.649E+00,-1.568E-01,2.371E+00,2.109E+00,3.105E-01,1.256E+00,0.000E+00,0.000E+00,0.000E+00,0.000E+00,1.699E+00,-1.600E-01,2.257E+00,1.919E+00,1.114E-01,3.185E+00,0.000E+00,0.000E+00,0.000E+00,0.000E+00,1.815E+00,-2.095E-01,2.334E+00,1.506E+00,6.115E-02,4.670E+00
20,0.000E+00,0.000E+00,1.399E-03,0.000E+00,2.315E-03,0.000E+00,0.000E+00,0.000E+00,1.688E-03,7.564E-03,1.385E-03,3.249E-03,3.547E-01,0.000E+00,0.000E+00,0.000E+00,0.000E+00,1.749E+00,-2.152E-01,2.523E+00,1.723E+00,7.172E-02,4.167E+00,0.000E+00,0.000E+00,0.000E+00,0.000E+00,1.655E+00,-1.711E-01,2.459E+00,2.080E+00,3.108E-01,1.255E+00,0.000E+00,0.000E+00,0.000E+00,0.000E+00,1.697E+00,-1.613E-01,2.248E+00,1.943E+00,1.114E-01,3.186E+00,0.000E+00,0.000E+00,0.000E+00,0.000E+00,1.818E+00,-2.196E-01,2.390E+00,1.501E+00,6.125E-02,4.664E+00
21,0.000E+00,0.000E+00,1.433E-03,0.000E+00,2.391E-03,0.000E+00,0.000E+00,0.000E+00,1.742E-03,7.784E-03,1.427E-03,3.364E-03,3.657E-01,0.000E+00,0.000E+00,0.000E+00,0.000E+00,1.746E+00,-2.284E-01,2.627E+00,1.731E+00,7.148E-02,4.179E+00,0.000E+00,0.000E+00,0.000E+00,0.000E+00,1.651E+00,-1.953E-01,2.755E+00,2.021E+00,3.088E-01,1.262E+00,0.000E+00,0.000E+00,0.000E+00,0.000E+00,1.696E+00,-1.806E-01,2.406E+00,1.922E+00,1.108E-01,3.201E+00,0.000E+00,0.000E+00,0.000E+00,0.000E+00,1.820E+00,-2.369E-01,2.504E+00,1.494E+00,6.067E-02,4.700E+00
22,0.000E+00,0.000E+00,1.466E-03,0.000E+00,2.467E-03,0.000E+00,0.000E+00,0.000E+00,1.796E-03,8.003E-03,1.469E-03,3.479E-03,3.767E-01,0.000E+00,0.000E+00,0.000E+00,0.000E+00,1.744E+00,-2.417E-01,2.731E+00,1.738E+00,7.123E-02,4.190E+00,0.000E+00,0.000E+00,0.000E+00,0.000E+00,1.651E+00,-2.194E-01,3.051E+00,1.962E+00,3.068E-01,1.270E+00,0.000E+00,0.000E+00,0.000E+00,0.000E+00,1.697E+00,-1.999E-01,2.564E+00,1.900E+00,1.102E-01,3.215E+00,0.000E+00,0.000E+00,0.000E+00,0.000E+00,1.823E+00,-2.541E-01,2.618E+00,1.488E+00,6.010E-02,4.736E+00
23,0.000E+00,0.000E+00,1.500E-03,0.000E+00,2.542E-03,0.000E+00,0.000E+00,0.000E+00,1.850E-03,8.222E-03,1.511E-03,3.593E-03,3.876E-01,0.000E+00,0.000E+00,0.000E+00,0.000E+00,1.742E+00,-2.549E-01,2.835E+00,1.746E+00,7.098E-02,4.201E+00,0.000E+00,0.000E+00,0.000E+00,0.000E+00,1.654E+00,-2.436E-01,3.347E+00,1.902E+00,3.048E-01,1.278E+00,0.000E+00,0.000E+00,0.000E+00,0.000E+00,1.699E+00,-2.192E-01,2.722E+00,1.879E+00,1.097E-01,3.230E+00,0.000E+00,0.000E+00,0.000E+00,0.000E+00,1.826E+00,-2.713E-01,2.732E+00,1.482E+00,5.952E-02,4.771E+00
24,0.000E+00,0.000E+00,1.516E-03,0.000E+00,2.580E-03,0.000E+00,0.000E+00,0.000E+00,1.877E-03,8.331E-03,1.533E-03,3.651E-03,3.931E-01,0.000E+00,0.000E+00,0.000E+00,0.000E+00,1.742E+00,-2.615E-01,2.887E+00,1.750E+00,7.086E-02,4.207E+00,0.000E+00,0.000E+00,0.000E+00,0.000E+00,1.657E+00,-2.556E-01,3.495E+00,1.872E+00,3.038E-01,1.281E+00,0.000E+00,0.000E+00,0.000E+00,0.000E+00,1.701E+00,-2.289E-01,2.801E+00,1.868E+00,1.094E-01,3.237E+00,0.000E+00,0.000E+00,0.000E+00,0.000E+00,1.828E+00,-2.800E-01,2.789E+00,1.478E+00,5.923E-02,4.789E+00
25,0.000E+00,0.000E+00,1.533E-03,0.000E+00,2.618E-03,0.000E+00,0.000E+00,0.000E+00,1.904E-03,8.441E-03,1.554E-03,3.708E-03,3.986E-01,0.000E+00,0.000E+00,0.000E+00,0.000E+00,1.741E+00,-2.681E-01,2.939E+00,1.753E+00,7.074E-02,4.213E+00,0.000E+00,0.000E+00,0.000E+00,0.000E+00,1.661E+00,-2.677E-01,3.643E+00,1.843E+00,3.028E-01,1.285E+00,0.000E+00,0.000E+00,0.000E+00,0.000E+00,1.703E+00,-2.385E-01,2.879E+00,1.858E+00,1.091E-01,3.244E+00,0.000E+00,0.000E+00,0.000E+00,0.000E+00,1.829E+00,-2.886E-01,2.845E+00,1.475E+00,5.894E-02,4.807E+00
26,0.000E+00,0.000E+00,1.567E-03,0.000E+00,2.693E-03,0.000E+00,0.000E+00,0.000E+00,1.958E-03,8.660E-03,1.596E-03,3.823E-03,4.096E-01,0.000E+00,0.000E+00,0.000E+00,0.000E+00,1.740E+00,-2.814E-01,3.044E+00,1.761E+00,7.049E-02,4.224E+00,0.000E+00,0.000E+00,0.000E+00,0.000E+00,1.670E+00,-2.919E-01,3.939E+00,1.783E+00,3.008E-01,1.293E+00,0.000E+00,0.000E+00,0.000E+00,0.000E+00,1.707E+00,-2.578E-01,3.037E+00,1.837E+00,1.085E-01,3.258E+00,0.000E+00,0.000E+00,0.000E+00,0.000E+00,1.833E+00,-3.058E-01,2.959E+00,1.469E+00,5.837E-02,4.842E+00
27,0.000E+00,0.000E+00,1.600E-03,0.000E+00,2.769E-03,0.000E+00,0.000E+00,0.000E+00,2.012E-03,8.879E-03,1.638E-03,3.938E-03,4.205E-01,0.000E+00,0.000E+00,0.000E+00,0.000E+00,1.739E+00,-2.946E-01,3.148E+00,1.769E+00,7.025E-02,4.235E+00,0.000E+00,0.000E+00,0.000E+00,0.000E+00,1.681E+00,-3.160E-01,4.235E+00,1.724E+00,2.987E-01,1.300E+00,0.000E+00,0.000E+00,0.000E+00,0.000E+00,1.711E+00,-2.772E-01,3.195E+00,1.815E+00,1.079E-01,3.273E+00,0.000E+00,0.000E+00,0.000E+00,0.000E+00,1.838E+00,-3.231E-01,3.073E+00,1.463E+00,5.779E-02,4.878E+00
28,0.000E+00,0.000E+00,1.634E-03,0.000E+00,2.844E-03,0.000E+00,0.000E+00,0.000E+00,2.066E-03,9.098E-03,1.680E-03,4.052E-03,4.315E-01,0.000E+00,0.000E+00,0.000E+00,0.000E+00,1.738E+00,-3.078E-01,3.252E+00,1.776E+00,7.000E-02,4.247E+00,0.000E+00,0.000E+00,0.000E+00,0.000E+00,1.695E+00,-3.402E-01,4.531E+00,1.665E+00,2.967E-01,1.308E+00,0.000E+00,0.000E+00,0.000E+00,0.000E+00,1.717E+00,-2.965E-01,3.353E+00,1.794E+00,1.074E-01,3.287E+00,0.000E+00,0.000E+00,0.000E+00,0.000E+00,1.842E+00,-3.403E-01,3.187E+00,1.456E+00,5.721E-02,4.914E+00
29,0.000E+00,0.000E+00,1.650E-03,0.000E+00,2.882E-03,0.000E+00,0.000E+00,0.000E+00,2.093E-03,9.208E-03,1.702E-03,4.110E-03,4.370E-01,0.000E+00,0.000E+00,0.000E+00,0.000E+00,1.738E+00,-3.144E-01,3.304E+00,1.780E+00,6.988E-02,4.252E+00,0.000E+00,0.000E+00,0.000E+00,0.000E+00,1.702E+00,-3.522E-01,4.679E+00,1.635E+00,2.957E-01,1.312E+00,0.000E+00,0.000E+00,0.000E+00,0.000E+00,1.720E+00,-3.061E-01,3.432E+00,1.784E+00,1.071E-01,3.294E+00,0.000E+00,0.000E+00,0.000E+00,0.000E+00,1.845E+00,-3.490E-01,3.244E+00,1.453E+00,5.692E-02,4.931E+00
30,0.000E+00,0.000E+00,1.667E-03,0.000E+00,2.920E-03,0.000E+00,0.000E+00,0.000E+00,2.120E-03,9.317E-03,1.723E-03,4.167E-03,4.425E-01,0.000E+00,0.000E+00,0.000E+00,0.000E+00,1.738E+00,-3.211E-01,3.356E+00,1.784E+00,6.975E-02,4.258E+00,0.000E+00,0.000E+00,0.000E+00,0.000E+00,1.710E+00,-3.643E-01,4.827E+00,1.605E+00,2.947E-01,1.315E+00,0.000E+00,0.000E+00,0.000E+00,0.000E+00,1.723E+00,-3.158E-01,3.511E+00,1.773E+00,1.068E-01,3.302E+00,0.000E+00,0.000E+00,0.000E+00,0.000E+00,1.847E+00,-3.576E-01,3.301E+00,1.450E+00,5.664E-02,4.949E+00
31,0.000E+00,0.000E+00,1.817E-03,0.000E+00,3.108E-03,0.000E+00,0.000E+00,1.221E-07,2.332E-03,1.014E-02,1.858E-03,4.409E-03,4.779E-01,0.000E+00,0.000E+00,0.000E+00,0.000E+00,1.724E+00,-3.448E-01,3.689E+00,1.808E+00,6.996E-02,4.249E+00,0.000E+00,0.000E+00,0.000E+00,0.000E+00,1.692E+00,-3.530E-01,4.656E+00,1.688E+00,2.959E-01,1.311E+00,0.000E+00,0.000E+00,0.000E+00,0.000E+00,1.715E+00,-3.174E-01,3.515E+00,1.819E+00,1.064E-01,3.312E+00,0.000E+00,0.000E+00,0.000E+00,0.000E+00,1.814E+00,-3.950E-01,4.134E+00,1.452E+00,5.645E-02,4.962E+00
32,0.000E+00,0.000E+00,1.892E-03,0.000E+00,3.202E-03,0.000E+00,0.000E+00,1.831E-07,2.438E-03,1.056E-02,1.925E-03,4.530E-03,4.956E-01,0.000E+00,0.000E+00,0.000E+00,0.000E+00,1.718E+00,-3.566E-01,3.855E+00,1.820E+00,7.006E-02,4.244E+00,0.000E+00,0.000E+00,0.000E+00,0.000E+00,1.684E+00,-3.474E-01,4.571E+00,1.729E+00,2.965E-01,1.308E+00,0.000E+00,0.000E+00,0.000E+00,0.000E+00,1.711E+00,-3.181E-01,3.517E+00,1.841E+00,1.062E-01,3.317E+00,0.000E+00,0.000E+00,0.000E+00,0.000E+00,1.802E+00,-4.137E-01,4.551E+00,1.453E+00,5.635E-02,4.968E+00
33,0.000E+00,0.000E+00,1.968E-03,0.000E+00,3.296E-03,0.000E+00,0.000E+00,2.441E-07,2.544E-03,1.097E-02,1.993E-03,4.650E-03,5.133E-01,0.000E+00,0.000E+00,0.000E+00,0.000E+00,1.713E+00,-3.684E-01,4.022E+00,1.832E+00,7.016E-02,4.239E+00,0.000E+00,0.000E+00,0.000E+00,0.000E+00,1.676E+00,-3.418E-01,4.486E+00,1.771E+00,2.972E-01,1.306E+00,0.000E+00,0.000E+00,0.000E+00,0.000E+00,1.706E+00,-3.189E-01,3.519E+00,1.864E+00,1.060E-01,3.322E+00,0.000E+00,0.000E+00,0.000E+00,0.000E+00,1.793E+00,-4.324E-01,4.967E+00,1.454E+00,5.626E-02,4.975E+00
34,0.000E+00,0.000E+00,2.043E-03,0.000E+00,3.390E-03,0.000E+00,0.000E+00,3.052E-07,2.650E-03,1.138E-02,2.060E-03,4.771E-03,5.310E-01,0.000E+00,0.000E+00,0.000E+00,0.000E+00,1.708E+00,-3.803E-01,4.188E+00,1.844E+00,7.026E-02,4.235E+00,0.000E+00,0.000E+00,0.000E+00,0.000E+00,1.668E+00,-3.362E-01,4.400E+00,1.812E+00,2.978E-01,1.304E+00,0.000E+00,0.000E+00,0.000E+00,0.000E+00,1.702E+00,-3.197E-01,3.521E+00,1.887E+00,1.058E-01,3.328E+00,0.000E+00,0.000E+00,0.000E+00,0.000E+00,1.786E+00,-4.511E-01,5.384E+00,1.455E+00,5.616E-02,4.981E+00
35,0.000E+00,0.000E+00,2.118E-03,0.000E+00,3.484E-03,0.000E+00,0.000E+00,3.662E-07,2.755E-03,1.180E-02,2.128E-03,4.892E-03,5.487E-01,0.000E+00,0.000E+00,0.000E+00,0.000E+00,1.703E+00,-3.921E-01,4.355E+00,1.856E+00,7.036E-02,4.230E+00,0.000E+00,0.000E+00,0.000E+00,0.000E+00,1.660E+00,-3.305E-01,4.315E+00,1.853E+00,2.984E-01,1.301E+00,0.000E+00,0.000E+00,0.000E+00,0.000E+00,1.698E+00,-3.205E-01,3.523E+00,1.910E+00,1.056E-01,3.333E+00,0.000E+00,0.000E+00,0.000E+00,0.000E+00,1.781E+00,-4.697E-01,5.801E+00,1.456E+00,5.607E-02,4.987E+00
36,0.000E+00,0.000E+00,2.193E-03,0.000E+00,3.577E-03,0.000E+00,0.000E+00,4.272E-07,2.861E-03,1.221E-02,2.196E-03,5.013E-03,5.664E-01,0.000E+00,0.000E+00,0.000E+00,0.000E+00,1.699E+00,-4.040E-01,4.521E+00,1.868E+00,7.046E-02,4.225E+00,0.000E+00,0.000E+00,0.000E+00,0.000E+00,1.653E+00,-3.249E-01,4.230E+00,1.895E+00,2.990E-01,1.299E+00,0.000E+00,0.000E+00,0.000E+00,0.000E+00,1.694E+00,-3.213E-01,3.525E+00,1.933E+00,1.054E-01,3.338E+00,0.000E+00,0.000E+00,0.000E+00,0.000E+00,1.777E+00,-4.884E-01,6.218E+00,1.457E+00,5.597E-02,4.994E+00
37,0.000E+00,0.000E+00,2.268E-03,0.000E+00,3.671E-03,0.000E+00,0.000E+00,4.883E-07,2.967E-03,1.262E-02,2.263E-03,5.134E-03,5.841E-01,0.000E+00,0.000E+00,0.000E+00,0.000E+00,1.695E+00,-4.158E-01,4.688E+00,1.880E+00,7.057E-02,4.220E+00,0.000E+00,0.000E+00,0.000E+00,0.000E+00,1.647E+00,-3.193E-01,4.145E+00,1.936E+00,2.996E-01,1.297E+00,0.000E+00,0.000E+00,0.000E+00,0.000E+00,1.691E+00,-3.221E-01,3.527E+00,1.956E+00,1.052E-01,3.343E+00,0.000E+00,0.000E+00,0.000E+00,0.000E+00,1.774E+00,-5.071E-01,6.634E+00,1.458E+00,5.588E-02,5.000E+00
38,0.000E+00,0.000E+00,2.343E-03,0.000E+00,3.765E-03,0.000E+00,0.000E+00,5.493E-07,3.073E-03,1.304E-02,2.331E-03,5.255E-03,6.018E-01,0.000E+00,0.000E+00,0.000E+00,0.000E+00,1.692E+00,-4.277E-01,4.854E+00,1.892E+00,7.067E-02,4.216E+00,0.000E+00,0.000E+00,0.000E+00,0.000E+00,1.641E+00,-3.136E-01,4.059E+00,1.978E+00,3.002E-01,1.294E+00,0.000E+00,0.000E+00,0.000E+00,0.000E+00,1.687E+00,-3.229E-01,3.529E+00,1.979E+00,1.050E-01,3.348E+00,0.000E+00,0.000E+00,0.000E+00,0.000E+00,1.773E+00,-5.258E-01,7.051E+00,1.459E+00,5.579E-02,5.006E+00
39,0.000E+00,0.000E+00,2.418E-03,0.000E+00,3.859E-03,0.000E+00,0.000E+00,6.104E-07,3.179E-03,1.345E-02,2.398E-03,5.375E-03,6.195E-01,0.000E+00,0.000E+00,0.000E+00,0.000E+00,1.689E+00,-4.395E-01,5.021E+00,1.905E+00,7.077E-02,4.211E+00,0.000E+00,0.000E+00,0.000E+00,0.000E+00,1.635E+00,-3.080E-01,3.974E+00,2.019E+00,3.008E-01,1.292E+00,0.000E+00,0.000E+00,0.000E+00,0.000E+00,1.683E+00,-3.237E-01,3.531E+00,2.001E+00,1.048E-01,3.353E+00,0.000E+00,0.000E+00,0.000E+00,0.000E+00,1.772E+00,-5.445E-01,7.468E+00,1.460E+00,5.569E-02,5.013E+00
40,0.000E+00,0.000E+00,2.493E-03,0.000E+00,3.953E-03,0.000E+00,0.000E+00,6.714E-07,3.285E-03,1.386E-02,2.466E-03,5.496E-03,6.372E-01,0.000E+00,0.000E+00,0.000E+00,0.000E+00,1.686E+00,-4.514E-01,5.187E+00,1.917E+00,7.087E-02,4.206E+00,0.000E+00,0.000E+00,0.000E+00,0.000E+00,1.629E+00,-3.024E-01,3.889E+00,2.060E+00,3.014E-01,1.290E+00,0.000E+00,0.000E+00,0.000E+00,0.000E+00,1.679E+00,-3.245E-01,3.533E+00,2.024E+00,1.046E-01,3.359E+00,0.000E+00,0.000E+00,0.000E+00,0.000E+00,1.772E+00,-5.632E-01,7.884E+00,1.461E+00,5.560E-02,5.019E+00
41,0.000E+00,0.000E+00,2.569E-03,0.000E+00,4.047E-03,0.000E+00,0.000E+00,7.324E-07,3.391E-03,1.428E-02,2.533E-03,5.617E-03,6.549E-01,0.000E+00,0.000E+00,0.000E+00,0.000E+00,1.684E+00,-4.632E-01,5.354E+00,1.929E+00,7.097E-02,4.202E+00,0.000E+00,0.000E+00,0.000E+00,0.000E+00,1.624E+00,-2.967E-01,3.804E+00,2.102E+00,3.021E-01,1.287E+00,0.000E+00,0.000E+00,0.000E+00,0.000E+00,1.676E+00,-3.253E-01,3.535E+00,2.047E+00,1.044E-01,3.364E+00,0.000E+00,0.000E+00,0.000E+00,0.000E+00,1.773E+00,-5.819E-01,8.301E+00,1.462E+00,5.550E-02,5.025E+00
42,0.000E+00,0.000E+00,2.644E-03,0.000E+00,4.141E-03,0.000E+00,0.000E+00,7.935E-07,3.497E-03,1.469E-02,2.601E-03,5.738E-03,6.726E-01,0.000E+00,0.000E+00,0.000E+00,0.000E+00,1.681E+00,-4.750E-01,5.520E+00,1.941E+00,7.107E-02,4.197E+00,0.000E+00,0.000E+00,0.000E+00,0.000E+00,1.619E+00,-2.911E-01,3.718E+00,2.143E+00,3.027E-01,1.285E+00,0.000E+00,0.000E+00,0.000E+00,0.000E+00,1.672E+00,-3.261E-01,3.537E+00,2.070E+00,1.043E-01,3.369E+00,0.000E+00,0.000E+00,0.000E+00,0.000E+00,1.775E+00,-6.006E-01,8.718E+00,1.463E+00,5.541E-02,5.032E+00
43,0.000E+00,0.000E+00,2.719E-03,0.000E+00,4.235E-03,0.000E+00,0.000E+00,8.545E-07,3.603E-03,1.510E-02,2.669E-03,5.859E-03,6.903E-01,0.000E+00,0.000E+00,0.000E+00,0.000E+00,1.679E+00,-4.869E-01,5.687E+00,1.953E+00,7.118E-02,4.192E+00,0.000E+00,0.000E+00,0.000E+00,0.000E+00,1.615E+00,-2.855E-01,3.633E+00,2.184E+00,3.033E-01,1.283E+00,0.000E+00,0.000E+00,0.000E+00,0.000E+00,1.668E+00,-3.268E-01,3.539E+00,2.093E+00,1.041E-01,3.374E+00,0.000E+00,0.000E+00,0.000E+00,0.000E+00,1.777E+00,-6.193E-01,9.135E+00,1.464E+00,5.531E-02,5.038E+00
44,0.000E+00,0.000E+00,2.794E-03,0.000E+00,4.329E-03,0.000E+00,0.000E+00,9.155E-07,3.709E-03,1.552E-02,2.736E-03,5.980E-03,7.080E-01,0.000E+00,0.000E+00,0.000E+00,0.000E+00,1.677E+00,-4.987E-01,5.853E+00,1.965E+00,7.128E-02,4.187E+00,0.000E+00,0.000E+00,0.000E+00,0.000E+00,1.611E+00,-2.798E-01,3.548E+00,2.226E+00,3.039E-01,1.280E+00,0.000E+00,0.000E+00,0.000E+00,0.000E+00,1.665E+00,-3.276E-01,3.541E+00,2.116E+00,1.039E-01,3.379E+00,0.000E+00,0.000E+00,0.000E+00,0.000E+00,1.779E+00,-6.380E-01,9.551E+00,1.465E+00,5.522E-02,5.045E+00
45,0.000E+00,0.000E+00,2.869E-03,0.000E+00,4.423E-03,0.000E+00,0.000E+00,9.766E-07,3.814E-03,1.593E-02,2.804E-03,6.101E-03,7.257E-01,0.000E+00,0.000E+00,0.000E+00,0.000E+00,1.676E+00,-5.106E-01,6.020E+00,1.977E+00,7.138E-02,4.183E+00,0.000E+00,0.000E+00,0.000E+00,0.000E+00,1.607E+00,-2.742E-01,3.463E+00,2.267E+00,3.045E-01,1.278E+00,0.000E+00,0.000E+00,0.000E+00,0.000E+00,1.661E+00,-3.284E-01,3.543E+00,2.139E+00,1.037E-01,3.384E+00,0.000E+00,0.000E+00,0.000E+00,0.000E+00,1.782E+00,-6.567E-01,9.968E+00,1.466E+00,5.512E-02,5.051E+00
46,0.000E+00,0.000E+00,2.974E-03,0.000E+00,4.745E-03,0.000E+00,0.000E+00,4.883E-07,4.026E-03,1.662E-02,2.954E-03,6.631E-03,7.664E-01,0.000E+00,0.000E+00,0.000E+00,0.000E+00,1.728E+00,-5.233E-01,5.818E+00,1.807E+00,7.003E-02,4.246E+00,0.000E+00,0.000E+00,0.000E+00,0.000E+00,1.614E+00,-2.119E-01,2.714E+00,2.374E+00,2.994E-01,1.297E+00,0.000E+00,0.000E+00,0.000E+00,0.000E+00,1.654E+00,-3.675E-01,4.212E+00,2.068E+00,1.027E-01,3.411E+00,0.000E+00,0.000E+00,0.000E+00,0.000E+00,1.767E+00,-6.231E-01,8.340E+00,1.578E+00,5.465E-02,5.084E+00
47,0.000E+00,0.000E+00,3.027E-03,0.000E+00,4.906E-03,0.000E+00,0.000E+00,2.441E-07,4.132E-03,1.697E-02,3.029E-03,6.897E-03,7.867E-01,0.000E+00,0.000E+00,0.000E+00,0.000E+00,1.756E+00,-5.296E-01,5.717E+00,1.722E+00,6.935E-02,4.278E+00,0.000E+00,0.000E+00,0.000E+00,0.000E+00,1.627E+00,-1.807E-01,2.339E+00,2.427E+00,2.968E-01,1.307E+00,0.000E+00,0.000E+00,0.000E+00,0.000E+00,1.654E+00,-3.871E-01,4.546E+00,2.033E+00,1.023E-01,3.424E+00,0.000E+00,0.000E+00,0.000E+00,0.000E+00,1.764E+00,-6.063E-01,7.526E+00,1.633E+00,5.441E-02,5.101E+00
48,0.000E+00,0.000E+00,3.079E-03,0.000E+00,5.067E-03,0.000E+00,0.000E+00,0.000E+00,4.238E-03,1.731E-02,3.104E-03,7.162E-03,8.071E-01,0.000E+00,0.000E+00,0.000E+00,0.000E+00,1.785E+00,-5.360E-01,5.616E+00,1.637E+00,6.868E-02,4.310E+00,0.000E+00,0.000E+00,0.000E+00,0.000E+00,1.648E+00,-1.495E-01,1.965E+00,2.480E+00,2.943E-01,1.317E+00,0.000E+00,0.000E+00,0.000E+00,0.000E+00,1.655E+00,-4.066E-01,4.880E+00,1.998E+00,1.018E-01,3.437E+00,0.000E+00,0.000E+00,0.000E+00,0.000E+00,1.764E+00,-5.896E-01,6.712E+00,1.689E+00,5.417E-02,5.117E+00
49,0.000E+00,0.000E+00,3.263E-03,0.000E+00,5.349E-03,0.000E+00,0.000E+00,0.000E+00,4.596E-03,1.888E-02,3.251E-03,7.292E-03,8.604E-01,0.000E+00,0.000E+00,0.000E+00,0.000E+00,1.703E+00,-4.973E-01,5.129E+00,1.993E+00,6.875E-02,4.306E+00,0.000E+00,0.000E+00,0.000E+00,0.000E+00,1.602E+00,-2.328E-01,3.011E+00,2.360E+00,2.823E-01,1.368E+00,0.000E+00,0.000E+00,0.000E+00,0.000E+00,1.642E+00,-3.698E-01,4.246E+00,2.133E+00,9.883E-02,3.525E+00,0.000E+00,0.000E+00,0.000E+00,0.000E+00,1.769E+00,-6.007E-01,6.853E+00,1.678E+00,5.397E-02,5.132E+00
50,0.000E+00,0.000E+00,3.354E-03,0.000E+00,5.489E-03,0.000E+00,0.000E+00,0.000E+00,4.775E-03,1.967E-02,3.325E-03,7.358E-03,8.870E-01,0.000E+00,0.000E+00,0.000E+00,0.000E+00,1.669E+00,-4.779E-01,4.886E+00,2.171E+00,6.879E-02,4.304E+00,0.000E+00,0.000E+00,0.000E+00,0.000E+00,1.596E+00,-2.744E-01,3.534E+00,2.301E+00,2.763E-01,1.394E+00,0.000E+00,0.000E+00,0.000E+00,0.000E+00,1.639E+00,-3.514E-01,3.929E+00,2.201E+00,9.736E-02,3.569E+00,0.000E+00,0.000E+00,0.000E+00,0.000E+00,1.772E+00,-6.062E-01,6.924E+00,1.672E+00,5.387E-02,5.139E+00
51,0.000E+00,0.000E+00,3.446E-03,0.000E+00,5.630E-03,0.000E+00,0.000E+00,0.000E+00,4.954E-03,2.045E-02,3.399E-03,7.423E-03,9.136E-01,0.000E+00,0.000E+00,0.000E+00,0.000E+00,1.640E+00,-4.586E-01,4.642E+00,2.349E+00,6.883E-02,4.302E+00,0.000E+00,0.000E+00,0.000E+00,0.000E+00,1.597E+00,-3.160E-01,4.057E+00,2.241E+00,2.703E-01,1.419E+00,0.000E+00,0.000E+00,0.000E+00,0.000E+00,1.638E+00,-3.330E-01,3.611E+00,2.268E+00,9.589E-02,3.613E+00,0.000E+00,0.000E+00,0.000E+00,0.000E+00,1.774E+00,-6.118E-01,6.995E+00,1.666E+00,5.377E-02,5.146E+00
52,0.000E+00,0.000E+00,3.672E-03,0.000E+00,5.849E-03,0.000E+00,0.000E+00,9.766E-07,5.332E-03,2.164E-02,3.655E-03,7.942E-03,9.701E-01,0.000E+00,0.000E+00,0.000E+00,0.000E+00,1.632E+00,-5.202E-01,6.261E+00,2.188E+00,6.557E-02,4.473E+00,0.000E+00,0.000E+00,0.000E+00,0.000E+00,1.603E+00,-3.161E-01,3.973E+00,2.240E+00,2.676E-01,1.432E+00,0.000E+00,0.000E+00,0.000E+00,0.000E+00,1.639E+00,-3.559E-01,3.935E+00,2.215E+00,9.756E-02,3.562E+00,0.000E+00,0.000E+00,0.000E+00,0.000E+00,1.735E+00,-6.822E-01,1.071E+01,1.635E+00,5.304E-02,5.199E+00
53,0.000E+00,0.000E+00,3.785E-03,0.000E+00,5.959E-03,0.000E+00,0.000E+00,1.465E-06,5.521E-03,2.224E-02,3.783E-03,8.201E-03,9.984E-01,0.000E+00,0.000E+00,0.000E+00,0.000E+00,1.637E+00,-5.510E-01,7.070E+00,2.107E+00,6.394E-02,4.559E+00,0.000E+00,0.000E+00,0.000E+00,0.000E+00,1.607E+00,-3.161E-01,3.931E+00,2.239E+00,2.663E-01,1.438E+00,0.000E+00,0.000E+00,0.000E+00,0.000E+00,1.640E+00,-3.673E-01,4.097E+00,2.188E+00,9.840E-02,3.536E+00,0.000E+00,0.000E+00,0.000E+00,0.000E+00,1.729E+00,-7.174E-01,1.256E+01,1.620E+00,5.268E-02,5.226E+00
54,0.000E+00,0.000E+00,3.897E-03,0.000E+00,6.068E-03,0.000E+00,0.000E+00,1.953E-06,5.710E-03,2.283E-02,3.911E-03,8.461E-03,1.027E+00,0.000E+00,0.000E+00,0.000E+00,0.000E+00,1.647E+00,-5.818E-01,7.879E+00,2.026E+00,6.231E-02,4.645E+00,0.000E+00,0.000E+00,0.000E+00,0.000E+00,1.610E+00,-3.161E-01,3.889E+00,2.239E+00,2.649E-01,1.444E+00,0.000E+00,0.000E+00,0.000E+00,0.000E+00,1.642E+00,-3.787E-01,4.259E+00,2.161E+00,9.923E-02,3.511E+00,0.000E+00,0.000E+00,0.000E+00,0.000E+00,1.728E+00,-7.526E-01,1.442E+01,1.604E+00,5.231E-02,5.253E+00
55,0.000E+00,0.000E+00,4.199E-03,0.000E+00,6.392E-03,0.000E+00,0.000E+00,9.766E-07,6.172E-03,2.428E-02,4.217E-03,9.123E-03,1.097E+00,0.000E+00,0.000E+00,0.000E+00,0.000E+00,1.663E+00,-5.474E-01,6.479E+00,2.068E+00,6.191E-02,4.668E+00,0.000E+00,0.000E+00,0.000E+00,0.000E+00,1.641E+00,-3.361E-01,4.030E+00,2.078E+00,2.694E-01,1.424E+00,0.000E+00,0.000E+00,0.000E+00,0.000E+00,1.634E+00,-3.877E-01,4.434E+00,2.185E+00,9.840E-02,3.536E+00,0.000E+00,0.000E+00,0.000E+00,0.000E+00,1.702E+00,-6.986E-01,1.131E+01,1.756E+00,5.242E-02,5.245E+00
56,0.000E+00,0.000E+00,4.350E-03,0.000E+00,6.554E-03,0.000E+00,0.000E+00,4.883E-07,6.403E-03,2.501E-02,4.370E-03,9.453E-03,1.133E+00,0.000E+00,0.000E+00,0.000E+00,0.000E+00,1.675E+00,-5.302E-01,5.779E+00,2.090E+00,6.171E-02,4.679E+00,0.000E+00,0.000E+00,0.000E+00,0.000E+00,1.659E+00,-3.462E-01,4.101E+00,1.998E+00,2.716E-01,1.414E+00,0.000E+00,0.000E+00,0.000E+00,0.000E+00,1.630E+00,-3.922E-01,4.522E+00,2.197E+00,9.798E-02,3.549E+00,0.000E+00,0.000E+00,0.000E+00,0.000E+00,1.698E+00,-6.716E-01,9.756E+00,1.831E+00,5.247E-02,5.241E+00
57,0.000E+00,0.000E+00,4.501E-03,0.000E+00,6.716E-03,0.000E+00,0.000E+00,0.000E+00,6.634E-03,2.573E-02,4.523E-03,9.784E-03,1.168E+00,0.000E+00,0.000E+00,0.000E+00,0.000E+00,1.691E+00,-5.129E-01,5.080E+00,2.111E+00,6.151E-02,4.691E+00,0.000E+00,0.000E+00,0.000E+00,0.000E+00,1.676E+00,-3.562E-01,4.172E+00,1.918E+00,2.738E-01,1.403E+00,0.000E+00,0.000E+00,0.000E+00,0.000E+00,1.626E+00,-3.967E-01,4.609E+00,2.208E+00,9.756E-02,3.561E+00,0.000E+00,0.000E+00,0.000E+00,0.000E+00,1.701E+00,-6.446E-01,8.202E+00,1.907E+00,5.253E-02,5.237E+00
58,0.000E+00,0.000E+00,4.794E-03,0.000E+00,7.119E-03,0.000E+00,9.766E-07,9.766E-07,7.233E-03,2.791E-02,4.833E-03,1.035E-02,1.256E+00,0.000E+00,0.000E+00,0.000E+00,0.000E+00,1.649E+00,-5.651E-01,7.189E+00,2.068E+00,6.164E-02,4.683E+00,0.000E+00,0.000E+00,0.000E+00,0.000E+00,1.613E+00,-3.820E-01,5.012E+00,2.095E+00,2.845E-01,1.358E+00,0.000E+00,0.000E+00,0.000E+00,0.000E+00,1.618E+00,-4.270E-01,5.427E+00,2.123E+00,9.782E-02,3.553E+00,0.000E+00,0.000E+00,0.000E+00,0.000E+00,1.683E+00,-6.391E-01,7.970E+00,2.003E+00,5.223E-02,5.259E+00
59,0.000E+00,0.000E+00,4.940E-03,0.000E+00,7.321E-03,0.000E+00,1.465E-06,1.465E-06,7.532E-03,2.900E-02,4.989E-03,1.064E-02,1.300E+00,0.000E+00,0.000E+00,0.000E+00,0.000E+00,1.639E+00,-5.911E-01,8.243E+00,2.046E+00,6.170E-02,4.680E+00,0.000E+00,0.000E+00,0.000E+00,0.000E+00,1.585E+00,-3.949E-01,5.431E+00,2.184E+00,2.899E-01,1.336E+00,0.000E+00,0.000E+00,0.000E+00,0.000E+00,1.618E+00,-4.422E-01,5.836E+00,2.081E+00,9.796E-02,3.549E+00,0.000E+00,0.000E+00,0.000E+00,0.000E+00,1.674E+00,-6.363E-01,7.854E+00,2.051E+00,5.208E-02,5.271E+00
60,0.000E+00,0.000E+00,5.087E-03,0.000E+00,7.522E-03,0.000E+00,1.953E-06,1.953E-06,7.832E-03,3.009E-02,5.144E-03,1.092E-02,1.344E+00,0.000E+00,0.000E+00,0.000E+00,0.000E+00,1.632E+00,-6.172E-01,9.297E+00,2.024E+00,6.176E-02,4.676E+00,0.000E+00,0.000E+00,0.000E+00,0.000E+00,1.560E+00,-4.079E-01,5.851E+00,2.273E+00,2.952E-01,1.313E+00,0.000E+00,0.000E+00,0.000E+00,0.000E+00,1.619E+00,-4.573E-01,6.245E+00,2.038E+00,9.809E-02,3.545E+00,0.000E+00,0.000E+00,0.000E+00,0.000E+00,1.666E+00,-6.336E-01,7.739E+00,2.099E+00,5.192E-02,5.282E+00
61,0.000E+00,0.000E+00,5.500E-03,0.000E+00,8.005E-03,0.000E+00,9.766E-07,1.465E-06,8.578E-03,3.250E-02,5.484E-03,1.171E-02,1.448E+00,0.000E+00,0.000E+00,0.000E+00,0.000E+00,1.622E+00,-6.109E-01,8.654E+00,2.136E+00,6.081E-02,4.733E+00,0.000E+00,0.000E+00,0.000E+00,0.000E+00,1.581E+00,-4.528E-01,7.060E+00,2.061E+00,2.903E-01,1.333E+00,0.000E+00,0.000E+00,0.000E+00,0.000E+00,1.618E+00,-5.002E-01,7.560E+00,1.956E+00,9.869E-02,3.527E+00,0.000E+00,0.000E+00,0.000E+00,0.000E+00,1.658E+00,-6.629E-01,9.095E+00,2.053E+00,5.072E-02,5.377E+00
62,0.000E+00,0.000E+00,5.707E-03,0.000E+00,8.247E-03,0.000E+00,4.883E-07,1.221E-06,8.951E-03,3.371E-02,5.655E-03,1.211E-02,1.500E+00,0.000E+00,0.000E+00,0.000E+00,0.000E+00,1.617E+00,-6.078E-01,8.332E+00,2.192E+00,6.033E-02,4.761E+00,0.000E+00,0.000E+00,0.000E+00,0.000E+00,1.597E+00,-4.752E-01,7.665E+00,1.956E+00,2.878E-01,1.343E+00,0.000E+00,0.000E+00,0.000E+00,0.000E+00,1.621E+00,-5.216E-01,8.218E+00,1.915E+00,9.899E-02,3.518E+00,0.000E+00,0.000E+00,0.000E+00,0.000E+00,1.656E+00,-6.775E-01,9.773E+00,2.030E+00,5.012E-02,5.424E+00
63,0.000E+00,0.000E+00,5.914E-03,0.000E+00,8.488E-03,0.000E+00,0.000E+00,9.766E-07,9.324E-03,3.492E-02,5.825E-03,1.251E-02,1.553E+00,0.000E+00,0.000E+00,0.000E+00,0.000E+00,1.614E+00,-6.046E-01,8.010E+00,2.248E+00,5.985E-02,4.789E+00,0.000E+00,0.000E+00,0.000E+00,0.000E+00,1.617E+00,-4.977E-01,8.269E+00,1.850E+00,2.853E-01,1.353E+00,0.000E+00,0.000E+00,0.000E+00,0.000E+00,1.627E+00,-5.430E-01,8.876E+00,1.873E+00,9.929E-02,3.509E+00,0.000E+00,0.000E+00,0.000E+00,0.000E+00,1.655E+00,-6.922E-01,1.045E+01,2.006E+00,4.952E-02,5.471E+00
64,0.000E+00,0.000E+00,6.409E-03,0.000E+00,9.077E-03,0.000E+00,0.000E+00,1.465E-06,1.009E-02,3.767E-02,6.356E-03,1.338E-02,1.674E+00,0.000E+00,0.000E+00,0.000E+00,0.000E+00,1.597E+00,-6.028E-01,8.638E+00,2.241E+00,6.170E-02,4.682E+00,0.000E+00,0.000E+00,0.000E+00,0.000E+00,1.562E+00,-5.190E-01,1.068E+01,1.896E+00,2.790E-01,1.381E+00,0.000E+00,0.000E+00,0.000E+00,0.000E+00,1.599E+00,-5.308E-01,8.867E+00,1.965E+00,9.782E-02,3.554E+00,0.000E+00,0.000E+00,0.000E+00,0.000E+00,1.615E+00,-7.516E-01,1.536E+01,2.000E+00,4.937E-02,5.484E+00
65,0.000E+00,0.000E+00,6.657E-03,0.000E+00,9.372E-03,0.000E+00,0.000E+00,1.709E-06,1.047E-02,3.905E-02,6.621E-03,1.382E-02,1.735E+00,0.000E+00,0.000E+00,0.000E+00,0.000E+00,1.590E+00,-6.019E-01,8.952E+00,2.237E+00,6.262E-02,4.629E+00,0.000E+00,0.000E+00,0.000E+00,0.000E+00,1.541E+00,-5.296E-01,1.189E+01,1.919E+00,2.759E-01,1.394E+00,0.000E+00,0.000E+00,0.000E+00,0.000E+00,1.586E+00,-5.247E-01,8.862E+00,2.011E+00,9.708E-02,3.576E+00,0.000E+00,0.000E+00,0.000E+00,0.000E+00,1.606E+00,-7.814E-01,1.782E+01,1.997E+00,4.930E-02,5.490E+00
66,0.000E+00,0.000E+00,6.904E-03,0.000E+00,9.666E-03,0.000E+00,0.000E+00,1.953E-06,1.085E-02,4.043E-02,6.887E-03,1.426E-02,1.795E+00,0.000E+00,0.000E+00,0.000E+00,0.000E+00,1.582E+00,-6.010E-01,9.265E+00,2.234E+00,6.355E-02,4.575E+00,0.000E+00,0.000E+00,0.000E+00,0.000E+00,1.523E+00,-5.403E-01,1.310E+01,1.942E+00,2.727E-01,1.408E+00,0.000E+00,0.000E+00,0.000E+00,0.000E+00,1.572E+00,-5.186E-01,8.857E+00,2.057E+00,9.635E-02,3.599E+00,0.000E+00,0.000E+00,0.000E+00,0.000E+00,1.601E+00,-8.111E-01,2.027E+01,1.994E+00,4.923E-02,5.496E+00
67,0.000E+00,0.000E+00,7.449E-03,0.000E+00,1.025E-02,0.000E+00,0.000E+00,1.953E-06,1.199E-02,4.381E-02,7.429E-03,1.525E-02,1.941E+00,0.000E+00,0.000E+00,0.000E+00,0.000E+00,1.498E+00,-7.041E-01,1.973E+01,2.198E+00,6.147E-02,4.696E+00,0.000E+00,0.000E+00,0.000E+00,0.000E+00,1.515E+00,-5.768E-01,1.622E+01,1.893E+00,2.722E-01,1.411E+00,0.000E+00,0.000E+00,0.000E+00,0.000E+00,1.546E+00,-5.516E-01,1.100E+01,2.055E+00,9.669E-02,3.588E+00,0.000E+00,0.000E+00,0.000E+00,0.000E+00,1.570E+00,-8.127E-01,2.169E+01,2.083E+00,4.937E-02,5.484E+00
68,0.000E+00,0.000E+00,7.721E-03,0.000E+00,1.055E-02,0.000E+00,0.000E+00,1.953E-06,1.255E-02,4.550E-02,7.700E-03,1.575E-02,2.014E+00,0.000E+00,0.000E+00,0.000E+00,0.000E+00,1.491E+00,-7.556E-01,2.496E+01,2.180E+00,6.043E-02,4.757E+00,0.000E+00,0.000E+00,0.000E+00,0.000E+00,1.515E+00,-5.950E-01,1.778E+01,1.868E+00,2.719E-01,1.412E+00,0.000E+00,0.000E+00,0.000E+00,0.000E+00,1.537E+00,-5.681E-01,1.207E+01,2.053E+00,9.687E-02,3.583E+00,0.000E+00,0.000E+00,0.000E+00,0.000E+00,1.556E+00,-8.135E-01,2.240E+01,2.127E+00,4.945E-02,5.478E+00
69,0.000E+00,0.000E+00,7.993E-03,0.000E+00,1.084E-02,0.000E+00,0.000E+00,1.953E-06,1.312E-02,4.719E-02,7.972E-03,1.624E-02,2.087E+00,0.000E+00,0.000E+00,0.000E+00,0.000E+00,1.495E+00,-8.071E-01,3.019E+01,2.161E+00,5.940E-02,4.817E+00,0.000E+00,0.000E+00,0.000E+00,0.000E+00,1.517E+00,-6.133E-01,1.934E+01,1.843E+00,2.716E-01,1.413E+00,0.000E+00,0.000E+00,0.000E+00,0.000E+00,1.530E+00,-5.845E-01,1.314E+01,2.052E+00,9.704E-02,3.577E+00,0.000E+00,0.000E+00,0.000E+00,0.000E+00,1.541E+00,-8.143E-01,2.311E+01,2.172E+00,4.952E-02,5.472E+00
70,0.000E+00,0.000E+00,8.714E-03,0.000E+00,1.143E-02,0.000E+00,9.766E-07,1.953E-06,1.465E-02,5.233E-02,8.689E-03,1.723E-02,2.280E+00,0.000E+00,0.000E+00,0.000E+00,0.000E+00,1.490E+00,-7.704E-01,2.566E+01,2.207E+00,6.095E-02,4.726E+00,0.000E+00,0.000E+00,0.000E+00,0.000E+00,1.452E+00,-5.755E-01,1.809E+01,2.091E+00,2.670E-01,1.435E+00,0.000E+00,0.000E+00,0.000E+00,0.000E+00,1.496E+00,-5.863E-01,1.383E+01,2.179E+00,9.496E-02,3.644E+00,0.000E+00,0.000E+00,0.000E+00,0.000E+00,1.508E+00,-8.107E-01,2.425E+01,2.283E+00,4.835E-02,5.571E+00
71,0.000E+00,0.000E+00,9.075E-03,0.000E+00,1.172E-02,0.000E+00,1.465E-06,1.953E-06,1.542E-02,5.491E-02,9.048E-03,1.773E-02,2.377E+00,0.000E+00,0.000E+00,0.000E+00,0.000E+00,1.490E+00,-7.520E-01,2.340E+01,2.230E+00,6.172E-02,4.680E+00,0.000E+00,0.000E+00,0.000E+00,0.000E+00,1.422E+00,-5.566E-01,1.746E+01,2.215E+00,2.647E-01,1.446E+00,0.000E+00,0.000E+00,0.000E+00,0.000E+00,1.479E+00,-5.872E-01,1.417E+01,2.243E+00,9.392E-02,3.677E+00,0.000E+00,0.000E+00,0.000E+00,0.000E+00,1.493E+00,-8.089E-01,2.482E+01,2.338E+00,4.777E-02,5.621E+00
72,0.000E+00,0.000E+00,9.436E-03,0.000E+00,1.201E-02,0.000E+00,1.953E-06,1.953E-06,1.618E-02,5.748E-02,9.406E-03,1.822E-02,2.474E+00,0.000E+00,0.000E+00,0.000E+00,0.000E+00,1.493E+00,-7.336E-01,2.113E+01,2.252E+00,6.250E-02,4.634E+00,0.000E+00,0.000E+00,0.000E+00,0.000E+00,1.395E+00,-5.377E-01,1.684E+01,2.339E+00,2.623E-01,1.457E+00,0.000E+00,0.000E+00,0.000E+00,0.000E+00,1.463E+00,-5.881E-01,1.452E+01,2.307E+00,9.288E-02,3.710E+00,0.000E+00,0.000E+00,0.000E+00,0.000E+00,1.477E+00,-8.071E-01,2.539E+01,2.394E+00,4.719E-02,5.670E+00
73,0.000E+00,0.000E+00,9.968E-03,0.000E+00,1.268E-02,0.000E+00,1.953E-06,1.465E-06,1.740E-02,6.130E-02,9.982E-03,1.896E-02,2.627E+00,0.000E+00,0.000E+00,0.000E+00,0.000E+00,1.444E+00,-7.303E-01,2.178E+01,2.478E+00,6.019E-02,4.773E+00,0.000E+00,0.000E+00,0.000E+00,0.000E+00,1.393E+00,-5.209E-01,1.508E+01,2.416E+00,2.717E-01,1.414E+00,0.000E+00,0.000E+00,0.000E+00,0.000E+00,1.450E+00,-5.802E-01,1.432E+01,2.371E+00,9.373E-02,3.683E+00,0.000E+00,0.000E+00,0.000E+00,0.000E+00,1.445E+00,-8.001E-01,2.628E+01,2.520E+00,4.817E-02,5.586E+00
74,0.000E+00,0.000E+00,1.050E-02,0.000E+00,1.334E-02,0.000E+00,1.953E-06,9.766E-07,1.861E-02,6.512E-02,1.056E-02,1.970E-02,2.781E+00,0.000E+00,0.000E+00,0.000E+00,0.000E+00,1.400E+00,-7.269E-01,2.242E+01,2.703E+00,5.788E-02,4.913E+00,0.000E+00,0.000E+00,0.000E+00,0.000E+00,1.395E+00,-5.041E-01,1.333E+01,2.493E+00,2.811E-01,1.371E+00,0.000E+00,0.000E+00,0.000E+00,0.000E+00,1.437E+00,-5.723E-01,1.412E+01,2.435E+00,9.457E-02,3.655E+00,0.000E+00,0.000E+00,0.000E+00,0.000E+00,1.414E+00,-7.931E-01,2.718E+01,2.647E+00,4.916E-02,5.501E+00
75,0.000E+00,0.000E+00,1.120E-02,0.000E+00,1.357E-02,0.000E+00,3.418E-06,2.441E-06,2.026E-02,6.987E-02,1.126E-02,2.000E-02,2.950E+00,0.000E+00,0.000E+00,0.000E+00,0.000E+00,1.378E+00,-7.175E-01,2.207E+01,2.827E+00,5.691E-02,4.977E+00,0.000E+00,0.000E+00,0.000E+00,0.000E+00,1.345E+00,-4.970E-01,1.420E+01,2.716E+00,2.700E-01,1.422E+00,0.000E+00,0.000E+00,0.000E+00,0.000E+00,1.412E+00,-5.621E-01,1.381E+01,2.581E+00,9.374E-02,3.682E+00,0.000E+00,0.000E+00,0.000E+00,0.000E+00,1.384E+00,-7.804E-01,2.502E+01,2.879E+00,4.862E-02,5.547E+00
76,0.000E+00,0.000E+00,1.190E-02,0.000E+00,1.379E-02,0.000E+00,4.883E-06,3.906E-06,2.192E-02,7.463E-02,1.197E-02,2.030E-02,3.119E+00,0.000E+00,0.000E+00,0.000E+00,0.000E+00,1.358E+00,-7.081E-01,2.172E+01,2.951E+00,5.593E-02,5.042E+00,0.000E+00,0.000E+00,0.000E+00,0.000E+00,1.298E+00,-4.898E-01,1.508E+01,2.939E+00,2.590E-01,1.473E+00,0.000E+00,0.000E+00,0.000E+00,0.000E+00,1.389E+00,-5.519E-01,1.350E+01,2.727E+00,9.291E-02,3.709E+00,0.000E+00,0.000E+00,0.000E+00,0.000E+00,1.360E+00,-7.678E-01,2.287E+01,3.111E+00,4.807E-02,5.593E+00
77,0.000E+00,0.000E+00,1.248E-02,0.000E+00,1.415E-02,0.000E+00,5.371E-06,4.395E-06,2.344E-02,7.918E-02,1.257E-02,2.093E-02,3.284E+00,0.000E+00,0.000E+00,0.000E+00,0.000E+00,1.324E+00,-6.914E-01,1.968E+01,3.285E+00,5.504E-02,5.104E+00,0.000E+00,0.000E+00,0.000E+00,0.000E+00,1.288E+00,-4.682E-01,1.337E+01,3.115E+00,2.588E-01,1.474E+00,0.000E+00,0.000E+00,0.000E+00,0.000E+00,1.369E+00,-5.386E-01,1.303E+01,2.864E+00,9.187E-02,3.744E+00,0.000E+00,0.000E+00,0.000E+00,0.000E+00,1.324E+00,-7.552E-01,2.312E+01,3.329E+00,4.709E-02,5.681E+00
78,0.000E+00,0.000E+00,1.306E-02,0.000E+00,1.451E-02,0.000E+00,5.859E-06,4.883E-06,2.496E-02,8.374E-02,1.317E-02,2.156E-02,3.450E+00,0.000E+00,0.000E+00,0.000E+00,0.000E+00,1.298E+00,-6.746E-01,1.764E+01,3.619E+00,5.415E-02,5.167E+00,0.000E+00,0.000E+00,0.000E+00,0.000E+00,1.284E+00,-4.466E-01,1.166E+01,3.292E+00,2.586E-01,1.475E+00,0.000E+00,0.000E+00,0.000E+00,0.000E+00,1.351E+00,-5.252E-01,1.256E+01,3.001E+00,9.083E-02,3.780E+00,0.000E+00,0.000E+00,0.000E+00,0.000E+00,1.290E+00,-7.425E-01,2.336E+01,3.547E+00,4.610E-02,5.768E+00
79,0.000E+00,0.000E+00,1.381E-02,0.000E+00,1.455E-02,0.000E+00,6.836E-06,4.395E-06,2.682E-02,8.882E-02,1.379E-02,2.139E-02,3.616E+00,0.000E+00,0.000E+00,0.000E+00,0.000E+00,1.255E+00,-6.633E-01,1.740E+01,4.019E+00,5.380E-02,5.192E+00,0.000E+00,0.000E+00,0.000E+00,0.000E+00,1.283E+00,-4.357E-01,1.117E+01,3.324E+00,2.760E-01,1.398E+00,0.000E+00,0.000E+00,0.000E+00,0.000E+00,1.304E+00,-5.249E-01,1.295E+01,3.342E+00,9.048E-02,3.792E+00,0.000E+00,0.000E+00,0.000E+00,0.000E+00,1.234E+00,-7.287E-01,2.263E+01,4.086E+00,4.430E-02,5.945E+00
80,0.000E+00,0.000E+00,1.456E-02,0.000E+00,1.458E-02,0.000E+00,7.813E-06,3.906E-06,2.869E-02,9.390E-02,1.441E-02,2.123E-02,3.782E+00,0.000E+00,0.000E+00,0.000E+00,0.000E+00,1.218E+00,-6.521E-01,1.716E+01,4.420E+00,5.345E-02,5.217E+00,0.000E+00,0.000E+00,0.000E+00,0.000E+00,1.283E+00,-4.247E-01,1.069E+01,3.356E+00,2.933E-01,1.321E+00,0.000E+00,0.000E+00,0.000E+00,0.000E+00,1.263E+00,-5.247E-01,1.334E+01,3.683E+00,9.013E-02,3.804E+00,0.000E+00,0.000E+00,0.000E+00,0.000E+00,1.187E+00,-7.149E-01,2.191E+01,4.626E+00,4.250E-02,6.121E+00
81,0.000E+00,0.000E+00,1.468E-02,0.000E+00,1.406E-02,0.000E+00,6.836E-06,5.859E-06,2.976E-02,9.544E-02,1.460E-02,2.106E-02,3.827E+00,0.000E+00,0.000E+00,0.000E+00,0.000E+00,1.176E+00,-6.516E-01,1.810E+01,4.830E+00,4.976E-02,5.523E+00,0.000E+00,0.000E+00,0.000E+00,0.000E+00,1.203E+00,-4.049E-01,1.037E+01,4.189E+00,2.951E-01,1.314E+00,0.000E+00,0.000E+00,0.000E+00,0.000E+00,1.233E+00,-5.100E-01,1.262E+01,4.059E+00,8.935E-02,3.832E+00,0.000E+00,0.000E+00,0.000E+00,0.000E+00,1.159E+00,-7.189E-01,2.193E+01,5.035E+00,4.066E-02,6.329E+00
82,0.000E+00,0.000E+00,1.479E-02,0.000E+00,1.355E-02,0.000E+00,5.859E-06,7.813E-06,3.083E-02,9.699E-02,1.479E-02,2.090E-02,3.872E+00,0.000E+00,0.000E+00,0.000E+00,0.000E+00,1.138E+00,-6.512E-01,1.905E+01,5.239E+00,4.607E-02,5.828E+00,0.000E+00,0.000E+00,0.000E+00,0.000E+00,1.143E+00,-3.850E-01,1.005E+01,5.021E+00,2.969E-01,1.307E+00,0.000E+00,0.000E+00,0.000E+00,0.000E+00,1.207E+00,-4.954E-01,1.189E+01,4.435E+00,8.857E-02,3.860E+00,0.000E+00,0.000E+00,0.000E+00,0.000E+00,1.134E+00,-7.229E-01,2.196E+01,5.445E+00,3.881E-02,6.537E+00
83,0.000E+00,0.000E+00,1.376E-02,0.000E+00,1.223E-02,0.000E+00,4.883E-06,5.859E-06,2.942E-02,9.144E-02,1.388E-02,1.937E-02,3.633E+00,0.000E+00,0.000E+00,0.000E+00,0.000E+00,1.085E+00,-6.400E-01,1.719E+01,6.471E+00,4.775E-02,5.680E+00,0.000E+00,0.000E+00,0.000E+00,0.000E+00,1.059E+00,-3.697E-01,1.036E+01,6.384E+00,2.834E-01,1.364E+00,0.000E+00,0.000E+00,0.000E+00,0.000E+00,1.159E+00,-4.856E-01,1.149E+01,5.201E+00,8.410E-02,4.037E+00,0.000E+00,0.000E+00,0.000E+00,0.000E+00,1.081E+00,-7.050E-01,1.990E+01,6.589E+00,3.686E-02,6.794E+00
84,0.000E+00,0.000E+00,1.273E-02,0.000E+00,1.091E-02,0.000E+00,3.906E-06,3.906E-06,2.802E-02,8.589E-02,1.297E-02,1.784E-02,3.394E+00,0.000E+00,0.000E+00,0.000E+00,0.000E+00,1.051E+00,-6.289E-01,1.533E+01,7.703E+00,4.944E-02,5.531E+00,0.000E+00,0.000E+00,0.000E+00,0.000E+00,9.936E-01,-3.544E-01,1.068E+01,7.746E+00,2.700E-01,1.421E+00,0.000E+00,0.000E+00,0.000E+00,0.000E+00,1.120E+00,-4.758E-01,1.110E+01,5.966E+00,7.964E-02,4.214E+00,0.000E+00,0.000E+00,0.000E+00,0.000E+00,1.045E+00,-6.872E-01,1.784E+01,7.734E+00,3.490E-02,7.051E+00
85,0.000E+00,0.000E+00,9.612E-03,0.000E+00,7.717E-03,0.000E+00,3.418E-06,2.930E-06,2.140E-02,6.452E-02,9.681E-03,1.288E-02,2.538E+00,0.000E+00,0.000E+00,0.000E+00,0.000E+00,1.021E+00,-6.137E-01,1.404E+01,8.954E+00,4.302E-02,6.210E+00,0.000E+00,0.000E+00,0.000E+00,0.000E+00,9.320E-01,-3.220E-01,9.186E+00,1.090E+01,2.503E-01,1.525E+00,0.000E+00,0.000E+00,0.000E+00,0.000E+00,1.092E+00,-4.561E-01,9.787E+00,7.021E+00,7.497E-02,4.440E+00,0.000E+00,0.000E+00,0.000E+00,0.000E+00,1.048E+00,-6.751E-01,1.536E+01,8.320E+00,3.028E-02,7.890E+00
86,0.000E+00,0.000E+00,6.497E-03,0.000E+00,4.520E-03,0.000E+00,2.930E-06,1.953E-06,1.479E-02,4.316E-02,6.396E-03,7.918E-03,1.681E+00,0.000E+00,0.000E+00,0.000E+00,0.000E+00,1.001E+00,-5.985E-01,1.274E+01,1.020E+01,3.660E-02,6.890E+00,0.000E+00,0.000E+00,0.000E+00,0.000E+00,9.069E-01,-2.896E-01,7.696E+00,1.404E+01,2.306E-01,1.630E+00,0.000E+00,0.000E+00,0.000E+00,0.000E+00,1.078E+00,-4.363E-01,8.479E+00,8.076E+00,7.030E-02,4.666E+00,0.000E+00,0.000E+00,0.000E+00,0.000E+00,1.060E+00,-6.630E-01,1.289E+01,8.907E+00,2.565E-02,8.729E+00
87,0.000E+00,0.000E+00,3.421E-03,0.000E+00,2.272E-03,0.000E+00,1.465E-06,9.766E-07,7.577E-03,2.212E-02,3.271E-03,4.051E-03,8.622E-01,0.000E+00,0.000E+00,0.000E+00,0.000E+00,9.816E-01,-6.529E-01,1.162E+01,1.305E+01,3.004E-02,8.134E+00,0.000E+00,0.000E+00,0.000E+00,0.000E+00,1.011E+00,-3.497E-01,6.373E+00,1.226E+01,2.022E-01,1.855E+00,0.000E+00,0.000E+00,0.000E+00,0.000E+00,1.089E+00,-4.874E-01,8.120E+00,8.899E+00,6.739E-02,4.834E+00,0.000E+00,0.000E+00,0.000E+00,0.000E+00,1.018E+00,-7.217E-01,1.247E+01,1.158E+01,2.150E-02,1.001E+01
88,0.000E+00,0.000E+00,3.447E-04,0.000E+00,2.441E-05,0.000E+00,0.000E+00,0.000E+00,3.672E-04,1.076E-03,1.455E-04,1.836E-04,4.313E-02,0.000E+00,0.000E+00,0.000E+00,0.000E+00,9.737E-01,-7.074E-01,1.051E+01,1.590E+01,2.348E-02,9.377E+00,0.000E+00,0.000E+00,0.000E+00,0.000E+00,1.135E+00,-4.099E-01,5.049E+00,1.047E+01,1.738E-01,2.079E+00,0.000E+00,0.000E+00,0.000E+00,0.000E+00,1.100E+00,-5.385E-01,7.761E+00,9.722E+00,6.449E-02,5.003E+00,0.000E+00,0.000E+00,0.000E+00,0.000E+00,9.886E-01,-7.804E-01,1.204E+01,1.425E+01,1.736E-02,1.128E+01
89,0.000E+00,0.000E+00,0.000E+00,0.000E+00,0.000E+00,0.000E+00,2.930E-06,9.766E-07,9.766E-07,5.859E-06,1.953E-06,5.859E-06,2.365E-04,0.000E+00,0.000E+00,0.000E+00,0.000E+00,3.142E+00,0.000E+00,0.000E+00,0.000E+00,0.000E+00,0.000E+00,0.000E+00,0.000E+00,0.000E+00,0.000E+00,3.142E+00,0.000E+00,0.000E+00,0.000E+00,0.000E+00,0.000E+00,0.000E+00,0.000E+00,0.000E+00,0.000E+00,3.142E+00,0.000E+00,0.000E+00,0.000E+00,0.000E+00,0.000E+00,0.000E+00,0.000E+00,0.000E+00,0.000E+00,3.142E+00,0.000E+00,0.000E+00,0.000E+00,0.000E+00,0.000E+00
