alpha,H,He,Cr,S,Cr_1,S_1,amu/ion,phiK_Cr,phiTilt_Cr,phiM_Cr,phiN_Cr,thetaK_Cr,thetaTilt_Cr,thetaM_Cr,thetaN_Cr,energyK_Cr,energyE_Cr,phiK_S,phiTilt_S,phiM_S,phiN_S,thetaK_S,thetaTilt_S,thetaM_S,thetaN_S,energyK_S,energyE_S
0,0.000E+00,0.000E+00,3.351E-03,9.766E-07,4.560E-03,1.044E-02,7.465E-01,1.780E+00,-3.922E-03,1.427E+00,1.442E+00,3.142E+00,-3.424E-05,2.349E+00,2.349E+00,5.061E-02,4.561E+00,1.700E+00,-4.931E-02,1.952E+00,1.590E+00,3.142E+00,-3.065E-03,2.620E+00,2.570E+00,1.274E-01,2.555E+00
1,0.000E+00,0.000E+00,3.351E-03,8.545E-07,4.584E-03,1.049E-02,7.495E-01,1.778E+00,-9.634E-03,1.444E+00,1.464E+00,3.142E+00,-7.822E-04,2.363E+00,2.351E+00,5.082E-02,4.548E+00,1.698E+00,-4.801E-02,1.928E+00,1.615E+00,3.142E+00,-3.221E-03,2.631E+00,2.578E+00,1.269E-01,2.564E+00
2,0.000E+00,0.000E+00,3.351E-03,7.324E-07,4.608E-03,1.055E-02,7.525E-01,1.776E+00,-1.535E-02,1.461E+00,1.486E+00,3.142E+00,-1.530E-03,2.376E+00,2.354E+00,5.103E-02,4.536E+00,1.695E+00,-4.671E-02,1.904E+00,1.640E+00,3.142E+00,-3.378E-03,2.642E+00,2.587E+00,1.264E-01,2.572E+00
3,0.000E+00,0.000E+00,3.351E-03,6.104E-07,4.632E-03,1.060E-02,7.556E-01,1.774E+00,-2.106E-02,1.478E+00,1.507E+00,3.142E+00,-2.278E-03,2.390E+00,2.357E+00,5.124E-02,4.523E+00,1.693E+00,-4.541E-02,1.879E+00,1.666E+00,3.142E+00,-3.534E-03,2.653E+00,2.595E+00,1.259E-01,2.580E+00
4,0.000E+00,0.000E+00,3.351E-03,5.493E-07,4.644E-03,1.063E-02,7.571E-01,1.773E+00,-2.391E-02,1.486E+00,1.518E+00,3.142E+00,-2.652E-03,2.397E+00,2.358E+00,5.134E-02,4.517E+00,1.692E+00,-4.476E-02,1.867E+00,1.678E+00,3.142E+00,-3.612E-03,2.658E+00,2.599E+00,1.256E-01,2.585E+00
5,0.000E+00,0.000E+00,3.352E-03,4.883E-07,4.656E-03,1.066E-02,7.586E-01,1.773E+00,-2.677E-02,1.495E+00,1.529E+00,3.142E+00,-3.026E-03,2.404E+00,2.359E+00,5.145E-02,4.510E+00,1.691E+00,-4.411E-02,1.855E+00,1.691E+00,3.142E+00,-3.690E-03,2.664E+00,2.603E+00,1.254E-01,2.589E+00
6,0.000E+00,0.000E+00,3.352E-03,3.662E-07,4.680E-03,1.071E-02,7.616E-01,1.771E+00,-3.248E-02,1.512E+00,1.551E+00,3.142E+00,-3.774E-03,2.417E+00,2.362E+00,5.166E-02,4.498E+00,1.689E+00,-4.281E-02,1.831E+00,1.716E+00,3.142E+00,-3.846E-03,2.675E+00,2.611E+00,1.249E-01,2.597E+00
7,0.000E+00,0.000E+00,3.352E-03,2.441E-07,4.705E-03,1.077E-02,7.646E-01,1.769E+00,-3.820E-02,1.529E+00,1.573E+00,3.142E+00,-4.522E-03,2.431E+00,2.364E+00,5.187E-02,4.485E+00,1.687E+00,-4.150E-02,1.806E+00,1.741E+00,3.142E+00,-4.002E-03,2.686E+00,2.619E+00,1.244E-01,2.606E+00
8,0.000E+00,0.000E+00,3.352E-03,1.221E-07,4.729E-03,1.082E-02,7.677E-01,1.767E+00,-4.391E-02,1.546E+00,1.595E+00,3.142E+00,-5.270E-03,2.445E+00,2.367E+00,5.208E-02,4.472E+00,1.686E+00,-4.020E-02,1.782E+00,1.766E+00,3.142E+00,-4.158E-03,2.697E+00,2.628E+00,1.239E-01,2.614E+00
9,0.000E+00,0.000E+00,3.352E-03,6.104E-08,4.741E-03,1.085E-02,7.692E-01,1.766E+00,-4.676E-02,1.554E+00,1.606E+00,3.142E+00,-5.644E-03,2.451E+00,2.368E+00,5.218E-02,4.466E+00,1.685E+00,-3.955E-02,1.770E+00,1.779E+00,3.142E+00,-4.237E-03,2.703E+00,2.632E+00,1.236E-01,2.618E+00
10,0.000E+00,0.000E+00,3.353E-03,0.000E+00,4.753E-03,1.088E-02,7.707E-01,1.765E+00,-4.962E-02,1.563E+00,1.617E+00,3.142E+00,-6.018E-03,2.458E+00,2.369E+00,5.229E-02,4.460E+00,1.684E+00,-3.890E-02,1.757E+00,1.791E+00,3.142E+00,-4.315E-03,2.708E+00,2.636E+00,1.234E-01,2.622E+00
11,0.000E+00,0.000E+00,3.409E-03,0.000E+00,4.803E-03,1.101E-02,7.805E-01,1.767E+00,-5.309E-02,1.559E+00,1.628E+00,3.142E+00,-5.581E-03,2.452E+00,2.370E+00,5.207E-02,4.473E+00,1.683E+00,-4.545E-02,1.775E+00,1.819E+00,3.142E+00,-3.920E-03,2.689E+00,2.624E+00,1.237E-01,2.616E+00
12,0.000E+00,0.000E+00,3.465E-03,0.000E+00,4.854E-03,1.115E-02,7.902E-01,1.770E+00,-5.656E-02,1.555E+00,1.639E+00,3.142E+00,-5.145E-03,2.446E+00,2.371E+00,5.185E-02,4.486E+00,1.682E+00,-5.200E-02,1.793E+00,1.847E+00,3.142E+00,-3.525E-03,2.670E+00,2.611E+00,1.241E-01,2.610E+00
13,0.000E+00,0.000E+00,3.521E-03,0.000E+00,4.905E-03,1.128E-02,7.999E-01,1.772E+00,-6.003E-02,1.551E+00,1.650E+00,3.142E+00,-4.708E-03,2.440E+00,2.371E+00,5.164E-02,4.499E+00,1.681E+00,-5.855E-02,1.811E+00,1.874E+00,3.142E+00,-3.130E-03,2.651E+00,2.599E+00,1.245E-01,2.603E+00
14,0.000E+00,0.000E+00,3.549E-03,0.000E+00,4.930E-03,1.135E-02,8.048E-01,1.773E+00,-6.177E-02,1.549E+00,1.655E+00,3.142E+00,-4.490E-03,2.437E+00,2.371E+00,5.153E-02,4.505E+00,1.680E+00,-6.183E-02,1.820E+00,1.888E+00,3.142E+00,-2.933E-03,2.641E+00,2.593E+00,1.247E-01,2.600E+00
15,0.000E+00,0.000E+00,3.577E-03,0.000E+00,4.955E-03,1.142E-02,8.097E-01,1.774E+00,-6.350E-02,1.547E+00,1.661E+00,3.142E+00,-4.271E-03,2.435E+00,2.372E+00,5.142E-02,4.512E+00,1.679E+00,-6.510E-02,1.829E+00,1.902E+00,3.142E+00,-2.735E-03,2.632E+00,2.586E+00,1.249E-01,2.597E+00
16,0.000E+00,0.000E+00,3.633E-03,0.000E+00,5.006E-03,1.155E-02,8.194E-01,1.776E+00,-6.697E-02,1.543E+00,1.672E+00,3.142E+00,-3.835E-03,2.429E+00,2.372E+00,5.121E-02,4.525E+00,1.678E+00,-7.165E-02,1.846E+00,1.929E+00,3.142E+00,-2.341E-03,2.612E+00,2.574E+00,1.253E-01,2.591E+00
17,0.000E+00,0.000E+00,3.689E-03,0.000E+00,5.056E-03,1.168E-02,8.292E-01,1.778E+00,-7.044E-02,1.539E+00,1.683E+00,3.142E+00,-3.398E-03,2.423E+00,2.373E+00,5.099E-02,4.538E+00,1.677E+00,-7.820E-02,1.864E+00,1.957E+00,3.142E+00,-1.946E-03,2.593E+00,2.562E+00,1.256E-01,2.584E+00
18,0.000E+00,0.000E+00,3.746E-03,0.000E+00,5.107E-03,1.182E-02,8.389E-01,1.780E+00,-7.391E-02,1.535E+00,1.694E+00,3.142E+00,-2.961E-03,2.417E+00,2.373E+00,5.077E-02,4.551E+00,1.676E+00,-8.475E-02,1.882E+00,1.985E+00,3.142E+00,-1.551E-03,2.574E+00,2.549E+00,1.260E-01,2.578E+00
19,0.000E+00,0.000E+00,3.774E-03,0.000E+00,5.132E-03,1.188E-02,8.438E-01,1.782E+00,-7.565E-02,1.533E+00,1.699E+00,3.142E+00,-2.743E-03,2.414E+00,2.374E+00,5.067E-02,4.557E+00,1.675E+00,-8.802E-02,1.891E+00,1.998E+00,3.142E+00,-1.353E-03,2.565E+00,2.543E+00,1.262E-01,2.575E+00
20,0.000E+00,0.000E+00,3.802E-03,0.000E+00,5.157E-03,1.195E-02,8.487E-01,1.783E+00,-7.738E-02,1.531E+00,1.705E+00,3.142E+00,-2.525E-03,2.411E+00,2.374E+00,5.056E-02,4.564E+00,1.674E+00,-9.130E-02,1.900E+00,2.012E+00,3.142E+00,-1.156E-03,2.555E+00,2.537E+00,1.264E-01,2.571E+00
21,0.000E+00,0.000E+00,3.914E-03,0.000E+00,5.294E-03,1.226E-02,8.718E-01,1.782E+00,-9.096E-02,1.610E+00,1.693E+00,3.142E+00,-2.919E-03,2.421E+00,2.378E+00,5.048E-02,4.569E+00,1.676E+00,-1.036E-01,1.967E+00,2.003E+00,3.142E+00,-1.536E-03,2.563E+00,2.538E+00,1.259E-01,2.581E+00
22,0.000E+00,0.000E+00,4.026E-03,0.000E+00,5.431E-03,1.258E-02,8.949E-01,1.782E+00,-1.045E-01,1.690E+00,1.682E+00,3.142E+00,-3.313E-03,2.431E+00,2.382E+00,5.041E-02,4.573E+00,1.679E+00,-1.159E-01,2.035E+00,1.993E+00,3.142E+00,-1.916E-03,2.570E+00,2.540E+00,1.253E-01,2.590E+00
23,0.000E+00,0.000E+00,4.138E-03,0.000E+00,5.568E-03,1.289E-02,9.180E-01,1.783E+00,-1.181E-01,1.769E+00,1.671E+00,3.142E+00,-3.708E-03,2.441E+00,2.386E+00,5.034E-02,4.578E+00,1.681E+00,-1.282E-01,2.102E+00,1.984E+00,3.142E+00,-2.296E-03,2.578E+00,2.541E+00,1.248E-01,2.599E+00
24,0.000E+00,0.000E+00,4.194E-03,0.000E+00,5.637E-03,1.305E-02,9.296E-01,1.783E+00,-1.249E-01,1.809E+00,1.665E+00,3.142E+00,-3.905E-03,2.446E+00,2.388E+00,5.030E-02,4.580E+00,1.683E+00,-1.343E-01,2.136E+00,1.979E+00,3.142E+00,-2.486E-03,2.581E+00,2.542E+00,1.245E-01,2.604E+00
25,0.000E+00,0.000E+00,4.250E-03,0.000E+00,5.706E-03,1.321E-02,9.411E-01,1.784E+00,-1.317E-01,1.848E+00,1.660E+00,3.142E+00,-4.102E-03,2.451E+00,2.390E+00,5.027E-02,4.582E+00,1.684E+00,-1.404E-01,2.170E+00,1.974E+00,3.142E+00,-2.676E-03,2.585E+00,2.542E+00,1.242E-01,2.608E+00
26,0.000E+00,0.000E+00,4.361E-03,0.000E+00,5.843E-03,1.352E-02,9.642E-01,1.785E+00,-1.453E-01,1.928E+00,1.648E+00,3.142E+00,-4.496E-03,2.461E+00,2.394E+00,5.019E-02,4.587E+00,1.687E+00,-1.527E-01,2.237E+00,1.965E+00,3.142E+00,-3.055E-03,2.593E+00,2.544E+00,1.237E-01,2.617E+00
27,0.000E+00,0.000E+00,4.473E-03,0.000E+00,5.980E-03,1.384E-02,9.874E-01,1.787E+00,-1.588E-01,2.007E+00,1.637E+00,3.142E+00,-4.890E-03,2.471E+00,2.398E+00,5.012E-02,4.591E+00,1.690E+00,-1.650E-01,2.305E+00,1.956E+00,3.142E+00,-3.435E-03,2.600E+00,2.545E+00,1.231E-01,2.626E+00
28,0.000E+00,0.000E+00,4.585E-03,0.000E+00,6.117E-03,1.415E-02,1.010E+00,1.790E+00,-1.724E-01,2.087E+00,1.626E+00,3.142E+00,-5.285E-03,2.481E+00,2.402E+00,5.005E-02,4.596E+00,1.694E+00,-1.773E-01,2.372E+00,1.946E+00,3.142E+00,-3.815E-03,2.608E+00,2.547E+00,1.226E-01,2.636E+00
29,0.000E+00,0.000E+00,4.641E-03,0.000E+00,6.185E-03,1.431E-02,1.022E+00,1.791E+00,-1.792E-01,2.127E+00,1.620E+00,3.142E+00,-5.482E-03,2.486E+00,2.404E+00,5.001E-02,4.598E+00,1.695E+00,-1.834E-01,2.406E+00,1.941E+00,3.142E+00,-4.005E-03,2.612E+00,2.547E+00,1.223E-01,2.640E+00
30,0.000E+00,0.000E+00,4.697E-03,0.000E+00,6.254E-03,1.446E-02,1.034E+00,1.793E+00,-1.860E-01,2.166E+00,1.615E+00,3.142E+00,-5.679E-03,2.491E+00,2.405E+00,4.997E-02,4.601E+00,1.697E+00,-1.896E-01,2.440E+00,1.937E+00,3.142E+00,-4.195E-03,2.615E+00,2.548E+00,1.221E-01,2.645E+00
31,0.000E+00,0.000E+00,4.963E-03,1.221E-07,6.650E-03,1.535E-02,1.096E+00,1.792E+00,-2.105E-01,2.334E+00,1.613E+00,3.142E+00,-5.244E-03,2.482E+00,2.403E+00,4.977E-02,4.613E+00,1.695E+00,-2.016E-01,2.526E+00,1.945E+00,3.142E+00,-3.798E-03,2.614E+00,2.553E+00,1.212E-01,2.661E+00
32,0.000E+00,0.000E+00,5.096E-03,1.831E-07,6.848E-03,1.579E-02,1.127E+00,1.791E+00,-2.227E-01,2.418E+00,1.613E+00,3.142E+00,-5.026E-03,2.477E+00,2.402E+00,4.968E-02,4.620E+00,1.694E+00,-2.076E-01,2.569E+00,1.949E+00,3.142E+00,-3.600E-03,2.613E+00,2.555E+00,1.207E-01,2.670E+00
33,0.000E+00,0.000E+00,5.228E-03,2.441E-07,7.046E-03,1.623E-02,1.159E+00,1.792E+00,-2.350E-01,2.501E+00,1.612E+00,3.142E+00,-4.809E-03,2.473E+00,2.401E+00,4.958E-02,4.626E+00,1.694E+00,-2.136E-01,2.612E+00,1.954E+00,3.142E+00,-3.401E-03,2.613E+00,2.558E+00,1.203E-01,2.678E+00
34,0.000E+00,0.000E+00,5.361E-03,3.052E-07,7.244E-03,1.667E-02,1.190E+00,1.792E+00,-2.472E-01,2.585E+00,1.612E+00,3.142E+00,-4.592E-03,2.468E+00,2.399E+00,4.948E-02,4.633E+00,1.693E+00,-2.196E-01,2.656E+00,1.958E+00,3.142E+00,-3.203E-03,2.612E+00,2.560E+00,1.198E-01,2.686E+00
35,0.000E+00,0.000E+00,5.494E-03,3.662E-07,7.442E-03,1.712E-02,1.221E+00,1.793E+00,-2.595E-01,2.669E+00,1.611E+00,3.142E+00,-4.374E-03,2.464E+00,2.398E+00,4.938E-02,4.639E+00,1.692E+00,-2.256E-01,2.699E+00,1.962E+00,3.142E+00,-3.005E-03,2.611E+00,2.563E+00,1.194E-01,2.694E+00
36,0.000E+00,0.000E+00,5.627E-03,4.272E-07,7.640E-03,1.756E-02,1.253E+00,1.794E+00,-2.717E-01,2.753E+00,1.610E+00,3.142E+00,-4.157E-03,2.459E+00,2.397E+00,4.928E-02,4.646E+00,1.691E+00,-2.316E-01,2.742E+00,1.966E+00,3.142E+00,-2.806E-03,2.610E+00,2.565E+00,1.189E-01,2.702E+00
37,0.000E+00,0.000E+00,5.759E-03,4.883E-07,7.838E-03,1.800E-02,1.284E+00,1.795E+00,-2.840E-01,2.836E+00,1.610E+00,3.142E+00,-3.939E-03,2.455E+00,2.396E+00,4.918E-02,4.652E+00,1.691E+00,-2.376E-01,2.785E+00,1.971E+00,3.142E+00,-2.608E-03,2.610E+00,2.568E+00,1.185E-01,2.711E+00
38,0.000E+00,0.000E+00,5.892E-03,5.493E-07,8.036E-03,1.844E-02,1.315E+00,1.796E+00,-2.962E-01,2.920E+00,1.609E+00,3.142E+00,-3.722E-03,2.450E+00,2.395E+00,4.908E-02,4.658E+00,1.690E+00,-2.436E-01,2.828E+00,1.975E+00,3.142E+00,-2.410E-03,2.609E+00,2.570E+00,1.180E-01,2.719E+00
39,0.000E+00,0.000E+00,6.025E-03,6.104E-07,8.234E-03,1.888E-02,1.347E+00,1.797E+00,-3.084E-01,3.004E+00,1.609E+00,3.142E+00,-3.504E-03,2.446E+00,2.394E+00,4.898E-02,4.665E+00,1.690E+00,-2.496E-01,2.872E+00,1.979E+00,3.142E+00,-2.211E-03,2.608E+00,2.573E+00,1.176E-01,2.727E+00
40,0.000E+00,0.000E+00,6.158E-03,6.714E-07,8.432E-03,1.933E-02,1.378E+00,1.799E+00,-3.207E-01,3.088E+00,1.608E+00,3.142E+00,-3.287E-03,2.441E+00,2.392E+00,4.888E-02,4.671E+00,1.690E+00,-2.556E-01,2.915E+00,1.983E+00,3.142E+00,-2.013E-03,2.607E+00,2.575E+00,1.171E-01,2.735E+00
41,0.000E+00,0.000E+00,6.290E-03,7.324E-07,8.630E-03,1.977E-02,1.409E+00,1.801E+00,-3.329E-01,3.171E+00,1.608E+00,3.142E+00,-3.069E-03,2.437E+00,2.391E+00,4.878E-02,4.678E+00,1.689E+00,-2.616E-01,2.958E+00,1.987E+00,3.142E+00,-1.814E-03,2.607E+00,2.577E+00,1.167E-01,2.744E+00
42,0.000E+00,0.000E+00,6.423E-03,7.935E-07,8.828E-03,2.021E-02,1.440E+00,1.803E+00,-3.452E-01,3.255E+00,1.607E+00,3.142E+00,-2.852E-03,2.432E+00,2.390E+00,4.868E-02,4.684E+00,1.689E+00,-2.676E-01,3.001E+00,1.992E+00,3.142E+00,-1.616E-03,2.606E+00,2.580E+00,1.163E-01,2.752E+00
43,0.000E+00,0.000E+00,6.556E-03,8.545E-07,9.026E-03,2.065E-02,1.472E+00,1.805E+00,-3.574E-01,3.339E+00,1.606E+00,3.142E+00,-2.634E-03,2.428E+00,2.389E+00,4.858E-02,4.691E+00,1.689E+00,-2.736E-01,3.044E+00,1.996E+00,3.142E+00,-1.418E-03,2.605E+00,2.582E+00,1.158E-01,2.760E+00
44,0.000E+00,0.000E+00,6.689E-03,9.155E-07,9.224E-03,2.109E-02,1.503E+00,1.807E+00,-3.697E-01,3.423E+00,1.606E+00,3.142E+00,-2.417E-03,2.423E+00,2.388E+00,4.848E-02,4.697E+00,1.688E+00,-2.796E-01,3.088E+00,2.000E+00,3.142E+00,-1.219E-03,2.605E+00,2.585E+00,1.154E-01,2.768E+00
45,0.000E+00,0.000E+00,6.821E-03,9.766E-07,9.422E-03,2.154E-02,1.534E+00,1.809E+00,-3.819E-01,3.507E+00,1.605E+00,3.142E+00,-2.199E-03,2.419E+00,2.386E+00,4.838E-02,4.704E+00,1.688E+00,-2.856E-01,3.131E+00,2.004E+00,3.142E+00,-1.021E-03,2.604E+00,2.587E+00,1.149E-01,2.777E+00
46,0.000E+00,0.000E+00,7.038E-03,4.883E-07,9.990E-03,2.255E-02,1.608E+00,1.819E+00,-4.354E-01,4.154E+00,1.537E+00,3.142E+00,-2.027E-03,2.437E+00,2.407E+00,4.817E-02,4.717E+00,1.684E+00,-3.206E-01,3.569E+00,1.968E+00,3.142E+00,-2.394E-03,2.656E+00,2.616E+00,1.143E-01,2.788E+00
47,0.000E+00,0.000E+00,7.146E-03,2.441E-07,1.027E-02,2.305E-02,1.645E+00,1.827E+00,-4.621E-01,4.478E+00,1.502E+00,3.142E+00,-1.941E-03,2.447E+00,2.418E+00,4.807E-02,4.724E+00,1.684E+00,-3.382E-01,3.788E+00,1.949E+00,3.142E+00,-3.081E-03,2.682E+00,2.631E+00,1.140E-01,2.794E+00
48,0.000E+00,0.000E+00,7.255E-03,0.000E+00,1.056E-02,2.356E-02,1.682E+00,1.837E+00,-4.889E-01,4.802E+00,1.468E+00,3.142E+00,-1.855E-03,2.456E+00,2.428E+00,4.797E-02,4.731E+00,1.685E+00,-3.557E-01,4.007E+00,1.931E+00,3.142E+00,-3.768E-03,2.708E+00,2.645E+00,1.137E-01,2.800E+00
49,0.000E+00,0.000E+00,7.588E-03,4.883E-07,1.118E-02,2.481E-02,1.771E+00,1.800E+00,-4.943E-01,5.085E+00,1.567E+00,3.142E+00,-2.959E-03,2.485E+00,2.440E+00,4.758E-02,4.758E+00,1.686E+00,-3.814E-01,4.413E+00,1.886E+00,3.142E+00,-4.237E-03,2.716E+00,2.645E+00,1.130E-01,2.814E+00
50,0.000E+00,0.000E+00,7.755E-03,7.324E-07,1.149E-02,2.543E-02,1.816E+00,1.783E+00,-4.971E-01,5.227E+00,1.617E+00,3.142E+00,-3.511E-03,2.500E+00,2.446E+00,4.738E-02,4.771E+00,1.688E+00,-3.943E-01,4.616E+00,1.864E+00,3.142E+00,-4.472E-03,2.720E+00,2.645E+00,1.127E-01,2.821E+00
51,0.000E+00,0.000E+00,7.922E-03,9.766E-07,1.180E-02,2.606E-02,1.860E+00,1.766E+00,-4.998E-01,5.368E+00,1.666E+00,3.142E+00,-4.063E-03,2.515E+00,2.453E+00,4.719E-02,4.784E+00,1.690E+00,-4.071E-01,4.819E+00,1.842E+00,3.142E+00,-4.706E-03,2.724E+00,2.645E+00,1.123E-01,2.828E+00
52,0.000E+00,0.000E+00,8.359E-03,4.883E-07,1.250E-02,2.749E-02,1.965E+00,1.750E+00,-5.643E-01,7.019E+00,1.643E+00,3.142E+00,-3.340E-03,2.497E+00,2.447E+00,4.656E-02,4.828E+00,1.705E+00,-4.184E-01,4.884E+00,1.791E+00,3.142E+00,-4.141E-03,2.676E+00,2.608E+00,1.133E-01,2.807E+00
53,0.000E+00,0.000E+00,8.577E-03,2.441E-07,1.285E-02,2.820E-02,2.017E+00,1.749E+00,-5.965E-01,7.845E+00,1.631E+00,3.142E+00,-2.979E-03,2.489E+00,2.444E+00,4.625E-02,4.851E+00,1.713E+00,-4.240E-01,4.917E+00,1.765E+00,3.142E+00,-3.858E-03,2.652E+00,2.589E+00,1.139E-01,2.797E+00
54,0.000E+00,0.000E+00,8.796E-03,0.000E+00,1.320E-02,2.892E-02,2.070E+00,1.750E+00,-6.287E-01,8.671E+00,1.620E+00,3.142E+00,-2.618E-03,2.480E+00,2.441E+00,4.593E-02,4.873E+00,1.721E+00,-4.296E-01,4.950E+00,1.740E+00,3.142E+00,-3.575E-03,2.628E+00,2.570E+00,1.144E-01,2.787E+00
55,0.000E+00,0.000E+00,9.181E-03,4.883E-07,1.417E-02,3.079E-02,2.201E+00,1.737E+00,-6.174E-01,8.223E+00,1.688E+00,3.142E+00,-4.972E-03,2.559E+00,2.480E+00,4.576E-02,4.885E+00,1.687E+00,-4.060E-01,4.548E+00,1.928E+00,3.142E+00,-1.179E-03,2.583E+00,2.564E+00,1.112E-01,2.852E+00
56,0.000E+00,0.000E+00,9.373E-03,7.324E-07,1.466E-02,3.173E-02,2.267E+00,1.731E+00,-6.118E-01,7.999E+00,1.722E+00,3.142E+00,-6.150E-03,2.598E+00,2.500E+00,4.567E-02,4.892E+00,1.673E+00,-3.942E-01,4.347E+00,2.022E+00,3.142E+00,1.964E-05,2.561E+00,2.561E+00,1.096E-01,2.885E+00
57,0.000E+00,0.000E+00,9.565E-03,9.766E-07,1.514E-02,3.267E-02,2.332E+00,1.725E+00,-6.061E-01,7.775E+00,1.757E+00,3.142E+00,-7.327E-03,2.637E+00,2.520E+00,4.558E-02,4.898E+00,1.660E+00,-3.824E-01,4.146E+00,2.116E+00,3.142E+00,1.218E-03,2.538E+00,2.558E+00,1.080E-01,2.918E+00
58,0.000E+00,0.000E+00,1.002E-02,9.766E-07,1.613E-02,3.468E-02,2.472E+00,1.699E+00,-6.190E-01,8.199E+00,1.852E+00,3.142E+00,-4.602E-03,2.567E+00,2.494E+00,4.513E-02,4.931E+00,1.651E+00,-4.043E-01,4.591E+00,2.100E+00,3.142E+00,-1.469E-03,2.616E+00,2.591E+00,1.089E-01,2.899E+00
59,0.000E+00,0.000E+00,1.024E-02,9.766E-07,1.663E-02,3.569E-02,2.542E+00,1.686E+00,-6.254E-01,8.411E+00,1.900E+00,3.142E+00,-3.240E-03,2.532E+00,2.481E+00,4.491E-02,4.948E+00,1.647E+00,-4.152E-01,4.813E+00,2.092E+00,3.142E+00,-2.812E-03,2.655E+00,2.608E+00,1.093E-01,2.890E+00
60,0.000E+00,0.000E+00,1.047E-02,9.766E-07,1.712E-02,3.669E-02,2.611E+00,1.674E+00,-6.319E-01,8.623E+00,1.948E+00,3.142E+00,-1.877E-03,2.497E+00,2.469E+00,4.468E-02,4.964E+00,1.644E+00,-4.261E-01,5.036E+00,2.084E+00,3.142E+00,-4.155E-03,2.694E+00,2.625E+00,1.097E-01,2.881E+00
61,0.000E+00,0.000E+00,1.114E-02,9.766E-07,1.860E-02,3.947E-02,2.812E+00,1.669E+00,-6.582E-01,9.716E+00,1.927E+00,3.142E+00,-2.123E-03,2.480E+00,2.448E+00,4.518E-02,4.928E+00,1.645E+00,-4.505E-01,5.432E+00,2.064E+00,3.142E+00,-3.180E-03,2.674E+00,2.621E+00,1.085E-01,2.907E+00
62,0.000E+00,0.000E+00,1.147E-02,9.766E-07,1.934E-02,4.086E-02,2.912E+00,1.667E+00,-6.714E-01,1.026E+01,1.916E+00,3.142E+00,-2.246E-03,2.471E+00,2.437E+00,4.542E-02,4.910E+00,1.646E+00,-4.627E-01,5.630E+00,2.054E+00,3.142E+00,-2.693E-03,2.664E+00,2.619E+00,1.079E-01,2.921E+00
63,0.000E+00,0.000E+00,1.180E-02,9.766E-07,2.009E-02,4.225E-02,3.012E+00,1.667E+00,-6.846E-01,1.081E+01,1.905E+00,3.142E+00,-2.369E-03,2.462E+00,2.427E+00,4.567E-02,4.892E+00,1.647E+00,-4.748E-01,5.829E+00,2.044E+00,3.142E+00,-2.206E-03,2.654E+00,2.617E+00,1.072E-01,2.934E+00
64,0.000E+00,0.000E+00,1.251E-02,9.766E-07,2.171E-02,4.525E-02,3.230E+00,1.645E+00,-6.862E-01,1.042E+01,2.044E+00,3.142E+00,-3.024E-03,2.488E+00,2.442E+00,4.441E-02,4.987E+00,1.626E+00,-5.003E-01,6.663E+00,2.069E+00,3.142E+00,-9.121E-04,2.617E+00,2.601E+00,1.062E-01,2.958E+00
65,0.000E+00,0.000E+00,1.286E-02,9.766E-07,2.252E-02,4.675E-02,3.338E+00,1.634E+00,-6.870E-01,1.023E+01,2.113E+00,3.142E+00,-3.352E-03,2.501E+00,2.450E+00,4.378E-02,5.034E+00,1.617E+00,-5.130E-01,7.080E+00,2.081E+00,3.142E+00,-2.654E-04,2.598E+00,2.593E+00,1.056E-01,2.970E+00
66,0.000E+00,0.000E+00,1.322E-02,9.766E-07,2.333E-02,4.826E-02,3.447E+00,1.625E+00,-6.878E-01,1.003E+01,2.182E+00,3.142E+00,-3.679E-03,2.514E+00,2.457E+00,4.315E-02,5.082E+00,1.610E+00,-5.257E-01,7.498E+00,2.094E+00,3.142E+00,3.814E-04,2.579E+00,2.586E+00,1.051E-01,2.982E+00
67,0.000E+00,0.000E+00,1.358E-02,1.953E-06,2.568E-02,5.195E-02,3.707E+00,1.628E+00,-6.856E-01,9.517E+00,2.215E+00,3.142E+00,-1.542E-03,2.487E+00,2.463E+00,4.144E-02,5.226E+00,1.590E+00,-5.595E-01,9.096E+00,2.078E+00,3.142E+00,-2.947E-04,2.580E+00,2.576E+00,1.037E-01,3.014E+00
68,0.000E+00,0.000E+00,1.376E-02,2.441E-06,2.685E-02,5.379E-02,3.837E+00,1.630E+00,-6.845E-01,9.260E+00,2.232E+00,3.142E+00,-4.734E-04,2.473E+00,2.466E+00,4.059E-02,5.298E+00,1.583E+00,-5.763E-01,9.896E+00,2.070E+00,3.142E+00,-6.328E-04,2.581E+00,2.571E+00,1.030E-01,3.029E+00
69,0.000E+00,0.000E+00,1.395E-02,2.930E-06,2.803E-02,5.563E-02,3.967E+00,1.632E+00,-6.834E-01,9.003E+00,2.248E+00,3.142E+00,5.953E-04,2.460E+00,2.469E+00,3.973E-02,5.370E+00,1.578E+00,-5.932E-01,1.070E+01,2.062E+00,3.142E+00,-9.708E-04,2.581E+00,2.566E+00,1.023E-01,3.045E+00
70,0.000E+00,0.000E+00,1.487E-02,2.441E-06,3.024E-02,5.981E-02,4.264E+00,1.588E+00,-7.159E-01,1.075E+01,2.383E+00,3.142E+00,-2.288E-03,2.505E+00,2.469E+00,3.896E-02,5.441E+00,1.542E+00,-6.251E-01,1.342E+01,2.102E+00,3.142E+00,-5.777E-04,2.562E+00,2.553E+00,1.008E-01,3.082E+00
71,0.000E+00,0.000E+00,1.534E-02,2.197E-06,3.135E-02,6.190E-02,4.412E+00,1.569E+00,-7.321E-01,1.163E+01,2.451E+00,3.142E+00,-3.730E-03,2.527E+00,2.469E+00,3.857E-02,5.476E+00,1.529E+00,-6.411E-01,1.479E+01,2.122E+00,3.142E+00,-3.812E-04,2.553E+00,2.546E+00,1.000E-01,3.101E+00
72,0.000E+00,0.000E+00,1.580E-02,1.953E-06,3.245E-02,6.399E-02,4.561E+00,1.551E+00,-7.484E-01,1.250E+01,2.518E+00,3.142E+00,-5.172E-03,2.550E+00,2.470E+00,3.819E-02,5.512E+00,1.517E+00,-6.570E-01,1.615E+01,2.142E+00,3.142E+00,-1.846E-04,2.543E+00,2.540E+00,9.926E-02,3.120E+00
73,0.000E+00,0.000E+00,1.616E-02,1.953E-06,3.458E-02,6.727E-02,4.795E+00,1.525E+00,-7.623E-01,1.400E+01,2.589E+00,3.142E+00,-3.413E-03,2.486E+00,2.434E+00,3.717E-02,5.612E+00,1.483E+00,-6.476E-01,1.621E+01,2.287E+00,3.142E+00,2.543E-03,2.485E+00,2.523E+00,1.003E-01,3.094E+00
74,0.000E+00,0.000E+00,1.652E-02,1.953E-06,3.672E-02,7.054E-02,5.029E+00,1.502E+00,-7.762E-01,1.550E+01,2.660E+00,3.142E+00,-1.654E-03,2.422E+00,2.398E+00,3.616E-02,5.713E+00,1.451E+00,-6.382E-01,1.627E+01,2.432E+00,3.142E+00,5.270E-03,2.426E+00,2.507E+00,1.014E-01,3.069E+00
75,0.000E+00,0.000E+00,1.711E-02,9.766E-07,3.852E-02,7.367E-02,5.254E+00,1.457E+00,-8.380E-01,2.420E+01,2.650E+00,3.142E+00,-1.323E-03,2.471E+00,2.451E+00,3.535E-02,5.799E+00,1.423E+00,-6.400E-01,1.671E+01,2.573E+00,3.142E+00,3.467E-03,2.422E+00,2.475E+00,9.914E-02,3.124E+00
76,0.000E+00,0.000E+00,1.770E-02,0.000E+00,4.032E-02,7.680E-02,5.479E+00,1.443E+00,-8.999E-01,3.290E+01,2.640E+00,3.142E+00,-9.924E-04,2.520E+00,2.504E+00,3.454E-02,5.885E+00,1.398E+00,-6.419E-01,1.715E+01,2.715E+00,3.142E+00,1.664E-03,2.419E+00,2.443E+00,9.692E-02,3.179E+00
77,0.000E+00,0.000E+00,1.784E-02,9.766E-07,4.242E-02,7.993E-02,5.695E+00,1.398E+00,-8.949E-01,3.217E+01,2.925E+00,3.142E+00,9.682E-04,2.453E+00,2.466E+00,3.387E-02,5.961E+00,1.364E+00,-6.369E-01,1.740E+01,2.912E+00,3.142E+00,5.568E-03,2.334E+00,2.413E+00,9.663E-02,3.187E+00
78,0.000E+00,0.000E+00,1.797E-02,1.953E-06,4.452E-02,8.307E-02,5.912E+00,1.358E+00,-8.899E-01,3.143E+01,3.211E+00,3.142E+00,2.929E-03,2.386E+00,2.429E+00,3.320E-02,6.037E+00,1.332E+00,-6.318E-01,1.765E+01,3.109E+00,3.142E+00,9.473E-03,2.250E+00,2.384E+00,9.634E-02,3.194E+00
79,0.000E+00,0.000E+00,1.775E-02,9.766E-07,4.635E-02,8.499E-02,6.057E+00,1.298E+00,-8.836E-01,3.310E+01,3.601E+00,3.142E+00,3.734E-03,2.340E+00,2.394E+00,3.230E-02,6.148E+00,1.308E+00,-6.265E-01,1.719E+01,3.327E+00,3.142E+00,9.617E-03,2.225E+00,2.359E+00,9.409E-02,3.255E+00
80,0.000E+00,0.000E+00,1.753E-02,0.000E+00,4.818E-02,8.690E-02,6.203E+00,1.245E+00,-8.772E-01,3.478E+01,3.990E+00,3.142E+00,4.540E-03,2.295E+00,2.360E+00,3.139E-02,6.258E+00,1.286E+00,-6.211E-01,1.673E+01,3.546E+00,3.142E+00,9.761E-03,2.201E+00,2.335E+00,9.183E-02,3.317E+00
81,0.000E+00,0.000E+00,1.657E-02,0.000E+00,4.867E-02,8.637E-02,6.162E+00,1.206E+00,-8.714E-01,3.346E+01,4.440E+00,3.142E+00,9.296E-03,2.214E+00,2.341E+00,2.928E-02,6.556E+00,1.243E+00,-6.056E-01,1.573E+01,4.036E+00,3.142E+00,1.952E-02,1.995E+00,2.234E+00,8.950E-02,3.386E+00
82,0.000E+00,0.000E+00,1.562E-02,0.000E+00,4.917E-02,8.584E-02,6.121E+00,1.173E+00,-8.656E-01,3.214E+01,4.891E+00,3.142E+00,1.405E-02,2.132E+00,2.322E+00,2.717E-02,6.854E+00,1.207E+00,-5.901E-01,1.473E+01,4.525E+00,3.142E+00,2.928E-02,1.790E+00,2.132E+00,8.716E-02,3.455E+00
83,0.000E+00,0.000E+00,1.344E-02,0.000E+00,4.571E-02,7.841E-02,5.590E+00,1.116E+00,-8.628E-01,3.076E+01,5.807E+00,3.142E+00,4.361E-02,1.805E+00,2.317E+00,2.582E-02,7.082E+00,1.156E+00,-5.843E-01,1.458E+01,5.262E+00,3.142E+00,5.915E-02,1.487E+00,2.081E+00,8.286E-02,3.600E+00
84,0.000E+00,0.000E+00,1.126E-02,0.000E+00,4.226E-02,7.099E-02,5.059E+00,1.072E+00,-8.600E-01,2.938E+01,6.724E+00,3.142E+00,7.316E-02,1.477E+00,2.311E+00,2.447E-02,7.310E+00,1.114E+00,-5.785E-01,1.443E+01,5.999E+00,3.142E+00,8.901E-02,1.184E+00,2.030E+00,7.855E-02,3.745E+00
85,0.000E+00,0.000E+00,7.830E-03,4.883E-07,3.075E-02,5.115E-02,3.646E+00,1.079E+00,-8.618E-01,2.754E+01,6.801E+00,3.142E+00,8.109E-02,1.316E+00,2.137E+00,2.089E-02,8.139E+00,1.113E+00,-5.655E-01,1.275E+01,6.415E+00,3.142E+00,8.901E-02,1.073E+00,1.825E+00,7.283E-02,3.984E+00
86,0.000E+00,0.000E+00,4.397E-03,9.766E-07,1.924E-02,3.131E-02,2.233E+00,1.087E+00,-8.636E-01,2.571E+01,6.878E+00,3.142E+00,8.901E-02,1.154E+00,1.963E+00,1.731E-02,8.968E+00,1.120E+00,-5.524E-01,1.106E+01,6.831E+00,3.142E+00,8.901E-02,9.611E-01,1.619E+00,6.712E-02,4.224E+00
87,0.000E+00,0.000E+00,2.199E-03,1.074E-05,9.832E-03,1.610E-02,1.143E+00,9.647E-01,-9.109E-01,2.518E+01,1.089E+01,3.142E+00,8.901E-02,1.109E+00,1.881E+00,1.447E-02,1.006E+01,1.127E+00,-6.199E-01,1.117E+01,7.348E+00,3.142E+00,8.901E-02,1.013E+00,1.709E+00,5.922E-02,4.691E+00
88,0.000E+00,0.000E+00,0.000E+00,2.051E-05,4.277E-04,8.906E-04,5.250E-02,8.948E-01,-9.582E-01,2.465E+01,1.491E+01,3.142E+00,8.901E-02,1.064E+00,1.799E+00,1.164E-02,1.115E+01,1.132E+00,-6.874E-01,1.128E+01,7.865E+00,3.142E+00,8.901E-02,1.064E+00,1.799E+00,5.132E-02,5.159E+00
89,0.000E+00,0.000E+00,0.000E+00,5.859E-06,8.789E-06,2.441E-05,2.549E-04,3.142E+00,0.000E+00,0.000E+00,0.000E+00,0.000E+00,0.000E+00,0.000E+00,0.000E+00,0.000E+00,0.000E+00,3.142E+00,0.000E+00,0.000E+00,0.000E+00,0.000E+00,0.000E+00,0.000E+00,0.000E+00,0.000E+00,0.000E+00
