alpha,H,He,Fe,Cr,S,Fe_1,S_1,Cr_2,S_2,amu/ion,phiK_Cr,phiTilt_Cr,phiM_Cr,phiN_Cr,thetaK_Cr,thetaTilt_Cr,thetaM_Cr,thetaN_Cr,energyK_Cr,energyE_Cr,phiK_Fe,phiTilt_Fe,phiM_Fe,phiN_Fe,thetaK_Fe,thetaTilt_Fe,thetaM_Fe,thetaN_Fe,energyK_Fe,energyE_Fe,phiK_S,phiTilt_S,phiM_S,phiN_S,thetaK_S,thetaTilt_S,thetaM_S,thetaN_S,energyK_S,energyE_S
0,0.000E+00,0.000E+00,2.558E-03,0.000E+00,0.000E+00,1.953E-06,2.930E-06,5.521E-03,1.092E-02,7.799E-01,1.825E+00,-1.004E-02,1.397E+00,1.307E+00,3.142E+00,-1.621E-03,2.377E+00,2.354E+00,4.971E-02,4.617E+00,1.770E+00,2.769E-02,1.245E+00,1.692E+00,3.142E+00,-2.252E-03,2.469E+00,2.435E+00,6.495E-02,3.754E+00,1.675E+00,1.202E-02,1.551E+00,1.839E+00,3.142E+00,-5.269E-03,2.664E+00,2.578E+00,1.227E-01,2.634E+00
1,0.000E+00,0.000E+00,2.579E-03,0.000E+00,0.000E+00,1.709E-06,3.296E-06,5.558E-03,1.097E-02,7.848E-01,1.819E+00,-1.920E-02,1.449E+00,1.328E+00,3.142E+00,-1.875E-03,2.387E+00,2.360E+00,4.989E-02,4.606E+00,1.761E+00,1.380E-02,1.313E+00,1.645E+00,3.142E+00,-2.600E-03,2.472E+00,2.432E+00,6.524E-02,3.743E+00,1.668E+00,1.542E-03,1.607E+00,1.815E+00,3.142E+00,-4.874E-03,2.658E+00,2.579E+00,1.229E-01,2.630E+00
2,0.000E+00,0.000E+00,2.600E-03,0.000E+00,0.000E+00,1.465E-06,3.662E-06,5.595E-03,1.103E-02,7.896E-01,1.813E+00,-2.836E-02,1.501E+00,1.349E+00,3.142E+00,-2.129E-03,2.397E+00,2.366E+00,5.008E-02,4.594E+00,1.754E+00,-7.939E-05,1.380E+00,1.599E+00,3.142E+00,-2.948E-03,2.474E+00,2.430E+00,6.553E-02,3.731E+00,1.671E+00,-8.935E-03,1.663E+00,1.790E+00,3.142E+00,-4.479E-03,2.652E+00,2.579E+00,1.231E-01,2.627E+00
3,0.000E+00,0.000E+00,2.621E-03,0.000E+00,0.000E+00,1.221E-06,4.028E-06,5.633E-03,1.108E-02,7.945E-01,1.807E+00,-3.752E-02,1.553E+00,1.371E+00,3.142E+00,-2.383E-03,2.407E+00,2.372E+00,5.026E-02,4.583E+00,1.764E+00,-1.396E-02,1.448E+00,1.552E+00,3.142E+00,-3.296E-03,2.476E+00,2.427E+00,6.582E-02,3.720E+00,1.676E+00,-1.941E-02,1.719E+00,1.765E+00,3.142E+00,-4.084E-03,2.647E+00,2.580E+00,1.233E-01,2.624E+00
4,0.000E+00,0.000E+00,2.632E-03,0.000E+00,0.000E+00,1.099E-06,4.211E-06,5.652E-03,1.111E-02,7.969E-01,1.804E+00,-4.210E-02,1.579E+00,1.381E+00,3.142E+00,-2.510E-03,2.412E+00,2.375E+00,5.035E-02,4.578E+00,1.769E+00,-2.090E-02,1.482E+00,1.529E+00,3.142E+00,-3.470E-03,2.477E+00,2.425E+00,6.597E-02,3.714E+00,1.678E+00,-2.465E-02,1.747E+00,1.753E+00,3.142E+00,-3.886E-03,2.644E+00,2.580E+00,1.234E-01,2.622E+00
5,0.000E+00,0.000E+00,2.642E-03,0.000E+00,0.000E+00,9.766E-07,4.395E-06,5.670E-03,1.114E-02,7.993E-01,1.802E+00,-4.668E-02,1.605E+00,1.392E+00,3.142E+00,-2.637E-03,2.417E+00,2.378E+00,5.044E-02,4.572E+00,1.774E+00,-2.784E-02,1.516E+00,1.506E+00,3.142E+00,-3.644E-03,2.479E+00,2.424E+00,6.611E-02,3.708E+00,1.681E+00,-2.989E-02,1.775E+00,1.741E+00,3.142E+00,-3.689E-03,2.641E+00,2.581E+00,1.235E-01,2.620E+00
6,0.000E+00,0.000E+00,2.663E-03,0.000E+00,0.000E+00,7.324E-07,4.761E-06,5.708E-03,1.119E-02,8.041E-01,1.796E+00,-5.584E-02,1.657E+00,1.413E+00,3.142E+00,-2.891E-03,2.427E+00,2.384E+00,5.062E-02,4.561E+00,1.785E+00,-4.173E-02,1.583E+00,1.460E+00,3.142E+00,-3.992E-03,2.481E+00,2.421E+00,6.641E-02,3.697E+00,1.687E+00,-4.037E-02,1.831E+00,1.716E+00,3.142E+00,-3.294E-03,2.635E+00,2.581E+00,1.237E-01,2.617E+00
7,0.000E+00,0.000E+00,2.684E-03,0.000E+00,0.000E+00,4.883E-07,5.127E-06,5.745E-03,1.124E-02,8.090E-01,1.791E+00,-6.500E-02,1.709E+00,1.435E+00,3.142E+00,-3.145E-03,2.437E+00,2.390E+00,5.080E-02,4.549E+00,1.797E+00,-5.561E-02,1.651E+00,1.413E+00,3.142E+00,-4.340E-03,2.483E+00,2.418E+00,6.670E-02,3.685E+00,1.692E+00,-5.084E-02,1.887E+00,1.691E+00,3.142E+00,-2.898E-03,2.629E+00,2.582E+00,1.239E-01,2.614E+00
8,0.000E+00,0.000E+00,2.705E-03,0.000E+00,0.000E+00,2.441E-07,5.493E-06,5.783E-03,1.130E-02,8.138E-01,1.787E+00,-7.416E-02,1.761E+00,1.456E+00,3.142E+00,-3.399E-03,2.447E+00,2.396E+00,5.098E-02,4.538E+00,1.810E+00,-6.949E-02,1.718E+00,1.367E+00,3.142E+00,-4.688E-03,2.485E+00,2.415E+00,6.699E-02,3.674E+00,1.699E+00,-6.132E-02,1.943E+00,1.667E+00,3.142E+00,-2.503E-03,2.623E+00,2.583E+00,1.241E-01,2.610E+00
9,0.000E+00,0.000E+00,2.716E-03,0.000E+00,0.000E+00,1.221E-07,5.676E-06,5.802E-03,1.132E-02,8.163E-01,1.784E+00,-7.874E-02,1.787E+00,1.467E+00,3.142E+00,-3.527E-03,2.452E+00,2.400E+00,5.107E-02,4.532E+00,1.817E+00,-7.643E-02,1.752E+00,1.344E+00,3.142E+00,-4.862E-03,2.486E+00,2.414E+00,6.713E-02,3.668E+00,1.702E+00,-6.656E-02,1.971E+00,1.654E+00,3.142E+00,-2.306E-03,2.621E+00,2.583E+00,1.242E-01,2.609E+00
10,0.000E+00,0.000E+00,2.727E-03,0.000E+00,0.000E+00,0.000E+00,5.859E-06,5.820E-03,1.135E-02,8.187E-01,1.782E+00,-8.332E-02,1.813E+00,1.477E+00,3.142E+00,-3.654E-03,2.457E+00,2.403E+00,5.116E-02,4.527E+00,1.824E+00,-8.337E-02,1.786E+00,1.320E+00,3.142E+00,-5.036E-03,2.488E+00,2.412E+00,6.728E-02,3.662E+00,1.705E+00,-7.180E-02,1.999E+00,1.642E+00,3.142E+00,-2.108E-03,2.618E+00,2.584E+00,1.243E-01,2.607E+00
11,0.000E+00,0.000E+00,2.769E-03,0.000E+00,0.000E+00,1.221E-07,5.981E-06,5.892E-03,1.149E-02,8.292E-01,1.790E+00,-9.678E-02,1.872E+00,1.458E+00,3.142E+00,-3.439E-03,2.455E+00,2.403E+00,5.073E-02,4.555E+00,1.826E+00,-9.233E-02,1.816E+00,1.328E+00,3.142E+00,-5.290E-03,2.491E+00,2.412E+00,6.710E-02,3.669E+00,1.706E+00,-7.869E-02,2.022E+00,1.657E+00,3.142E+00,-2.456E-03,2.624E+00,2.584E+00,1.243E-01,2.607E+00
12,0.000E+00,0.000E+00,2.811E-03,0.000E+00,0.000E+00,2.441E-07,6.104E-06,5.964E-03,1.163E-02,8.398E-01,1.797E+00,-1.102E-01,1.932E+00,1.439E+00,3.142E+00,-3.224E-03,2.452E+00,2.404E+00,5.029E-02,4.583E+00,1.828E+00,-1.013E-01,1.846E+00,1.335E+00,3.142E+00,-5.544E-03,2.495E+00,2.411E+00,6.693E-02,3.676E+00,1.706E+00,-8.559E-02,2.045E+00,1.671E+00,3.142E+00,-2.803E-03,2.631E+00,2.585E+00,1.242E-01,2.607E+00
13,0.000E+00,0.000E+00,2.854E-03,0.000E+00,0.000E+00,3.662E-07,6.226E-06,6.036E-03,1.177E-02,8.504E-01,1.805E+00,-1.237E-01,1.992E+00,1.420E+00,3.142E+00,-3.010E-03,2.449E+00,2.405E+00,4.985E-02,4.611E+00,1.830E+00,-1.102E-01,1.876E+00,1.343E+00,3.142E+00,-5.797E-03,2.498E+00,2.411E+00,6.676E-02,3.682E+00,1.706E+00,-9.249E-02,2.069E+00,1.686E+00,3.142E+00,-3.150E-03,2.638E+00,2.586E+00,1.242E-01,2.607E+00
14,0.000E+00,0.000E+00,2.875E-03,0.000E+00,0.000E+00,4.272E-07,6.287E-06,6.072E-03,1.184E-02,8.557E-01,1.810E+00,-1.304E-01,2.021E+00,1.411E+00,3.142E+00,-2.903E-03,2.448E+00,2.405E+00,4.963E-02,4.625E+00,1.831E+00,-1.147E-01,1.891E+00,1.346E+00,3.142E+00,-5.924E-03,2.500E+00,2.411E+00,6.667E-02,3.686E+00,1.706E+00,-9.593E-02,2.080E+00,1.693E+00,3.142E+00,-3.324E-03,2.641E+00,2.587E+00,1.242E-01,2.608E+00
15,0.000E+00,0.000E+00,2.896E-03,0.000E+00,0.000E+00,4.883E-07,6.348E-06,6.108E-03,1.191E-02,8.610E-01,1.814E+00,-1.372E-01,2.051E+00,1.401E+00,3.142E+00,-2.795E-03,2.447E+00,2.405E+00,4.941E-02,4.639E+00,1.832E+00,-1.192E-01,1.906E+00,1.350E+00,3.142E+00,-6.051E-03,2.502E+00,2.411E+00,6.659E-02,3.689E+00,1.707E+00,-9.938E-02,2.092E+00,1.701E+00,3.142E+00,-3.497E-03,2.644E+00,2.587E+00,1.242E-01,2.608E+00
16,0.000E+00,0.000E+00,2.938E-03,0.000E+00,0.000E+00,6.104E-07,6.470E-06,6.180E-03,1.204E-02,8.715E-01,1.822E+00,-1.506E-01,2.111E+00,1.382E+00,3.142E+00,-2.581E-03,2.444E+00,2.406E+00,4.898E-02,4.667E+00,1.834E+00,-1.281E-01,1.936E+00,1.357E+00,3.142E+00,-6.305E-03,2.506E+00,2.411E+00,6.642E-02,3.696E+00,1.707E+00,-1.063E-01,2.115E+00,1.715E+00,3.142E+00,-3.845E-03,2.651E+00,2.588E+00,1.242E-01,2.608E+00
17,0.000E+00,0.000E+00,2.981E-03,0.000E+00,0.000E+00,7.324E-07,6.592E-06,6.252E-03,1.218E-02,8.821E-01,1.831E+00,-1.641E-01,2.170E+00,1.363E+00,3.142E+00,-2.366E-03,2.442E+00,2.406E+00,4.854E-02,4.695E+00,1.836E+00,-1.371E-01,1.966E+00,1.365E+00,3.142E+00,-6.559E-03,2.509E+00,2.410E+00,6.625E-02,3.702E+00,1.707E+00,-1.132E-01,2.138E+00,1.730E+00,3.142E+00,-4.192E-03,2.658E+00,2.589E+00,1.242E-01,2.608E+00
18,0.000E+00,0.000E+00,3.023E-03,0.000E+00,0.000E+00,8.545E-07,6.714E-06,6.324E-03,1.232E-02,8.927E-01,1.840E+00,-1.775E-01,2.230E+00,1.344E+00,3.142E+00,-2.152E-03,2.439E+00,2.407E+00,4.810E-02,4.724E+00,1.838E+00,-1.460E-01,1.996E+00,1.372E+00,3.142E+00,-6.813E-03,2.513E+00,2.410E+00,6.607E-02,3.709E+00,1.708E+00,-1.201E-01,2.161E+00,1.745E+00,3.142E+00,-4.539E-03,2.664E+00,2.590E+00,1.242E-01,2.608E+00
19,0.000E+00,0.000E+00,3.044E-03,0.000E+00,0.000E+00,9.155E-07,6.775E-06,6.360E-03,1.239E-02,8.980E-01,1.845E+00,-1.843E-01,2.260E+00,1.335E+00,3.142E+00,-2.045E-03,2.438E+00,2.407E+00,4.788E-02,4.738E+00,1.839E+00,-1.505E-01,2.011E+00,1.376E+00,3.142E+00,-6.940E-03,2.515E+00,2.410E+00,6.599E-02,3.713E+00,1.708E+00,-1.235E-01,2.173E+00,1.752E+00,3.142E+00,-4.713E-03,2.668E+00,2.590E+00,1.242E-01,2.608E+00
20,0.000E+00,0.000E+00,3.065E-03,0.000E+00,0.000E+00,9.766E-07,6.836E-06,6.396E-03,1.246E-02,9.032E-01,1.849E+00,-1.910E-01,2.290E+00,1.325E+00,3.142E+00,-1.937E-03,2.436E+00,2.408E+00,4.767E-02,4.752E+00,1.840E+00,-1.550E-01,2.026E+00,1.380E+00,3.142E+00,-7.067E-03,2.517E+00,2.410E+00,6.590E-02,3.716E+00,1.708E+00,-1.270E-01,2.184E+00,1.759E+00,3.142E+00,-4.886E-03,2.671E+00,2.591E+00,1.242E-01,2.608E+00
21,0.000E+00,0.000E+00,3.155E-03,0.000E+00,0.000E+00,1.221E-06,6.714E-06,6.552E-03,1.276E-02,9.259E-01,1.845E+00,-2.037E-01,2.408E+00,1.326E+00,3.142E+00,-2.157E-03,2.437E+00,2.405E+00,4.765E-02,4.753E+00,1.835E+00,-1.584E-01,2.028E+00,1.409E+00,3.142E+00,-6.543E-03,2.493E+00,2.394E+00,6.594E-02,3.714E+00,1.707E+00,-1.328E-01,2.204E+00,1.780E+00,3.142E+00,-4.574E-03,2.668E+00,2.593E+00,1.237E-01,2.617E+00
22,0.000E+00,0.000E+00,3.244E-03,0.000E+00,0.000E+00,1.465E-06,6.592E-06,6.708E-03,1.305E-02,9.486E-01,1.842E+00,-2.164E-01,2.526E+00,1.327E+00,3.142E+00,-2.377E-03,2.438E+00,2.403E+00,4.763E-02,4.754E+00,1.831E+00,-1.618E-01,2.029E+00,1.438E+00,3.142E+00,-6.019E-03,2.469E+00,2.379E+00,6.597E-02,3.713E+00,1.705E+00,-1.387E-01,2.225E+00,1.801E+00,3.142E+00,-4.261E-03,2.665E+00,2.595E+00,1.231E-01,2.627E+00
23,0.000E+00,0.000E+00,3.333E-03,0.000E+00,0.000E+00,1.709E-06,6.470E-06,6.864E-03,1.335E-02,9.713E-01,1.839E+00,-2.291E-01,2.645E+00,1.328E+00,3.142E+00,-2.597E-03,2.439E+00,2.400E+00,4.761E-02,4.755E+00,1.827E+00,-1.652E-01,2.031E+00,1.468E+00,3.142E+00,-5.495E-03,2.445E+00,2.363E+00,6.601E-02,3.712E+00,1.704E+00,-1.446E-01,2.245E+00,1.822E+00,3.142E+00,-3.948E-03,2.662E+00,2.597E+00,1.226E-01,2.636E+00
24,0.000E+00,0.000E+00,3.377E-03,0.000E+00,0.000E+00,1.831E-06,6.409E-06,6.942E-03,1.350E-02,9.826E-01,1.838E+00,-2.354E-01,2.704E+00,1.328E+00,3.142E+00,-2.707E-03,2.439E+00,2.399E+00,4.760E-02,4.756E+00,1.825E+00,-1.669E-01,2.032E+00,1.482E+00,3.142E+00,-5.233E-03,2.433E+00,2.356E+00,6.603E-02,3.711E+00,1.703E+00,-1.475E-01,2.255E+00,1.833E+00,3.142E+00,-3.792E-03,2.660E+00,2.598E+00,1.224E-01,2.640E+00
25,0.000E+00,0.000E+00,3.422E-03,0.000E+00,0.000E+00,1.953E-06,6.348E-06,7.021E-03,1.365E-02,9.939E-01,1.837E+00,-2.418E-01,2.763E+00,1.328E+00,3.142E+00,-2.817E-03,2.439E+00,2.398E+00,4.759E-02,4.756E+00,1.823E+00,-1.686E-01,2.033E+00,1.497E+00,3.142E+00,-4.971E-03,2.421E+00,2.348E+00,6.604E-02,3.710E+00,1.703E+00,-1.505E-01,2.265E+00,1.843E+00,3.142E+00,-3.636E-03,2.659E+00,2.599E+00,1.221E-01,2.645E+00
26,0.000E+00,0.000E+00,3.511E-03,0.000E+00,0.000E+00,2.197E-06,6.226E-06,7.177E-03,1.394E-02,1.017E+00,1.836E+00,-2.545E-01,2.882E+00,1.329E+00,3.142E+00,-3.037E-03,2.440E+00,2.395E+00,4.758E-02,4.758E+00,1.819E+00,-1.720E-01,2.035E+00,1.526E+00,3.142E+00,-4.447E-03,2.397E+00,2.332E+00,6.608E-02,3.709E+00,1.701E+00,-1.564E-01,2.285E+00,1.864E+00,3.142E+00,-3.323E-03,2.656E+00,2.601E+00,1.216E-01,2.654E+00
27,0.000E+00,0.000E+00,3.600E-03,0.000E+00,0.000E+00,2.441E-06,6.104E-06,7.333E-03,1.424E-02,1.039E+00,1.835E+00,-2.672E-01,3.000E+00,1.330E+00,3.142E+00,-3.257E-03,2.441E+00,2.392E+00,4.756E-02,4.759E+00,1.815E+00,-1.754E-01,2.036E+00,1.556E+00,3.142E+00,-3.923E-03,2.374E+00,2.317E+00,6.612E-02,3.707E+00,1.700E+00,-1.622E-01,2.305E+00,1.885E+00,3.142E+00,-3.011E-03,2.653E+00,2.603E+00,1.210E-01,2.663E+00
28,0.000E+00,0.000E+00,3.689E-03,0.000E+00,0.000E+00,2.686E-06,5.981E-06,7.489E-03,1.453E-02,1.062E+00,1.834E+00,-2.799E-01,3.119E+00,1.331E+00,3.142E+00,-3.477E-03,2.441E+00,2.390E+00,4.754E-02,4.760E+00,1.812E+00,-1.788E-01,2.038E+00,1.585E+00,3.142E+00,-3.399E-03,2.350E+00,2.301E+00,6.615E-02,3.706E+00,1.699E+00,-1.681E-01,2.325E+00,1.906E+00,3.142E+00,-2.698E-03,2.650E+00,2.606E+00,1.205E-01,2.672E+00
29,0.000E+00,0.000E+00,3.734E-03,0.000E+00,0.000E+00,2.808E-06,5.920E-06,7.567E-03,1.468E-02,1.073E+00,1.834E+00,-2.863E-01,3.178E+00,1.331E+00,3.142E+00,-3.587E-03,2.442E+00,2.389E+00,4.753E-02,4.761E+00,1.810E+00,-1.805E-01,2.039E+00,1.600E+00,3.142E+00,-3.137E-03,2.338E+00,2.294E+00,6.617E-02,3.705E+00,1.698E+00,-1.710E-01,2.336E+00,1.916E+00,3.142E+00,-2.542E-03,2.648E+00,2.607E+00,1.203E-01,2.677E+00
30,0.000E+00,0.000E+00,3.778E-03,0.000E+00,0.000E+00,2.930E-06,5.859E-06,7.646E-03,1.483E-02,1.085E+00,1.834E+00,-2.926E-01,3.237E+00,1.332E+00,3.142E+00,-3.697E-03,2.442E+00,2.387E+00,4.752E-02,4.761E+00,1.808E+00,-1.822E-01,2.040E+00,1.614E+00,3.142E+00,-2.875E-03,2.326E+00,2.286E+00,6.619E-02,3.705E+00,1.698E+00,-1.740E-01,2.346E+00,1.927E+00,3.142E+00,-2.385E-03,2.647E+00,2.608E+00,1.200E-01,2.682E+00
31,0.000E+00,0.000E+00,3.994E-03,0.000E+00,0.000E+00,3.296E-06,5.737E-06,8.113E-03,1.575E-02,1.151E+00,1.832E+00,-3.046E-01,3.263E+00,1.365E+00,3.142E+00,-3.356E-03,2.438E+00,2.389E+00,4.759E-02,4.757E+00,1.794E+00,-2.113E-01,2.319E+00,1.613E+00,3.142E+00,-2.449E-03,2.328E+00,2.294E+00,6.614E-02,3.706E+00,1.698E+00,-1.942E-01,2.525E+00,1.897E+00,3.142E+00,-2.436E-03,2.653E+00,2.612E+00,1.198E-01,2.685E+00
32,0.000E+00,0.000E+00,4.102E-03,0.000E+00,0.000E+00,3.479E-06,5.676E-06,8.347E-03,1.622E-02,1.184E+00,1.832E+00,-3.106E-01,3.276E+00,1.381E+00,3.142E+00,-3.185E-03,2.437E+00,2.389E+00,4.763E-02,4.754E+00,1.789E+00,-2.259E-01,2.458E+00,1.613E+00,3.142E+00,-2.236E-03,2.330E+00,2.298E+00,6.612E-02,3.707E+00,1.698E+00,-2.042E-01,2.614E+00,1.882E+00,3.142E+00,-2.462E-03,2.655E+00,2.615E+00,1.197E-01,2.687E+00
33,0.000E+00,0.000E+00,4.209E-03,0.000E+00,0.000E+00,3.662E-06,5.615E-06,8.581E-03,1.668E-02,1.217E+00,1.831E+00,-3.165E-01,3.289E+00,1.398E+00,3.142E+00,-3.015E-03,2.435E+00,2.390E+00,4.767E-02,4.752E+00,1.785E+00,-2.404E-01,2.598E+00,1.613E+00,3.142E+00,-2.022E-03,2.331E+00,2.303E+00,6.609E-02,3.708E+00,1.700E+00,-2.143E-01,2.704E+00,1.867E+00,3.142E+00,-2.487E-03,2.658E+00,2.617E+00,1.196E-01,2.689E+00
34,0.000E+00,0.000E+00,4.317E-03,0.000E+00,0.000E+00,3.845E-06,5.554E-06,8.815E-03,1.714E-02,1.250E+00,1.830E+00,-3.225E-01,3.302E+00,1.414E+00,3.142E+00,-2.844E-03,2.433E+00,2.391E+00,4.770E-02,4.749E+00,1.781E+00,-2.550E-01,2.737E+00,1.612E+00,3.142E+00,-1.809E-03,2.332E+00,2.307E+00,6.607E-02,3.709E+00,1.701E+00,-2.244E-01,2.793E+00,1.852E+00,3.142E+00,-2.512E-03,2.661E+00,2.619E+00,1.195E-01,2.691E+00
35,0.000E+00,0.000E+00,4.425E-03,0.000E+00,0.000E+00,4.028E-06,5.493E-06,9.049E-03,1.760E-02,1.283E+00,1.829E+00,-3.285E-01,3.315E+00,1.431E+00,3.142E+00,-2.674E-03,2.431E+00,2.392E+00,4.774E-02,4.747E+00,1.779E+00,-2.696E-01,2.877E+00,1.612E+00,3.142E+00,-1.596E-03,2.333E+00,2.311E+00,6.605E-02,3.710E+00,1.703E+00,-2.345E-01,2.883E+00,1.837E+00,3.142E+00,-2.538E-03,2.664E+00,2.622E+00,1.194E-01,2.693E+00
36,0.000E+00,0.000E+00,4.532E-03,0.000E+00,0.000E+00,4.211E-06,5.432E-06,9.283E-03,1.807E-02,1.316E+00,1.828E+00,-3.345E-01,3.328E+00,1.447E+00,3.142E+00,-2.503E-03,2.429E+00,2.392E+00,4.777E-02,4.745E+00,1.777E+00,-2.841E-01,3.016E+00,1.611E+00,3.142E+00,-1.383E-03,2.334E+00,2.315E+00,6.602E-02,3.711E+00,1.705E+00,-2.446E-01,2.973E+00,1.823E+00,3.142E+00,-2.563E-03,2.667E+00,2.624E+00,1.193E-01,2.695E+00
37,0.000E+00,0.000E+00,4.640E-03,0.000E+00,0.000E+00,4.395E-06,5.371E-06,9.517E-03,1.853E-02,1.349E+00,1.828E+00,-3.405E-01,3.342E+00,1.464E+00,3.142E+00,-2.333E-03,2.427E+00,2.393E+00,4.781E-02,4.742E+00,1.776E+00,-2.987E-01,3.156E+00,1.611E+00,3.142E+00,-1.169E-03,2.335E+00,2.319E+00,6.600E-02,3.712E+00,1.707E+00,-2.547E-01,3.062E+00,1.808E+00,3.142E+00,-2.589E-03,2.669E+00,2.626E+00,1.192E-01,2.696E+00
38,0.000E+00,0.000E+00,4.748E-03,0.000E+00,0.000E+00,4.578E-06,5.310E-06,9.751E-03,1.899E-02,1.382E+00,1.827E+00,-3.464E-01,3.355E+00,1.480E+00,3.142E+00,-2.162E-03,2.426E+00,2.394E+00,4.784E-02,4.740E+00,1.775E+00,-3.133E-01,3.295E+00,1.611E+00,3.142E+00,-9.562E-04,2.337E+00,2.323E+00,6.598E-02,3.713E+00,1.710E+00,-2.647E-01,3.152E+00,1.793E+00,3.142E+00,-2.614E-03,2.672E+00,2.629E+00,1.191E-01,2.698E+00
39,0.000E+00,0.000E+00,4.856E-03,0.000E+00,0.000E+00,4.761E-06,5.249E-06,9.985E-03,1.945E-02,1.415E+00,1.826E+00,-3.524E-01,3.368E+00,1.497E+00,3.142E+00,-1.992E-03,2.424E+00,2.394E+00,4.788E-02,4.737E+00,1.774E+00,-3.279E-01,3.435E+00,1.610E+00,3.142E+00,-7.429E-04,2.338E+00,2.328E+00,6.595E-02,3.714E+00,1.713E+00,-2.748E-01,3.241E+00,1.778E+00,3.142E+00,-2.640E-03,2.675E+00,2.631E+00,1.190E-01,2.700E+00
40,0.000E+00,0.000E+00,4.963E-03,0.000E+00,0.000E+00,4.944E-06,5.188E-06,1.022E-02,1.992E-02,1.448E+00,1.825E+00,-3.584E-01,3.381E+00,1.514E+00,3.142E+00,-1.821E-03,2.422E+00,2.395E+00,4.791E-02,4.735E+00,1.775E+00,-3.424E-01,3.574E+00,1.610E+00,3.142E+00,-5.297E-04,2.339E+00,2.332E+00,6.593E-02,3.715E+00,1.716E+00,-2.849E-01,3.331E+00,1.763E+00,3.142E+00,-2.665E-03,2.678E+00,2.633E+00,1.189E-01,2.702E+00
41,0.000E+00,0.000E+00,5.071E-03,0.000E+00,0.000E+00,5.127E-06,5.127E-06,1.045E-02,2.038E-02,1.481E+00,1.824E+00,-3.644E-01,3.394E+00,1.530E+00,3.142E+00,-1.651E-03,2.420E+00,2.396E+00,4.795E-02,4.733E+00,1.775E+00,-3.570E-01,3.714E+00,1.609E+00,3.142E+00,-3.165E-04,2.340E+00,2.336E+00,6.591E-02,3.716E+00,1.720E+00,-2.950E-01,3.420E+00,1.748E+00,3.142E+00,-2.691E-03,2.680E+00,2.636E+00,1.188E-01,2.704E+00
42,0.000E+00,0.000E+00,5.179E-03,0.000E+00,0.000E+00,5.310E-06,5.066E-06,1.069E-02,2.084E-02,1.514E+00,1.823E+00,-3.704E-01,3.407E+00,1.547E+00,3.142E+00,-1.480E-03,2.418E+00,2.396E+00,4.798E-02,4.730E+00,1.776E+00,-3.716E-01,3.853E+00,1.609E+00,3.142E+00,-1.033E-04,2.341E+00,2.340E+00,6.588E-02,3.717E+00,1.723E+00,-3.051E-01,3.510E+00,1.733E+00,3.142E+00,-2.716E-03,2.683E+00,2.638E+00,1.187E-01,2.706E+00
43,0.000E+00,0.000E+00,5.286E-03,0.000E+00,0.000E+00,5.493E-06,5.005E-06,1.092E-02,2.131E-02,1.547E+00,1.822E+00,-3.763E-01,3.420E+00,1.563E+00,3.142E+00,-1.310E-03,2.416E+00,2.397E+00,4.802E-02,4.728E+00,1.777E+00,-3.861E-01,3.993E+00,1.609E+00,3.142E+00,1.100E-04,2.343E+00,2.344E+00,6.586E-02,3.718E+00,1.727E+00,-3.152E-01,3.600E+00,1.719E+00,3.142E+00,-2.741E-03,2.686E+00,2.640E+00,1.186E-01,2.708E+00
44,0.000E+00,0.000E+00,5.394E-03,0.000E+00,0.000E+00,5.676E-06,4.944E-06,1.115E-02,2.177E-02,1.580E+00,1.821E+00,-3.823E-01,3.433E+00,1.580E+00,3.142E+00,-1.139E-03,2.415E+00,2.398E+00,4.805E-02,4.725E+00,1.779E+00,-4.007E-01,4.133E+00,1.608E+00,3.142E+00,3.232E-04,2.344E+00,2.349E+00,6.584E-02,3.719E+00,1.731E+00,-3.252E-01,3.689E+00,1.704E+00,3.142E+00,-2.767E-03,2.689E+00,2.643E+00,1.185E-01,2.709E+00
45,0.000E+00,0.000E+00,5.502E-03,0.000E+00,0.000E+00,5.859E-06,4.883E-06,1.139E-02,2.223E-02,1.613E+00,1.821E+00,-3.883E-01,3.446E+00,1.596E+00,3.142E+00,-9.689E-04,2.413E+00,2.399E+00,4.809E-02,4.723E+00,1.780E+00,-4.153E-01,4.272E+00,1.608E+00,3.142E+00,5.364E-04,2.345E+00,2.353E+00,6.581E-02,3.719E+00,1.736E+00,-3.353E-01,3.779E+00,1.689E+00,3.142E+00,-2.792E-03,2.692E+00,2.645E+00,1.184E-01,2.711E+00
46,0.000E+00,0.000E+00,5.797E-03,0.000E+00,4.883E-07,5.371E-06,1.025E-05,1.199E-02,2.346E-02,1.700E+00,1.815E+00,-4.170E-01,3.946E+00,1.557E+00,3.142E+00,4.470E-06,2.377E+00,2.377E+00,4.694E-02,4.803E+00,1.779E+00,-4.736E-01,5.499E+00,1.521E+00,3.142E+00,-1.993E-03,2.430E+00,2.400E+00,6.337E-02,3.823E+00,1.720E+00,-3.598E-01,4.117E+00,1.737E+00,3.142E+00,-4.208E-03,2.714E+00,2.643E+00,1.171E-01,2.736E+00
47,0.000E+00,0.000E+00,5.945E-03,0.000E+00,7.324E-07,5.127E-06,1.294E-05,1.229E-02,2.408E-02,1.743E+00,1.814E+00,-4.314E-01,4.196E+00,1.538E+00,3.142E+00,4.911E-04,2.360E+00,2.366E+00,4.636E-02,4.843E+00,1.785E+00,-5.027E-01,6.112E+00,1.478E+00,3.142E+00,-3.258E-03,2.473E+00,2.423E+00,6.214E-02,3.875E+00,1.713E+00,-3.720E-01,4.287E+00,1.761E+00,3.142E+00,-4.915E-03,2.725E+00,2.642E+00,1.164E-01,2.748E+00
48,0.000E+00,0.000E+00,6.093E-03,0.000E+00,9.766E-07,4.883E-06,1.563E-05,1.259E-02,2.469E-02,1.787E+00,1.814E+00,-4.458E-01,4.446E+00,1.518E+00,3.142E+00,9.778E-04,2.342E+00,2.356E+00,4.578E-02,4.883E+00,1.795E+00,-5.319E-01,6.725E+00,1.435E+00,3.142E+00,-4.523E-03,2.516E+00,2.446E+00,6.092E-02,3.927E+00,1.706E+00,-3.842E-01,4.456E+00,1.785E+00,3.142E+00,-5.623E-03,2.736E+00,2.641E+00,1.158E-01,2.760E+00
49,0.000E+00,0.000E+00,6.392E-03,0.000E+00,9.766E-07,6.348E-06,1.367E-05,1.321E-02,2.602E-02,1.879E+00,1.817E+00,-5.232E-01,5.996E+00,1.434E+00,3.142E+00,-1.728E-03,2.441E+00,2.414E+00,4.556E-02,4.900E+00,1.770E+00,-5.357E-01,6.484E+00,1.566E+00,3.142E+00,-3.557E-03,2.513E+00,2.458E+00,6.134E-02,3.908E+00,1.711E+00,-3.926E-01,4.525E+00,1.771E+00,3.142E+00,-4.125E-03,2.691E+00,2.622E+00,1.150E-01,2.775E+00
50,0.000E+00,0.000E+00,6.541E-03,0.000E+00,9.766E-07,7.080E-06,1.270E-05,1.352E-02,2.668E-02,1.925E+00,1.827E+00,-5.619E-01,6.771E+00,1.392E+00,3.142E+00,-3.081E-03,2.491E+00,2.443E+00,4.545E-02,4.908E+00,1.759E+00,-5.376E-01,6.364E+00,1.631E+00,3.142E+00,-3.073E-03,2.511E+00,2.464E+00,6.155E-02,3.899E+00,1.714E+00,-3.968E-01,4.560E+00,1.764E+00,3.142E+00,-3.376E-03,2.668E+00,2.612E+00,1.146E-01,2.782E+00
51,0.000E+00,0.000E+00,6.690E-03,0.000E+00,9.766E-07,7.813E-06,1.172E-05,1.383E-02,2.735E-02,1.971E+00,1.842E+00,-6.006E-01,7.546E+00,1.349E+00,3.142E+00,-4.434E-03,2.541E+00,2.473E+00,4.534E-02,4.916E+00,1.748E+00,-5.396E-01,6.244E+00,1.697E+00,3.142E+00,-2.590E-03,2.510E+00,2.470E+00,6.176E-02,3.890E+00,1.717E+00,-4.010E-01,4.594E+00,1.757E+00,3.142E+00,-2.627E-03,2.646E+00,2.603E+00,1.142E-01,2.790E+00
52,0.000E+00,0.000E+00,7.071E-03,0.000E+00,9.766E-07,8.301E-06,1.465E-05,1.448E-02,2.869E-02,2.069E+00,1.820E+00,-6.164E-01,8.006E+00,1.411E+00,3.142E+00,-4.322E-03,2.517E+00,2.451E+00,4.455E-02,4.976E+00,1.761E+00,-5.908E-01,7.903E+00,1.566E+00,3.142E+00,1.440E-03,2.384E+00,2.402E+00,6.235E-02,3.864E+00,1.710E+00,-3.976E-01,4.429E+00,1.820E+00,3.142E+00,-3.793E-03,2.681E+00,2.618E+00,1.134E-01,2.806E+00
53,0.000E+00,0.000E+00,7.261E-03,0.000E+00,9.766E-07,8.545E-06,1.611E-05,1.480E-02,2.936E-02,2.118E+00,1.809E+00,-6.243E-01,8.236E+00,1.441E+00,3.142E+00,-4.266E-03,2.505E+00,2.440E+00,4.415E-02,5.005E+00,1.774E+00,-6.165E-01,8.733E+00,1.500E+00,3.142E+00,3.454E-03,2.321E+00,2.368E+00,6.264E-02,3.851E+00,1.707E+00,-3.958E-01,4.346E+00,1.851E+00,3.142E+00,-4.376E-03,2.699E+00,2.625E+00,1.130E-01,2.814E+00
54,0.000E+00,0.000E+00,7.451E-03,0.000E+00,9.766E-07,8.789E-06,1.758E-05,1.512E-02,3.003E-02,2.167E+00,1.799E+00,-6.322E-01,8.466E+00,1.472E+00,3.142E+00,-4.209E-03,2.493E+00,2.429E+00,4.375E-02,5.035E+00,1.791E+00,-6.421E-01,9.562E+00,1.435E+00,3.142E+00,5.469E-03,2.258E+00,2.334E+00,6.294E-02,3.838E+00,1.705E+00,-3.941E-01,4.264E+00,1.883E+00,3.142E+00,-4.959E-03,2.716E+00,2.633E+00,1.126E-01,2.822E+00
55,0.000E+00,0.000E+00,7.848E-03,0.000E+00,9.766E-07,8.301E-06,1.660E-05,1.623E-02,3.191E-02,2.307E+00,1.766E+00,-6.479E-01,8.970E+00,1.580E+00,3.142E+00,-3.986E-03,2.495E+00,2.435E+00,4.354E-02,5.051E+00,1.743E+00,-5.699E-01,7.259E+00,1.655E+00,3.142E+00,7.345E-04,2.408E+00,2.415E+00,6.252E-02,3.857E+00,1.685E+00,-4.018E-01,4.486E+00,1.940E+00,3.142E+00,-4.997E-03,2.727E+00,2.643E+00,1.121E-01,2.832E+00
56,0.000E+00,0.000E+00,8.047E-03,0.000E+00,9.766E-07,8.057E-06,1.611E-05,1.678E-02,3.285E-02,2.377E+00,1.750E+00,-6.557E-01,9.222E+00,1.635E+00,3.142E+00,-3.874E-03,2.496E+00,2.438E+00,4.344E-02,5.060E+00,1.733E+00,-5.338E-01,6.107E+00,1.765E+00,3.142E+00,-1.633E-03,2.484E+00,2.456E+00,6.231E-02,3.866E+00,1.676E+00,-4.057E-01,4.597E+00,1.969E+00,3.142E+00,-5.016E-03,2.733E+00,2.648E+00,1.119E-01,2.837E+00
57,0.000E+00,0.000E+00,8.245E-03,0.000E+00,9.766E-07,7.813E-06,1.563E-05,1.733E-02,3.379E-02,2.448E+00,1.734E+00,-6.636E-01,9.475E+00,1.689E+00,3.142E+00,-3.762E-03,2.497E+00,2.440E+00,4.333E-02,5.068E+00,1.736E+00,-4.977E-01,4.955E+00,1.875E+00,3.142E+00,-4.000E-03,2.559E+00,2.497E+00,6.210E-02,3.875E+00,1.667E+00,-4.095E-01,4.708E+00,1.997E+00,3.142E+00,-5.035E-03,2.739E+00,2.653E+00,1.116E-01,2.842E+00
58,0.000E+00,0.000E+00,8.733E-03,0.000E+00,4.883E-07,8.789E-06,2.246E-05,1.831E-02,3.591E-02,2.593E+00,1.713E+00,-6.562E-01,9.178E+00,1.785E+00,3.142E+00,-3.993E-03,2.542E+00,2.481E+00,4.337E-02,5.065E+00,1.700E+00,-6.027E-01,9.198E+00,1.699E+00,3.142E+00,-4.821E-03,2.566E+00,2.491E+00,5.971E-02,3.986E+00,1.651E+00,-4.055E-01,4.579E+00,2.107E+00,3.142E+00,-4.459E-03,2.721E+00,2.646E+00,1.098E-01,2.880E+00
59,0.000E+00,0.000E+00,8.978E-03,0.000E+00,2.441E-07,9.277E-06,2.588E-05,1.881E-02,3.697E-02,2.666E+00,1.702E+00,-6.525E-01,9.029E+00,1.832E+00,3.142E+00,-4.108E-03,2.565E+00,2.501E+00,4.339E-02,5.064E+00,1.713E+00,-6.552E-01,1.132E+01,1.610E+00,3.142E+00,-5.231E-03,2.570E+00,2.488E+00,5.852E-02,4.041E+00,1.644E+00,-4.035E-01,4.515E+00,2.162E+00,3.142E+00,-4.170E-03,2.712E+00,2.642E+00,1.089E-01,2.899E+00
60,0.000E+00,0.000E+00,9.222E-03,0.000E+00,0.000E+00,9.766E-06,2.930E-05,1.930E-02,3.803E-02,2.739E+00,1.693E+00,-6.488E-01,8.881E+00,1.880E+00,3.142E+00,-4.224E-03,2.588E+00,2.521E+00,4.341E-02,5.062E+00,1.737E+00,-7.077E-01,1.344E+01,1.522E+00,3.142E+00,-5.641E-03,2.573E+00,2.485E+00,5.733E-02,4.096E+00,1.637E+00,-4.015E-01,4.450E+00,2.216E+00,3.142E+00,-3.882E-03,2.704E+00,2.639E+00,1.080E-01,2.918E+00
61,0.000E+00,0.000E+00,9.852E-03,0.000E+00,9.766E-07,1.953E-05,3.955E-05,2.067E-02,4.056E-02,2.927E+00,1.681E+00,-6.449E-01,8.791E+00,1.932E+00,3.142E+00,-5.225E-04,2.498E+00,2.489E+00,4.405E-02,5.013E+00,1.678E+00,-6.692E-01,1.126E+01,1.786E+00,3.142E+00,-5.003E-03,2.568E+00,2.490E+00,5.746E-02,4.090E+00,1.631E+00,-4.447E-01,5.491E+00,2.105E+00,3.142E+00,-2.809E-03,2.661E+00,2.614E+00,1.074E-01,2.931E+00
62,0.000E+00,0.000E+00,1.017E-02,0.000E+00,1.465E-06,2.441E-05,4.468E-05,2.135E-02,4.183E-02,3.021E+00,1.675E+00,-6.430E-01,8.747E+00,1.958E+00,3.142E+00,1.328E-03,2.453E+00,2.472E+00,4.438E-02,4.988E+00,1.656E+00,-6.499E-01,1.017E+01,1.918E+00,3.142E+00,-4.684E-03,2.565E+00,2.492E+00,5.752E-02,4.087E+00,1.633E+00,-4.662E-01,6.012E+00,2.049E+00,3.142E+00,-2.273E-03,2.640E+00,2.602E+00,1.071E-01,2.938E+00
63,0.000E+00,0.000E+00,1.048E-02,0.000E+00,1.953E-06,2.930E-05,4.980E-05,2.203E-02,4.310E-02,3.115E+00,1.669E+00,-6.410E-01,8.702E+00,1.985E+00,3.142E+00,3.179E-03,2.409E+00,2.456E+00,4.470E-02,4.963E+00,1.640E+00,-6.306E-01,9.075E+00,2.050E+00,3.142E+00,-4.365E-03,2.563E+00,2.494E+00,5.758E-02,4.084E+00,1.637E+00,-4.878E-01,6.532E+00,1.994E+00,3.142E+00,-1.736E-03,2.618E+00,2.590E+00,1.068E-01,2.944E+00
64,0.000E+00,0.000E+00,1.130E-02,0.000E+00,2.441E-06,4.688E-05,8.398E-05,2.369E-02,4.628E-02,3.351E+00,1.659E+00,-6.498E-01,8.573E+00,2.069E+00,3.142E+00,-5.259E-04,2.484E+00,2.474E+00,4.352E-02,5.055E+00,1.634E+00,-6.932E-01,1.183E+01,1.995E+00,3.142E+00,-3.869E-03,2.523E+00,2.463E+00,5.639E-02,4.145E+00,1.620E+00,-5.017E-01,6.939E+00,2.057E+00,3.142E+00,-2.179E-03,2.613E+00,2.577E+00,1.064E-01,2.952E+00
65,0.000E+00,0.000E+00,1.171E-02,0.000E+00,2.686E-06,5.566E-05,1.011E-04,2.452E-02,4.788E-02,3.470E+00,1.655E+00,-6.541E-01,8.509E+00,2.111E+00,3.142E+00,-2.378E-03,2.521E+00,2.483E+00,4.293E-02,5.101E+00,1.636E+00,-7.245E-01,1.320E+01,1.967E+00,3.142E+00,-3.621E-03,2.502E+00,2.447E+00,5.579E-02,4.175E+00,1.611E+00,-5.087E-01,7.143E+00,2.088E+00,3.142E+00,-2.400E-03,2.610E+00,2.571E+00,1.062E-01,2.956E+00
66,0.000E+00,0.000E+00,1.212E-02,0.000E+00,2.930E-06,6.445E-05,1.182E-04,2.534E-02,4.947E-02,3.588E+00,1.650E+00,-6.585E-01,8.444E+00,2.154E+00,3.142E+00,-4.230E-03,2.558E+00,2.492E+00,4.234E-02,5.147E+00,1.642E+00,-7.558E-01,1.458E+01,1.939E+00,3.142E+00,-3.373E-03,2.482E+00,2.432E+00,5.520E-02,4.205E+00,1.603E+00,-5.157E-01,7.347E+00,2.120E+00,3.142E+00,-2.622E-03,2.607E+00,2.565E+00,1.061E-01,2.960E+00
67,0.000E+00,0.000E+00,1.307E-02,0.000E+00,2.441E-06,1.152E-04,1.948E-04,2.722E-02,5.328E-02,3.865E+00,1.634E+00,-6.689E-01,8.687E+00,2.237E+00,3.142E+00,-4.927E-03,2.570E+00,2.492E+00,4.089E-02,5.271E+00,1.617E+00,-7.416E-01,1.332E+01,2.094E+00,3.142E+00,-5.655E-03,2.613E+00,2.521E+00,5.430E-02,4.254E+00,1.591E+00,-5.532E-01,8.988E+00,2.064E+00,3.142E+00,-1.535E-03,2.598E+00,2.573E+00,1.058E-01,2.967E+00
68,0.000E+00,0.000E+00,1.354E-02,0.000E+00,2.197E-06,1.406E-04,2.332E-04,2.816E-02,5.518E-02,4.004E+00,1.626E+00,-6.740E-01,8.808E+00,2.278E+00,3.142E+00,-5.275E-03,2.575E+00,2.492E+00,4.017E-02,5.334E+00,1.606E+00,-7.345E-01,1.269E+01,2.171E+00,3.142E+00,-6.797E-03,2.678E+00,2.565E+00,5.385E-02,4.278E+00,1.589E+00,-5.720E-01,9.809E+00,2.036E+00,3.142E+00,-9.914E-04,2.594E+00,2.578E+00,1.056E-01,2.970E+00
69,0.000E+00,0.000E+00,1.401E-02,0.000E+00,1.953E-06,1.660E-04,2.715E-04,2.910E-02,5.709E-02,4.143E+00,1.618E+00,-6.792E-01,8.929E+00,2.319E+00,3.142E+00,-5.623E-03,2.581E+00,2.492E+00,3.944E-02,5.396E+00,1.597E+00,-7.274E-01,1.206E+01,2.248E+00,3.142E+00,-7.938E-03,2.743E+00,2.610E+00,5.340E-02,4.302E+00,1.589E+00,-5.907E-01,1.063E+01,2.008E+00,3.142E+00,-4.480E-04,2.589E+00,2.582E+00,1.054E-01,2.974E+00
70,0.000E+00,0.000E+00,1.499E-02,0.000E+00,3.418E-06,2.271E-04,4.141E-04,3.134E-02,6.119E-02,4.454E+00,1.582E+00,-7.160E-01,1.084E+01,2.406E+00,3.142E+00,-5.955E-03,2.629E+00,2.533E+00,3.844E-02,5.490E+00,1.585E+00,-7.118E-01,1.087E+01,2.375E+00,3.142E+00,-7.123E-03,2.722E+00,2.603E+00,5.271E-02,4.341E+00,1.557E+00,-6.150E-01,1.239E+01,2.079E+00,3.142E+00,7.909E-04,2.519E+00,2.531E+00,1.043E-01,3.000E+00
71,0.000E+00,0.000E+00,1.547E-02,0.000E+00,4.150E-06,2.576E-04,4.854E-04,3.247E-02,6.325E-02,4.610E+00,1.567E+00,-7.345E-01,1.180E+01,2.449E+00,3.142E+00,-6.121E-03,2.653E+00,2.554E+00,3.794E-02,5.537E+00,1.581E+00,-7.039E-01,1.027E+01,2.439E+00,3.142E+00,-6.715E-03,2.712E+00,2.600E+00,5.236E-02,4.361E+00,1.544E+00,-6.271E-01,1.327E+01,2.115E+00,3.142E+00,1.410E-03,2.484E+00,2.505E+00,1.037E-01,3.013E+00
72,0.000E+00,0.000E+00,1.596E-02,0.000E+00,4.883E-06,2.881E-04,5.566E-04,3.359E-02,6.530E-02,4.766E+00,1.554E+00,-7.529E-01,1.276E+01,2.492E+00,3.142E+00,-6.288E-03,2.677E+00,2.574E+00,3.744E-02,5.584E+00,1.578E+00,-6.961E-01,9.680E+00,2.503E+00,3.142E+00,-6.307E-03,2.701E+00,2.597E+00,5.201E-02,4.380E+00,1.531E+00,-6.393E-01,1.415E+01,2.150E+00,3.142E+00,2.030E-03,2.449E+00,2.479E+00,1.032E-01,3.025E+00
73,0.000E+00,0.000E+00,1.644E-02,0.000E+00,3.906E-06,6.235E-04,1.187E-03,3.531E-02,6.818E-02,5.013E+00,1.521E+00,-7.853E-01,1.590E+01,2.542E+00,3.142E+00,-4.146E-03,2.586E+00,2.519E+00,3.682E-02,5.646E+00,1.535E+00,-7.424E-01,1.407E+01,2.463E+00,3.142E+00,-5.347E-03,2.594E+00,2.509E+00,5.098E-02,4.442E+00,1.505E+00,-6.563E-01,1.620E+01,2.201E+00,3.142E+00,3.106E-03,2.403E+00,2.449E+00,1.020E-01,3.053E+00
74,0.000E+00,0.000E+00,1.691E-02,0.000E+00,2.930E-06,9.590E-04,1.818E-03,3.703E-02,7.107E-02,5.261E+00,1.497E+00,-8.178E-01,1.904E+01,2.592E+00,3.142E+00,-2.004E-03,2.495E+00,2.464E+00,3.620E-02,5.709E+00,1.517E+00,-7.887E-01,1.846E+01,2.422E+00,3.142E+00,-4.386E-03,2.486E+00,2.420E+00,4.994E-02,4.503E+00,1.483E+00,-6.734E-01,1.825E+01,2.251E+00,3.142E+00,4.182E-03,2.358E+00,2.419E+00,1.008E-01,3.081E+00
75,0.000E+00,0.000E+00,1.739E-02,0.000E+00,2.441E-06,1.278E-03,2.324E-03,3.864E-02,7.368E-02,5.488E+00,1.459E+00,-8.662E-01,2.871E+01,2.565E+00,3.142E+00,-1.041E-03,2.437E+00,2.421E+00,3.533E-02,5.801E+00,1.461E+00,-8.420E-01,2.780E+01,2.509E+00,3.142E+00,-1.058E-03,2.438E+00,2.422E+00,4.981E-02,4.511E+00,1.439E+00,-6.646E-01,1.833E+01,2.458E+00,3.142E+00,2.331E-03,2.403E+00,2.437E+00,9.757E-02,3.165E+00
76,0.000E+00,0.000E+00,1.787E-02,0.000E+00,1.953E-06,1.597E-03,2.830E-03,4.024E-02,7.630E-02,5.716E+00,1.446E+00,-9.146E-01,3.837E+01,2.538E+00,3.142E+00,-7.891E-05,2.378E+00,2.377E+00,3.447E-02,5.893E+00,1.430E+00,-8.954E-01,3.715E+01,2.596E+00,3.142E+00,2.270E-03,2.390E+00,2.423E+00,4.969E-02,4.519E+00,1.400E+00,-6.559E-01,1.841E+01,2.665E+00,3.142E+00,4.790E-04,2.448E+00,2.456E+00,9.431E-02,3.248E+00
77,0.000E+00,0.000E+00,1.786E-02,0.000E+00,2.441E-06,2.369E-03,4.170E-03,4.194E-02,7.812E-02,5.948E+00,1.396E+00,-8.932E-01,3.426E+01,2.867E+00,3.142E+00,9.614E-04,2.372E+00,2.386E+00,3.381E-02,5.968E+00,1.373E+00,-8.636E-01,3.235E+01,2.978E+00,3.142E+00,2.732E-03,2.341E+00,2.380E+00,4.698E-02,4.701E+00,1.379E+00,-6.467E-01,1.784E+01,2.811E+00,3.142E+00,3.247E-03,2.372E+00,2.419E+00,9.414E-02,3.253E+00
78,0.000E+00,0.000E+00,1.784E-02,0.000E+00,2.930E-06,3.141E-03,5.511E-03,4.364E-02,7.995E-02,6.181E+00,1.357E+00,-8.718E-01,3.014E+01,3.197E+00,3.142E+00,2.002E-03,2.365E+00,2.394E+00,3.315E-02,6.044E+00,1.330E+00,-8.318E-01,2.756E+01,3.360E+00,3.142E+00,3.194E-03,2.292E+00,2.337E+00,4.428E-02,4.883E+00,1.359E+00,-6.375E-01,1.726E+01,2.958E+00,3.142E+00,6.014E-03,2.296E+00,2.382E+00,9.397E-02,3.257E+00
79,0.000E+00,0.000E+00,1.768E-02,0.000E+00,3.418E-06,3.948E-03,6.720E-03,4.480E-02,8.114E-02,6.355E+00,1.312E+00,-8.850E-01,3.403E+01,3.454E+00,3.142E+00,2.870E-03,2.337E+00,2.378E+00,3.211E-02,6.171E+00,1.284E+00,-8.366E-01,2.923E+01,3.692E+00,3.142E+00,6.600E-03,2.265E+00,2.358E+00,4.277E-02,5.000E+00,1.314E+00,-6.264E-01,1.672E+01,3.319E+00,3.142E+00,1.334E-02,2.137E+00,2.311E+00,9.271E-02,3.293E+00
80,0.000E+00,0.000E+00,1.751E-02,0.000E+00,3.906E-06,4.756E-03,7.929E-03,4.596E-02,8.233E-02,6.529E+00,1.272E+00,-8.982E-01,3.791E+01,3.711E+00,3.142E+00,3.738E-03,2.309E+00,2.362E+00,3.108E-02,6.298E+00,1.243E+00,-8.414E-01,3.091E+01,4.025E+00,3.142E+00,1.001E-02,2.238E+00,2.379E+00,4.126E-02,5.117E+00,1.276E+00,-6.152E-01,1.617E+01,3.679E+00,3.142E+00,2.067E-02,1.977E+00,2.239E+00,9.144E-02,3.328E+00
81,0.000E+00,0.000E+00,1.648E-02,0.000E+00,3.418E-06,5.509E-03,9.272E-03,4.550E-02,8.012E-02,6.461E+00,1.216E+00,-8.866E-01,3.627E+01,4.279E+00,3.142E+00,1.121E-02,2.180E+00,2.329E+00,2.895E-02,6.604E+00,1.176E+00,-8.282E-01,2.870E+01,4.870E+00,3.142E+00,1.597E-02,2.095E+00,2.303E+00,3.976E-02,5.246E+00,1.234E+00,-6.028E-01,1.564E+01,4.127E+00,3.142E+00,1.718E-02,1.978E+00,2.193E+00,8.962E-02,3.381E+00
82,0.000E+00,0.000E+00,1.544E-02,0.000E+00,2.930E-06,6.263E-03,1.062E-02,4.504E-02,7.790E-02,6.393E+00,1.169E+00,-8.751E-01,3.463E+01,4.847E+00,3.142E+00,1.868E-02,2.051E+00,2.296E+00,2.682E-02,6.909E+00,1.126E+00,-8.150E-01,2.648E+01,5.715E+00,3.142E+00,2.194E-02,1.953E+00,2.227E+00,3.826E-02,5.376E+00,1.198E+00,-5.903E-01,1.512E+01,4.575E+00,3.142E+00,1.368E-02,1.978E+00,2.147E+00,8.781E-02,3.435E+00
83,0.000E+00,0.000E+00,1.326E-02,0.000E+00,1.465E-06,6.543E-03,1.101E-02,4.111E-02,6.986E-02,5.837E+00,1.119E+00,-8.646E-01,3.088E+01,5.756E+00,3.142E+00,3.706E-02,1.827E+00,2.269E+00,2.476E-02,7.280E+00,1.079E+00,-8.065E-01,2.551E+01,6.615E+00,3.142E+00,4.967E-02,1.683E+00,2.247E+00,3.560E-02,5.648E+00,1.156E+00,-5.782E-01,1.403E+01,5.339E+00,3.142E+00,5.135E-02,1.577E+00,2.083E+00,8.304E-02,3.595E+00
84,0.000E+00,0.000E+00,1.109E-02,0.000E+00,0.000E+00,6.823E-03,1.141E-02,3.717E-02,6.183E-02,5.281E+00,1.085E+00,-8.540E-01,2.713E+01,6.664E+00,3.142E+00,5.544E-02,1.602E+00,2.241E+00,2.269E-02,7.651E+00,1.041E+00,-7.979E-01,2.455E+01,7.514E+00,3.142E+00,7.740E-02,1.414E+00,2.267E+00,3.293E-02,5.920E+00,1.125E+00,-5.661E-01,1.294E+01,6.104E+00,3.142E+00,8.901E-02,1.176E+00,2.019E+00,7.827E-02,3.756E+00
85,0.000E+00,0.000E+00,7.577E-03,0.000E+00,4.883E-07,5.473E-03,9.021E-03,2.714E-02,4.437E-02,3.851E+00,1.084E+00,-8.588E-01,2.704E+01,6.747E+00,3.142E+00,7.222E-02,1.378E+00,2.103E+00,1.996E-02,8.322E+00,1.071E+00,-8.105E-01,2.336E+01,7.140E+00,3.142E+00,8.321E-02,1.257E+00,2.066E+00,2.848E-02,6.557E+00,1.136E+00,-5.620E-01,1.180E+01,6.246E+00,3.142E+00,8.901E-02,1.069E+00,1.821E+00,7.270E-02,3.989E+00
86,0.000E+00,0.000E+00,4.062E-03,0.000E+00,9.766E-07,4.123E-03,6.638E-03,1.710E-02,2.691E-02,2.422E+00,1.082E+00,-8.636E-01,2.694E+01,6.829E+00,3.142E+00,8.901E-02,1.154E+00,1.965E+00,1.723E-02,8.993E+00,1.102E+00,-8.231E-01,2.216E+01,6.765E+00,3.142E+00,8.901E-02,1.101E+00,1.865E+00,2.402E-02,7.194E+00,1.150E+00,-5.578E-01,1.065E+01,6.388E+00,3.142E+00,8.901E-02,9.615E-01,1.624E+00,6.713E-02,4.223E+00
87,0.000E+00,0.000E+00,2.031E-03,0.000E+00,2.930E-06,2.158E-03,3.485E-03,8.740E-03,1.382E-02,1.243E+00,9.517E-01,-8.813E-01,2.180E+01,1.208E+01,3.142E+00,8.901E-02,1.041E+00,1.764E+00,1.424E-02,1.017E+01,9.129E-01,-8.700E-01,2.503E+01,1.273E+01,3.142E+00,-1.245E-01,3.691E+00,1.455E+00,1.956E-02,8.292E+00,1.129E+00,-6.006E-01,9.873E+00,7.786E+00,3.142E+00,-1.245E-01,3.621E+00,1.334E+00,6.007E-02,4.630E+00
88,0.000E+00,0.000E+00,0.000E+00,0.000E+00,4.883E-06,1.934E-04,3.330E-04,3.828E-04,7.354E-04,6.457E-02,9.080E-01,-8.989E-01,1.666E+01,1.733E+01,3.142E+00,8.901E-02,9.272E-01,1.562E+00,1.125E-02,1.135E+01,8.160E-01,-9.169E-01,2.789E+01,1.869E+01,3.142E+00,-3.380E-01,6.281E+00,1.045E+00,1.510E-02,9.391E+00,1.118E+00,-6.434E-01,9.097E+00,9.184E+00,3.142E+00,-3.380E-01,6.281E+00,1.045E+00,5.302E-02,5.037E+00
89,0.000E+00,0.000E+00,0.000E+00,0.000E+00,9.766E-06,4.883E-06,7.813E-06,2.930E-06,2.344E-05,2.892E-03,3.142E+00,0.000E+00,0.000E+00,0.000E+00,0.000E+00,0.000E+00,0.000E+00,0.000E+00,0.000E+00,0.000E+00,3.142E+00,0.000E+00,0.000E+00,0.000E+00,0.000E+00,0.000E+00,0.000E+00,0.000E+00,0.000E+00,0.000E+00,3.142E+00,0.000E+00,0.000E+00,0.000E+00,0.000E+00,0.000E+00,0.000E+00,0.000E+00,0.000E+00,0.000E+00
