alpha,H,He,Fe,Si,O,Fe_1,O_1,Si_2,O_2,amu/ion,phiK_Fe,phiTilt_Fe,phiM_Fe,phiN_Fe,thetaK_Fe,thetaTilt_Fe,thetaM_Fe,thetaN_Fe,energyK_Fe,energyE_Fe,phiK_O,phiTilt_O,phiM_O,phiN_O,thetaK_O,thetaTilt_O,thetaM_O,thetaN_O,energyK_O,energyE_O,phiK_Si,phiTilt_Si,phiM_Si,phiN_Si,thetaK_Si,thetaTilt_Si,thetaM_Si,thetaN_Si,energyK_Si,energyE_Si
0,0.000E+00,0.000E+00,4.557E-03,0.000E+00,0.000E+00,5.664E-05,2.197E-04,2.288E-03,9.019E-03,4.703E-01,1.836E+00,5.640E-03,1.262E+00,1.343E+00,3.142E+00,-3.177E-03,2.427E+00,2.381E+00,5.878E-02,4.026E+00,1.637E+00,-1.315E-02,1.897E+00,1.774E+00,3.142E+00,-3.458E-03,2.815E+00,2.754E+00,1.099E-01,3.223E+00,1.724E+00,4.067E-02,1.299E+00,1.886E+00,3.142E+00,9.967E-04,2.442E+00,2.457E+00,5.250E-02,5.239E+00
1,0.000E+00,0.000E+00,4.576E-03,0.000E+00,0.000E+00,5.444E-05,2.089E-04,2.295E-03,9.085E-03,4.722E-01,1.819E+00,-5.177E-03,1.337E+00,1.368E+00,3.142E+00,-2.925E-03,2.416E+00,2.373E+00,5.871E-02,4.030E+00,1.639E+00,-1.509E-02,1.882E+00,1.792E+00,3.142E+00,-3.373E-03,2.806E+00,2.747E+00,1.096E-01,3.229E+00,1.727E+00,3.987E-02,1.278E+00,1.900E+00,3.142E+00,7.613E-04,2.449E+00,2.461E+00,5.282E-02,5.216E+00
2,0.000E+00,0.000E+00,4.595E-03,0.000E+00,0.000E+00,5.225E-05,1.980E-04,2.301E-03,9.152E-03,4.740E-01,1.808E+00,-1.599E-02,1.412E+00,1.392E+00,3.142E+00,-2.673E-03,2.405E+00,2.366E+00,5.863E-02,4.033E+00,1.640E+00,-1.704E-02,1.867E+00,1.809E+00,3.142E+00,-3.287E-03,2.797E+00,2.740E+00,1.094E-01,3.235E+00,1.730E+00,3.907E-02,1.258E+00,1.915E+00,3.142E+00,5.260E-04,2.456E+00,2.464E+00,5.315E-02,5.192E+00
3,0.000E+00,0.000E+00,4.615E-03,0.000E+00,0.000E+00,5.005E-05,1.871E-04,2.308E-03,9.219E-03,4.759E-01,1.799E+00,-2.681E-02,1.487E+00,1.416E+00,3.142E+00,-2.421E-03,2.394E+00,2.358E+00,5.856E-02,4.037E+00,1.642E+00,-1.898E-02,1.851E+00,1.827E+00,3.142E+00,-3.202E-03,2.789E+00,2.733E+00,1.092E-01,3.241E+00,1.732E+00,3.827E-02,1.237E+00,1.929E+00,3.142E+00,2.907E-04,2.464E+00,2.468E+00,5.347E-02,5.169E+00
4,0.000E+00,0.000E+00,4.624E-03,0.000E+00,0.000E+00,4.895E-05,1.817E-04,2.311E-03,9.252E-03,4.769E-01,1.794E+00,-3.222E-02,1.524E+00,1.428E+00,3.142E+00,-2.294E-03,2.388E+00,2.354E+00,5.852E-02,4.038E+00,1.642E+00,-1.996E-02,1.844E+00,1.836E+00,3.142E+00,-3.160E-03,2.784E+00,2.729E+00,1.090E-01,3.244E+00,1.734E+00,3.787E-02,1.227E+00,1.937E+00,3.142E+00,1.730E-04,2.467E+00,2.470E+00,5.363E-02,5.158E+00
5,0.000E+00,0.000E+00,4.634E-03,0.000E+00,0.000E+00,4.785E-05,1.763E-04,2.314E-03,9.285E-03,4.778E-01,1.790E+00,-3.763E-02,1.562E+00,1.440E+00,3.142E+00,-2.168E-03,2.382E+00,2.351E+00,5.849E-02,4.040E+00,1.643E+00,-2.093E-02,1.836E+00,1.845E+00,3.142E+00,-3.117E-03,2.780E+00,2.726E+00,1.089E-01,3.247E+00,1.736E+00,3.747E-02,1.216E+00,1.944E+00,3.142E+00,5.532E-05,2.471E+00,2.471E+00,5.380E-02,5.146E+00
6,0.000E+00,0.000E+00,4.653E-03,0.000E+00,0.000E+00,4.565E-05,1.654E-04,2.321E-03,9.352E-03,4.797E-01,1.781E+00,-4.844E-02,1.637E+00,1.464E+00,3.142E+00,-1.916E-03,2.371E+00,2.343E+00,5.841E-02,4.044E+00,1.645E+00,-2.288E-02,1.821E+00,1.862E+00,3.142E+00,-3.032E-03,2.771E+00,2.719E+00,1.087E-01,3.254E+00,1.739E+00,3.666E-02,1.195E+00,1.958E+00,3.142E+00,-1.800E-04,2.478E+00,2.475E+00,5.412E-02,5.123E+00
7,0.000E+00,0.000E+00,4.672E-03,0.000E+00,0.000E+00,4.346E-05,1.545E-04,2.328E-03,9.418E-03,4.816E-01,1.773E+00,-5.926E-02,1.711E+00,1.488E+00,3.142E+00,-1.664E-03,2.360E+00,2.336E+00,5.834E-02,4.047E+00,1.646E+00,-2.482E-02,1.805E+00,1.880E+00,3.142E+00,-2.947E-03,2.762E+00,2.711E+00,1.084E-01,3.260E+00,1.742E+00,3.586E-02,1.175E+00,1.973E+00,3.142E+00,-4.154E-04,2.485E+00,2.479E+00,5.444E-02,5.100E+00
8,0.000E+00,0.000E+00,4.692E-03,0.000E+00,0.000E+00,4.126E-05,1.437E-04,2.334E-03,9.485E-03,4.835E-01,1.765E+00,-7.007E-02,1.786E+00,1.513E+00,3.142E+00,-1.412E-03,2.348E+00,2.328E+00,5.827E-02,4.051E+00,1.648E+00,-2.677E-02,1.790E+00,1.898E+00,3.142E+00,-2.862E-03,2.754E+00,2.704E+00,1.082E-01,3.266E+00,1.745E+00,3.506E-02,1.154E+00,1.987E+00,3.142E+00,-6.507E-04,2.492E+00,2.482E+00,5.477E-02,5.076E+00
9,0.000E+00,0.000E+00,4.701E-03,0.000E+00,0.000E+00,4.016E-05,1.382E-04,2.338E-03,9.518E-03,4.845E-01,1.762E+00,-7.548E-02,1.824E+00,1.525E+00,3.142E+00,-1.286E-03,2.343E+00,2.324E+00,5.823E-02,4.052E+00,1.649E+00,-2.774E-02,1.782E+00,1.907E+00,3.142E+00,-2.819E-03,2.749E+00,2.701E+00,1.080E-01,3.269E+00,1.747E+00,3.466E-02,1.144E+00,1.994E+00,3.142E+00,-7.684E-04,2.496E+00,2.484E+00,5.493E-02,5.065E+00
10,0.000E+00,0.000E+00,4.711E-03,0.000E+00,0.000E+00,3.906E-05,1.328E-04,2.341E-03,9.552E-03,4.854E-01,1.758E+00,-8.089E-02,1.861E+00,1.537E+00,3.142E+00,-1.159E-03,2.337E+00,2.321E+00,5.819E-02,4.054E+00,1.650E+00,-2.871E-02,1.775E+00,1.916E+00,3.142E+00,-2.777E-03,2.745E+00,2.697E+00,1.079E-01,3.272E+00,1.749E+00,3.426E-02,1.133E+00,2.001E+00,3.142E+00,-8.860E-04,2.500E+00,2.486E+00,5.509E-02,5.053E+00
11,0.000E+00,0.000E+00,4.782E-03,0.000E+00,0.000E+00,3.650E-05,1.255E-04,2.390E-03,9.672E-03,4.926E-01,1.765E+00,-9.103E-02,1.887E+00,1.535E+00,3.142E+00,-1.941E-03,2.368E+00,2.339E+00,5.820E-02,4.054E+00,1.649E+00,-4.062E-02,1.853E+00,1.916E+00,3.142E+00,-2.865E-03,2.753E+00,2.704E+00,1.077E-01,3.278E+00,1.744E+00,2.942E-02,1.146E+00,2.008E+00,3.142E+00,-1.223E-03,2.496E+00,2.478E+00,5.479E-02,5.074E+00
12,0.000E+00,0.000E+00,4.854E-03,0.000E+00,0.000E+00,3.394E-05,1.182E-04,2.439E-03,9.793E-03,4.998E-01,1.771E+00,-1.012E-01,1.912E+00,1.533E+00,3.142E+00,-2.722E-03,2.399E+00,2.357E+00,5.821E-02,4.053E+00,1.647E+00,-5.252E-02,1.931E+00,1.916E+00,3.142E+00,-2.954E-03,2.761E+00,2.710E+00,1.074E-01,3.284E+00,1.740E+00,2.458E-02,1.158E+00,2.015E+00,3.142E+00,-1.559E-03,2.493E+00,2.469E+00,5.450E-02,5.096E+00
13,0.000E+00,0.000E+00,4.926E-03,0.000E+00,0.000E+00,3.137E-05,1.108E-04,2.489E-03,9.913E-03,5.070E-01,1.777E+00,-1.113E-01,1.938E+00,1.531E+00,3.142E+00,-3.504E-03,2.429E+00,2.376E+00,5.822E-02,4.053E+00,1.647E+00,-6.442E-02,2.009E+00,1.916E+00,3.142E+00,-3.042E-03,2.769E+00,2.717E+00,1.072E-01,3.291E+00,1.735E+00,1.974E-02,1.171E+00,2.021E+00,3.142E+00,-1.896E-03,2.490E+00,2.461E+00,5.420E-02,5.117E+00
14,0.000E+00,0.000E+00,4.961E-03,0.000E+00,0.000E+00,3.009E-05,1.072E-04,2.513E-03,9.973E-03,5.106E-01,1.780E+00,-1.164E-01,1.950E+00,1.530E+00,3.142E+00,-3.895E-03,2.445E+00,2.385E+00,5.823E-02,4.053E+00,1.647E+00,-7.038E-02,2.048E+00,1.916E+00,3.142E+00,-3.087E-03,2.774E+00,2.720E+00,1.071E-01,3.294E+00,1.733E+00,1.732E-02,1.177E+00,2.025E+00,3.142E+00,-2.064E-03,2.488E+00,2.457E+00,5.405E-02,5.128E+00
15,0.000E+00,0.000E+00,4.997E-03,0.000E+00,0.000E+00,2.881E-05,1.035E-04,2.538E-03,1.003E-02,5.142E-01,1.783E+00,-1.215E-01,1.963E+00,1.529E+00,3.142E+00,-4.285E-03,2.460E+00,2.394E+00,5.823E-02,4.052E+00,1.646E+00,-7.633E-02,2.087E+00,1.916E+00,3.142E+00,-3.131E-03,2.778E+00,2.723E+00,1.070E-01,3.297E+00,1.730E+00,1.490E-02,1.183E+00,2.028E+00,3.142E+00,-2.232E-03,2.486E+00,2.453E+00,5.390E-02,5.138E+00
16,0.000E+00,0.000E+00,5.069E-03,0.000E+00,0.000E+00,2.625E-05,9.619E-05,2.587E-03,1.015E-02,5.214E-01,1.789E+00,-1.316E-01,1.989E+00,1.527E+00,3.142E+00,-5.067E-03,2.491E+00,2.413E+00,5.824E-02,4.052E+00,1.646E+00,-8.823E-02,2.165E+00,1.916E+00,3.142E+00,-3.219E-03,2.786E+00,2.730E+00,1.067E-01,3.303E+00,1.726E+00,1.006E-02,1.196E+00,2.035E+00,3.142E+00,-2.569E-03,2.483E+00,2.444E+00,5.360E-02,5.160E+00
17,0.000E+00,0.000E+00,5.140E-03,0.000E+00,0.000E+00,2.368E-05,8.887E-05,2.637E-03,1.027E-02,5.286E-01,1.795E+00,-1.417E-01,2.014E+00,1.526E+00,3.142E+00,-5.848E-03,2.522E+00,2.431E+00,5.825E-02,4.051E+00,1.647E+00,-1.001E-01,2.244E+00,1.916E+00,3.142E+00,-3.308E-03,2.794E+00,2.736E+00,1.065E-01,3.309E+00,1.721E+00,5.213E-03,1.209E+00,2.041E+00,3.142E+00,-2.905E-03,2.480E+00,2.436E+00,5.330E-02,5.181E+00
18,0.000E+00,0.000E+00,5.212E-03,0.000E+00,0.000E+00,2.112E-05,8.154E-05,2.686E-03,1.040E-02,5.358E-01,1.801E+00,-1.519E-01,2.040E+00,1.524E+00,3.142E+00,-6.630E-03,2.552E+00,2.450E+00,5.826E-02,4.051E+00,1.647E+00,-1.120E-01,2.322E+00,1.916E+00,3.142E+00,-3.397E-03,2.802E+00,2.743E+00,1.063E-01,3.315E+00,1.716E+00,3.719E-04,1.221E+00,2.048E+00,3.142E+00,-3.242E-03,2.476E+00,2.428E+00,5.301E-02,5.202E+00
19,0.000E+00,0.000E+00,5.247E-03,0.000E+00,0.000E+00,1.984E-05,7.788E-05,2.711E-03,1.046E-02,5.394E-01,1.804E+00,-1.570E-01,2.052E+00,1.523E+00,3.142E+00,-7.021E-03,2.568E+00,2.459E+00,5.827E-02,4.051E+00,1.647E+00,-1.180E-01,2.361E+00,1.916E+00,3.142E+00,-3.441E-03,2.806E+00,2.746E+00,1.061E-01,3.318E+00,1.717E+00,-2.049E-03,1.227E+00,2.051E+00,3.142E+00,-3.410E-03,2.475E+00,2.423E+00,5.286E-02,5.213E+00
20,0.000E+00,0.000E+00,5.283E-03,0.000E+00,0.000E+00,1.855E-05,7.422E-05,2.735E-03,1.052E-02,5.430E-01,1.807E+00,-1.620E-01,2.065E+00,1.522E+00,3.142E+00,-7.412E-03,2.583E+00,2.468E+00,5.827E-02,4.050E+00,1.648E+00,-1.239E-01,2.400E+00,1.916E+00,3.142E+00,-3.485E-03,2.811E+00,2.749E+00,1.060E-01,3.321E+00,1.717E+00,-4.470E-03,1.234E+00,2.055E+00,3.142E+00,-3.578E-03,2.473E+00,2.419E+00,5.271E-02,5.223E+00
21,0.000E+00,0.000E+00,5.444E-03,0.000E+00,0.000E+00,2.063E-05,8.350E-05,2.802E-03,1.079E-02,5.586E-01,1.799E+00,-1.609E-01,2.039E+00,1.569E+00,3.142E+00,-7.023E-03,2.568E+00,2.459E+00,5.808E-02,4.060E+00,1.653E+00,-1.320E-01,2.435E+00,1.905E+00,3.142E+00,-3.435E-03,2.804E+00,2.744E+00,1.056E-01,3.332E+00,1.702E+00,-4.009E-02,1.496E+00,1.998E+00,3.142E+00,-3.424E-03,2.497E+00,2.445E+00,5.284E-02,5.213E+00
22,0.000E+00,0.000E+00,5.604E-03,0.000E+00,0.000E+00,2.271E-05,9.277E-05,2.869E-03,1.107E-02,5.741E-01,1.792E+00,-1.598E-01,2.012E+00,1.617E+00,3.142E+00,-6.635E-03,2.553E+00,2.451E+00,5.790E-02,4.069E+00,1.657E+00,-1.401E-01,2.471E+00,1.894E+00,3.142E+00,-3.385E-03,2.798E+00,2.738E+00,1.052E-01,3.343E+00,1.696E+00,-7.570E-02,1.759E+00,1.941E+00,3.142E+00,-3.269E-03,2.520E+00,2.471E+00,5.298E-02,5.203E+00
23,0.000E+00,0.000E+00,5.765E-03,0.000E+00,0.000E+00,2.478E-05,1.021E-04,2.935E-03,1.135E-02,5.897E-01,1.785E+00,-1.586E-01,1.986E+00,1.665E+00,3.142E+00,-6.247E-03,2.538E+00,2.442E+00,5.771E-02,4.078E+00,1.662E+00,-1.482E-01,2.506E+00,1.883E+00,3.142E+00,-3.335E-03,2.791E+00,2.733E+00,1.048E-01,3.354E+00,1.695E+00,-1.113E-01,2.021E+00,1.884E+00,3.142E+00,-3.115E-03,2.544E+00,2.496E+00,5.312E-02,5.193E+00
24,0.000E+00,0.000E+00,5.845E-03,0.000E+00,0.000E+00,2.582E-05,1.067E-04,2.969E-03,1.149E-02,5.975E-01,1.782E+00,-1.581E-01,1.973E+00,1.689E+00,3.142E+00,-6.053E-03,2.530E+00,2.437E+00,5.761E-02,4.083E+00,1.665E+00,-1.522E-01,2.524E+00,1.878E+00,3.142E+00,-3.310E-03,2.788E+00,2.730E+00,1.046E-01,3.359E+00,1.697E+00,-1.291E-01,2.152E+00,1.855E+00,3.142E+00,-3.037E-03,2.556E+00,2.509E+00,5.319E-02,5.188E+00
25,0.000E+00,0.000E+00,5.925E-03,0.000E+00,0.000E+00,2.686E-05,1.113E-04,3.002E-03,1.163E-02,6.053E-01,1.778E+00,-1.575E-01,1.959E+00,1.712E+00,3.142E+00,-5.858E-03,2.523E+00,2.433E+00,5.752E-02,4.087E+00,1.667E+00,-1.562E-01,2.542E+00,1.872E+00,3.142E+00,-3.285E-03,2.785E+00,2.727E+00,1.044E-01,3.365E+00,1.700E+00,-1.469E-01,2.284E+00,1.827E+00,3.142E+00,-2.960E-03,2.568E+00,2.522E+00,5.326E-02,5.183E+00
26,0.000E+00,0.000E+00,6.086E-03,0.000E+00,0.000E+00,2.893E-05,1.206E-04,3.069E-03,1.191E-02,6.208E-01,1.772E+00,-1.564E-01,1.933E+00,1.760E+00,3.142E+00,-5.470E-03,2.508E+00,2.424E+00,5.733E-02,4.097E+00,1.672E+00,-1.643E-01,2.578E+00,1.862E+00,3.142E+00,-3.235E-03,2.778E+00,2.722E+00,1.040E-01,3.376E+00,1.709E+00,-1.826E-01,2.546E+00,1.770E+00,3.142E+00,-2.805E-03,2.592E+00,2.547E+00,5.339E-02,5.174E+00
27,0.000E+00,0.000E+00,6.246E-03,0.000E+00,0.000E+00,3.101E-05,1.299E-04,3.135E-03,1.219E-02,6.364E-01,1.766E+00,-1.552E-01,1.907E+00,1.808E+00,3.142E+00,-5.082E-03,2.492E+00,2.416E+00,5.714E-02,4.106E+00,1.677E+00,-1.724E-01,2.613E+00,1.851E+00,3.142E+00,-3.185E-03,2.772E+00,2.717E+00,1.036E-01,3.386E+00,1.722E+00,-2.182E-01,2.809E+00,1.713E+00,3.142E+00,-2.651E-03,2.615E+00,2.573E+00,5.353E-02,5.164E+00
28,0.000E+00,0.000E+00,6.407E-03,0.000E+00,0.000E+00,3.308E-05,1.392E-04,3.202E-03,1.247E-02,6.519E-01,1.761E+00,-1.541E-01,1.880E+00,1.855E+00,3.142E+00,-4.694E-03,2.477E+00,2.407E+00,5.696E-02,4.115E+00,1.682E+00,-1.804E-01,2.649E+00,1.840E+00,3.142E+00,-3.135E-03,2.765E+00,2.711E+00,1.032E-01,3.397E+00,1.737E+00,-2.538E-01,3.071E+00,1.656E+00,3.142E+00,-2.496E-03,2.639E+00,2.599E+00,5.367E-02,5.154E+00
29,0.000E+00,0.000E+00,6.487E-03,0.000E+00,0.000E+00,3.412E-05,1.438E-04,3.235E-03,1.261E-02,6.597E-01,1.758E+00,-1.535E-01,1.867E+00,1.879E+00,3.142E+00,-4.499E-03,2.470E+00,2.402E+00,5.686E-02,4.120E+00,1.684E+00,-1.845E-01,2.666E+00,1.834E+00,3.142E+00,-3.110E-03,2.762E+00,2.708E+00,1.030E-01,3.403E+00,1.746E+00,-2.716E-01,3.202E+00,1.627E+00,3.142E+00,-2.419E-03,2.651E+00,2.612E+00,5.374E-02,5.149E+00
30,0.000E+00,0.000E+00,6.567E-03,0.000E+00,0.000E+00,3.516E-05,1.484E-04,3.269E-03,1.275E-02,6.675E-01,1.756E+00,-1.530E-01,1.854E+00,1.903E+00,3.142E+00,-4.305E-03,2.462E+00,2.398E+00,5.677E-02,4.124E+00,1.687E+00,-1.885E-01,2.684E+00,1.829E+00,3.142E+00,-3.085E-03,2.759E+00,2.706E+00,1.028E-01,3.408E+00,1.755E+00,-2.894E-01,3.334E+00,1.599E+00,3.142E+00,-2.342E-03,2.663E+00,2.624E+00,5.381E-02,5.144E+00
31,0.000E+00,0.000E+00,6.945E-03,0.000E+00,0.000E+00,7.788E-05,2.621E-04,3.481E-03,1.353E-02,7.112E-01,1.743E+00,-1.907E-01,2.210E+00,1.855E+00,3.142E+00,-3.502E-03,2.446E+00,2.394E+00,5.642E-02,4.143E+00,1.689E+00,-2.004E-01,2.762E+00,1.828E+00,3.142E+00,-2.624E-03,2.757E+00,2.712E+00,1.025E-01,3.417E+00,1.760E+00,-3.000E-01,3.353E+00,1.610E+00,3.142E+00,-2.530E-03,2.658E+00,2.616E+00,5.287E-02,5.219E+00
32,0.000E+00,0.000E+00,7.133E-03,0.000E+00,0.000E+00,9.924E-05,3.189E-04,3.587E-03,1.392E-02,7.330E-01,1.740E+00,-2.096E-01,2.388E+00,1.832E+00,3.142E+00,-3.100E-03,2.438E+00,2.392E+00,5.624E-02,4.152E+00,1.690E+00,-2.064E-01,2.800E+00,1.828E+00,3.142E+00,-2.393E-03,2.756E+00,2.715E+00,1.024E-01,3.421E+00,1.762E+00,-3.053E-01,3.362E+00,1.616E+00,3.142E+00,-2.624E-03,2.655E+00,2.612E+00,5.240E-02,5.257E+00
33,0.000E+00,0.000E+00,7.322E-03,0.000E+00,0.000E+00,1.206E-04,3.757E-04,3.693E-03,1.432E-02,7.549E-01,1.738E+00,-2.285E-01,2.566E+00,1.808E+00,3.142E+00,-2.698E-03,2.430E+00,2.389E+00,5.607E-02,4.161E+00,1.691E+00,-2.124E-01,2.839E+00,1.828E+00,3.142E+00,-2.163E-03,2.756E+00,2.718E+00,1.022E-01,3.426E+00,1.764E+00,-3.105E-01,3.372E+00,1.621E+00,3.142E+00,-2.719E-03,2.652E+00,2.608E+00,5.194E-02,5.295E+00
34,0.000E+00,0.000E+00,7.510E-03,0.000E+00,0.000E+00,1.420E-04,4.326E-04,3.800E-03,1.471E-02,7.767E-01,1.738E+00,-2.474E-01,2.745E+00,1.784E+00,3.142E+00,-2.296E-03,2.422E+00,2.387E+00,5.589E-02,4.170E+00,1.692E+00,-2.183E-01,2.878E+00,1.828E+00,3.142E+00,-1.933E-03,2.755E+00,2.721E+00,1.020E-01,3.430E+00,1.766E+00,-3.158E-01,3.381E+00,1.627E+00,3.142E+00,-2.813E-03,2.650E+00,2.604E+00,5.147E-02,5.332E+00
35,0.000E+00,0.000E+00,7.699E-03,0.000E+00,0.000E+00,1.633E-04,4.894E-04,3.906E-03,1.510E-02,7.986E-01,1.740E+00,-2.663E-01,2.923E+00,1.760E+00,3.142E+00,-1.894E-03,2.414E+00,2.385E+00,5.571E-02,4.180E+00,1.693E+00,-2.243E-01,2.917E+00,1.827E+00,3.142E+00,-1.702E-03,2.754E+00,2.724E+00,1.019E-01,3.434E+00,1.768E+00,-3.211E-01,3.391E+00,1.633E+00,3.142E+00,-2.907E-03,2.647E+00,2.600E+00,5.100E-02,5.370E+00
36,0.000E+00,0.000E+00,7.888E-03,0.000E+00,0.000E+00,1.847E-04,5.462E-04,4.012E-03,1.549E-02,8.204E-01,1.742E+00,-2.852E-01,3.101E+00,1.736E+00,3.142E+00,-1.492E-03,2.406E+00,2.383E+00,5.554E-02,4.189E+00,1.694E+00,-2.302E-01,2.955E+00,1.827E+00,3.142E+00,-1.472E-03,2.753E+00,2.728E+00,1.017E-01,3.439E+00,1.770E+00,-3.264E-01,3.401E+00,1.638E+00,3.142E+00,-3.001E-03,2.645E+00,2.596E+00,5.053E-02,5.408E+00
37,0.000E+00,0.000E+00,8.076E-03,0.000E+00,0.000E+00,2.061E-04,6.030E-04,4.118E-03,1.589E-02,8.423E-01,1.746E+00,-3.041E-01,3.279E+00,1.713E+00,3.142E+00,-1.090E-03,2.397E+00,2.381E+00,5.536E-02,4.198E+00,1.695E+00,-2.362E-01,2.994E+00,1.827E+00,3.142E+00,-1.241E-03,2.752E+00,2.731E+00,1.016E-01,3.443E+00,1.772E+00,-3.317E-01,3.410E+00,1.644E+00,3.142E+00,-3.095E-03,2.642E+00,2.592E+00,5.007E-02,5.446E+00
38,0.000E+00,0.000E+00,8.265E-03,0.000E+00,0.000E+00,2.274E-04,6.599E-04,4.224E-03,1.628E-02,8.641E-01,1.751E+00,-3.230E-01,3.457E+00,1.689E+00,3.142E+00,-6.884E-04,2.389E+00,2.378E+00,5.519E-02,4.207E+00,1.696E+00,-2.422E-01,3.033E+00,1.827E+00,3.142E+00,-1.011E-03,2.751E+00,2.734E+00,1.014E-01,3.447E+00,1.773E+00,-3.369E-01,3.420E+00,1.650E+00,3.142E+00,-3.190E-03,2.639E+00,2.587E+00,4.960E-02,5.483E+00
39,0.000E+00,0.000E+00,8.453E-03,0.000E+00,0.000E+00,2.488E-04,7.167E-04,4.331E-03,1.667E-02,8.859E-01,1.757E+00,-3.419E-01,3.636E+00,1.665E+00,3.142E+00,-2.865E-04,2.381E+00,2.376E+00,5.501E-02,4.216E+00,1.697E+00,-2.481E-01,3.072E+00,1.826E+00,3.142E+00,-7.803E-04,2.750E+00,2.737E+00,1.013E-01,3.452E+00,1.775E+00,-3.422E-01,3.429E+00,1.655E+00,3.142E+00,-3.284E-03,2.637E+00,2.583E+00,4.913E-02,5.521E+00
40,0.000E+00,0.000E+00,8.642E-03,0.000E+00,0.000E+00,2.701E-04,7.735E-04,4.437E-03,1.706E-02,9.078E-01,1.763E+00,-3.608E-01,3.814E+00,1.641E+00,3.142E+00,1.154E-04,2.373E+00,2.374E+00,5.484E-02,4.225E+00,1.699E+00,-2.541E-01,3.110E+00,1.826E+00,3.142E+00,-5.499E-04,2.750E+00,2.740E+00,1.011E-01,3.456E+00,1.777E+00,-3.475E-01,3.439E+00,1.661E+00,3.142E+00,-3.378E-03,2.634E+00,2.579E+00,4.867E-02,5.559E+00
41,0.000E+00,0.000E+00,8.831E-03,0.000E+00,0.000E+00,2.915E-04,8.303E-04,4.543E-03,1.746E-02,9.296E-01,1.770E+00,-3.797E-01,3.992E+00,1.617E+00,3.142E+00,5.173E-04,2.365E+00,2.372E+00,5.466E-02,4.235E+00,1.700E+00,-2.601E-01,3.149E+00,1.826E+00,3.142E+00,-3.195E-04,2.749E+00,2.743E+00,1.010E-01,3.460E+00,1.779E+00,-3.528E-01,3.448E+00,1.667E+00,3.142E+00,-3.472E-03,2.631E+00,2.575E+00,4.820E-02,5.596E+00
42,0.000E+00,0.000E+00,9.019E-03,0.000E+00,0.000E+00,3.129E-04,8.871E-04,4.649E-03,1.785E-02,9.515E-01,1.778E+00,-3.986E-01,4.170E+00,1.594E+00,3.142E+00,9.192E-04,2.357E+00,2.370E+00,5.449E-02,4.244E+00,1.701E+00,-2.660E-01,3.188E+00,1.825E+00,3.142E+00,-8.901E-05,2.748E+00,2.746E+00,1.008E-01,3.465E+00,1.781E+00,-3.581E-01,3.458E+00,1.673E+00,3.142E+00,-3.567E-03,2.629E+00,2.571E+00,4.773E-02,5.634E+00
43,0.000E+00,0.000E+00,9.208E-03,0.000E+00,0.000E+00,3.342E-04,9.440E-04,4.755E-03,1.824E-02,9.733E-01,1.787E+00,-4.175E-01,4.348E+00,1.570E+00,3.142E+00,1.321E-03,2.349E+00,2.367E+00,5.431E-02,4.253E+00,1.703E+00,-2.720E-01,3.226E+00,1.825E+00,3.142E+00,1.414E-04,2.747E+00,2.749E+00,1.007E-01,3.469E+00,1.782E+00,-3.633E-01,3.468E+00,1.678E+00,3.142E+00,-3.661E-03,2.626E+00,2.567E+00,4.726E-02,5.672E+00
44,0.000E+00,0.000E+00,9.396E-03,0.000E+00,0.000E+00,3.556E-04,1.001E-03,4.862E-03,1.863E-02,9.952E-01,1.796E+00,-4.364E-01,4.526E+00,1.546E+00,3.142E+00,1.723E-03,2.341E+00,2.365E+00,5.413E-02,4.262E+00,1.704E+00,-2.779E-01,3.265E+00,1.825E+00,3.142E+00,3.719E-04,2.746E+00,2.753E+00,1.005E-01,3.474E+00,1.784E+00,-3.686E-01,3.477E+00,1.684E+00,3.142E+00,-3.755E-03,2.623E+00,2.563E+00,4.680E-02,5.710E+00
45,0.000E+00,0.000E+00,9.585E-03,0.000E+00,0.000E+00,3.770E-04,1.058E-03,4.968E-03,1.903E-02,1.017E+00,1.805E+00,-4.553E-01,4.705E+00,1.522E+00,3.142E+00,2.125E-03,2.333E+00,2.363E+00,5.396E-02,4.271E+00,1.705E+00,-2.839E-01,3.304E+00,1.825E+00,3.142E+00,6.023E-04,2.745E+00,2.756E+00,1.004E-01,3.478E+00,1.786E+00,-3.739E-01,3.487E+00,1.690E+00,3.142E+00,-3.849E-03,2.621E+00,2.559E+00,4.633E-02,5.747E+00
46,0.000E+00,0.000E+00,1.010E-02,0.000E+00,0.000E+00,4.292E-04,1.177E-03,5.268E-03,1.987E-02,1.073E+00,1.805E+00,-4.988E-01,5.424E+00,1.502E+00,3.142E+00,-1.646E-03,2.451E+00,2.424E+00,5.469E-02,4.232E+00,1.688E+00,-2.593E-01,2.977E+00,1.977E+00,3.142E+00,-1.497E-04,2.782E+00,2.780E+00,1.003E-01,3.481E+00,1.759E+00,-4.031E-01,3.908E+00,1.762E+00,3.142E+00,-2.504E-03,2.612E+00,2.571E+00,4.879E-02,5.540E+00
47,0.000E+00,0.000E+00,1.036E-02,0.000E+00,0.000E+00,4.553E-04,1.236E-03,5.418E-03,2.029E-02,1.101E+00,1.807E+00,-5.206E-01,5.784E+00,1.492E+00,3.142E+00,-3.532E-03,2.510E+00,2.454E+00,5.506E-02,4.213E+00,1.681E+00,-2.470E-01,2.813E+00,2.053E+00,3.142E+00,-5.256E-04,2.801E+00,2.792E+00,1.002E-01,3.482E+00,1.748E+00,-4.177E-01,4.118E+00,1.799E+00,3.142E+00,-1.832E-03,2.607E+00,2.577E+00,5.003E-02,5.437E+00
48,0.000E+00,0.000E+00,1.063E-02,0.000E+00,0.000E+00,4.814E-04,1.296E-03,5.568E-03,2.071E-02,1.129E+00,1.810E+00,-5.424E-01,6.144E+00,1.482E+00,3.142E+00,-5.417E-03,2.569E+00,2.484E+00,5.543E-02,4.193E+00,1.677E+00,-2.347E-01,2.649E+00,2.129E+00,3.142E+00,-9.016E-04,2.820E+00,2.804E+00,1.002E-01,3.483E+00,1.737E+00,-4.322E-01,4.329E+00,1.835E+00,3.142E+00,-1.159E-03,2.602E+00,2.584E+00,5.126E-02,5.333E+00
49,0.000E+00,0.000E+00,1.110E-02,0.000E+00,0.000E+00,5.137E-04,1.423E-03,5.845E-03,2.187E-02,1.185E+00,1.815E+00,-5.862E-01,7.399E+00,1.418E+00,3.142E+00,-4.296E-03,2.551E+00,2.484E+00,5.395E-02,4.273E+00,1.682E+00,-2.815E-01,3.160E+00,2.005E+00,3.142E+00,-2.023E-03,2.834E+00,2.798E+00,1.005E-01,3.473E+00,1.729E+00,-4.617E-01,4.796E+00,1.838E+00,3.142E+00,-3.464E-03,2.635E+00,2.578E+00,4.819E-02,5.597E+00
50,0.000E+00,0.000E+00,1.133E-02,0.000E+00,0.000E+00,5.298E-04,1.486E-03,5.983E-03,2.246E-02,1.213E+00,1.821E+00,-6.080E-01,8.026E+00,1.385E+00,3.142E+00,-3.735E-03,2.543E+00,2.484E+00,5.321E-02,4.314E+00,1.689E+00,-3.049E-01,3.416E+00,1.943E+00,3.142E+00,-2.583E-03,2.841E+00,2.795E+00,1.007E-01,3.467E+00,1.727E+00,-4.764E-01,5.029E+00,1.840E+00,3.142E+00,-4.616E-03,2.652E+00,2.576E+00,4.665E-02,5.729E+00
51,0.000E+00,0.000E+00,1.157E-02,0.000E+00,0.000E+00,5.459E-04,1.550E-03,6.121E-03,2.304E-02,1.241E+00,1.830E+00,-6.299E-01,8.654E+00,1.353E+00,3.142E+00,-3.175E-03,2.534E+00,2.484E+00,5.248E-02,4.354E+00,1.698E+00,-3.284E-01,3.671E+00,1.881E+00,3.142E+00,-3.144E-03,2.848E+00,2.792E+00,1.009E-01,3.462E+00,1.725E+00,-4.912E-01,5.262E+00,1.842E+00,3.142E+00,-5.769E-03,2.668E+00,2.573E+00,4.512E-02,5.860E+00
52,0.000E+00,0.000E+00,1.227E-02,0.000E+00,0.000E+00,6.216E-04,1.664E-03,6.537E-03,2.425E-02,1.317E+00,1.803E+00,-5.922E-01,7.371E+00,1.474E+00,3.142E+00,-3.540E-03,2.497E+00,2.443E+00,5.259E-02,4.347E+00,1.683E+00,-3.450E-01,3.924E+00,1.930E+00,3.142E+00,-2.901E-03,2.855E+00,2.803E+00,1.003E-01,3.481E+00,1.719E+00,-5.213E-01,6.342E+00,1.752E+00,3.142E+00,-2.664E-03,2.589E+00,2.544E+00,4.714E-02,5.681E+00
53,0.000E+00,0.000E+00,1.262E-02,0.000E+00,0.000E+00,6.594E-04,1.720E-03,6.744E-03,2.485E-02,1.355E+00,1.794E+00,-5.733E-01,6.730E+00,1.535E+00,3.142E+00,-3.722E-03,2.479E+00,2.423E+00,5.264E-02,4.344E+00,1.675E+00,-3.533E-01,4.051E+00,1.954E+00,3.142E+00,-2.779E-03,2.858E+00,2.808E+00,9.992E-02,3.491E+00,1.721E+00,-5.364E-01,6.882E+00,1.706E+00,3.142E+00,-1.112E-03,2.549E+00,2.530E+00,4.815E-02,5.591E+00
54,0.000E+00,0.000E+00,1.298E-02,0.000E+00,0.000E+00,6.973E-04,1.777E-03,6.952E-03,2.545E-02,1.393E+00,1.789E+00,-5.544E-01,6.088E+00,1.595E+00,3.142E+00,-3.905E-03,2.461E+00,2.402E+00,5.270E-02,4.341E+00,1.668E+00,-3.616E-01,4.177E+00,1.979E+00,3.142E+00,-2.658E-03,2.862E+00,2.814E+00,9.960E-02,3.500E+00,1.724E+00,-5.514E-01,7.422E+00,1.661E+00,3.142E+00,4.398E-04,2.509E+00,2.516E+00,4.916E-02,5.501E+00
55,0.000E+00,0.000E+00,1.367E-02,0.000E+00,0.000E+00,8.716E-04,2.339E-03,7.367E-03,2.670E-02,1.483E+00,1.754E+00,-5.884E-01,7.188E+00,1.667E+00,3.142E+00,-3.229E-03,2.459E+00,2.411E+00,5.221E-02,4.369E+00,1.664E+00,-3.512E-01,3.998E+00,2.027E+00,3.142E+00,-2.468E-03,2.822E+00,2.778E+00,9.920E-02,3.512E+00,1.717E+00,-5.619E-01,7.223E+00,1.742E+00,3.142E+00,-1.585E-03,2.595E+00,2.568E+00,4.815E-02,5.588E+00
56,0.000E+00,0.000E+00,1.401E-02,0.000E+00,0.000E+00,9.587E-04,2.620E-03,7.574E-03,2.732E-02,1.528E+00,1.739E+00,-6.054E-01,7.738E+00,1.702E+00,3.142E+00,-2.891E-03,2.459E+00,2.416E+00,5.196E-02,4.383E+00,1.662E+00,-3.461E-01,3.908E+00,2.051E+00,3.142E+00,-2.373E-03,2.803E+00,2.761E+00,9.900E-02,3.518E+00,1.714E+00,-5.671E-01,7.124E+00,1.783E+00,3.142E+00,-2.597E-03,2.637E+00,2.594E+00,4.764E-02,5.632E+00
57,0.000E+00,0.000E+00,1.436E-02,0.000E+00,0.000E+00,1.046E-03,2.901E-03,7.781E-03,2.795E-02,1.573E+00,1.726E+00,-6.224E-01,8.288E+00,1.738E+00,3.142E+00,-2.553E-03,2.458E+00,2.420E+00,5.172E-02,4.397E+00,1.661E+00,-3.409E-01,3.818E+00,2.075E+00,3.142E+00,-2.278E-03,2.783E+00,2.743E+00,9.880E-02,3.524E+00,1.711E+00,-5.723E-01,7.024E+00,1.823E+00,3.142E+00,-3.609E-03,2.680E+00,2.620E+00,4.713E-02,5.675E+00
58,0.000E+00,0.000E+00,1.524E-02,0.000E+00,0.000E+00,1.317E-03,3.523E-03,8.288E-03,2.950E-02,1.686E+00,1.725E+00,-6.285E-01,8.181E+00,1.765E+00,3.142E+00,-3.506E-03,2.507E+00,2.453E+00,5.075E-02,4.455E+00,1.659E+00,-3.798E-01,4.638E+00,1.949E+00,3.142E+00,-2.376E-03,2.786E+00,2.745E+00,9.869E-02,3.527E+00,1.699E+00,-5.473E-01,6.464E+00,1.894E+00,3.142E+00,-4.241E-03,2.679E+00,2.609E+00,4.607E-02,5.773E+00
59,0.000E+00,0.000E+00,1.568E-02,0.000E+00,0.000E+00,1.453E-03,3.834E-03,8.542E-03,3.028E-02,1.743E+00,1.725E+00,-6.315E-01,8.128E+00,1.779E+00,3.142E+00,-3.982E-03,2.532E+00,2.470E+00,5.026E-02,4.484E+00,1.663E+00,-3.993E-01,5.047E+00,1.886E+00,3.142E+00,-2.424E-03,2.788E+00,2.745E+00,9.863E-02,3.529E+00,1.694E+00,-5.348E-01,6.184E+00,1.929E+00,3.142E+00,-4.558E-03,2.678E+00,2.603E+00,4.554E-02,5.822E+00
60,0.000E+00,0.000E+00,1.612E-02,0.000E+00,0.000E+00,1.589E-03,4.145E-03,8.795E-03,3.106E-02,1.799E+00,1.725E+00,-6.345E-01,8.074E+00,1.792E+00,3.142E+00,-4.459E-03,2.556E+00,2.486E+00,4.978E-02,4.513E+00,1.670E+00,-4.188E-01,5.457E+00,1.823E+00,3.142E+00,-2.473E-03,2.789E+00,2.746E+00,9.857E-02,3.531E+00,1.690E+00,-5.222E-01,5.904E+00,1.964E+00,3.142E+00,-4.874E-03,2.677E+00,2.597E+00,4.500E-02,5.871E+00
61,0.000E+00,0.000E+00,1.727E-02,0.000E+00,0.000E+00,1.627E-03,4.201E-03,9.465E-03,3.343E-02,1.923E+00,1.703E+00,-6.521E-01,8.389E+00,1.893E+00,3.142E+00,-4.482E-03,2.550E+00,2.480E+00,4.972E-02,4.516E+00,1.658E+00,-4.580E-01,6.551E+00,1.795E+00,3.142E+00,-2.260E-03,2.800E+00,2.760E+00,9.864E-02,3.528E+00,1.655E+00,-5.879E-01,7.985E+00,1.993E+00,3.142E+00,-4.121E-03,2.670E+00,2.602E+00,4.492E-02,5.880E+00
62,0.000E+00,0.000E+00,1.784E-02,0.000E+00,0.000E+00,1.647E-03,4.229E-03,9.801E-03,3.461E-02,1.985E+00,1.693E+00,-6.609E-01,8.547E+00,1.943E+00,3.142E+00,-4.493E-03,2.547E+00,2.477E+00,4.969E-02,4.518E+00,1.655E+00,-4.775E-01,7.099E+00,1.781E+00,3.142E+00,-2.153E-03,2.805E+00,2.767E+00,9.868E-02,3.527E+00,1.645E+00,-6.207E-01,9.026E+00,2.007E+00,3.142E+00,-3.745E-03,2.666E+00,2.604E+00,4.487E-02,5.884E+00
63,0.000E+00,0.000E+00,1.841E-02,0.000E+00,0.000E+00,1.666E-03,4.258E-03,1.014E-02,3.579E-02,2.046E+00,1.683E+00,-6.697E-01,8.704E+00,1.994E+00,3.142E+00,-4.505E-03,2.544E+00,2.474E+00,4.967E-02,4.520E+00,1.654E+00,-4.971E-01,7.646E+00,1.767E+00,3.142E+00,-2.046E-03,2.811E+00,2.775E+00,9.872E-02,3.526E+00,1.638E+00,-6.535E-01,1.007E+01,2.021E+00,3.142E+00,-3.369E-03,2.662E+00,2.607E+00,4.483E-02,5.888E+00
64,0.000E+00,0.000E+00,1.947E-02,0.000E+00,0.000E+00,2.214E-03,5.340E-03,1.089E-02,3.780E-02,2.206E+00,1.673E+00,-6.520E-01,7.439E+00,2.153E+00,3.142E+00,-5.706E-03,2.664E+00,2.570E+00,4.726E-02,4.681E+00,1.630E+00,-5.288E-01,9.191E+00,1.779E+00,3.142E+00,-1.616E-03,2.776E+00,2.747E+00,9.881E-02,3.524E+00,1.637E+00,-6.515E-01,9.697E+00,2.056E+00,3.142E+00,2.193E-03,2.536E+00,2.567E+00,4.511E-02,5.861E+00
65,0.000E+00,0.000E+00,2.000E-02,0.000E+00,0.000E+00,2.489E-03,5.881E-03,1.126E-02,3.880E-02,2.287E+00,1.672E+00,-6.431E-01,6.806E+00,2.233E+00,3.142E+00,-6.307E-03,2.724E+00,2.618E+00,4.605E-02,4.761E+00,1.621E+00,-5.446E-01,9.963E+00,1.785E+00,3.142E+00,-1.401E-03,2.758E+00,2.734E+00,9.885E-02,3.522E+00,1.637E+00,-6.505E-01,9.513E+00,2.073E+00,3.142E+00,4.974E-03,2.472E+00,2.547E+00,4.525E-02,5.848E+00
66,0.000E+00,0.000E+00,2.054E-02,0.000E+00,0.000E+00,2.763E-03,6.422E-03,1.164E-02,3.980E-02,2.367E+00,1.673E+00,-6.343E-01,6.173E+00,2.312E+00,3.142E+00,-6.907E-03,2.784E+00,2.666E+00,4.485E-02,4.841E+00,1.614E+00,-5.604E-01,1.074E+01,1.791E+00,3.142E+00,-1.186E-03,2.741E+00,2.720E+00,9.890E-02,3.521E+00,1.637E+00,-6.496E-01,9.329E+00,2.090E+00,3.142E+00,7.754E-03,2.409E+00,2.527E+00,4.539E-02,5.835E+00
67,0.000E+00,0.000E+00,2.211E-02,0.000E+00,0.000E+00,3.089E-03,7.148E-03,1.257E-02,4.296E-02,2.561E+00,1.630E+00,-6.925E-01,8.714E+00,2.315E+00,3.142E+00,-6.181E-03,2.746E+00,2.641E+00,4.503E-02,4.828E+00,1.585E+00,-5.809E-01,1.265E+01,1.822E+00,3.142E+00,-1.325E-03,2.735E+00,2.712E+00,9.858E-02,3.530E+00,1.618E+00,-6.984E-01,1.229E+01,2.046E+00,3.142E+00,6.771E-03,2.368E+00,2.468E+00,4.512E-02,5.860E+00
68,0.000E+00,0.000E+00,2.290E-02,0.000E+00,0.000E+00,3.253E-03,7.512E-03,1.303E-02,4.454E-02,2.659E+00,1.617E+00,-7.216E-01,9.984E+00,2.317E+00,3.142E+00,-5.818E-03,2.727E+00,2.629E+00,4.512E-02,4.822E+00,1.573E+00,-5.911E-01,1.361E+01,1.837E+00,3.142E+00,-1.394E-03,2.732E+00,2.708E+00,9.842E-02,3.535E+00,1.614E+00,-7.229E-01,1.377E+01,2.024E+00,3.142E+00,6.280E-03,2.347E+00,2.439E+00,4.499E-02,5.873E+00
69,0.000E+00,0.000E+00,2.369E-02,0.000E+00,0.000E+00,3.416E-03,7.875E-03,1.349E-02,4.612E-02,2.756E+00,1.608E+00,-7.508E-01,1.126E+01,2.319E+00,3.142E+00,-5.455E-03,2.707E+00,2.616E+00,4.521E-02,4.815E+00,1.563E+00,-6.014E-01,1.457E+01,1.853E+00,3.142E+00,-1.463E-03,2.730E+00,2.704E+00,9.826E-02,3.540E+00,1.614E+00,-7.473E-01,1.525E+01,2.003E+00,3.142E+00,5.788E-03,2.326E+00,2.409E+00,4.486E-02,5.885E+00
70,0.000E+00,0.000E+00,2.541E-02,0.000E+00,0.000E+00,3.997E-03,8.958E-03,1.461E-02,4.959E-02,2.989E+00,1.523E+00,-8.640E-01,2.931E+01,2.210E+00,3.142E+00,-4.349E-03,2.659E+00,2.587E+00,4.456E-02,4.862E+00,1.525E+00,-6.038E-01,1.570E+01,1.961E+00,3.142E+00,1.584E-03,2.647E+00,2.673E+00,9.804E-02,3.547E+00,1.547E+00,-7.784E-01,2.036E+01,2.148E+00,3.142E+00,4.151E-03,2.385E+00,2.446E+00,4.401E-02,5.969E+00
71,0.000E+00,0.000E+00,2.627E-02,0.000E+00,0.000E+00,4.287E-03,9.499E-03,1.516E-02,5.132E-02,3.105E+00,1.526E+00,-9.207E-01,3.834E+01,2.155E+00,3.142E+00,-3.797E-03,2.635E+00,2.573E+00,4.424E-02,4.886E+00,1.507E+00,-6.050E-01,1.627E+01,2.015E+00,3.142E+00,3.107E-03,2.606E+00,2.657E+00,9.793E-02,3.550E+00,1.521E+00,-7.939E-01,2.291E+01,2.220E+00,3.142E+00,3.332E-03,2.415E+00,2.464E+00,4.359E-02,6.011E+00
72,0.000E+00,0.000E+00,2.713E-02,0.000E+00,0.000E+00,4.577E-03,1.004E-02,1.572E-02,5.305E-02,3.221E+00,1.541E+00,-9.773E-01,4.736E+01,2.100E+00,3.142E+00,-3.244E-03,2.610E+00,2.558E+00,4.392E-02,4.909E+00,1.490E+00,-6.063E-01,1.683E+01,2.069E+00,3.142E+00,4.630E-03,2.565E+00,2.641E+00,9.782E-02,3.553E+00,1.497E+00,-8.095E-01,2.547E+01,2.293E+00,3.142E+00,2.513E-03,2.444E+00,2.483E+00,4.317E-02,6.053E+00
73,0.000E+00,0.000E+00,2.844E-02,0.000E+00,0.000E+00,5.072E-03,1.105E-02,1.669E-02,5.565E-02,3.408E+00,1.497E+00,-9.560E-01,4.412E+01,2.288E+00,3.142E+00,-1.534E-03,2.546E+00,2.521E+00,4.323E-02,4.962E+00,1.461E+00,-5.843E-01,1.553E+01,2.229E+00,3.142E+00,3.865E-03,2.564E+00,2.627E+00,9.690E-02,3.582E+00,1.472E+00,-8.087E-01,2.646E+01,2.388E+00,3.142E+00,2.193E-03,2.524E+00,2.558E+00,4.150E-02,6.234E+00
74,0.000E+00,0.000E+00,2.975E-02,0.000E+00,0.000E+00,5.567E-03,1.206E-02,1.766E-02,5.825E-02,3.594E+00,1.459E+00,-9.347E-01,4.088E+01,2.475E+00,3.142E+00,1.765E-04,2.482E+00,2.485E+00,4.254E-02,5.014E+00,1.436E+00,-5.624E-01,1.423E+01,2.389E+00,3.142E+00,3.100E-03,2.563E+00,2.613E+00,9.599E-02,3.610E+00,1.448E+00,-8.078E-01,2.745E+01,2.484E+00,3.142E+00,1.873E-03,2.603E+00,2.634E+00,3.984E-02,6.415E+00
75,0.000E+00,0.000E+00,3.118E-02,0.000E+00,0.000E+00,6.083E-03,1.297E-02,1.857E-02,6.108E-02,3.787E+00,1.410E+00,-9.198E-01,3.870E+01,2.755E+00,3.142E+00,-1.319E-04,2.517E+00,2.515E+00,4.125E-02,5.120E+00,1.424E+00,-5.635E-01,1.437E+01,2.460E+00,3.142E+00,3.407E-03,2.528E+00,2.582E+00,9.657E-02,3.592E+00,1.406E+00,-7.934E-01,2.775E+01,2.670E+00,3.142E+00,3.883E-03,2.476E+00,2.535E+00,3.952E-02,6.453E+00
76,0.000E+00,0.000E+00,3.261E-02,0.000E+00,0.000E+00,6.599E-03,1.387E-02,1.949E-02,6.390E-02,3.980E+00,1.367E+00,-9.050E-01,3.651E+01,3.035E+00,3.142E+00,-4.402E-04,2.552E+00,2.545E+00,3.996E-02,5.226E+00,1.411E+00,-5.647E-01,1.450E+01,2.531E+00,3.142E+00,3.714E-03,2.492E+00,2.550E+00,9.716E-02,3.574E+00,1.367E+00,-7.791E-01,2.804E+01,2.857E+00,3.142E+00,5.893E-03,2.350E+00,2.437E+00,3.920E-02,6.490E+00
77,0.000E+00,0.000E+00,3.361E-02,0.000E+00,0.000E+00,7.366E-03,1.506E-02,2.040E-02,6.625E-02,4.162E+00,1.322E+00,-8.855E-01,3.300E+01,3.411E+00,3.142E+00,2.681E-03,2.475E+00,2.515E+00,3.974E-02,5.244E+00,1.374E+00,-5.528E-01,1.448E+01,2.734E+00,3.142E+00,3.883E-03,2.454E+00,2.514E+00,9.587E-02,3.614E+00,1.317E+00,-7.719E-01,2.780E+01,3.202E+00,3.142E+00,4.681E-03,2.392E+00,2.461E+00,3.965E-02,6.438E+00
78,0.000E+00,0.000E+00,3.462E-02,0.000E+00,0.000E+00,8.134E-03,1.624E-02,2.132E-02,6.860E-02,4.344E+00,1.287E+00,-8.661E-01,2.949E+01,3.786E+00,3.142E+00,5.802E-03,2.399E+00,2.486E+00,3.953E-02,5.262E+00,1.339E+00,-5.410E-01,1.447E+01,2.938E+00,3.142E+00,4.052E-03,2.416E+00,2.477E+00,9.459E-02,3.654E+00,1.274E+00,-7.647E-01,2.756E+01,3.546E+00,3.142E+00,3.470E-03,2.434E+00,2.486E+00,4.009E-02,6.386E+00
79,0.000E+00,0.000E+00,3.504E-02,0.000E+00,0.000E+00,9.028E-03,1.798E-02,2.195E-02,6.964E-02,4.479E+00,1.241E+00,-8.717E-01,3.250E+01,4.114E+00,3.142E+00,3.976E-03,2.374E+00,2.433E+00,3.795E-02,5.409E+00,1.304E+00,-5.267E-01,1.364E+01,3.255E+00,3.142E+00,6.900E-03,2.347E+00,2.448E+00,9.415E-02,3.669E+00,1.251E+00,-7.397E-01,2.420E+01,3.849E+00,3.142E+00,7.400E-03,2.297E+00,2.400E+00,3.829E-02,6.609E+00
80,0.000E+00,0.000E+00,3.546E-02,0.000E+00,0.000E+00,9.922E-03,1.972E-02,2.259E-02,7.067E-02,4.615E+00,1.200E+00,-8.773E-01,3.551E+01,4.442E+00,3.142E+00,2.149E-03,2.349E+00,2.380E+00,3.636E-02,5.556E+00,1.275E+00,-5.125E-01,1.282E+01,3.572E+00,3.142E+00,9.748E-03,2.278E+00,2.418E+00,9.371E-02,3.683E+00,1.236E+00,-7.148E-01,2.084E+01,4.151E+00,3.142E+00,1.133E-02,2.160E+00,2.313E+00,3.649E-02,6.832E+00
81,0.000E+00,0.000E+00,3.457E-02,0.000E+00,0.000E+00,1.091E-02,2.092E-02,2.269E-02,6.960E-02,4.626E+00,1.136E+00,-8.680E-01,3.377E+01,5.303E+00,3.142E+00,2.609E-02,2.034E+00,2.355E+00,3.444E-02,5.762E+00,1.230E+00,-5.055E-01,1.277E+01,4.026E+00,3.142E+00,1.591E-02,2.107E+00,2.314E+00,9.158E-02,3.755E+00,1.168E+00,-7.202E-01,2.260E+01,4.841E+00,3.142E+00,1.467E-02,2.100E+00,2.294E+00,3.592E-02,6.910E+00
82,0.000E+00,0.000E+00,3.368E-02,0.000E+00,0.000E+00,1.190E-02,2.213E-02,2.280E-02,6.853E-02,4.637E+00,1.087E+00,-8.588E-01,3.203E+01,6.164E+00,3.142E+00,5.003E-02,1.718E+00,2.330E+00,3.252E-02,5.968E+00,1.191E+00,-4.985E-01,1.272E+01,4.480E+00,3.142E+00,2.207E-02,1.936E+00,2.211E+00,8.946E-02,3.828E+00,1.111E+00,-7.256E-01,2.437E+01,5.531E+00,3.142E+00,1.800E-02,2.041E+00,2.275E+00,3.535E-02,6.988E+00
83,0.000E+00,0.000E+00,3.007E-02,0.000E+00,0.000E+00,1.156E-02,2.086E-02,2.078E-02,6.187E-02,4.232E+00,1.037E+00,-8.392E-01,2.987E+01,7.243E+00,3.142E+00,6.952E-02,1.530E+00,2.326E+00,3.045E-02,6.232E+00,1.140E+00,-4.790E-01,1.175E+01,5.366E+00,3.142E+00,5.554E-02,1.567E+00,2.135E+00,8.708E-02,3.916E+00,1.075E+00,-7.101E-01,2.108E+01,6.531E+00,3.142E+00,5.351E-02,1.615E+00,2.147E+00,3.282E-02,7.389E+00
84,0.000E+00,0.000E+00,2.647E-02,0.000E+00,0.000E+00,1.122E-02,1.959E-02,1.877E-02,5.520E-02,3.828E+00,9.981E-01,-8.196E-01,2.770E+01,8.322E+00,3.142E+00,8.901E-02,1.341E+00,2.321E+00,2.839E-02,6.497E+00,1.104E+00,-4.595E-01,1.078E+01,6.253E+00,3.142E+00,8.901E-02,1.198E+00,2.060E+00,8.471E-02,4.005E+00,1.057E+00,-6.945E-01,1.779E+01,7.531E+00,3.142E+00,8.901E-02,1.190E+00,2.019E+00,3.028E-02,7.790E+00
85,0.000E+00,0.000E+00,1.857E-02,0.000E+00,0.000E+00,8.196E-03,1.408E-02,1.330E-02,3.893E-02,2.716E+00,1.028E+00,-8.131E-01,2.391E+01,8.111E+00,3.142E+00,8.901E-02,1.241E+00,2.131E+00,2.389E-02,7.327E+00,1.113E+00,-4.411E-01,9.518E+00,6.461E+00,3.142E+00,8.901E-02,1.075E+00,1.834E+00,8.066E-02,4.177E+00,1.081E+00,-6.933E-01,1.672E+01,7.208E+00,3.142E+00,8.901E-02,1.085E+00,1.838E+00,2.659E-02,8.604E+00
86,0.000E+00,0.000E+00,1.067E-02,0.000E+00,0.000E+00,5.175E-03,8.570E-03,7.825E-03,2.266E-02,1.604E+00,1.064E+00,-8.065E-01,2.013E+01,7.901E+00,3.142E+00,8.901E-02,1.140E+00,1.942E+00,1.940E-02,8.158E+00,1.129E+00,-4.226E-01,8.251E+00,6.669E+00,3.142E+00,8.901E-02,9.528E-01,1.608E+00,7.660E-02,4.350E+00,1.108E+00,-6.921E-01,1.564E+01,6.885E+00,3.142E+00,8.901E-02,9.796E-01,1.657E+00,2.290E-02,9.418E+00
87,0.000E+00,0.000E+00,5.342E-03,0.000E+00,0.000E+00,2.634E-03,4.382E-03,3.951E-03,1.143E-02,8.090E-01,8.696E-01,-9.181E-01,3.803E+01,1.240E+01,3.142E+00,8.901E-02,1.135E+00,1.928E+00,1.558E-02,9.441E+00,1.191E+00,-5.485E-01,1.054E+01,5.552E+00,3.142E+00,8.900E-02,8.064E-01,1.375E+00,7.385E-02,4.487E+00,1.026E+00,-7.793E-01,2.149E+01,8.321E+00,3.142E+00,-2.734E-01,1.016E+01,1.169E+00,1.972E-02,1.053E+01
88,0.000E+00,0.000E+00,1.367E-05,0.000E+00,0.000E+00,9.375E-05,1.934E-04,7.715E-05,2.070E-04,1.413E-02,7.699E-01,-1.030E+00,5.593E+01,1.689E+01,3.142E+00,8.901E-02,1.129E+00,1.915E+00,1.177E-02,1.072E+01,1.286E+00,-6.744E-01,1.282E+01,4.435E+00,3.142E+00,8.900E-02,6.601E-01,1.143E+00,7.110E-02,4.623E+00,9.700E-01,-8.666E-01,2.734E+01,9.756E+00,3.142E+00,-6.359E-01,1.934E+01,6.806E-01,1.653E-02,1.164E+01
89,0.000E+00,0.000E+00,0.000E+00,0.000E+00,0.000E+00,0.000E+00,1.953E-06,9.766E-07,0.000E+00,1.000E-03,3.142E+00,0.000E+00,0.000E+00,0.000E+00,0.000E+00,0.000E+00,0.000E+00,0.000E+00,0.000E+00,0.000E+00,3.142E+00,0.000E+00,0.000E+00,0.000E+00,0.000E+00,0.000E+00,0.000E+00,0.000E+00,0.000E+00,0.000E+00,3.142E+00,0.000E+00,0.000E+00,0.000E+00,0.000E+00,0.000E+00,0.000E+00,0.000E+00,0.000E+00,0.000E+00
