alpha,H,He,K,Al,Si,O,K_1,O_1,Si_2,O_2,Al_3,O_3,amu/ion,phiK_Al,phiTilt_Al,phiM_Al,phiN_Al,thetaK_Al,thetaTilt_Al,thetaM_Al,thetaN_Al,energyK_Al,energyE_Al,phiK_K,phiTilt_K,phiM_K,phiN_K,thetaK_K,thetaTilt_K,thetaM_K,thetaN_K,energyK_K,energyE_K,phiK_O,phiTilt_O,phiM_O,phiN_O,thetaK_O,thetaTilt_O,thetaM_O,thetaN_O,energyK_O,energyE_O,phiK_Si,phiTilt_Si,phiM_Si,phiN_Si,thetaK_Si,thetaTilt_Si,thetaM_Si,thetaN_Si,energyK_Si,energyE_Si
0,0.000E+00,0.000E+00,1.090E-03,0.000E+00,1.961E-03,0.000E+00,0.000E+00,0.000E+00,1.256E-03,5.558E-03,1.138E-03,2.647E-03,2.947E-01,1.841E+00,-4.726E-02,1.691E+00,1.173E+00,3.142E+00,-4.567E-03,2.442E+00,2.375E+00,7.073E-02,4.212E+00,1.826E+00,2.576E-02,1.265E+00,1.384E+00,3.142E+00,-6.303E-03,2.649E+00,2.548E+00,3.414E-01,1.086E+00,1.754E+00,-1.509E-02,1.623E+00,1.437E+00,3.142E+00,-2.809E-03,2.602E+00,2.557E+00,1.127E-01,3.155E+00,1.799E+00,9.094E-03,1.243E+00,1.538E+00,3.142E+00,-3.087E-03,2.352E+00,2.309E+00,6.005E-02,4.735E+00
1,0.000E+00,0.000E+00,1.090E-03,0.000E+00,1.959E-03,0.000E+00,0.000E+00,0.000E+00,1.271E-03,5.596E-03,1.133E-03,2.668E-03,2.960E-01,1.824E+00,-4.287E-02,1.645E+00,1.251E+00,3.142E+00,-4.207E-03,2.456E+00,2.394E+00,7.071E-02,4.213E+00,1.780E+00,6.549E-03,1.405E+00,1.446E+00,3.142E+00,-5.265E-03,2.625E+00,2.540E+00,3.419E-01,1.084E+00,1.748E+00,-2.168E-02,1.643E+00,1.477E+00,3.142E+00,-2.978E-03,2.605E+00,2.557E+00,1.121E-01,3.169E+00,1.783E+00,2.786E-03,1.261E+00,1.594E+00,3.142E+00,-2.592E-03,2.342E+00,2.306E+00,5.996E-02,4.740E+00
2,0.000E+00,0.000E+00,1.090E-03,0.000E+00,1.958E-03,0.000E+00,0.000E+00,0.000E+00,1.286E-03,5.634E-03,1.129E-03,2.688E-03,2.973E-01,1.809E+00,-3.849E-02,1.599E+00,1.328E+00,3.142E+00,-3.847E-03,2.469E+00,2.412E+00,7.070E-02,4.214E+00,1.751E+00,-1.266E-02,1.545E+00,1.509E+00,3.142E+00,-4.227E-03,2.602E+00,2.533E+00,3.424E-01,1.083E+00,1.743E+00,-2.827E-02,1.664E+00,1.517E+00,3.142E+00,-3.147E-03,2.607E+00,2.557E+00,1.115E-01,3.183E+00,1.772E+00,-3.521E-03,1.280E+00,1.649E+00,3.142E+00,-2.097E-03,2.333E+00,2.303E+00,5.987E-02,4.746E+00
3,0.000E+00,0.000E+00,1.091E-03,0.000E+00,1.957E-03,0.000E+00,0.000E+00,0.000E+00,1.302E-03,5.672E-03,1.125E-03,2.708E-03,2.985E-01,1.795E+00,-3.410E-02,1.553E+00,1.405E+00,3.142E+00,-3.487E-03,2.482E+00,2.430E+00,7.068E-02,4.215E+00,1.732E+00,-3.188E-02,1.685E+00,1.572E+00,3.142E+00,-3.188E-03,2.578E+00,2.526E+00,3.429E-01,1.082E+00,1.738E+00,-3.485E-02,1.684E+00,1.556E+00,3.142E+00,-3.316E-03,2.610E+00,2.556E+00,1.110E-01,3.197E+00,1.764E+00,-9.829E-03,1.298E+00,1.704E+00,3.142E+00,-1.603E-03,2.323E+00,2.300E+00,5.978E-02,4.751E+00
4,0.000E+00,0.000E+00,1.091E-03,0.000E+00,1.956E-03,0.000E+00,0.000E+00,0.000E+00,1.309E-03,5.691E-03,1.123E-03,2.718E-03,2.991E-01,1.789E+00,-3.191E-02,1.530E+00,1.444E+00,3.142E+00,-3.307E-03,2.489E+00,2.440E+00,7.067E-02,4.215E+00,1.723E+00,-4.148E-02,1.755E+00,1.603E+00,3.142E+00,-2.669E-03,2.566E+00,2.522E+00,3.431E-01,1.081E+00,1.736E+00,-3.815E-02,1.695E+00,1.576E+00,3.142E+00,-3.401E-03,2.611E+00,2.556E+00,1.107E-01,3.205E+00,1.761E+00,-1.298E-02,1.308E+00,1.732E+00,3.142E+00,-1.355E-03,2.318E+00,2.299E+00,5.973E-02,4.754E+00
5,0.000E+00,0.000E+00,1.091E-03,0.000E+00,1.955E-03,0.000E+00,0.000E+00,0.000E+00,1.317E-03,5.710E-03,1.121E-03,2.728E-03,2.998E-01,1.783E+00,-2.971E-02,1.507E+00,1.482E+00,3.142E+00,-3.128E-03,2.496E+00,2.449E+00,7.066E-02,4.216E+00,1.714E+00,-5.109E-02,1.825E+00,1.634E+00,3.142E+00,-2.150E-03,2.554E+00,2.519E+00,3.434E-01,1.080E+00,1.733E+00,-4.144E-02,1.705E+00,1.596E+00,3.142E+00,-3.485E-03,2.612E+00,2.556E+00,1.104E-01,3.212E+00,1.757E+00,-1.614E-02,1.317E+00,1.760E+00,3.142E+00,-1.108E-03,2.313E+00,2.297E+00,5.969E-02,4.757E+00
6,0.000E+00,0.000E+00,1.091E-03,0.000E+00,1.954E-03,0.000E+00,0.000E+00,0.000E+00,1.332E-03,5.749E-03,1.116E-03,2.748E-03,3.010E-01,1.772E+00,-2.533E-02,1.461E+00,1.559E+00,3.142E+00,-2.768E-03,2.509E+00,2.467E+00,7.064E-02,4.216E+00,1.698E+00,-7.030E-02,1.965E+00,1.697E+00,3.142E+00,-1.112E-03,2.530E+00,2.511E+00,3.439E-01,1.079E+00,1.728E+00,-4.803E-02,1.726E+00,1.635E+00,3.142E+00,-3.654E-03,2.615E+00,2.556E+00,1.098E-01,3.226E+00,1.750E+00,-2.244E-02,1.335E+00,1.815E+00,3.142E+00,-6.132E-04,2.303E+00,2.294E+00,5.960E-02,4.762E+00
7,0.000E+00,0.000E+00,1.091E-03,0.000E+00,1.952E-03,0.000E+00,0.000E+00,0.000E+00,1.347E-03,5.787E-03,1.112E-03,2.768E-03,3.023E-01,1.762E+00,-2.094E-02,1.415E+00,1.637E+00,3.142E+00,-2.408E-03,2.522E+00,2.486E+00,7.063E-02,4.217E+00,1.684E+00,-8.951E-02,2.105E+00,1.759E+00,3.142E+00,-7.385E-05,2.507E+00,2.504E+00,3.444E-01,1.078E+00,1.724E+00,-5.461E-02,1.746E+00,1.675E+00,3.142E+00,-3.823E-03,2.617E+00,2.556E+00,1.092E-01,3.240E+00,1.743E+00,-2.875E-02,1.354E+00,1.870E+00,3.142E+00,-1.185E-04,2.293E+00,2.292E+00,5.951E-02,4.768E+00
8,0.000E+00,0.000E+00,1.092E-03,0.000E+00,1.951E-03,0.000E+00,0.000E+00,0.000E+00,1.363E-03,5.825E-03,1.108E-03,2.788E-03,3.036E-01,1.753E+00,-1.655E-02,1.369E+00,1.714E+00,3.142E+00,-2.048E-03,2.536E+00,2.504E+00,7.061E-02,4.218E+00,1.671E+00,-1.087E-01,2.245E+00,1.822E+00,3.142E+00,9.643E-04,2.483E+00,2.497E+00,3.449E-01,1.076E+00,1.719E+00,-6.120E-02,1.767E+00,1.715E+00,3.142E+00,-3.993E-03,2.620E+00,2.556E+00,1.086E-01,3.254E+00,1.736E+00,-3.506E-02,1.372E+00,1.925E+00,3.142E+00,3.762E-04,2.284E+00,2.289E+00,5.941E-02,4.773E+00
9,0.000E+00,0.000E+00,1.092E-03,0.000E+00,1.950E-03,0.000E+00,0.000E+00,0.000E+00,1.370E-03,5.844E-03,1.106E-03,2.799E-03,3.042E-01,1.749E+00,-1.436E-02,1.346E+00,1.753E+00,3.142E+00,-1.868E-03,2.542E+00,2.513E+00,7.060E-02,4.218E+00,1.665E+00,-1.183E-01,2.315E+00,1.853E+00,3.142E+00,1.483E-03,2.471E+00,2.493E+00,3.451E-01,1.076E+00,1.717E+00,-6.450E-02,1.777E+00,1.734E+00,3.142E+00,-4.077E-03,2.621E+00,2.556E+00,1.083E-01,3.262E+00,1.733E+00,-3.821E-02,1.381E+00,1.953E+00,3.142E+00,6.235E-04,2.279E+00,2.287E+00,5.937E-02,4.776E+00
10,0.000E+00,0.000E+00,1.092E-03,0.000E+00,1.949E-03,0.000E+00,0.000E+00,0.000E+00,1.378E-03,5.863E-03,1.104E-03,2.809E-03,3.048E-01,1.746E+00,-1.217E-02,1.323E+00,1.791E+00,3.142E+00,-1.688E-03,2.549E+00,2.523E+00,7.059E-02,4.219E+00,1.659E+00,-1.279E-01,2.385E+00,1.885E+00,3.142E+00,2.002E-03,2.459E+00,2.490E+00,3.453E-01,1.075E+00,1.715E+00,-6.779E-02,1.788E+00,1.754E+00,3.142E+00,-4.162E-03,2.622E+00,2.555E+00,1.081E-01,3.269E+00,1.729E+00,-4.137E-02,1.391E+00,1.981E+00,3.142E+00,8.709E-04,2.274E+00,2.286E+00,5.932E-02,4.779E+00
11,0.000E+00,0.000E+00,1.106E-03,0.000E+00,1.994E-03,0.000E+00,0.000E+00,0.000E+00,1.411E-03,6.025E-03,1.125E-03,2.838E-03,3.112E-01,1.757E+00,-2.199E-02,1.320E+00,1.793E+00,3.142E+00,-2.164E-03,2.549E+00,2.515E+00,7.133E-02,4.187E+00,1.666E+00,-1.385E-01,2.432E+00,1.867E+00,3.142E+00,1.885E-03,2.486E+00,2.515E+00,3.435E-01,1.080E+00,1.714E+00,-8.522E-02,1.896E+00,1.750E+00,3.142E+00,-3.837E-03,2.621E+00,2.559E+00,1.078E-01,3.276E+00,1.738E+00,-6.664E-02,1.537E+00,1.889E+00,3.142E+00,3.990E-04,2.286E+00,2.292E+00,5.940E-02,4.774E+00
12,0.000E+00,0.000E+00,1.121E-03,0.000E+00,2.040E-03,0.000E+00,0.000E+00,0.000E+00,1.445E-03,6.187E-03,1.146E-03,2.867E-03,3.175E-01,1.767E+00,-3.181E-02,1.317E+00,1.795E+00,3.142E+00,-2.639E-03,2.548E+00,2.507E+00,7.207E-02,4.155E+00,1.672E+00,-1.491E-01,2.480E+00,1.850E+00,3.142E+00,1.768E-03,2.514E+00,2.541E+00,3.416E-01,1.086E+00,1.714E+00,-1.026E-01,2.005E+00,1.746E+00,3.142E+00,-3.512E-03,2.619E+00,2.563E+00,1.075E-01,3.283E+00,1.750E+00,-9.192E-02,1.683E+00,1.797E+00,3.142E+00,-7.296E-05,2.298E+00,2.297E+00,5.948E-02,4.769E+00
13,0.000E+00,0.000E+00,1.135E-03,0.000E+00,2.085E-03,0.000E+00,0.000E+00,0.000E+00,1.478E-03,6.348E-03,1.168E-03,2.896E-03,3.239E-01,1.778E+00,-4.164E-02,1.314E+00,1.796E+00,3.142E+00,-3.115E-03,2.548E+00,2.499E+00,7.280E-02,4.123E+00,1.679E+00,-1.597E-01,2.528E+00,1.833E+00,3.142E+00,1.651E-03,2.541E+00,2.567E+00,3.397E-01,1.091E+00,1.715E+00,-1.201E-01,2.113E+00,1.742E+00,3.142E+00,-3.187E-03,2.617E+00,2.566E+00,1.072E-01,3.291E+00,1.765E+00,-1.172E-01,1.828E+00,1.706E+00,3.142E+00,-5.449E-04,2.311E+00,2.303E+00,5.956E-02,4.764E+00
14,0.000E+00,0.000E+00,1.142E-03,0.000E+00,2.107E-03,0.000E+00,0.000E+00,0.000E+00,1.495E-03,6.429E-03,1.179E-03,2.911E-03,3.270E-01,1.783E+00,-4.655E-02,1.313E+00,1.797E+00,3.142E+00,-3.352E-03,2.548E+00,2.495E+00,7.317E-02,4.107E+00,1.683E+00,-1.650E-01,2.552E+00,1.824E+00,3.142E+00,1.592E-03,2.555E+00,2.580E+00,3.388E-01,1.093E+00,1.716E+00,-1.288E-01,2.168E+00,1.740E+00,3.142E+00,-3.024E-03,2.616E+00,2.568E+00,1.071E-01,3.294E+00,1.773E+00,-1.298E-01,1.901E+00,1.660E+00,3.142E+00,-7.808E-04,2.317E+00,2.305E+00,5.960E-02,4.762E+00
15,0.000E+00,0.000E+00,1.149E-03,0.000E+00,2.130E-03,0.000E+00,0.000E+00,0.000E+00,1.512E-03,6.510E-03,1.189E-03,2.925E-03,3.302E-01,1.788E+00,-5.146E-02,1.311E+00,1.798E+00,3.142E+00,-3.590E-03,2.547E+00,2.492E+00,7.354E-02,4.091E+00,1.686E+00,-1.703E-01,2.575E+00,1.815E+00,3.142E+00,1.534E-03,2.568E+00,2.593E+00,3.379E-01,1.096E+00,1.717E+00,-1.375E-01,2.222E+00,1.738E+00,3.142E+00,-2.862E-03,2.616E+00,2.570E+00,1.069E-01,3.298E+00,1.783E+00,-1.425E-01,1.974E+00,1.614E+00,3.142E+00,-1.017E-03,2.323E+00,2.308E+00,5.964E-02,4.760E+00
16,0.000E+00,0.000E+00,1.164E-03,0.000E+00,2.175E-03,0.000E+00,0.000E+00,0.000E+00,1.545E-03,6.671E-03,1.211E-03,2.954E-03,3.366E-01,1.799E+00,-6.128E-02,1.309E+00,1.800E+00,3.142E+00,-4.066E-03,2.547E+00,2.484E+00,7.428E-02,4.059E+00,1.693E+00,-1.808E-01,2.623E+00,1.798E+00,3.142E+00,1.416E-03,2.596E+00,2.618E+00,3.360E-01,1.101E+00,1.719E+00,-1.549E-01,2.330E+00,1.734E+00,3.142E+00,-2.537E-03,2.614E+00,2.573E+00,1.066E-01,3.306E+00,1.804E+00,-1.677E-01,2.120E+00,1.522E+00,3.142E+00,-1.489E-03,2.335E+00,2.314E+00,5.972E-02,4.755E+00
17,0.000E+00,0.000E+00,1.178E-03,0.000E+00,2.220E-03,0.000E+00,0.000E+00,0.000E+00,1.579E-03,6.833E-03,1.232E-03,2.984E-03,3.429E-01,1.809E+00,-7.110E-02,1.306E+00,1.801E+00,3.142E+00,-4.541E-03,2.546E+00,2.476E+00,7.501E-02,4.027E+00,1.700E+00,-1.914E-01,2.671E+00,1.781E+00,3.142E+00,1.299E-03,2.623E+00,2.644E+00,3.341E-01,1.106E+00,1.721E+00,-1.724E-01,2.439E+00,1.730E+00,3.142E+00,-2.212E-03,2.612E+00,2.577E+00,1.064E-01,3.313E+00,1.828E+00,-1.930E-01,2.266E+00,1.431E+00,3.142E+00,-1.961E-03,2.348E+00,2.319E+00,5.980E-02,4.750E+00
18,0.000E+00,0.000E+00,1.193E-03,0.000E+00,2.265E-03,0.000E+00,0.000E+00,0.000E+00,1.612E-03,6.995E-03,1.254E-03,3.013E-03,3.492E-01,1.818E+00,-8.093E-02,1.303E+00,1.803E+00,3.142E+00,-5.016E-03,2.546E+00,2.468E+00,7.575E-02,3.995E+00,1.707E+00,-2.020E-01,2.718E+00,1.763E+00,3.142E+00,1.182E-03,2.651E+00,2.670E+00,3.323E-01,1.112E+00,1.724E+00,-1.898E-01,2.548E+00,1.725E+00,3.142E+00,-1.887E-03,2.611E+00,2.580E+00,1.061E-01,3.320E+00,1.854E+00,-2.183E-01,2.412E+00,1.339E+00,3.142E+00,-2.433E-03,2.360E+00,2.325E+00,5.988E-02,4.745E+00
19,0.000E+00,0.000E+00,1.200E-03,0.000E+00,2.288E-03,0.000E+00,0.000E+00,0.000E+00,1.629E-03,7.075E-03,1.265E-03,3.027E-03,3.524E-01,1.823E+00,-8.584E-02,1.301E+00,1.804E+00,3.142E+00,-5.254E-03,2.546E+00,2.464E+00,7.612E-02,3.979E+00,1.711E+00,-2.073E-01,2.742E+00,1.755E+00,3.142E+00,1.123E-03,2.664E+00,2.683E+00,3.313E-01,1.114E+00,1.726E+00,-1.985E-01,2.602E+00,1.723E+00,3.142E+00,-1.724E-03,2.610E+00,2.582E+00,1.059E-01,3.324E+00,1.869E+00,-2.309E-01,2.485E+00,1.293E+00,3.142E+00,-2.668E-03,2.366E+00,2.328E+00,5.992E-02,4.743E+00
20,0.000E+00,0.000E+00,1.207E-03,0.000E+00,2.311E-03,0.000E+00,0.000E+00,0.000E+00,1.646E-03,7.156E-03,1.275E-03,3.042E-03,3.556E-01,1.828E+00,-9.075E-02,1.300E+00,1.805E+00,3.142E+00,-5.492E-03,2.546E+00,2.461E+00,7.649E-02,3.963E+00,1.715E+00,-2.126E-01,2.766E+00,1.746E+00,3.142E+00,1.065E-03,2.678E+00,2.696E+00,3.304E-01,1.117E+00,1.727E+00,-2.072E-01,2.656E+00,1.721E+00,3.142E+00,-1.562E-03,2.609E+00,2.584E+00,1.058E-01,3.328E+00,1.884E+00,-2.436E-01,2.558E+00,1.247E+00,3.142E+00,-2.904E-03,2.372E+00,2.331E+00,5.996E-02,4.740E+00
21,0.000E+00,0.000E+00,1.265E-03,0.000E+00,2.374E-03,0.000E+00,0.000E+00,0.000E+00,1.704E-03,7.391E-03,1.315E-03,3.149E-03,3.679E-01,1.793E+00,-1.263E-01,1.613E+00,1.805E+00,3.142E+00,-5.321E-03,2.553E+00,2.471E+00,7.531E-02,4.016E+00,1.717E+00,-2.166E-01,2.757E+00,1.756E+00,3.142E+00,1.438E-03,2.648E+00,2.671E+00,3.278E-01,1.125E+00,1.729E+00,-2.211E-01,2.754E+00,1.718E+00,3.142E+00,-1.593E-03,2.607E+00,2.581E+00,1.053E-01,3.342E+00,1.873E+00,-2.491E-01,2.553E+00,1.306E+00,3.142E+00,-3.577E-03,2.389E+00,2.337E+00,5.939E-02,4.777E+00
22,0.000E+00,0.000E+00,1.323E-03,0.000E+00,2.437E-03,0.000E+00,0.000E+00,0.000E+00,1.762E-03,7.626E-03,1.355E-03,3.256E-03,3.802E-01,1.769E+00,-1.619E-01,1.926E+00,1.806E+00,3.142E+00,-5.151E-03,2.561E+00,2.481E+00,7.414E-02,4.069E+00,1.720E+00,-2.205E-01,2.747E+00,1.766E+00,3.142E+00,1.811E-03,2.617E+00,2.646E+00,3.253E-01,1.133E+00,1.731E+00,-2.350E-01,2.851E+00,1.715E+00,3.142E+00,-1.623E-03,2.605E+00,2.579E+00,1.047E-01,3.356E+00,1.862E+00,-2.547E-01,2.547E+00,1.364E+00,3.142E+00,-4.250E-03,2.406E+00,2.343E+00,5.882E-02,4.813E+00
23,0.000E+00,0.000E+00,1.382E-03,0.000E+00,2.500E-03,0.000E+00,0.000E+00,0.000E+00,1.820E-03,7.860E-03,1.395E-03,3.363E-03,3.925E-01,1.754E+00,-1.975E-01,2.239E+00,1.806E+00,3.142E+00,-4.980E-03,2.568E+00,2.491E+00,7.297E-02,4.122E+00,1.722E+00,-2.245E-01,2.737E+00,1.776E+00,3.142E+00,2.184E-03,2.587E+00,2.621E+00,3.227E-01,1.141E+00,1.733E+00,-2.489E-01,2.948E+00,1.712E+00,3.142E+00,-1.654E-03,2.603E+00,2.576E+00,1.042E-01,3.371E+00,1.852E+00,-2.603E-01,2.542E+00,1.423E+00,3.142E+00,-4.922E-03,2.422E+00,2.350E+00,5.825E-02,4.850E+00
24,0.000E+00,0.000E+00,1.411E-03,0.000E+00,2.532E-03,0.000E+00,0.000E+00,0.000E+00,1.849E-03,7.978E-03,1.415E-03,3.416E-03,3.986E-01,1.748E+00,-2.153E-01,2.396E+00,1.806E+00,3.142E+00,-4.895E-03,2.572E+00,2.496E+00,7.238E-02,4.149E+00,1.723E+00,-2.265E-01,2.732E+00,1.781E+00,3.142E+00,2.371E-03,2.572E+00,2.609E+00,3.214E-01,1.145E+00,1.734E+00,-2.558E-01,2.997E+00,1.710E+00,3.142E+00,-1.669E-03,2.602E+00,2.575E+00,1.040E-01,3.378E+00,1.847E+00,-2.631E-01,2.539E+00,1.453E+00,3.142E+00,-5.259E-03,2.431E+00,2.353E+00,5.796E-02,4.868E+00
25,0.000E+00,0.000E+00,1.440E-03,0.000E+00,2.563E-03,0.000E+00,0.000E+00,0.000E+00,1.878E-03,8.095E-03,1.435E-03,3.470E-03,4.048E-01,1.744E+00,-2.331E-01,2.553E+00,1.807E+00,3.142E+00,-4.810E-03,2.576E+00,2.501E+00,7.180E-02,4.175E+00,1.724E+00,-2.285E-01,2.728E+00,1.786E+00,3.142E+00,2.557E-03,2.557E+00,2.596E+00,3.202E-01,1.149E+00,1.736E+00,-2.627E-01,3.046E+00,1.709E+00,3.142E+00,-1.684E-03,2.601E+00,2.574E+00,1.037E-01,3.385E+00,1.843E+00,-2.659E-01,2.536E+00,1.482E+00,3.142E+00,-5.595E-03,2.439E+00,2.356E+00,5.768E-02,4.886E+00
26,0.000E+00,0.000E+00,1.498E-03,0.000E+00,2.627E-03,0.000E+00,0.000E+00,0.000E+00,1.937E-03,8.330E-03,1.474E-03,3.577E-03,4.171E-01,1.738E+00,-2.687E-01,2.866E+00,1.807E+00,3.142E+00,-4.640E-03,2.584E+00,2.511E+00,7.063E-02,4.228E+00,1.727E+00,-2.325E-01,2.718E+00,1.796E+00,3.142E+00,2.930E-03,2.526E+00,2.571E+00,3.176E-01,1.156E+00,1.738E+00,-2.766E-01,3.143E+00,1.706E+00,3.142E+00,-1.715E-03,2.599E+00,2.571E+00,1.032E-01,3.399E+00,1.834E+00,-2.714E-01,2.531E+00,1.541E+00,3.142E+00,-6.268E-03,2.456E+00,2.363E+00,5.711E-02,4.923E+00
27,0.000E+00,0.000E+00,1.556E-03,0.000E+00,2.690E-03,0.000E+00,0.000E+00,0.000E+00,1.995E-03,8.565E-03,1.514E-03,3.684E-03,4.294E-01,1.735E+00,-3.043E-01,3.179E+00,1.808E+00,3.142E+00,-4.469E-03,2.591E+00,2.521E+00,6.945E-02,4.281E+00,1.729E+00,-2.365E-01,2.708E+00,1.807E+00,3.142E+00,3.304E-03,2.496E+00,2.546E+00,3.150E-01,1.164E+00,1.741E+00,-2.905E-01,3.240E+00,1.703E+00,3.142E+00,-1.746E-03,2.597E+00,2.569E+00,1.026E-01,3.414E+00,1.825E+00,-2.770E-01,2.525E+00,1.599E+00,3.142E+00,-6.941E-03,2.472E+00,2.369E+00,5.653E-02,4.960E+00
28,0.000E+00,0.000E+00,1.615E-03,0.000E+00,2.753E-03,0.000E+00,0.000E+00,0.000E+00,2.053E-03,8.799E-03,1.554E-03,3.791E-03,4.417E-01,1.735E+00,-3.398E-01,3.492E+00,1.808E+00,3.142E+00,-4.299E-03,2.599E+00,2.531E+00,6.828E-02,4.334E+00,1.731E+00,-2.405E-01,2.699E+00,1.817E+00,3.142E+00,3.677E-03,2.466E+00,2.521E+00,3.125E-01,1.172E+00,1.744E+00,-3.044E-01,3.338E+00,1.699E+00,3.142E+00,-1.776E-03,2.595E+00,2.566E+00,1.021E-01,3.428E+00,1.816E+00,-2.826E-01,2.520E+00,1.658E+00,3.142E+00,-7.613E-03,2.489E+00,2.376E+00,5.596E-02,4.996E+00
29,0.000E+00,0.000E+00,1.644E-03,0.000E+00,2.785E-03,0.000E+00,0.000E+00,0.000E+00,2.082E-03,8.917E-03,1.574E-03,3.844E-03,4.478E-01,1.736E+00,-3.576E-01,3.649E+00,1.809E+00,3.142E+00,-4.214E-03,2.603E+00,2.536E+00,6.770E-02,4.361E+00,1.732E+00,-2.425E-01,2.694E+00,1.822E+00,3.142E+00,3.863E-03,2.450E+00,2.509E+00,3.112E-01,1.176E+00,1.746E+00,-3.113E-01,3.386E+00,1.698E+00,3.142E+00,-1.791E-03,2.594E+00,2.565E+00,1.019E-01,3.435E+00,1.812E+00,-2.854E-01,2.517E+00,1.687E+00,3.142E+00,-7.950E-03,2.497E+00,2.379E+00,5.568E-02,5.014E+00
30,0.000E+00,0.000E+00,1.673E-03,0.000E+00,2.816E-03,0.000E+00,0.000E+00,0.000E+00,2.111E-03,9.034E-03,1.594E-03,3.897E-03,4.539E-01,1.737E+00,-3.754E-01,3.805E+00,1.809E+00,3.142E+00,-4.128E-03,2.606E+00,2.540E+00,6.711E-02,4.387E+00,1.733E+00,-2.445E-01,2.689E+00,1.827E+00,3.142E+00,4.050E-03,2.435E+00,2.497E+00,3.099E-01,1.180E+00,1.748E+00,-3.183E-01,3.435E+00,1.696E+00,3.142E+00,-1.807E-03,2.593E+00,2.564E+00,1.016E-01,3.442E+00,1.808E+00,-2.882E-01,2.515E+00,1.717E+00,3.142E+00,-8.286E-03,2.506E+00,2.382E+00,5.539E-02,5.033E+00
31,0.000E+00,0.000E+00,1.792E-03,0.000E+00,2.996E-03,0.000E+00,0.000E+00,0.000E+00,2.316E-03,9.782E-03,1.720E-03,4.153E-03,4.889E-01,1.716E+00,-4.056E-01,4.526E+00,1.793E+00,3.142E+00,-3.611E-03,2.595E+00,2.537E+00,6.699E-02,4.393E+00,1.708E+00,-2.773E-01,3.267E+00,1.799E+00,3.142E+00,3.050E-03,2.471E+00,2.516E+00,3.078E-01,1.187E+00,1.739E+00,-3.295E-01,3.594E+00,1.715E+00,3.142E+00,-1.606E-03,2.593E+00,2.567E+00,1.013E-01,3.452E+00,1.794E+00,-3.261E-01,2.984E+00,1.692E+00,3.142E+00,-7.900E-03,2.501E+00,2.383E+00,5.523E-02,5.044E+00
32,0.000E+00,0.000E+00,1.852E-03,0.000E+00,3.086E-03,0.000E+00,0.000E+00,0.000E+00,2.419E-03,1.016E-02,1.784E-03,4.280E-03,5.064E-01,1.708E+00,-4.207E-01,4.886E+00,1.785E+00,3.142E+00,-3.352E-03,2.589E+00,2.535E+00,6.693E-02,4.396E+00,1.700E+00,-2.937E-01,3.556E+00,1.786E+00,3.142E+00,2.549E-03,2.489E+00,2.526E+00,3.067E-01,1.191E+00,1.736E+00,-3.351E-01,3.674E+00,1.724E+00,3.142E+00,-1.506E-03,2.593E+00,2.569E+00,1.011E-01,3.458E+00,1.789E+00,-3.451E-01,3.219E+00,1.680E+00,3.142E+00,-7.707E-03,2.499E+00,2.384E+00,5.515E-02,5.049E+00
33,0.000E+00,0.000E+00,1.912E-03,0.000E+00,3.176E-03,0.000E+00,0.000E+00,0.000E+00,2.521E-03,1.053E-02,1.847E-03,4.408E-03,5.239E-01,1.702E+00,-4.358E-01,5.246E+00,1.777E+00,3.142E+00,-3.093E-03,2.583E+00,2.534E+00,6.687E-02,4.399E+00,1.693E+00,-3.101E-01,3.845E+00,1.772E+00,3.142E+00,2.049E-03,2.506E+00,2.536E+00,3.056E-01,1.195E+00,1.732E+00,-3.407E-01,3.754E+00,1.734E+00,3.142E+00,-1.406E-03,2.594E+00,2.571E+00,1.009E-01,3.463E+00,1.786E+00,-3.640E-01,3.453E+00,1.668E+00,3.142E+00,-7.514E-03,2.497E+00,2.385E+00,5.507E-02,5.055E+00
34,0.000E+00,0.000E+00,1.972E-03,0.000E+00,3.265E-03,0.000E+00,0.000E+00,0.000E+00,2.624E-03,1.090E-02,1.911E-03,4.536E-03,5.414E-01,1.698E+00,-4.509E-01,5.606E+00,1.769E+00,3.142E+00,-2.835E-03,2.577E+00,2.532E+00,6.681E-02,4.402E+00,1.689E+00,-3.265E-01,4.135E+00,1.758E+00,3.142E+00,1.549E-03,2.524E+00,2.545E+00,3.046E-01,1.198E+00,1.728E+00,-3.463E-01,3.833E+00,1.743E+00,3.142E+00,-1.306E-03,2.594E+00,2.573E+00,1.007E-01,3.468E+00,1.785E+00,-3.830E-01,3.688E+00,1.656E+00,3.142E+00,-7.322E-03,2.495E+00,2.386E+00,5.499E-02,5.061E+00
35,0.000E+00,0.000E+00,2.032E-03,0.000E+00,3.355E-03,0.000E+00,0.000E+00,0.000E+00,2.727E-03,1.128E-02,1.974E-03,4.663E-03,5.589E-01,1.694E+00,-4.659E-01,5.966E+00,1.761E+00,3.142E+00,-2.576E-03,2.572E+00,2.530E+00,6.675E-02,4.405E+00,1.686E+00,-3.429E-01,4.424E+00,1.744E+00,3.142E+00,1.049E-03,2.542E+00,2.555E+00,3.035E-01,1.202E+00,1.725E+00,-3.519E-01,3.913E+00,1.753E+00,3.142E+00,-1.206E-03,2.594E+00,2.575E+00,1.006E-01,3.473E+00,1.785E+00,-4.020E-01,3.923E+00,1.644E+00,3.142E+00,-7.129E-03,2.493E+00,2.386E+00,5.491E-02,5.066E+00
36,0.000E+00,0.000E+00,2.092E-03,0.000E+00,3.445E-03,0.000E+00,0.000E+00,0.000E+00,2.829E-03,1.165E-02,2.037E-03,4.791E-03,5.763E-01,1.692E+00,-4.810E-01,6.327E+00,1.753E+00,3.142E+00,-2.317E-03,2.566E+00,2.529E+00,6.669E-02,4.408E+00,1.684E+00,-3.593E-01,4.713E+00,1.730E+00,3.142E+00,5.488E-04,2.560E+00,2.565E+00,3.024E-01,1.206E+00,1.721E+00,-3.576E-01,3.993E+00,1.762E+00,3.142E+00,-1.106E-03,2.594E+00,2.576E+00,1.004E-01,3.478E+00,1.786E+00,-4.210E-01,4.157E+00,1.631E+00,3.142E+00,-6.936E-03,2.491E+00,2.387E+00,5.483E-02,5.072E+00
37,0.000E+00,0.000E+00,2.151E-03,0.000E+00,3.535E-03,0.000E+00,0.000E+00,0.000E+00,2.932E-03,1.202E-02,2.101E-03,4.918E-03,5.938E-01,1.691E+00,-4.961E-01,6.687E+00,1.745E+00,3.142E+00,-2.058E-03,2.560E+00,2.527E+00,6.663E-02,4.412E+00,1.684E+00,-3.757E-01,5.002E+00,1.717E+00,3.142E+00,4.867E-05,2.577E+00,2.575E+00,3.014E-01,1.209E+00,1.718E+00,-3.632E-01,4.072E+00,1.771E+00,3.142E+00,-1.006E-03,2.594E+00,2.578E+00,1.002E-01,3.483E+00,1.787E+00,-4.399E-01,4.392E+00,1.619E+00,3.142E+00,-6.743E-03,2.488E+00,2.388E+00,5.475E-02,5.077E+00
38,0.000E+00,0.000E+00,2.211E-03,0.000E+00,3.624E-03,0.000E+00,0.000E+00,0.000E+00,3.034E-03,1.240E-02,2.164E-03,5.046E-03,6.113E-01,1.691E+00,-5.112E-01,7.047E+00,1.737E+00,3.142E+00,-1.800E-03,2.554E+00,2.525E+00,6.657E-02,4.415E+00,1.685E+00,-3.921E-01,5.291E+00,1.703E+00,3.142E+00,-4.515E-04,2.595E+00,2.584E+00,3.003E-01,1.213E+00,1.715E+00,-3.688E-01,4.152E+00,1.781E+00,3.142E+00,-9.057E-04,2.594E+00,2.580E+00,1.000E-01,3.488E+00,1.790E+00,-4.589E-01,4.627E+00,1.607E+00,3.142E+00,-6.550E-03,2.486E+00,2.389E+00,5.467E-02,5.083E+00
39,0.000E+00,0.000E+00,2.271E-03,0.000E+00,3.714E-03,0.000E+00,0.000E+00,0.000E+00,3.137E-03,1.277E-02,2.227E-03,5.174E-03,6.288E-01,1.691E+00,-5.263E-01,7.407E+00,1.729E+00,3.142E+00,-1.541E-03,2.548E+00,2.524E+00,6.651E-02,4.418E+00,1.686E+00,-4.085E-01,5.580E+00,1.689E+00,3.142E+00,-9.516E-04,2.613E+00,2.594E+00,2.992E-01,1.217E+00,1.712E+00,-3.744E-01,4.232E+00,1.790E+00,3.142E+00,-8.055E-04,2.594E+00,2.582E+00,9.985E-02,3.493E+00,1.794E+00,-4.779E-01,4.862E+00,1.595E+00,3.142E+00,-6.357E-03,2.484E+00,2.389E+00,5.459E-02,5.088E+00
40,0.000E+00,0.000E+00,2.331E-03,0.000E+00,3.804E-03,0.000E+00,0.000E+00,0.000E+00,3.239E-03,1.315E-02,2.291E-03,5.301E-03,6.463E-01,1.692E+00,-5.414E-01,7.767E+00,1.722E+00,3.142E+00,-1.282E-03,2.542E+00,2.522E+00,6.645E-02,4.421E+00,1.689E+00,-4.249E-01,5.869E+00,1.675E+00,3.142E+00,-1.452E-03,2.631E+00,2.604E+00,2.982E-01,1.220E+00,1.709E+00,-3.800E-01,4.311E+00,1.799E+00,3.142E+00,-7.054E-04,2.595E+00,2.583E+00,9.967E-02,3.498E+00,1.798E+00,-4.968E-01,5.096E+00,1.583E+00,3.142E+00,-6.164E-03,2.482E+00,2.390E+00,5.451E-02,5.094E+00
41,0.000E+00,0.000E+00,2.391E-03,0.000E+00,3.894E-03,0.000E+00,0.000E+00,0.000E+00,3.342E-03,1.352E-02,2.354E-03,5.429E-03,6.638E-01,1.693E+00,-5.565E-01,8.128E+00,1.714E+00,3.142E+00,-1.023E-03,2.537E+00,2.520E+00,6.639E-02,4.424E+00,1.692E+00,-4.413E-01,6.158E+00,1.662E+00,3.142E+00,-1.952E-03,2.648E+00,2.614E+00,2.971E-01,1.224E+00,1.706E+00,-3.856E-01,4.391E+00,1.809E+00,3.142E+00,-6.053E-04,2.595E+00,2.585E+00,9.950E-02,3.504E+00,1.802E+00,-5.158E-01,5.331E+00,1.570E+00,3.142E+00,-5.971E-03,2.480E+00,2.391E+00,5.443E-02,5.100E+00
42,0.000E+00,0.000E+00,2.450E-03,0.000E+00,3.984E-03,0.000E+00,0.000E+00,0.000E+00,3.444E-03,1.389E-02,2.417E-03,5.557E-03,6.812E-01,1.696E+00,-5.715E-01,8.488E+00,1.706E+00,3.142E+00,-7.645E-04,2.531E+00,2.519E+00,6.633E-02,4.427E+00,1.696E+00,-4.577E-01,6.448E+00,1.648E+00,3.142E+00,-2.452E-03,2.666E+00,2.623E+00,2.960E-01,1.228E+00,1.704E+00,-3.913E-01,4.470E+00,1.818E+00,3.142E+00,-5.052E-04,2.595E+00,2.587E+00,9.932E-02,3.509E+00,1.807E+00,-5.348E-01,5.566E+00,1.558E+00,3.142E+00,-5.779E-03,2.478E+00,2.392E+00,5.435E-02,5.105E+00
43,0.000E+00,0.000E+00,2.510E-03,0.000E+00,4.073E-03,0.000E+00,0.000E+00,0.000E+00,3.547E-03,1.427E-02,2.481E-03,5.684E-03,6.987E-01,1.698E+00,-5.866E-01,8.848E+00,1.698E+00,3.142E+00,-5.057E-04,2.525E+00,2.517E+00,6.627E-02,4.430E+00,1.700E+00,-4.742E-01,6.737E+00,1.634E+00,3.142E+00,-2.952E-03,2.684E+00,2.633E+00,2.950E-01,1.231E+00,1.701E+00,-3.969E-01,4.550E+00,1.827E+00,3.142E+00,-4.051E-04,2.595E+00,2.589E+00,9.915E-02,3.514E+00,1.813E+00,-5.537E-01,5.800E+00,1.546E+00,3.142E+00,-5.586E-03,2.476E+00,2.392E+00,5.427E-02,5.111E+00
44,0.000E+00,0.000E+00,2.570E-03,0.000E+00,4.163E-03,0.000E+00,0.000E+00,0.000E+00,3.649E-03,1.464E-02,2.544E-03,5.812E-03,7.162E-01,1.701E+00,-6.017E-01,9.208E+00,1.690E+00,3.142E+00,-2.470E-04,2.519E+00,2.515E+00,6.622E-02,4.433E+00,1.705E+00,-4.906E-01,7.026E+00,1.620E+00,3.142E+00,-3.452E-03,2.701E+00,2.643E+00,2.939E-01,1.235E+00,1.698E+00,-4.025E-01,4.630E+00,1.837E+00,3.142E+00,-3.050E-04,2.595E+00,2.590E+00,9.897E-02,3.519E+00,1.819E+00,-5.727E-01,6.035E+00,1.534E+00,3.142E+00,-5.393E-03,2.473E+00,2.393E+00,5.419E-02,5.116E+00
45,0.000E+00,0.000E+00,2.630E-03,0.000E+00,4.253E-03,0.000E+00,0.000E+00,0.000E+00,3.752E-03,1.501E-02,2.607E-03,5.939E-03,7.337E-01,1.705E+00,-6.168E-01,9.568E+00,1.682E+00,3.142E+00,1.180E-05,2.513E+00,2.514E+00,6.616E-02,4.436E+00,1.711E+00,-5.070E-01,7.315E+00,1.607E+00,3.142E+00,-3.953E-03,2.719E+00,2.653E+00,2.928E-01,1.239E+00,1.696E+00,-4.081E-01,4.709E+00,1.846E+00,3.142E+00,-2.048E-04,2.595E+00,2.592E+00,9.879E-02,3.524E+00,1.825E+00,-5.917E-01,6.270E+00,1.522E+00,3.142E+00,-5.200E-03,2.471E+00,2.394E+00,5.411E-02,5.122E+00
46,0.000E+00,0.000E+00,2.770E-03,0.000E+00,4.452E-03,0.000E+00,0.000E+00,4.883E-07,3.981E-03,1.604E-02,2.722E-03,6.162E-03,7.738E-01,1.708E+00,-6.055E-01,8.720E+00,1.722E+00,3.142E+00,5.476E-03,2.441E+00,2.524E+00,6.538E-02,4.477E+00,1.682E+00,-4.550E-01,5.890E+00,1.795E+00,3.142E+00,-4.938E-03,2.764E+00,2.679E+00,2.881E-01,1.256E+00,1.699E+00,-4.110E-01,4.682E+00,1.850E+00,3.142E+00,-1.156E-03,2.639E+00,2.619E+00,9.786E-02,3.552E+00,1.794E+00,-5.885E-01,6.421E+00,1.609E+00,3.142E+00,-5.082E-03,2.483E+00,2.407E+00,5.414E-02,5.120E+00
47,0.000E+00,0.000E+00,2.839E-03,0.000E+00,4.552E-03,0.000E+00,0.000E+00,7.324E-07,4.095E-03,1.655E-02,2.779E-03,6.273E-03,7.939E-01,1.710E+00,-5.999E-01,8.295E+00,1.742E+00,3.142E+00,8.208E-03,2.405E+00,2.530E+00,6.500E-02,4.497E+00,1.677E+00,-4.291E-01,5.178E+00,1.889E+00,3.142E+00,-5.430E-03,2.786E+00,2.692E+00,2.858E-01,1.265E+00,1.700E+00,-4.124E-01,4.668E+00,1.852E+00,3.142E+00,-1.632E-03,2.660E+00,2.633E+00,9.739E-02,3.567E+00,1.779E+00,-5.869E-01,6.496E+00,1.653E+00,3.142E+00,-5.022E-03,2.489E+00,2.414E+00,5.415E-02,5.119E+00
48,0.000E+00,0.000E+00,2.909E-03,0.000E+00,4.651E-03,0.000E+00,0.000E+00,9.766E-07,4.210E-03,1.706E-02,2.836E-03,6.385E-03,8.140E-01,1.714E+00,-5.943E-01,7.871E+00,1.762E+00,3.142E+00,1.094E-02,2.369E+00,2.535E+00,6.461E-02,4.517E+00,1.679E+00,-4.031E-01,4.465E+00,1.983E+00,3.142E+00,-5.923E-03,2.808E+00,2.705E+00,2.834E-01,1.274E+00,1.701E+00,-4.138E-01,4.654E+00,1.854E+00,3.142E+00,-2.108E-03,2.682E+00,2.647E+00,9.692E-02,3.581E+00,1.764E+00,-5.853E-01,6.571E+00,1.697E+00,3.142E+00,-4.963E-03,2.495E+00,2.420E+00,5.416E-02,5.118E+00
49,0.000E+00,0.000E+00,3.094E-03,0.000E+00,4.991E-03,0.000E+00,0.000E+00,4.883E-07,4.420E-03,1.789E-02,3.054E-03,6.922E-03,8.642E-01,1.707E+00,-6.482E-01,1.019E+01,1.698E+00,3.142E+00,2.884E-03,2.503E+00,2.544E+00,6.430E-02,4.534E+00,1.720E+00,-4.140E-01,4.336E+00,1.855E+00,3.142E+00,-3.651E-03,2.747E+00,2.683E+00,2.832E-01,1.274E+00,1.697E+00,-4.109E-01,4.601E+00,1.878E+00,3.142E+00,-1.223E-03,2.650E+00,2.630E+00,9.752E-02,3.563E+00,1.758E+00,-5.806E-01,6.182E+00,1.768E+00,3.142E+00,-5.555E-03,2.559E+00,2.473E+00,5.250E-02,5.242E+00
50,0.000E+00,0.000E+00,3.186E-03,0.000E+00,5.161E-03,0.000E+00,0.000E+00,2.441E-07,4.526E-03,1.830E-02,3.163E-03,7.191E-03,8.893E-01,1.710E+00,-6.752E-01,1.135E+01,1.666E+00,3.142E+00,-1.144E-03,2.570E+00,2.548E+00,6.414E-02,4.543E+00,1.741E+00,-4.194E-01,4.271E+00,1.791E+00,3.142E+00,-2.516E-03,2.716E+00,2.673E+00,2.831E-01,1.275E+00,1.695E+00,-4.094E-01,4.574E+00,1.890E+00,3.142E+00,-7.810E-04,2.634E+00,2.621E+00,9.782E-02,3.553E+00,1.755E+00,-5.783E-01,5.987E+00,1.803E+00,3.142E+00,-5.851E-03,2.591E+00,2.499E+00,5.166E-02,5.304E+00
51,0.000E+00,0.000E+00,3.278E-03,0.000E+00,5.331E-03,0.000E+00,0.000E+00,0.000E+00,4.631E-03,1.871E-02,3.271E-03,7.460E-03,9.144E-01,1.716E+00,-7.022E-01,1.251E+01,1.634E+00,3.142E+00,-5.172E-03,2.637E+00,2.553E+00,6.398E-02,4.551E+00,1.763E+00,-4.249E-01,4.207E+00,1.726E+00,3.142E+00,-1.380E-03,2.685E+00,2.662E+00,2.830E-01,1.275E+00,1.693E+00,-4.079E-01,4.548E+00,1.902E+00,3.142E+00,-3.387E-04,2.618E+00,2.612E+00,9.812E-02,3.544E+00,1.753E+00,-5.760E-01,5.792E+00,1.839E+00,3.142E+00,-6.147E-03,2.623E+00,2.525E+00,5.083E-02,5.367E+00
52,0.000E+00,0.000E+00,3.493E-03,0.000E+00,5.436E-03,0.000E+00,0.000E+00,4.883E-07,5.063E-03,2.001E-02,3.479E-03,7.737E-03,9.692E-01,1.706E+00,-6.793E-01,1.089E+01,1.725E+00,3.142E+00,-3.413E-03,2.615E+00,2.560E+00,6.631E-02,4.431E+00,1.723E+00,-4.257E-01,4.698E+00,1.781E+00,3.142E+00,-8.839E-04,2.662E+00,2.648E+00,2.868E-01,1.261E+00,1.680E+00,-4.117E-01,4.718E+00,1.936E+00,3.142E+00,-1.945E-03,2.676E+00,2.643E+00,9.740E-02,3.566E+00,1.763E+00,-6.033E-01,6.365E+00,1.774E+00,3.142E+00,-5.226E-03,2.562E+00,2.481E+00,5.065E-02,5.381E+00
53,0.000E+00,0.000E+00,3.601E-03,0.000E+00,5.488E-03,0.000E+00,0.000E+00,7.324E-07,5.278E-03,2.066E-02,3.583E-03,7.876E-03,9.966E-01,1.704E+00,-6.679E-01,1.008E+01,1.770E+00,3.142E+00,-2.534E-03,2.604E+00,2.564E+00,6.748E-02,4.371E+00,1.704E+00,-4.261E-01,4.943E+00,1.808E+00,3.142E+00,-6.357E-04,2.651E+00,2.641E+00,2.887E-01,1.254E+00,1.673E+00,-4.135E-01,4.803E+00,1.953E+00,3.142E+00,-2.749E-03,2.705E+00,2.658E+00,9.705E-02,3.577E+00,1.769E+00,-6.170E-01,6.651E+00,1.741E+00,3.142E+00,-4.765E-03,2.532E+00,2.458E+00,5.055E-02,5.388E+00
54,0.000E+00,0.000E+00,3.708E-03,0.000E+00,5.540E-03,0.000E+00,0.000E+00,9.766E-07,5.494E-03,2.132E-02,3.688E-03,8.015E-03,1.024E+00,1.703E+00,-6.565E-01,9.272E+00,1.815E+00,3.142E+00,-1.655E-03,2.594E+00,2.567E+00,6.864E-02,4.311E+00,1.686E+00,-4.265E-01,5.189E+00,1.835E+00,3.142E+00,-3.876E-04,2.640E+00,2.633E+00,2.906E-01,1.247E+00,1.666E+00,-4.154E-01,4.887E+00,1.970E+00,3.142E+00,-3.552E-03,2.733E+00,2.673E+00,9.669E-02,3.588E+00,1.776E+00,-6.306E-01,6.937E+00,1.709E+00,3.142E+00,-4.304E-03,2.501E+00,2.436E+00,5.046E-02,5.396E+00
55,0.000E+00,0.000E+00,3.940E-03,0.000E+00,5.806E-03,0.000E+00,0.000E+00,1.953E-06,5.985E-03,2.311E-02,3.945E-03,8.500E-03,1.098E+00,1.670E+00,-6.683E-01,1.006E+01,1.915E+00,3.142E+00,-8.087E-04,2.489E+00,2.476E+00,6.685E-02,4.403E+00,1.663E+00,-4.904E-01,7.228E+00,1.764E+00,3.142E+00,-3.431E-03,2.755E+00,2.694E+00,2.985E-01,1.219E+00,1.659E+00,-4.364E-01,5.222E+00,1.996E+00,3.142E+00,-2.723E-03,2.733E+00,2.686E+00,9.540E-02,3.629E+00,1.727E+00,-6.555E-01,8.304E+00,1.811E+00,3.142E+00,-5.475E-03,2.568E+00,2.482E+00,4.997E-02,5.435E+00
56,0.000E+00,0.000E+00,4.057E-03,0.000E+00,5.939E-03,0.000E+00,0.000E+00,2.441E-06,6.231E-03,2.400E-02,4.073E-03,8.743E-03,1.134E+00,1.654E+00,-6.742E-01,1.045E+01,1.965E+00,3.142E+00,-3.857E-04,2.436E+00,2.430E+00,6.595E-02,4.448E+00,1.663E+00,-5.223E-01,8.248E+00,1.729E+00,3.142E+00,-4.953E-03,2.813E+00,2.725E+00,3.024E-01,1.206E+00,1.655E+00,-4.468E-01,5.389E+00,2.009E+00,3.142E+00,-2.308E-03,2.732E+00,2.693E+00,9.476E-02,3.649E+00,1.705E+00,-6.679E-01,8.987E+00,1.862E+00,3.142E+00,-6.060E-03,2.602E+00,2.506E+00,4.973E-02,5.455E+00
57,0.000E+00,0.000E+00,4.173E-03,0.000E+00,6.072E-03,0.000E+00,0.000E+00,2.930E-06,6.477E-03,2.490E-02,4.202E-03,8.986E-03,1.171E+00,1.639E+00,-6.801E-01,1.084E+01,2.014E+00,3.142E+00,3.736E-05,2.384E+00,2.384E+00,6.505E-02,4.494E+00,1.667E+00,-5.542E-01,9.267E+00,1.693E+00,3.142E+00,-6.475E-03,2.870E+00,2.755E+00,3.063E-01,1.192E+00,1.652E+00,-4.573E-01,5.556E+00,2.022E+00,3.142E+00,-1.894E-03,2.732E+00,2.699E+00,9.412E-02,3.670E+00,1.685E+00,-6.803E-01,9.671E+00,1.913E+00,3.142E+00,-6.646E-03,2.635E+00,2.529E+00,4.948E-02,5.475E+00
58,0.000E+00,0.000E+00,4.491E-03,0.000E+00,6.663E-03,0.000E+00,0.000E+00,1.953E-06,6.867E-03,2.643E-02,4.492E-03,9.693E-03,1.255E+00,1.623E+00,-6.321E-01,9.269E+00,2.116E+00,3.142E+00,-3.119E-03,2.525E+00,2.474E+00,6.447E-02,4.525E+00,1.692E+00,-5.822E-01,1.002E+01,1.603E+00,3.142E+00,-3.159E-03,2.682E+00,2.625E+00,3.009E-01,1.210E+00,1.643E+00,-4.832E-01,6.420E+00,1.971E+00,3.142E+00,-1.797E-03,2.716E+00,2.686E+00,9.458E-02,3.655E+00,1.692E+00,-6.825E-01,9.522E+00,1.904E+00,3.142E+00,-5.835E-03,2.597E+00,2.504E+00,4.837E-02,5.570E+00
59,0.000E+00,0.000E+00,4.650E-03,0.000E+00,6.958E-03,0.000E+00,0.000E+00,1.465E-06,7.062E-03,2.719E-02,4.636E-03,1.005E-02,1.297E+00,1.618E+00,-6.081E-01,8.482E+00,2.167E+00,3.142E+00,-4.697E-03,2.596E+00,2.519E+00,6.419E-02,4.540E+00,1.705E+00,-5.961E-01,1.039E+01,1.558E+00,3.142E+00,-1.501E-03,2.587E+00,2.560E+00,2.982E-01,1.220E+00,1.641E+00,-4.962E-01,6.852E+00,1.946E+00,3.142E+00,-1.748E-03,2.709E+00,2.679E+00,9.482E-02,3.647E+00,1.695E+00,-6.836E-01,9.448E+00,1.900E+00,3.142E+00,-5.429E-03,2.577E+00,2.492E+00,4.781E-02,5.617E+00
60,0.000E+00,0.000E+00,4.810E-03,0.000E+00,7.254E-03,0.000E+00,0.000E+00,9.766E-07,7.258E-03,2.796E-02,4.781E-03,1.040E-02,1.339E+00,1.617E+00,-5.841E-01,7.695E+00,2.218E+00,3.142E+00,-6.275E-03,2.666E+00,2.564E+00,6.390E-02,4.556E+00,1.720E+00,-6.101E-01,1.077E+01,1.513E+00,3.142E+00,1.572E-04,2.493E+00,2.495E+00,2.956E-01,1.229E+00,1.640E+00,-5.091E-01,7.284E+00,1.921E+00,3.142E+00,-1.700E-03,2.701E+00,2.672E+00,9.505E-02,3.640E+00,1.698E+00,-6.847E-01,9.373E+00,1.895E+00,3.142E+00,-5.024E-03,2.558E+00,2.480E+00,4.725E-02,5.664E+00
61,0.000E+00,0.000E+00,5.164E-03,0.000E+00,7.653E-03,0.000E+00,0.000E+00,4.883E-07,7.953E-03,3.013E-02,5.180E-03,1.112E-02,1.440E+00,1.624E+00,-6.226E-01,9.432E+00,2.067E+00,3.142E+00,-5.779E-03,2.642E+00,2.549E+00,6.294E-02,4.610E+00,1.615E+00,-6.489E-01,1.610E+01,1.688E+00,3.142E+00,-2.088E-03,2.584E+00,2.550E+00,2.921E-01,1.242E+00,1.620E+00,-5.310E-01,8.406E+00,1.924E+00,3.142E+00,1.761E-04,2.632E+00,2.634E+00,9.518E-02,3.635E+00,1.665E+00,-6.824E-01,9.419E+00,2.035E+00,3.142E+00,-4.423E-03,2.625E+00,2.554E+00,4.709E-02,5.679E+00
62,0.000E+00,0.000E+00,5.341E-03,0.000E+00,7.852E-03,0.000E+00,0.000E+00,2.441E-07,8.300E-03,3.122E-02,5.380E-03,1.148E-02,1.491E+00,1.632E+00,-6.419E-01,1.030E+01,1.991E+00,3.142E+00,-5.531E-03,2.630E+00,2.541E+00,6.246E-02,4.637E+00,1.577E+00,-6.682E-01,1.876E+01,1.776E+00,3.142E+00,-3.211E-03,2.630E+00,2.577E+00,2.903E-01,1.248E+00,1.612E+00,-5.419E-01,8.967E+00,1.925E+00,3.142E+00,1.114E-03,2.597E+00,2.614E+00,9.525E-02,3.633E+00,1.649E+00,-6.812E-01,9.442E+00,2.105E+00,3.142E+00,-4.123E-03,2.658E+00,2.590E+00,4.701E-02,5.686E+00
63,0.000E+00,0.000E+00,5.519E-03,0.000E+00,8.052E-03,0.000E+00,0.000E+00,0.000E+00,8.647E-03,3.231E-02,5.579E-03,1.184E-02,1.541E+00,1.644E+00,-6.611E-01,1.117E+01,1.916E+00,3.142E+00,-5.283E-03,2.617E+00,2.533E+00,6.198E-02,4.664E+00,1.544E+00,-6.876E-01,2.143E+01,1.863E+00,3.142E+00,-4.334E-03,2.675E+00,2.604E+00,2.886E-01,1.254E+00,1.606E+00,-5.528E-01,9.529E+00,1.927E+00,3.142E+00,2.052E-03,2.562E+00,2.595E+00,9.531E-02,3.631E+00,1.634E+00,-6.801E-01,9.465E+00,2.175E+00,3.142E+00,-3.822E-03,2.691E+00,2.627E+00,4.693E-02,5.693E+00
64,0.000E+00,0.000E+00,5.966E-03,0.000E+00,8.481E-03,0.000E+00,0.000E+00,4.883E-07,9.544E-03,3.519E-02,6.041E-03,1.275E-02,1.669E+00,1.606E+00,-7.170E-01,1.565E+01,1.934E+00,3.142E+00,-3.995E-03,2.599E+00,2.536E+00,6.150E-02,4.692E+00,1.562E+00,-6.819E-01,2.105E+01,1.786E+00,3.142E+00,-6.113E-04,2.636E+00,2.626E+00,2.888E-01,1.253E+00,1.605E+00,-5.629E-01,1.012E+01,1.900E+00,3.142E+00,2.597E-04,2.614E+00,2.617E+00,9.510E-02,3.638E+00,1.609E+00,-7.374E-01,1.394E+01,2.076E+00,3.142E+00,-1.176E-03,2.547E+00,2.526E+00,4.640E-02,5.742E+00
65,0.000E+00,0.000E+00,6.190E-03,0.000E+00,8.696E-03,0.000E+00,0.000E+00,7.324E-07,9.993E-03,3.663E-02,6.272E-03,1.321E-02,1.733E+00,1.596E+00,-7.449E-01,1.789E+01,1.944E+00,3.142E+00,-3.352E-03,2.590E+00,2.537E+00,6.126E-02,4.706E+00,1.571E+00,-6.791E-01,2.087E+01,1.748E+00,3.142E+00,1.250E-03,2.616E+00,2.637E+00,2.889E-01,1.253E+00,1.605E+00,-5.680E-01,1.042E+01,1.886E+00,3.142E+00,-6.365E-04,2.639E+00,2.629E+00,9.499E-02,3.642E+00,1.608E+00,-7.661E-01,1.618E+01,2.026E+00,3.142E+00,1.466E-04,2.475E+00,2.476E+00,4.613E-02,5.766E+00
66,0.000E+00,0.000E+00,6.414E-03,0.000E+00,8.910E-03,0.000E+00,0.000E+00,9.766E-07,1.044E-02,3.807E-02,6.503E-03,1.366E-02,1.797E+00,1.589E+00,-7.729E-01,2.013E+01,1.953E+00,3.142E+00,-2.708E-03,2.581E+00,2.538E+00,6.102E-02,4.720E+00,1.581E+00,-6.762E-01,2.068E+01,1.710E+00,3.142E+00,3.111E-03,2.597E+00,2.647E+00,2.890E-01,1.253E+00,1.605E+00,-5.730E-01,1.071E+01,1.872E+00,3.142E+00,-1.533E-03,2.665E+00,2.640E+00,9.488E-02,3.645E+00,1.613E+00,-7.947E-01,1.842E+01,1.976E+00,3.142E+00,1.470E-03,2.403E+00,2.425E+00,4.587E-02,5.790E+00
67,0.000E+00,0.000E+00,6.965E-03,0.000E+00,9.571E-03,0.000E+00,0.000E+00,9.766E-07,1.147E-02,4.155E-02,7.010E-03,1.451E-02,1.949E+00,1.585E+00,-7.482E-01,1.791E+01,2.001E+00,3.142E+00,-3.240E-03,2.637E+00,2.584E+00,6.174E-02,4.678E+00,1.531E+00,-6.642E-01,2.120E+01,1.860E+00,3.142E+00,6.334E-03,2.475E+00,2.572E+00,2.947E-01,1.232E+00,1.566E+00,-6.091E-01,1.388E+01,1.904E+00,3.142E+00,7.280E-04,2.598E+00,2.609E+00,9.428E-02,3.664E+00,1.579E+00,-8.068E-01,2.132E+01,2.042E+00,3.142E+00,-1.559E-03,2.481E+00,2.456E+00,4.573E-02,5.803E+00
68,0.000E+00,0.000E+00,7.240E-03,0.000E+00,9.902E-03,0.000E+00,0.000E+00,9.766E-07,1.198E-02,4.329E-02,7.264E-03,1.493E-02,2.025E+00,1.584E+00,-7.358E-01,1.679E+01,2.024E+00,3.142E+00,-3.506E-03,2.665E+00,2.607E+00,6.210E-02,4.657E+00,1.507E+00,-6.581E-01,2.146E+01,1.936E+00,3.142E+00,7.946E-03,2.415E+00,2.534E+00,2.975E-01,1.222E+00,1.553E+00,-6.272E-01,1.547E+01,1.921E+00,3.142E+00,1.858E-03,2.564E+00,2.594E+00,9.398E-02,3.674E+00,1.564E+00,-8.129E-01,2.277E+01,2.076E+00,3.142E+00,-3.074E-03,2.520E+00,2.471E+00,4.566E-02,5.809E+00
69,0.000E+00,0.000E+00,7.516E-03,0.000E+00,1.023E-02,0.000E+00,0.000E+00,9.766E-07,1.249E-02,4.503E-02,7.518E-03,1.536E-02,2.101E+00,1.584E+00,-7.234E-01,1.568E+01,2.048E+00,3.142E+00,-3.772E-03,2.693E+00,2.630E+00,6.247E-02,4.636E+00,1.485E+00,-6.521E-01,2.171E+01,2.011E+00,3.142E+00,9.557E-03,2.354E+00,2.497E+00,3.004E-01,1.212E+00,1.542E+00,-6.452E-01,1.705E+01,1.937E+00,3.142E+00,2.989E-03,2.531E+00,2.578E+00,9.368E-02,3.684E+00,1.549E+00,-8.190E-01,2.422E+01,2.109E+00,3.142E+00,-4.588E-03,2.558E+00,2.487E+00,4.559E-02,5.816E+00
70,0.000E+00,0.000E+00,8.226E-03,0.000E+00,1.079E-02,0.000E+00,0.000E+00,1.465E-06,1.393E-02,4.935E-02,8.210E-03,1.648E-02,2.290E+00,1.500E+00,-7.482E-01,2.073E+01,2.279E+00,3.142E+00,7.205E-04,2.553E+00,2.561E+00,5.878E-02,4.867E+00,1.453E+00,-6.181E-01,1.815E+01,2.229E+00,3.142E+00,1.182E-02,2.290E+00,2.462E+00,2.936E-01,1.236E+00,1.504E+00,-6.266E-01,1.638E+01,2.095E+00,3.142E+00,2.655E-03,2.506E+00,2.548E+00,9.488E-02,3.645E+00,1.506E+00,-8.290E-01,2.759E+01,2.242E+00,3.142E+00,1.984E-03,2.402E+00,2.426E+00,4.502E-02,5.871E+00
71,0.000E+00,0.000E+00,8.581E-03,0.000E+00,1.106E-02,0.000E+00,0.000E+00,1.709E-06,1.466E-02,5.151E-02,8.556E-03,1.704E-02,2.385E+00,1.465E+00,-7.605E-01,2.325E+01,2.394E+00,3.142E+00,2.967E-03,2.483E+00,2.526E+00,5.694E-02,4.983E+00,1.442E+00,-6.011E-01,1.637E+01,2.337E+00,3.142E+00,1.296E-02,2.258E+00,2.445E+00,2.902E-01,1.249E+00,1.487E+00,-6.173E-01,1.604E+01,2.174E+00,3.142E+00,2.488E-03,2.494E+00,2.533E+00,9.548E-02,3.626E+00,1.486E+00,-8.340E-01,2.928E+01,2.308E+00,3.142E+00,5.271E-03,2.323E+00,2.396E+00,4.473E-02,5.898E+00
72,0.000E+00,0.000E+00,8.936E-03,0.000E+00,1.134E-02,0.000E+00,0.000E+00,1.953E-06,1.538E-02,5.368E-02,8.902E-03,1.759E-02,2.480E+00,1.434E+00,-7.729E-01,2.577E+01,2.510E+00,3.142E+00,5.213E-03,2.413E+00,2.492E+00,5.510E-02,5.099E+00,1.436E+00,-5.840E-01,1.459E+01,2.446E+00,3.142E+00,1.409E-02,2.226E+00,2.428E+00,2.868E-01,1.261E+00,1.470E+00,-6.080E-01,1.570E+01,2.253E+00,3.142E+00,2.321E-03,2.482E+00,2.518E+00,9.608E-02,3.607E+00,1.467E+00,-8.390E-01,3.097E+01,2.375E+00,3.142E+00,8.557E-03,2.245E+00,2.366E+00,4.444E-02,5.926E+00
73,0.000E+00,0.000E+00,9.472E-03,0.000E+00,1.195E-02,0.000E+00,4.883E-07,1.953E-06,1.653E-02,5.752E-02,9.482E-03,1.823E-02,2.638E+00,1.432E+00,-7.436E-01,2.244E+01,2.560E+00,3.142E+00,6.513E-03,2.306E+00,2.399E+00,5.510E-02,5.099E+00,1.391E+00,-5.576E-01,1.374E+01,2.712E+00,3.142E+00,7.546E-03,2.323E+00,2.431E+00,2.901E-01,1.249E+00,1.449E+00,-5.990E-01,1.570E+01,2.337E+00,3.142E+00,2.146E-03,2.505E+00,2.539E+00,9.601E-02,3.609E+00,1.434E+00,-7.981E-01,2.549E+01,2.603E+00,3.142E+00,7.061E-03,2.290E+00,2.390E+00,4.567E-02,5.811E+00
74,0.000E+00,0.000E+00,1.001E-02,0.000E+00,1.255E-02,0.000E+00,9.766E-07,1.953E-06,1.769E-02,6.136E-02,1.006E-02,1.886E-02,2.796E+00,1.436E+00,-7.142E-01,1.910E+01,2.611E+00,3.142E+00,7.813E-03,2.199E+00,2.305E+00,5.510E-02,5.100E+00,1.352E+00,-5.311E-01,1.289E+01,2.979E+00,3.142E+00,1.003E-03,2.419E+00,2.434E+00,2.934E-01,1.236E+00,1.429E+00,-5.900E-01,1.569E+01,2.421E+00,3.142E+00,1.971E-03,2.528E+00,2.559E+00,9.595E-02,3.611E+00,1.418E+00,-7.572E-01,2.002E+01,2.832E+00,3.142E+00,5.565E-03,2.334E+00,2.415E+00,4.690E-02,5.696E+00
75,0.000E+00,0.000E+00,1.064E-02,0.000E+00,1.313E-02,0.000E+00,4.883E-07,2.441E-06,1.891E-02,6.535E-02,1.070E-02,1.988E-02,2.968E+00,1.384E+00,-7.020E-01,1.855E+01,2.953E+00,3.142E+00,3.353E-03,2.357E+00,2.402E+00,5.557E-02,5.067E+00,1.321E+00,-5.186E-01,1.364E+01,3.070E+00,3.142E+00,8.616E-03,2.326E+00,2.451E+00,3.001E-01,1.213E+00,1.408E+00,-5.758E-01,1.483E+01,2.565E+00,3.142E+00,3.942E-03,2.441E+00,2.500E+00,9.411E-02,3.671E+00,1.386E+00,-7.700E-01,2.353E+01,2.899E+00,3.142E+00,6.006E-03,2.290E+00,2.376E+00,4.611E-02,5.768E+00
76,0.000E+00,0.000E+00,1.127E-02,0.000E+00,1.371E-02,0.000E+00,0.000E+00,2.930E-06,2.012E-02,6.934E-02,1.134E-02,2.090E-02,3.141E+00,1.339E+00,-6.897E-01,1.799E+01,3.296E+00,3.142E+00,-1.106E-03,2.515E+00,2.498E+00,5.603E-02,5.035E+00,1.291E+00,-5.061E-01,1.438E+01,3.161E+00,3.142E+00,1.623E-02,2.232E+00,2.468E+00,3.068E-01,1.190E+00,1.390E+00,-5.617E-01,1.397E+01,2.709E+00,3.142E+00,5.914E-03,2.354E+00,2.441E+00,9.228E-02,3.731E+00,1.360E+00,-7.828E-01,2.704E+01,2.966E+00,3.142E+00,6.446E-03,2.247E+00,2.336E+00,4.532E-02,5.841E+00
77,0.000E+00,0.000E+00,1.199E-02,0.000E+00,1.378E-02,0.000E+00,4.883E-07,4.395E-06,2.204E-02,7.450E-02,1.200E-02,2.105E-02,3.328E+00,1.333E+00,-6.993E-01,1.937E+01,3.271E+00,3.142E+00,6.452E-03,2.327E+00,2.414E+00,5.893E-02,4.853E+00,1.247E+00,-5.033E-01,1.444E+01,3.547E+00,3.142E+00,1.074E-02,2.245E+00,2.399E+00,3.024E-01,1.205E+00,1.368E+00,-5.532E-01,1.373E+01,2.860E+00,3.142E+00,4.746E-03,2.361E+00,2.430E+00,9.255E-02,3.721E+00,1.325E+00,-7.637E-01,2.424E+01,3.292E+00,3.142E+00,5.620E-03,2.223E+00,2.300E+00,4.596E-02,5.782E+00
78,0.000E+00,0.000E+00,1.271E-02,0.000E+00,1.385E-02,0.000E+00,9.766E-07,5.859E-06,2.397E-02,7.966E-02,1.266E-02,2.120E-02,3.514E+00,1.329E+00,-7.089E-01,2.075E+01,3.245E+00,3.142E+00,1.401E-02,2.140E+00,2.330E+00,6.184E-02,4.672E+00,1.209E+00,-5.004E-01,1.449E+01,3.933E+00,3.142E+00,5.252E-03,2.257E+00,2.330E+00,2.981E-01,1.220E+00,1.346E+00,-5.448E-01,1.349E+01,3.012E+00,3.142E+00,3.578E-03,2.368E+00,2.420E+00,9.283E-02,3.712E+00,1.299E+00,-7.445E-01,2.144E+01,3.619E+00,3.142E+00,4.795E-03,2.199E+00,2.263E+00,4.659E-02,5.724E+00
79,0.000E+00,0.000E+00,1.322E-02,0.000E+00,1.387E-02,0.000E+00,2.930E-06,6.348E-06,2.577E-02,8.472E-02,1.322E-02,2.086E-02,3.676E+00,1.271E+00,-6.833E-01,1.925E+01,3.767E+00,3.142E+00,1.526E-02,2.102E+00,2.305E+00,6.089E-02,4.728E+00,1.205E+00,-4.860E-01,1.351E+01,4.045E+00,3.142E+00,6.934E-03,2.160E+00,2.252E+00,2.868E-01,1.262E+00,1.321E+00,-5.329E-01,1.292E+01,3.243E+00,3.142E+00,8.236E-03,2.249E+00,2.361E+00,9.190E-02,3.743E+00,1.253E+00,-7.416E-01,2.180E+01,4.029E+00,3.142E+00,1.122E-02,2.101E+00,2.245E+00,4.447E-02,5.930E+00
80,0.000E+00,0.000E+00,1.374E-02,0.000E+00,1.388E-02,0.000E+00,4.883E-06,6.836E-06,2.757E-02,8.978E-02,1.378E-02,2.053E-02,3.839E+00,1.225E+00,-6.578E-01,1.776E+01,4.289E+00,3.142E+00,1.652E-02,2.063E+00,2.280E+00,5.994E-02,4.784E+00,1.204E+00,-4.716E-01,1.254E+01,4.157E+00,3.142E+00,8.615E-03,2.064E+00,2.173E+00,2.755E-01,1.305E+00,1.298E+00,-5.210E-01,1.235E+01,3.475E+00,3.142E+00,1.289E-02,2.130E+00,2.302E+00,9.098E-02,3.775E+00,1.212E+00,-7.387E-01,2.217E+01,4.439E+00,3.142E+00,1.765E-02,2.004E+00,2.228E+00,4.236E-02,6.136E+00
81,0.000E+00,0.000E+00,1.406E-02,0.000E+00,1.364E-02,0.000E+00,3.418E-06,8.301E-06,2.888E-02,9.246E-02,1.413E-02,2.067E-02,3.936E+00,1.190E+00,-6.638E-01,1.804E+01,4.730E+00,3.142E+00,4.222E-02,1.762E+00,2.243E+00,5.383E-02,5.231E+00,1.122E+00,-4.533E-01,1.190E+01,5.401E+00,3.142E+00,3.451E-02,1.731E+00,2.093E+00,2.674E-01,1.339E+00,1.254E+00,-5.096E-01,1.196E+01,3.937E+00,3.142E+00,1.897E-02,1.990E+00,2.225E+00,8.938E-02,3.831E+00,1.165E+00,-7.140E-01,2.043E+01,5.095E+00,3.142E+00,2.663E-02,1.870E+00,2.188E+00,4.132E-02,6.251E+00
82,0.000E+00,0.000E+00,1.438E-02,0.000E+00,1.339E-02,0.000E+00,1.953E-06,9.766E-06,3.019E-02,9.513E-02,1.448E-02,2.081E-02,4.033E+00,1.159E+00,-6.699E-01,1.833E+01,5.170E+00,3.142E+00,6.792E-02,1.461E+00,2.206E+00,4.771E-02,5.679E+00,1.064E+00,-4.349E-01,1.126E+01,6.644E+00,3.142E+00,6.041E-02,1.398E+00,2.013E+00,2.592E-01,1.374E+00,1.218E+00,-4.981E-01,1.158E+01,4.399E+00,3.142E+00,2.505E-02,1.850E+00,2.148E+00,8.779E-02,3.888E+00,1.129E+00,-6.893E-01,1.870E+01,5.752E+00,3.142E+00,3.560E-02,1.736E+00,2.148E+00,4.028E-02,6.365E+00
83,0.000E+00,0.000E+00,1.356E-02,0.000E+00,1.228E-02,0.000E+00,1.953E-06,9.766E-06,2.898E-02,9.051E-02,1.373E-02,1.932E-02,3.817E+00,1.070E+00,-6.400E-01,1.650E+01,6.992E+00,3.142E+00,7.337E-02,1.394E+00,2.173E+00,4.614E-02,5.825E+00,9.839E-01,-4.039E-01,1.079E+01,8.824E+00,3.142E+00,7.471E-02,1.245E+00,1.936E+00,2.585E-01,1.377E+00,1.168E+00,-4.915E-01,1.151E+01,5.099E+00,3.142E+00,5.327E-02,1.546E+00,2.092E+00,8.539E-02,3.980E+00,1.069E+00,-6.739E-01,1.689E+01,7.265E+00,3.142E+00,6.231E-02,1.459E+00,2.085E+00,3.733E-02,6.745E+00
84,0.000E+00,0.000E+00,1.275E-02,0.000E+00,1.117E-02,0.000E+00,1.953E-06,9.766E-06,2.776E-02,8.589E-02,1.299E-02,1.782E-02,3.600E+00,1.014E+00,-6.102E-01,1.467E+01,8.814E+00,3.142E+00,7.881E-02,1.328E+00,2.140E+00,4.458E-02,5.971E+00,9.278E-01,-3.729E-01,1.033E+01,1.100E+01,3.142E+00,8.901E-02,1.093E+00,1.859E+00,2.577E-01,1.381E+00,1.126E+00,-4.848E-01,1.145E+01,5.799E+00,3.142E+00,8.149E-02,1.241E+00,2.036E+00,8.299E-02,4.073E+00,1.030E+00,-6.584E-01,1.508E+01,8.778E+00,3.142E+00,8.901E-02,1.182E+00,2.023E+00,3.439E-02,7.126E+00
85,0.000E+00,0.000E+00,9.763E-03,0.000E+00,7.921E-03,0.000E+00,9.766E-07,6.348E-06,2.175E-02,6.589E-02,9.913E-03,1.316E-02,2.747E+00,1.025E+00,-5.986E-01,1.304E+01,9.107E+00,3.142E+00,8.391E-02,1.143E+00,1.873E+00,4.097E-02,6.380E+00,9.548E-01,-3.661E-01,8.666E+00,1.153E+01,3.142E+00,8.901E-02,9.091E-01,1.555E+00,2.321E-01,1.521E+00,1.090E+00,-4.624E-01,1.010E+01,6.948E+00,3.142E+00,8.525E-02,1.079E+00,1.789E+00,7.739E-02,4.330E+00,1.023E+00,-6.533E-01,1.412E+01,9.400E+00,3.142E+00,8.901E-02,1.076E+00,1.826E+00,3.065E-02,7.787E+00
86,0.000E+00,0.000E+00,6.780E-03,0.000E+00,4.677E-03,0.000E+00,0.000E+00,2.930E-06,1.573E-02,4.590E-02,6.840E-03,8.495E-03,1.894E+00,1.041E+00,-5.870E-01,1.141E+01,9.400E+00,3.142E+00,8.901E-02,9.583E-01,1.606E+00,3.737E-02,6.788E+00,9.944E-01,-3.593E-01,7.000E+00,1.206E+01,3.142E+00,8.900E-02,7.256E-01,1.250E+00,2.066E-01,1.662E+00,1.072E+00,-4.400E-01,8.754E+00,8.096E+00,3.142E+00,8.901E-02,9.156E-01,1.542E+00,7.179E-02,4.587E+00,1.018E+00,-6.481E-01,1.317E+01,1.002E+01,3.142E+00,8.901E-02,9.687E-01,1.630E+00,2.692E-02,8.448E+00
87,0.000E+00,0.000E+00,3.557E-03,0.000E+00,2.379E-03,0.000E+00,0.000E+00,1.465E-06,8.116E-03,2.376E-02,3.513E-03,4.366E-03,9.789E-01,1.049E+00,-6.826E-01,1.185E+01,1.017E+01,3.142E+00,8.901E-02,9.635E-01,1.618E+00,3.183E-02,7.737E+00,1.058E+00,-4.928E-01,8.249E+00,1.002E+01,3.142E+00,8.874E-02,6.322E-01,1.095E+00,1.825E-01,1.864E+00,1.092E+00,-4.990E-01,8.669E+00,8.457E+00,3.142E+00,8.897E-02,7.490E-01,1.278E+00,6.580E-02,4.951E+00,9.915E-01,-7.136E-01,1.245E+01,1.280E+01,3.142E+00,8.897E-02,7.756E-01,1.322E+00,2.004E-02,1.092E+01
88,0.000E+00,0.000E+00,3.330E-04,0.000E+00,8.203E-05,0.000E+00,0.000E+00,0.000E+00,4.990E-04,1.631E-03,1.865E-04,2.373E-04,6.362E-02,1.051E+00,-7.781E-01,1.228E+01,1.095E+01,3.142E+00,8.901E-02,9.687E-01,1.630E+00,2.629E-02,8.686E+00,1.142E+00,-6.263E-01,9.498E+00,7.973E+00,3.142E+00,8.847E-02,5.388E-01,9.402E-01,1.585E-01,2.065E+00,1.109E+00,-5.580E-01,8.584E+00,8.818E+00,3.142E+00,8.894E-02,5.824E-01,1.014E+00,5.982E-02,5.315E+00,9.725E-01,-7.790E-01,1.173E+01,1.558E+01,3.142E+00,8.894E-02,5.824E-01,1.014E+00,1.316E-02,1.340E+01
89,0.000E+00,0.000E+00,0.000E+00,0.000E+00,0.000E+00,0.000E+00,3.906E-06,2.930E-06,2.930E-06,9.766E-06,2.930E-06,2.930E-06,4.471E-04,3.142E+00,0.000E+00,0.000E+00,0.000E+00,0.000E+00,0.000E+00,0.000E+00,0.000E+00,0.000E+00,0.000E+00,3.142E+00,0.000E+00,0.000E+00,0.000E+00,0.000E+00,0.000E+00,0.000E+00,0.000E+00,0.000E+00,0.000E+00,3.142E+00,0.000E+00,0.000E+00,0.000E+00,0.000E+00,0.000E+00,0.000E+00,0.000E+00,0.000E+00,0.000E+00,3.142E+00,0.000E+00,0.000E+00,0.000E+00,0.000E+00,0.000E+00,0.000E+00,0.000E+00,0.000E+00,0.000E+00
