alpha,H,He,Mg,Al,O,Mg_1,O_1,Al_2,O_2,amu/ion,phiK_Al,phiTilt_Al,phiM_Al,phiN_Al,thetaK_Al,thetaTilt_Al,thetaM_Al,thetaN_Al,energyK_Al,energyE_Al,phiK_Mg,phiTilt_Mg,phiM_Mg,phiN_Mg,thetaK_Mg,thetaTilt_Mg,thetaM_Mg,thetaN_Mg,energyK_Mg,energyE_Mg,phiK_O,phiTilt_O,phiM_O,phiN_O,thetaK_O,thetaTilt_O,thetaM_O,thetaN_O,energyK_O,energyE_O
0,0.000E+00,0.000E+00,2.758E-03,3.828E-04,0.000E+00,0.000E+00,0.000E+00,5.360E-03,1.117E-02,4.014E-01,1.763E+00,-1.848E-02,1.567E+00,1.463E+00,3.142E+00,-1.091E-03,2.520E+00,2.503E+00,8.930E-02,3.508E+00,1.699E+00,-3.014E-02,1.764E+00,1.655E+00,3.142E+00,-7.452E-03,2.819E+00,2.690E+00,2.116E-01,1.744E+00,1.720E+00,2.536E-02,1.467E+00,1.684E+00,3.142E+00,-3.743E-03,2.726E+00,2.663E+00,1.226E-01,2.937E+00
1,0.000E+00,0.000E+00,2.776E-03,3.885E-04,0.000E+00,0.000E+00,2.441E-07,5.401E-03,1.127E-02,4.045E-01,1.762E+00,-2.832E-02,1.615E+00,1.471E+00,3.142E+00,-1.494E-03,2.531E+00,2.508E+00,8.948E-02,3.502E+00,1.693E+00,-2.946E-02,1.748E+00,1.700E+00,3.142E+00,-6.544E-03,2.792E+00,2.678E+00,2.109E-01,1.749E+00,1.697E+00,1.137E-02,1.547E+00,1.716E+00,3.142E+00,-3.515E-03,2.716E+00,2.657E+00,1.228E-01,2.934E+00
2,0.000E+00,0.000E+00,2.794E-03,3.943E-04,0.000E+00,0.000E+00,4.883E-07,5.441E-03,1.136E-02,4.076E-01,1.762E+00,-3.817E-02,1.664E+00,1.479E+00,3.142E+00,-1.897E-03,2.543E+00,2.513E+00,8.966E-02,3.496E+00,1.687E+00,-2.877E-02,1.731E+00,1.744E+00,3.142E+00,-5.635E-03,2.765E+00,2.667E+00,2.103E-01,1.753E+00,1.678E+00,-2.618E-03,1.628E+00,1.749E+00,3.142E+00,-3.287E-03,2.707E+00,2.651E+00,1.229E-01,2.931E+00
3,0.000E+00,0.000E+00,2.813E-03,4.000E-04,0.000E+00,0.000E+00,7.324E-07,5.482E-03,1.146E-02,4.108E-01,1.761E+00,-4.801E-02,1.713E+00,1.488E+00,3.142E+00,-2.300E-03,2.554E+00,2.518E+00,8.984E-02,3.491E+00,1.681E+00,-2.809E-02,1.715E+00,1.789E+00,3.142E+00,-4.727E-03,2.738E+00,2.655E+00,2.097E-01,1.758E+00,1.672E+00,-1.661E-02,1.709E+00,1.781E+00,3.142E+00,-3.059E-03,2.697E+00,2.645E+00,1.231E-01,2.927E+00
4,0.000E+00,0.000E+00,2.822E-03,4.029E-04,0.000E+00,0.000E+00,8.545E-07,5.502E-03,1.151E-02,4.124E-01,1.761E+00,-5.293E-02,1.737E+00,1.492E+00,3.142E+00,-2.501E-03,2.560E+00,2.520E+00,8.993E-02,3.488E+00,1.679E+00,-2.775E-02,1.707E+00,1.812E+00,3.142E+00,-4.273E-03,2.724E+00,2.650E+00,2.094E-01,1.760E+00,1.669E+00,-2.360E-02,1.749E+00,1.798E+00,3.142E+00,-2.945E-03,2.692E+00,2.642E+00,1.232E-01,2.926E+00
5,0.000E+00,0.000E+00,2.831E-03,4.058E-04,0.000E+00,0.000E+00,9.766E-07,5.522E-03,1.156E-02,4.139E-01,1.761E+00,-5.785E-02,1.762E+00,1.496E+00,3.142E+00,-2.703E-03,2.566E+00,2.523E+00,9.003E-02,3.485E+00,1.676E+00,-2.741E-02,1.698E+00,1.834E+00,3.142E+00,-3.819E-03,2.710E+00,2.644E+00,2.091E-01,1.762E+00,1.666E+00,-3.060E-02,1.789E+00,1.814E+00,3.142E+00,-2.831E-03,2.687E+00,2.640E+00,1.232E-01,2.924E+00
6,0.000E+00,0.000E+00,2.849E-03,4.115E-04,0.000E+00,0.000E+00,1.221E-06,5.562E-03,1.165E-02,4.171E-01,1.761E+00,-6.769E-02,1.810E+00,1.504E+00,3.142E+00,-3.106E-03,2.577E+00,2.527E+00,9.021E-02,3.480E+00,1.671E+00,-2.672E-02,1.682E+00,1.879E+00,3.142E+00,-2.910E-03,2.683E+00,2.633E+00,2.084E-01,1.767E+00,1.661E+00,-4.459E-02,1.870E+00,1.846E+00,3.142E+00,-2.603E-03,2.677E+00,2.634E+00,1.234E-01,2.921E+00
7,0.000E+00,0.000E+00,2.868E-03,4.172E-04,0.000E+00,0.000E+00,1.465E-06,5.603E-03,1.175E-02,4.202E-01,1.760E+00,-7.753E-02,1.859E+00,1.512E+00,3.142E+00,-3.508E-03,2.588E+00,2.532E+00,9.039E-02,3.474E+00,1.666E+00,-2.604E-02,1.665E+00,1.924E+00,3.142E+00,-2.002E-03,2.656E+00,2.621E+00,2.078E-01,1.771E+00,1.656E+00,-5.857E-02,1.951E+00,1.879E+00,3.142E+00,-2.375E-03,2.667E+00,2.628E+00,1.236E-01,2.918E+00
8,0.000E+00,0.000E+00,2.886E-03,4.230E-04,0.000E+00,0.000E+00,1.709E-06,5.643E-03,1.185E-02,4.234E-01,1.760E+00,-8.738E-02,1.908E+00,1.521E+00,3.142E+00,-3.911E-03,2.600E+00,2.537E+00,9.057E-02,3.469E+00,1.661E+00,-2.535E-02,1.649E+00,1.969E+00,3.142E+00,-1.093E-03,2.629E+00,2.610E+00,2.072E-01,1.776E+00,1.652E+00,-7.256E-02,2.032E+00,1.912E+00,3.142E+00,-2.148E-03,2.658E+00,2.622E+00,1.237E-01,2.915E+00
9,0.000E+00,0.000E+00,2.895E-03,4.258E-04,0.000E+00,0.000E+00,1.831E-06,5.663E-03,1.190E-02,4.249E-01,1.760E+00,-9.230E-02,1.932E+00,1.525E+00,3.142E+00,-4.113E-03,2.605E+00,2.540E+00,9.066E-02,3.466E+00,1.659E+00,-2.501E-02,1.641E+00,1.991E+00,3.142E+00,-6.389E-04,2.615E+00,2.604E+00,2.069E-01,1.778E+00,1.650E+00,-7.956E-02,2.072E+00,1.928E+00,3.142E+00,-2.034E-03,2.653E+00,2.619E+00,1.238E-01,2.913E+00
10,0.000E+00,0.000E+00,2.904E-03,4.287E-04,0.000E+00,0.000E+00,1.953E-06,5.684E-03,1.195E-02,4.265E-01,1.761E+00,-9.722E-02,1.957E+00,1.529E+00,3.142E+00,-4.314E-03,2.611E+00,2.542E+00,9.075E-02,3.463E+00,1.657E+00,-2.467E-02,1.632E+00,2.014E+00,3.142E+00,-1.847E-04,2.601E+00,2.598E+00,2.066E-01,1.780E+00,1.648E+00,-8.655E-02,2.112E+00,1.944E+00,3.142E+00,-1.920E-03,2.648E+00,2.616E+00,1.239E-01,2.912E+00
11,0.000E+00,0.000E+00,3.004E-03,4.414E-04,0.000E+00,0.000E+00,1.709E-06,5.773E-03,1.213E-02,4.347E-01,1.763E+00,-1.209E-01,2.115E+00,1.511E+00,3.142E+00,-4.358E-03,2.613E+00,2.544E+00,9.016E-02,3.482E+00,1.648E+00,-5.313E-02,1.860E+00,1.992E+00,3.142E+00,8.758E-06,2.597E+00,2.597E+00,2.072E-01,1.776E+00,1.647E+00,-9.795E-02,2.179E+00,1.953E+00,3.142E+00,-2.107E-03,2.653E+00,2.619E+00,1.228E-01,2.935E+00
12,0.000E+00,0.000E+00,3.104E-03,4.541E-04,0.000E+00,0.000E+00,1.465E-06,5.863E-03,1.231E-02,4.428E-01,1.768E+00,-1.446E-01,2.273E+00,1.492E+00,3.142E+00,-4.402E-03,2.616E+00,2.545E+00,8.958E-02,3.500E+00,1.643E+00,-8.159E-02,2.088E+00,1.969E+00,3.142E+00,2.022E-04,2.592E+00,2.595E+00,2.077E-01,1.772E+00,1.647E+00,-1.094E-01,2.246E+00,1.963E+00,3.142E+00,-2.295E-03,2.659E+00,2.621E+00,1.217E-01,2.958E+00
13,0.000E+00,0.000E+00,3.203E-03,4.668E-04,0.000E+00,0.000E+00,1.221E-06,5.952E-03,1.250E-02,4.509E-01,1.773E+00,-1.683E-01,2.431E+00,1.474E+00,3.142E+00,-4.446E-03,2.618E+00,2.547E+00,8.900E-02,3.519E+00,1.641E+00,-1.101E-01,2.315E+00,1.947E+00,3.142E+00,3.957E-04,2.587E+00,2.593E+00,2.083E-01,1.768E+00,1.647E+00,-1.208E-01,2.312E+00,1.972E+00,3.142E+00,-2.483E-03,2.664E+00,2.623E+00,1.206E-01,2.981E+00
14,0.000E+00,0.000E+00,3.253E-03,4.731E-04,0.000E+00,0.000E+00,1.099E-06,5.997E-03,1.259E-02,4.550E-01,1.777E+00,-1.802E-01,2.510E+00,1.465E+00,3.142E+00,-4.468E-03,2.620E+00,2.548E+00,8.871E-02,3.528E+00,1.641E+00,-1.243E-01,2.429E+00,1.936E+00,3.142E+00,4.925E-04,2.585E+00,2.593E+00,2.086E-01,1.766E+00,1.647E+00,-1.265E-01,2.346E+00,1.976E+00,3.142E+00,-2.576E-03,2.667E+00,2.624E+00,1.201E-01,2.993E+00
15,0.000E+00,0.000E+00,3.303E-03,4.795E-04,0.000E+00,0.000E+00,9.766E-07,6.042E-03,1.268E-02,4.591E-01,1.780E+00,-1.920E-01,2.589E+00,1.456E+00,3.142E+00,-4.490E-03,2.621E+00,2.549E+00,8.841E-02,3.537E+00,1.642E+00,-1.385E-01,2.543E+00,1.925E+00,3.142E+00,5.892E-04,2.582E+00,2.592E+00,2.089E-01,1.763E+00,1.647E+00,-1.322E-01,2.379E+00,1.981E+00,3.142E+00,-2.670E-03,2.670E+00,2.625E+00,1.195E-01,3.004E+00
16,0.000E+00,0.000E+00,3.403E-03,4.922E-04,0.000E+00,0.000E+00,7.324E-07,6.131E-03,1.287E-02,4.672E-01,1.788E+00,-2.157E-01,2.747E+00,1.438E+00,3.142E+00,-4.534E-03,2.623E+00,2.550E+00,8.783E-02,3.556E+00,1.645E+00,-1.670E-01,2.771E+00,1.903E+00,3.142E+00,7.827E-04,2.577E+00,2.590E+00,2.095E-01,1.759E+00,1.647E+00,-1.436E-01,2.446E+00,1.990E+00,3.142E+00,-2.858E-03,2.675E+00,2.628E+00,1.184E-01,3.027E+00
17,0.000E+00,0.000E+00,3.503E-03,5.049E-04,0.000E+00,0.000E+00,4.883E-07,6.220E-03,1.305E-02,4.754E-01,1.797E+00,-2.394E-01,2.905E+00,1.419E+00,3.142E+00,-4.578E-03,2.626E+00,2.552E+00,8.725E-02,3.574E+00,1.650E+00,-1.954E-01,2.999E+00,1.880E+00,3.142E+00,9.762E-04,2.573E+00,2.588E+00,2.101E-01,1.755E+00,1.648E+00,-1.550E-01,2.513E+00,1.999E+00,3.142E+00,-3.045E-03,2.681E+00,2.630E+00,1.174E-01,3.050E+00
18,0.000E+00,0.000E+00,3.602E-03,5.176E-04,0.000E+00,0.000E+00,2.441E-07,6.310E-03,1.323E-02,4.835E-01,1.806E+00,-2.631E-01,3.063E+00,1.401E+00,3.142E+00,-4.622E-03,2.628E+00,2.553E+00,8.666E-02,3.593E+00,1.657E+00,-2.239E-01,3.226E+00,1.858E+00,3.142E+00,1.170E-03,2.568E+00,2.587E+00,2.106E-01,1.751E+00,1.648E+00,-1.664E-01,2.579E+00,2.009E+00,3.142E+00,-3.233E-03,2.686E+00,2.632E+00,1.163E-01,3.074E+00
19,0.000E+00,0.000E+00,3.652E-03,5.239E-04,0.000E+00,0.000E+00,1.221E-07,6.355E-03,1.333E-02,4.876E-01,1.811E+00,-2.750E-01,3.142E+00,1.392E+00,3.142E+00,-4.644E-03,2.629E+00,2.554E+00,8.637E-02,3.602E+00,1.661E+00,-2.381E-01,3.340E+00,1.847E+00,3.142E+00,1.266E-03,2.566E+00,2.586E+00,2.109E-01,1.749E+00,1.648E+00,-1.721E-01,2.613E+00,2.013E+00,3.142E+00,-3.327E-03,2.689E+00,2.633E+00,1.157E-01,3.085E+00
20,0.000E+00,0.000E+00,3.702E-03,5.303E-04,0.000E+00,0.000E+00,0.000E+00,6.399E-03,1.342E-02,4.917E-01,1.816E+00,-2.868E-01,3.221E+00,1.383E+00,3.142E+00,-4.666E-03,2.631E+00,2.555E+00,8.608E-02,3.611E+00,1.665E+00,-2.524E-01,3.454E+00,1.836E+00,3.142E+00,1.363E-03,2.563E+00,2.585E+00,2.112E-01,1.747E+00,1.648E+00,-1.778E-01,2.646E+00,2.018E+00,3.142E+00,-3.421E-03,2.691E+00,2.634E+00,1.152E-01,3.097E+00
21,0.000E+00,0.000E+00,3.773E-03,5.005E-04,0.000E+00,0.000E+00,0.000E+00,6.678E-03,1.397E-02,5.089E-01,1.814E+00,-2.928E-01,3.254E+00,1.399E+00,3.142E+00,-4.468E-03,2.629E+00,2.557E+00,8.542E-02,3.634E+00,1.663E+00,-2.494E-01,3.385E+00,1.862E+00,3.142E+00,6.308E-04,2.575E+00,2.585E+00,2.100E-01,1.756E+00,1.649E+00,-1.889E-01,2.732E+00,2.015E+00,3.142E+00,-3.252E-03,2.697E+00,2.643E+00,1.151E-01,3.099E+00
22,0.000E+00,0.000E+00,3.844E-03,4.707E-04,0.000E+00,0.000E+00,0.000E+00,6.957E-03,1.452E-02,5.262E-01,1.812E+00,-2.987E-01,3.287E+00,1.415E+00,3.142E+00,-4.270E-03,2.627E+00,2.558E+00,8.477E-02,3.657E+00,1.662E+00,-2.465E-01,3.316E+00,1.889E+00,3.142E+00,-1.015E-04,2.588E+00,2.586E+00,2.087E-01,1.765E+00,1.649E+00,-2.000E-01,2.817E+00,2.012E+00,3.142E+00,-3.084E-03,2.703E+00,2.651E+00,1.150E-01,3.101E+00
23,0.000E+00,0.000E+00,3.914E-03,4.409E-04,0.000E+00,0.000E+00,0.000E+00,7.235E-03,1.507E-02,5.435E-01,1.810E+00,-3.047E-01,3.320E+00,1.431E+00,3.142E+00,-4.072E-03,2.625E+00,2.560E+00,8.411E-02,3.680E+00,1.660E+00,-2.436E-01,3.247E+00,1.916E+00,3.142E+00,-8.338E-04,2.600E+00,2.586E+00,2.075E-01,1.774E+00,1.650E+00,-2.111E-01,2.903E+00,2.009E+00,3.142E+00,-2.916E-03,2.709E+00,2.660E+00,1.149E-01,3.104E+00
24,0.000E+00,0.000E+00,3.950E-03,4.260E-04,0.000E+00,0.000E+00,0.000E+00,7.375E-03,1.534E-02,5.521E-01,1.809E+00,-3.077E-01,3.337E+00,1.439E+00,3.142E+00,-3.973E-03,2.624E+00,2.560E+00,8.379E-02,3.692E+00,1.660E+00,-2.422E-01,3.213E+00,1.929E+00,3.142E+00,-1.200E-03,2.606E+00,2.586E+00,2.068E-01,1.779E+00,1.651E+00,-2.167E-01,2.946E+00,2.008E+00,3.142E+00,-2.831E-03,2.712E+00,2.664E+00,1.148E-01,3.105E+00
25,0.000E+00,0.000E+00,3.985E-03,4.111E-04,0.000E+00,0.000E+00,0.000E+00,7.514E-03,1.562E-02,5.608E-01,1.808E+00,-3.107E-01,3.353E+00,1.447E+00,3.142E+00,-3.874E-03,2.624E+00,2.561E+00,8.346E-02,3.703E+00,1.660E+00,-2.407E-01,3.178E+00,1.943E+00,3.142E+00,-1.566E-03,2.612E+00,2.586E+00,2.062E-01,1.784E+00,1.651E+00,-2.222E-01,2.989E+00,2.006E+00,3.142E+00,-2.747E-03,2.715E+00,2.668E+00,1.148E-01,3.106E+00
26,0.000E+00,0.000E+00,4.056E-03,3.813E-04,0.000E+00,0.000E+00,0.000E+00,7.793E-03,1.617E-02,5.780E-01,1.805E+00,-3.166E-01,3.387E+00,1.464E+00,3.142E+00,-3.676E-03,2.622E+00,2.563E+00,8.280E-02,3.726E+00,1.659E+00,-2.378E-01,3.109E+00,1.969E+00,3.142E+00,-2.298E-03,2.625E+00,2.587E+00,2.050E-01,1.793E+00,1.653E+00,-2.333E-01,3.074E+00,2.003E+00,3.142E+00,-2.579E-03,2.720E+00,2.677E+00,1.147E-01,3.108E+00
27,0.000E+00,0.000E+00,4.126E-03,3.516E-04,0.000E+00,0.000E+00,0.000E+00,8.072E-03,1.672E-02,5.953E-01,1.803E+00,-3.226E-01,3.420E+00,1.480E+00,3.142E+00,-3.478E-03,2.620E+00,2.564E+00,8.215E-02,3.749E+00,1.658E+00,-2.349E-01,3.040E+00,1.996E+00,3.142E+00,-3.031E-03,2.637E+00,2.587E+00,2.037E-01,1.802E+00,1.654E+00,-2.444E-01,3.160E+00,2.000E+00,3.142E+00,-2.411E-03,2.726E+00,2.685E+00,1.146E-01,3.111E+00
28,0.000E+00,0.000E+00,4.197E-03,3.218E-04,0.000E+00,0.000E+00,0.000E+00,8.350E-03,1.727E-02,6.126E-01,1.801E+00,-3.286E-01,3.453E+00,1.496E+00,3.142E+00,-3.280E-03,2.618E+00,2.565E+00,8.149E-02,3.772E+00,1.658E+00,-2.320E-01,2.972E+00,2.023E+00,3.142E+00,-3.763E-03,2.649E+00,2.587E+00,2.025E-01,1.812E+00,1.656E+00,-2.556E-01,3.245E+00,1.997E+00,3.142E+00,-2.242E-03,2.732E+00,2.694E+00,1.145E-01,3.113E+00
29,0.000E+00,0.000E+00,4.232E-03,3.069E-04,0.000E+00,0.000E+00,0.000E+00,8.490E-03,1.754E-02,6.212E-01,1.800E+00,-3.316E-01,3.469E+00,1.504E+00,3.142E+00,-3.181E-03,2.617E+00,2.566E+00,8.116E-02,3.784E+00,1.658E+00,-2.306E-01,2.937E+00,2.036E+00,3.142E+00,-4.129E-03,2.655E+00,2.588E+00,2.018E-01,1.816E+00,1.657E+00,-2.611E-01,3.288E+00,1.996E+00,3.142E+00,-2.158E-03,2.735E+00,2.698E+00,1.144E-01,3.114E+00
30,0.000E+00,0.000E+00,4.268E-03,2.920E-04,0.000E+00,0.000E+00,0.000E+00,8.629E-03,1.782E-02,6.299E-01,1.799E+00,-3.346E-01,3.486E+00,1.512E+00,3.142E+00,-3.082E-03,2.617E+00,2.567E+00,8.083E-02,3.795E+00,1.658E+00,-2.291E-01,2.903E+00,2.049E+00,3.142E+00,-4.495E-03,2.661E+00,2.588E+00,2.012E-01,1.821E+00,1.657E+00,-2.667E-01,3.331E+00,1.994E+00,3.142E+00,-2.074E-03,2.738E+00,2.702E+00,1.144E-01,3.116E+00
31,0.000E+00,0.000E+00,4.608E-03,2.555E-04,0.000E+00,2.441E-07,4.883E-07,9.369E-03,1.916E-02,6.787E-01,1.782E+00,-3.477E-01,3.660E+00,1.568E+00,3.142E+00,-2.963E-03,2.617E+00,2.569E+00,8.027E-02,3.817E+00,1.649E+00,-2.445E-01,3.118E+00,2.052E+00,3.142E+00,-3.758E-03,2.651E+00,2.589E+00,2.001E-01,1.830E+00,1.652E+00,-2.732E-01,3.400E+00,2.021E+00,3.142E+00,-2.041E-03,2.738E+00,2.703E+00,1.134E-01,3.141E+00
32,0.000E+00,0.000E+00,4.778E-03,2.372E-04,0.000E+00,3.662E-07,7.324E-07,9.739E-03,1.983E-02,7.031E-01,1.774E+00,-3.543E-01,3.748E+00,1.596E+00,3.142E+00,-2.904E-03,2.616E+00,2.570E+00,7.998E-02,3.828E+00,1.645E+00,-2.522E-01,3.226E+00,2.054E+00,3.142E+00,-3.390E-03,2.645E+00,2.590E+00,1.995E-01,1.835E+00,1.649E+00,-2.765E-01,3.434E+00,2.034E+00,3.142E+00,-2.025E-03,2.738E+00,2.703E+00,1.128E-01,3.153E+00
33,0.000E+00,0.000E+00,4.948E-03,2.190E-04,0.000E+00,4.883E-07,9.766E-07,1.011E-02,2.050E-02,7.275E-01,1.766E+00,-3.608E-01,3.835E+00,1.624E+00,3.142E+00,-2.845E-03,2.616E+00,2.571E+00,7.970E-02,3.839E+00,1.641E+00,-2.599E-01,3.334E+00,2.055E+00,3.142E+00,-3.022E-03,2.640E+00,2.591E+00,1.989E-01,1.840E+00,1.647E+00,-2.798E-01,3.469E+00,2.048E+00,3.142E+00,-2.009E-03,2.738E+00,2.704E+00,1.123E-01,3.166E+00
34,0.000E+00,0.000E+00,5.119E-03,2.007E-04,0.000E+00,6.104E-07,1.221E-06,1.048E-02,2.117E-02,7.519E-01,1.758E+00,-3.674E-01,3.922E+00,1.652E+00,3.142E+00,-2.786E-03,2.616E+00,2.572E+00,7.941E-02,3.850E+00,1.638E+00,-2.676E-01,3.442E+00,2.057E+00,3.142E+00,-2.653E-03,2.635E+00,2.591E+00,1.983E-01,1.844E+00,1.644E+00,-2.831E-01,3.503E+00,2.061E+00,3.142E+00,-1.992E-03,2.739E+00,2.704E+00,1.118E-01,3.178E+00
35,0.000E+00,0.000E+00,5.289E-03,1.825E-04,0.000E+00,7.324E-07,1.465E-06,1.085E-02,2.184E-02,7.763E-01,1.751E+00,-3.740E-01,4.009E+00,1.680E+00,3.142E+00,-2.727E-03,2.616E+00,2.572E+00,7.913E-02,3.861E+00,1.635E+00,-2.753E-01,3.549E+00,2.058E+00,3.142E+00,-2.285E-03,2.630E+00,2.592E+00,1.977E-01,1.849E+00,1.641E+00,-2.864E-01,3.538E+00,2.075E+00,3.142E+00,-1.976E-03,2.739E+00,2.705E+00,1.113E-01,3.191E+00
36,0.000E+00,0.000E+00,5.459E-03,1.642E-04,0.000E+00,8.545E-07,1.709E-06,1.122E-02,2.251E-02,8.007E-01,1.743E+00,-3.805E-01,4.097E+00,1.707E+00,3.142E+00,-2.667E-03,2.616E+00,2.573E+00,7.884E-02,3.872E+00,1.632E+00,-2.830E-01,3.657E+00,2.060E+00,3.142E+00,-1.916E-03,2.624E+00,2.593E+00,1.972E-01,1.854E+00,1.639E+00,-2.896E-01,3.572E+00,2.088E+00,3.142E+00,-1.960E-03,2.739E+00,2.705E+00,1.108E-01,3.203E+00
37,0.000E+00,0.000E+00,5.629E-03,1.460E-04,0.000E+00,9.766E-07,1.953E-06,1.159E-02,2.319E-02,8.251E-01,1.736E+00,-3.871E-01,4.184E+00,1.735E+00,3.142E+00,-2.608E-03,2.616E+00,2.574E+00,7.856E-02,3.883E+00,1.629E+00,-2.907E-01,3.765E+00,2.061E+00,3.142E+00,-1.548E-03,2.619E+00,2.593E+00,1.966E-01,1.858E+00,1.636E+00,-2.929E-01,3.607E+00,2.101E+00,3.142E+00,-1.943E-03,2.739E+00,2.706E+00,1.103E-01,3.216E+00
38,0.000E+00,0.000E+00,5.800E-03,1.277E-04,0.000E+00,1.099E-06,2.197E-06,1.196E-02,2.386E-02,8.495E-01,1.729E+00,-3.937E-01,4.271E+00,1.763E+00,3.142E+00,-2.549E-03,2.616E+00,2.575E+00,7.827E-02,3.894E+00,1.627E+00,-2.983E-01,3.873E+00,2.063E+00,3.142E+00,-1.179E-03,2.614E+00,2.594E+00,1.960E-01,1.863E+00,1.634E+00,-2.962E-01,3.641E+00,2.115E+00,3.142E+00,-1.927E-03,2.739E+00,2.706E+00,1.098E-01,3.228E+00
39,0.000E+00,0.000E+00,5.970E-03,1.095E-04,0.000E+00,1.221E-06,2.441E-06,1.233E-02,2.453E-02,8.739E-01,1.722E+00,-4.003E-01,4.359E+00,1.791E+00,3.142E+00,-2.490E-03,2.616E+00,2.576E+00,7.799E-02,3.905E+00,1.625E+00,-3.060E-01,3.980E+00,2.064E+00,3.142E+00,-8.111E-04,2.608E+00,2.595E+00,1.954E-01,1.868E+00,1.631E+00,-2.995E-01,3.676E+00,2.128E+00,3.142E+00,-1.911E-03,2.739E+00,2.707E+00,1.093E-01,3.241E+00
40,0.000E+00,0.000E+00,6.140E-03,9.125E-05,0.000E+00,1.343E-06,2.686E-06,1.270E-02,2.520E-02,8.983E-01,1.716E+00,-4.068E-01,4.446E+00,1.819E+00,3.142E+00,-2.430E-03,2.616E+00,2.577E+00,7.770E-02,3.916E+00,1.623E+00,-3.137E-01,4.088E+00,2.066E+00,3.142E+00,-4.426E-04,2.603E+00,2.595E+00,1.948E-01,1.872E+00,1.629E+00,-3.028E-01,3.710E+00,2.142E+00,3.142E+00,-1.894E-03,2.740E+00,2.707E+00,1.088E-01,3.253E+00
41,0.000E+00,0.000E+00,6.310E-03,7.300E-05,0.000E+00,1.465E-06,2.930E-06,1.307E-02,2.587E-02,9.227E-01,1.709E+00,-4.134E-01,4.533E+00,1.847E+00,3.142E+00,-2.371E-03,2.616E+00,2.578E+00,7.742E-02,3.928E+00,1.621E+00,-3.214E-01,4.196E+00,2.067E+00,3.142E+00,-7.421E-05,2.598E+00,2.596E+00,1.943E-01,1.877E+00,1.627E+00,-3.060E-01,3.745E+00,2.155E+00,3.142E+00,-1.878E-03,2.740E+00,2.707E+00,1.083E-01,3.266E+00
42,0.000E+00,0.000E+00,6.481E-03,5.475E-05,0.000E+00,1.587E-06,3.174E-06,1.344E-02,2.654E-02,9.471E-01,1.703E+00,-4.200E-01,4.620E+00,1.875E+00,3.142E+00,-2.312E-03,2.616E+00,2.579E+00,7.714E-02,3.939E+00,1.620E+00,-3.291E-01,4.304E+00,2.069E+00,3.142E+00,2.942E-04,2.592E+00,2.597E+00,1.937E-01,1.882E+00,1.624E+00,-3.093E-01,3.779E+00,2.168E+00,3.142E+00,-1.862E-03,2.740E+00,2.708E+00,1.078E-01,3.278E+00
43,0.000E+00,0.000E+00,6.651E-03,3.650E-05,0.000E+00,1.709E-06,3.418E-06,1.381E-02,2.721E-02,9.716E-01,1.697E+00,-4.265E-01,4.708E+00,1.903E+00,3.142E+00,-2.253E-03,2.616E+00,2.580E+00,7.685E-02,3.950E+00,1.618E+00,-3.368E-01,4.412E+00,2.070E+00,3.142E+00,6.626E-04,2.587E+00,2.598E+00,1.931E-01,1.886E+00,1.622E+00,-3.126E-01,3.814E+00,2.182E+00,3.142E+00,-1.845E-03,2.740E+00,2.708E+00,1.072E-01,3.291E+00
44,0.000E+00,0.000E+00,6.821E-03,1.825E-05,0.000E+00,1.831E-06,3.662E-06,1.418E-02,2.789E-02,9.960E-01,1.691E+00,-4.331E-01,4.795E+00,1.931E+00,3.142E+00,-2.194E-03,2.616E+00,2.581E+00,7.657E-02,3.961E+00,1.617E+00,-3.445E-01,4.519E+00,2.072E+00,3.142E+00,1.031E-03,2.582E+00,2.598E+00,1.925E-01,1.891E+00,1.620E+00,-3.159E-01,3.848E+00,2.195E+00,3.142E+00,-1.829E-03,2.740E+00,2.709E+00,1.067E-01,3.304E+00
45,0.000E+00,0.000E+00,6.991E-03,0.000E+00,0.000E+00,1.953E-06,3.906E-06,1.455E-02,2.856E-02,1.020E+00,1.685E+00,-4.397E-01,4.882E+00,1.959E+00,3.142E+00,-2.134E-03,2.616E+00,2.582E+00,7.628E-02,3.972E+00,1.616E+00,-3.522E-01,4.627E+00,2.073E+00,3.142E+00,1.400E-03,2.576E+00,2.599E+00,1.920E-01,1.896E+00,1.617E+00,-3.192E-01,3.883E+00,2.209E+00,3.142E+00,-1.813E-03,2.740E+00,2.709E+00,1.062E-01,3.316E+00
46,0.000E+00,0.000E+00,7.340E-03,0.000E+00,0.000E+00,1.465E-06,7.324E-06,1.553E-02,3.030E-02,1.083E+00,1.701E+00,-4.883E-01,6.166E+00,1.763E+00,3.142E+00,-2.753E-03,2.659E+00,2.614E+00,7.710E-02,3.939E+00,1.636E+00,-3.407E-01,4.227E+00,2.054E+00,3.142E+00,1.421E-03,2.566E+00,2.589E+00,1.960E-01,1.863E+00,1.616E+00,-3.490E-01,4.436E+00,2.128E+00,3.142E+00,-1.883E-03,2.757E+00,2.724E+00,1.078E-01,3.277E+00
47,0.000E+00,0.000E+00,7.515E-03,0.000E+00,0.000E+00,1.221E-06,9.033E-06,1.602E-02,3.117E-02,1.114E+00,1.717E+00,-5.125E-01,6.808E+00,1.665E+00,3.142E+00,-3.062E-03,2.681E+00,2.630E+00,7.750E-02,3.923E+00,1.647E+00,-3.349E-01,4.027E+00,2.044E+00,3.142E+00,1.432E-03,2.562E+00,2.584E+00,1.980E-01,1.847E+00,1.617E+00,-3.639E-01,4.712E+00,2.088E+00,3.142E+00,-1.918E-03,2.765E+00,2.732E+00,1.085E-01,3.257E+00
48,0.000E+00,0.000E+00,7.689E-03,0.000E+00,0.000E+00,9.766E-07,1.074E-05,1.651E-02,3.205E-02,1.145E+00,1.738E+00,-5.368E-01,7.449E+00,1.567E+00,3.142E+00,-3.371E-03,2.703E+00,2.646E+00,7.791E-02,3.906E+00,1.658E+00,-3.291E-01,3.827E+00,2.035E+00,3.142E+00,1.443E-03,2.557E+00,2.580E+00,2.000E-01,1.830E+00,1.620E+00,-3.788E-01,4.988E+00,2.048E+00,3.142E+00,-1.953E-03,2.773E+00,2.739E+00,1.093E-01,3.238E+00
49,0.000E+00,0.000E+00,8.240E-03,0.000E+00,0.000E+00,4.883E-06,1.074E-05,1.745E-02,3.420E-02,1.218E+00,1.679E+00,-5.047E-01,6.599E+00,1.838E+00,3.142E+00,-3.148E-03,2.703E+00,2.650E+00,7.699E-02,3.943E+00,1.635E+00,-3.372E-01,4.060E+00,2.106E+00,3.142E+00,-5.082E-05,2.682E+00,2.680E+00,1.926E-01,1.892E+00,1.618E+00,-3.764E-01,4.890E+00,2.081E+00,3.142E+00,-1.306E-03,2.749E+00,2.726E+00,1.073E-01,3.289E+00
50,0.000E+00,0.000E+00,8.515E-03,0.000E+00,0.000E+00,6.836E-06,1.074E-05,1.791E-02,3.528E-02,1.255E+00,1.656E+00,-4.886E-01,6.174E+00,1.973E+00,3.142E+00,-3.036E-03,2.704E+00,2.653E+00,7.653E-02,3.962E+00,1.624E+00,-3.412E-01,4.176E+00,2.142E+00,3.142E+00,-7.975E-04,2.745E+00,2.730E+00,1.889E-01,1.923E+00,1.616E+00,-3.753E-01,4.841E+00,2.098E+00,3.142E+00,-9.827E-04,2.737E+00,2.720E+00,1.063E-01,3.314E+00
51,0.000E+00,0.000E+00,8.790E-03,0.000E+00,0.000E+00,8.789E-06,1.074E-05,1.838E-02,3.636E-02,1.292E+00,1.637E+00,-4.726E-01,5.748E+00,2.108E+00,3.142E+00,-2.925E-03,2.704E+00,2.655E+00,7.607E-02,3.980E+00,1.614E+00,-3.452E-01,4.292E+00,2.178E+00,3.142E+00,-1.544E-03,2.807E+00,2.780E+00,1.853E-01,1.954E+00,1.615E+00,-3.741E-01,4.792E+00,2.114E+00,3.142E+00,-6.594E-04,2.725E+00,2.713E+00,1.053E-01,3.340E+00
52,0.000E+00,0.000E+00,9.376E-03,0.000E+00,0.000E+00,7.813E-06,1.221E-05,1.957E-02,3.847E-02,1.372E+00,1.631E+00,-5.018E-01,6.375E+00,2.107E+00,3.142E+00,-2.255E-03,2.676E+00,2.639E+00,7.583E-02,3.990E+00,1.611E+00,-3.570E-01,4.387E+00,2.206E+00,3.142E+00,-2.604E-03,2.754E+00,2.710E+00,1.859E-01,1.948E+00,1.614E+00,-3.616E-01,4.544E+00,2.155E+00,3.142E+00,-8.216E-04,2.773E+00,2.759E+00,1.055E-01,3.335E+00
53,0.000E+00,0.000E+00,9.670E-03,0.000E+00,0.000E+00,7.324E-06,1.294E-05,2.016E-02,3.953E-02,1.412E+00,1.629E+00,-5.164E-01,6.688E+00,2.106E+00,3.142E+00,-1.919E-03,2.662E+00,2.630E+00,7.571E-02,3.995E+00,1.610E+00,-3.629E-01,4.434E+00,2.220E+00,3.142E+00,-3.134E-03,2.728E+00,2.675E+00,1.863E-01,1.945E+00,1.613E+00,-3.553E-01,4.420E+00,2.175E+00,3.142E+00,-9.028E-04,2.798E+00,2.782E+00,1.056E-01,3.332E+00
54,0.000E+00,0.000E+00,9.963E-03,0.000E+00,0.000E+00,6.836E-06,1.367E-05,2.075E-02,4.058E-02,1.452E+00,1.627E+00,-5.310E-01,7.001E+00,2.105E+00,3.142E+00,-1.584E-03,2.648E+00,2.622E+00,7.559E-02,4.000E+00,1.609E+00,-3.688E-01,4.482E+00,2.234E+00,3.142E+00,-3.664E-03,2.701E+00,2.640E+00,1.866E-01,1.942E+00,1.613E+00,-3.491E-01,4.296E+00,2.195E+00,3.142E+00,-9.839E-04,2.822E+00,2.805E+00,1.057E-01,3.330E+00
55,0.000E+00,0.000E+00,1.068E-02,0.000E+00,0.000E+00,1.025E-05,1.904E-05,2.211E-02,4.344E-02,1.551E+00,1.636E+00,-5.308E-01,7.065E+00,2.046E+00,3.142E+00,-1.152E-03,2.646E+00,2.627E+00,7.558E-02,4.000E+00,1.614E+00,-3.725E-01,4.550E+00,2.198E+00,3.142E+00,-4.994E-03,2.857E+00,2.766E+00,1.876E-01,1.933E+00,1.609E+00,-3.748E-01,4.787E+00,2.156E+00,3.142E+00,-1.953E-03,2.858E+00,2.823E+00,1.047E-01,3.356E+00
56,0.000E+00,0.000E+00,1.103E-02,0.000E+00,0.000E+00,1.196E-05,2.173E-05,2.279E-02,4.487E-02,1.601E+00,1.641E+00,-5.307E-01,7.097E+00,2.016E+00,3.142E+00,-9.364E-04,2.645E+00,2.629E+00,7.558E-02,4.000E+00,1.616E+00,-3.743E-01,4.584E+00,2.181E+00,3.142E+00,-5.660E-03,2.934E+00,2.829E+00,1.882E-01,1.928E+00,1.608E+00,-3.877E-01,5.033E+00,2.136E+00,3.142E+00,-2.438E-03,2.876E+00,2.832E+00,1.042E-01,3.369E+00
57,0.000E+00,0.000E+00,1.139E-02,0.000E+00,0.000E+00,1.367E-05,2.441E-05,2.348E-02,4.629E-02,1.651E+00,1.646E+00,-5.306E-01,7.129E+00,1.987E+00,3.142E+00,-7.204E-04,2.643E+00,2.631E+00,7.558E-02,4.001E+00,1.618E+00,-3.761E-01,4.619E+00,2.163E+00,3.142E+00,-6.325E-03,3.012E+00,2.892E+00,1.887E-01,1.924E+00,1.608E+00,-4.006E-01,5.279E+00,2.117E+00,3.142E+00,-2.923E-03,2.895E+00,2.841E+00,1.038E-01,3.382E+00
58,0.000E+00,0.000E+00,1.215E-02,0.000E+00,0.000E+00,1.123E-05,2.832E-05,2.519E-02,4.959E-02,1.769E+00,1.617E+00,-5.202E-01,6.771E+00,2.164E+00,3.142E+00,-1.074E-03,2.664E+00,2.646E+00,7.513E-02,4.019E+00,1.614E+00,-4.232E-01,5.591E+00,2.089E+00,3.142E+00,-2.737E-03,2.869E+00,2.816E+00,1.892E-01,1.920E+00,1.595E+00,-3.856E-01,5.018E+00,2.207E+00,3.142E+00,-2.041E-03,2.843E+00,2.806E+00,1.036E-01,3.387E+00
59,0.000E+00,0.000E+00,1.253E-02,0.000E+00,0.000E+00,1.001E-05,3.027E-05,2.604E-02,5.124E-02,1.828E+00,1.605E+00,-5.150E-01,6.593E+00,2.252E+00,3.142E+00,-1.251E-03,2.674E+00,2.653E+00,7.491E-02,4.029E+00,1.616E+00,-4.468E-01,6.078E+00,2.052E+00,3.142E+00,-9.424E-04,2.798E+00,2.779E+00,1.894E-01,1.918E+00,1.590E+00,-3.781E-01,4.887E+00,2.252E+00,3.142E+00,-1.600E-03,2.818E+00,2.789E+00,1.035E-01,3.389E+00
60,0.000E+00,0.000E+00,1.291E-02,0.000E+00,0.000E+00,8.789E-06,3.223E-05,2.690E-02,5.288E-02,1.887E+00,1.593E+00,-5.099E-01,6.414E+00,2.341E+00,3.142E+00,-1.427E-03,2.684E+00,2.660E+00,7.468E-02,4.038E+00,1.620E+00,-4.704E-01,6.564E+00,2.015E+00,3.142E+00,8.518E-04,2.727E+00,2.741E+00,1.896E-01,1.916E+00,1.584E+00,-3.706E-01,4.757E+00,2.297E+00,3.142E+00,-1.160E-03,2.792E+00,2.772E+00,1.034E-01,3.391E+00
61,0.000E+00,0.000E+00,1.376E-02,0.000E+00,0.000E+00,1.318E-05,3.027E-05,2.880E-02,5.653E-02,2.017E+00,1.581E+00,-5.153E-01,6.582E+00,2.395E+00,3.142E+00,-2.408E-03,2.685E+00,2.645E+00,7.168E-02,4.174E+00,1.587E+00,-4.549E-01,6.589E+00,2.129E+00,3.142E+00,5.622E-04,2.714E+00,2.723E+00,1.909E-01,1.905E+00,1.567E+00,-3.826E-01,5.096E+00,2.344E+00,3.142E+00,3.206E-04,2.753E+00,2.758E+00,1.029E-01,3.405E+00
62,0.000E+00,0.000E+00,1.419E-02,0.000E+00,0.000E+00,1.538E-05,2.930E-05,2.975E-02,5.835E-02,2.082E+00,1.575E+00,-5.179E-01,6.666E+00,2.423E+00,3.142E+00,-2.898E-03,2.685E+00,2.637E+00,7.018E-02,4.242E+00,1.571E+00,-4.471E-01,6.601E+00,2.187E+00,3.142E+00,4.174E-04,2.707E+00,2.714E+00,1.915E-01,1.900E+00,1.559E+00,-3.887E-01,5.265E+00,2.367E+00,3.142E+00,1.061E-03,2.734E+00,2.752E+00,1.027E-01,3.413E+00
63,0.000E+00,0.000E+00,1.461E-02,0.000E+00,0.000E+00,1.758E-05,2.832E-05,3.071E-02,6.017E-02,2.147E+00,1.569E+00,-5.206E-01,6.750E+00,2.450E+00,3.142E+00,-3.388E-03,2.686E+00,2.629E+00,6.868E-02,4.310E+00,1.555E+00,-4.394E-01,6.613E+00,2.244E+00,3.142E+00,2.725E-04,2.701E+00,2.705E+00,1.921E-01,1.895E+00,1.551E+00,-3.947E-01,5.434E+00,2.390E+00,3.142E+00,1.801E-03,2.714E+00,2.745E+00,1.024E-01,3.420E+00
64,0.000E+00,0.000E+00,1.587E-02,0.000E+00,0.000E+00,2.100E-05,4.395E-05,3.296E-02,6.484E-02,2.314E+00,1.555E+00,-5.491E-01,8.042E+00,2.390E+00,3.142E+00,-3.204E-03,2.653E+00,2.600E+00,7.140E-02,4.186E+00,1.550E+00,-4.961E-01,9.068E+00,2.062E+00,3.142E+00,-7.583E-05,2.673E+00,2.672E+00,1.886E-01,1.925E+00,1.539E+00,-4.222E-01,6.323E+00,2.337E+00,3.142E+00,1.458E-03,2.750E+00,2.775E+00,1.024E-01,3.420E+00
65,0.000E+00,0.000E+00,1.650E-02,0.000E+00,0.000E+00,2.271E-05,5.176E-05,3.409E-02,6.718E-02,2.398E+00,1.551E+00,-5.633E-01,8.688E+00,2.360E+00,3.142E+00,-3.111E-03,2.636E+00,2.586E+00,7.277E-02,4.123E+00,1.559E+00,-5.244E-01,1.030E+01,1.971E+00,3.142E+00,-2.500E-04,2.660E+00,2.656E+00,1.869E-01,1.940E+00,1.536E+00,-4.359E-01,6.768E+00,2.310E+00,3.142E+00,1.286E-03,2.768E+00,2.790E+00,1.024E-01,3.421E+00
66,0.000E+00,0.000E+00,1.713E-02,0.000E+00,0.000E+00,2.441E-05,5.957E-05,3.521E-02,6.952E-02,2.481E+00,1.549E+00,-5.775E-01,9.334E+00,2.331E+00,3.142E+00,-3.019E-03,2.620E+00,2.571E+00,7.413E-02,4.061E+00,1.573E+00,-5.528E-01,1.152E+01,1.880E+00,3.142E+00,-4.242E-04,2.646E+00,2.639E+00,1.852E-01,1.955E+00,1.534E+00,-4.497E-01,7.212E+00,2.284E+00,3.142E+00,1.115E-03,2.785E+00,2.805E+00,1.024E-01,3.421E+00
67,0.000E+00,0.000E+00,1.854E-02,0.000E+00,0.000E+00,2.246E-05,6.836E-05,3.809E-02,7.503E-02,2.680E+00,1.542E+00,-6.248E-01,1.185E+01,2.240E+00,3.142E+00,-9.391E-04,2.637E+00,2.622E+00,7.311E-02,4.106E+00,1.544E+00,-5.859E-01,1.421E+01,1.910E+00,3.142E+00,-1.283E-03,2.682E+00,2.661E+00,1.828E-01,1.976E+00,1.522E+00,-4.782E-01,8.412E+00,2.247E+00,3.142E+00,-1.382E-04,2.774E+00,2.771E+00,1.009E-01,3.463E+00
68,0.000E+00,0.000E+00,1.924E-02,0.000E+00,0.000E+00,2.148E-05,7.275E-05,3.953E-02,7.779E-02,2.780E+00,1.544E+00,-6.484E-01,1.311E+01,2.194E+00,3.142E+00,1.011E-04,2.645E+00,2.647E+00,7.260E-02,4.128E+00,1.534E+00,-6.024E-01,1.555E+01,1.925E+00,3.142E+00,-1.713E-03,2.700E+00,2.671E+00,1.817E-01,1.987E+00,1.519E+00,-4.924E-01,9.012E+00,2.229E+00,3.142E+00,-7.647E-04,2.768E+00,2.754E+00,1.001E-01,3.485E+00
69,0.000E+00,0.000E+00,1.995E-02,0.000E+00,0.000E+00,2.051E-05,7.715E-05,4.096E-02,8.055E-02,2.880E+00,1.549E+00,-6.721E-01,1.436E+01,2.148E+00,3.142E+00,1.141E-03,2.653E+00,2.672E+00,7.209E-02,4.151E+00,1.525E+00,-6.190E-01,1.689E+01,1.940E+00,3.142E+00,-2.142E-03,2.719E+00,2.682E+00,1.805E-01,1.998E+00,1.516E+00,-5.066E-01,9.612E+00,2.210E+00,3.142E+00,-1.391E-03,2.762E+00,2.738E+00,9.941E-02,3.506E+00
70,0.000E+00,0.000E+00,2.155E-02,0.000E+00,0.000E+00,3.711E-05,9.131E-05,4.445E-02,8.738E-02,3.124E+00,1.507E+00,-6.819E-01,1.612E+01,2.280E+00,3.142E+00,3.915E-03,2.556E+00,2.618E+00,7.000E-02,4.249E+00,1.470E+00,-5.782E-01,1.562E+01,2.155E+00,3.142E+00,-2.054E-03,2.701E+00,2.667E+00,1.855E-01,1.953E+00,1.494E+00,-5.237E-01,1.091E+01,2.239E+00,3.142E+00,-6.813E-05,2.735E+00,2.734E+00,9.812E-02,3.545E+00
71,0.000E+00,0.000E+00,2.235E-02,0.000E+00,0.000E+00,4.541E-05,9.839E-05,4.620E-02,9.080E-02,3.246E+00,1.487E+00,-6.868E-01,1.700E+01,2.345E+00,3.142E+00,5.302E-03,2.508E+00,2.591E+00,6.895E-02,4.298E+00,1.445E+00,-5.578E-01,1.499E+01,2.263E+00,3.142E+00,-2.010E-03,2.693E+00,2.659E+00,1.881E-01,1.930E+00,1.484E+00,-5.322E-01,1.156E+01,2.254E+00,3.142E+00,5.935E-04,2.722E+00,2.732E+00,9.747E-02,3.564E+00
72,0.000E+00,0.000E+00,2.315E-02,0.000E+00,0.000E+00,5.371E-05,1.055E-04,4.794E-02,9.422E-02,3.368E+00,1.469E+00,-6.918E-01,1.787E+01,2.411E+00,3.142E+00,6.689E-03,2.460E+00,2.564E+00,6.791E-02,4.347E+00,1.421E+00,-5.374E-01,1.435E+01,2.370E+00,3.142E+00,-1.966E-03,2.684E+00,2.651E+00,1.906E-01,1.907E+00,1.476E+00,-5.407E-01,1.220E+01,2.268E+00,3.142E+00,1.255E-03,2.709E+00,2.730E+00,9.682E-02,3.584E+00
73,0.000E+00,0.000E+00,2.427E-02,0.000E+00,0.000E+00,1.030E-04,1.602E-04,5.033E-02,9.895E-02,3.537E+00,1.424E+00,-6.851E-01,1.849E+01,2.618E+00,3.142E+00,5.618E-03,2.464E+00,2.551E+00,6.814E-02,4.336E+00,1.406E+00,-5.486E-01,1.514E+01,2.442E+00,3.142E+00,6.249E-03,2.500E+00,2.593E+00,1.888E-01,1.923E+00,1.448E+00,-5.424E-01,1.267E+01,2.386E+00,3.142E+00,1.377E-03,2.663E+00,2.686E+00,9.769E-02,3.557E+00
74,0.000E+00,0.000E+00,2.539E-02,0.000E+00,0.000E+00,1.523E-04,2.148E-04,5.271E-02,1.037E-01,3.705E+00,1.383E+00,-6.785E-01,1.910E+01,2.825E+00,3.142E+00,4.548E-03,2.469E+00,2.539E+00,6.837E-02,4.325E+00,1.392E+00,-5.598E-01,1.593E+01,2.514E+00,3.142E+00,1.446E-02,2.316E+00,2.535E+00,1.869E-01,1.939E+00,1.423E+00,-5.441E-01,1.313E+01,2.503E+00,3.142E+00,1.500E-03,2.617E+00,2.642E+00,9.856E-02,3.531E+00
75,0.000E+00,0.000E+00,2.659E-02,0.000E+00,0.000E+00,2.280E-04,2.827E-04,5.562E-02,1.092E-01,3.904E+00,1.356E+00,-6.809E-01,1.987E+01,2.973E+00,3.142E+00,4.803E-03,2.430E+00,2.503E+00,6.641E-02,4.425E+00,1.360E+00,-5.409E-01,1.478E+01,2.748E+00,3.142E+00,8.709E-03,2.389E+00,2.521E+00,1.871E-01,1.937E+00,1.412E+00,-5.340E-01,1.274E+01,2.571E+00,3.142E+00,2.299E-03,2.574E+00,2.611E+00,9.675E-02,3.587E+00
76,0.000E+00,0.000E+00,2.780E-02,0.000E+00,0.000E+00,3.037E-04,3.506E-04,5.852E-02,1.146E-01,4.103E+00,1.331E+00,-6.834E-01,2.064E+01,3.120E+00,3.142E+00,5.059E-03,2.391E+00,2.467E+00,6.445E-02,4.526E+00,1.334E+00,-5.220E-01,1.363E+01,2.982E+00,3.142E+00,2.955E-03,2.462E+00,2.508E+00,1.874E-01,1.936E+00,1.402E+00,-5.239E-01,1.235E+01,2.639E+00,3.142E+00,3.098E-03,2.531E+00,2.580E+00,9.494E-02,3.643E+00
77,0.000E+00,0.000E+00,2.881E-02,0.000E+00,0.000E+00,4.072E-04,4.243E-04,6.072E-02,1.189E-01,4.257E+00,1.311E+00,-6.757E-01,2.013E+01,3.282E+00,3.142E+00,5.206E-03,2.360E+00,2.437E+00,6.341E-02,4.583E+00,1.285E+00,-5.148E-01,1.449E+01,3.249E+00,3.142E+00,1.818E-03,2.436E+00,2.464E+00,1.863E-01,1.945E+00,1.362E+00,-5.220E-01,1.249E+01,2.908E+00,3.142E+00,3.376E-03,2.480E+00,2.532E+00,9.361E-02,3.687E+00
78,0.000E+00,0.000E+00,2.981E-02,0.000E+00,0.000E+00,5.107E-04,4.980E-04,6.292E-02,1.231E-01,4.412E+00,1.293E+00,-6.680E-01,1.963E+01,3.443E+00,3.142E+00,5.354E-03,2.329E+00,2.407E+00,6.237E-02,4.641E+00,1.241E+00,-5.076E-01,1.534E+01,3.516E+00,3.142E+00,6.808E-04,2.410E+00,2.420E+00,1.852E-01,1.955E+00,1.325E+00,-5.201E-01,1.262E+01,3.178E+00,3.142E+00,3.655E-03,2.429E+00,2.484E+00,9.228E-02,3.730E+00
79,0.000E+00,0.000E+00,2.964E-02,0.000E+00,0.000E+00,1.238E-03,1.146E-03,6.418E-02,1.250E-01,4.499E+00,1.253E+00,-6.560E-01,1.884E+01,3.838E+00,3.142E+00,7.835E-03,2.282E+00,2.393E+00,6.091E-02,4.728E+00,1.191E+00,-4.824E-01,1.400E+01,4.102E+00,3.142E+00,3.036E-03,2.325E+00,2.367E+00,1.822E-01,1.982E+00,1.301E+00,-5.185E-01,1.292E+01,3.344E+00,3.142E+00,8.193E-03,2.318E+00,2.435E+00,9.155E-02,3.755E+00
80,0.000E+00,0.000E+00,2.946E-02,0.000E+00,0.000E+00,1.965E-03,1.793E-03,6.543E-02,1.268E-01,4.586E+00,1.219E+00,-6.440E-01,1.805E+01,4.233E+00,3.142E+00,1.032E-02,2.235E+00,2.380E+00,5.944E-02,4.815E+00,1.154E+00,-4.571E-01,1.266E+01,4.689E+00,3.142E+00,5.390E-03,2.240E+00,2.314E+00,1.793E-01,2.010E+00,1.277E+00,-5.169E-01,1.321E+01,3.511E+00,3.142E+00,1.273E-02,2.208E+00,2.386E+00,9.082E-02,3.780E+00
81,0.000E+00,0.000E+00,2.835E-02,0.000E+00,0.000E+00,2.652E-03,2.304E-03,6.442E-02,1.243E-01,4.517E+00,1.164E+00,-6.368E-01,1.802E+01,4.909E+00,3.142E+00,1.983E-02,2.036E+00,2.286E+00,5.670E-02,4.998E+00,1.101E+00,-4.375E-01,1.197E+01,5.600E+00,3.142E+00,3.759E-02,1.871E+00,2.313E+00,1.763E-01,2.039E+00,1.221E+00,-5.119E-01,1.320E+01,4.092E+00,3.142E+00,2.724E-02,1.986E+00,2.329E+00,8.916E-02,3.839E+00
82,0.000E+00,0.000E+00,2.724E-02,0.000E+00,0.000E+00,3.339E-03,2.814E-03,6.342E-02,1.217E-01,4.448E+00,1.118E+00,-6.296E-01,1.799E+01,5.585E+00,3.142E+00,2.934E-02,1.837E+00,2.192E+00,5.395E-02,5.181E+00,1.060E+00,-4.180E-01,1.128E+01,6.511E+00,3.142E+00,6.979E-02,1.503E+00,2.311E+00,1.733E-01,2.068E+00,1.174E+00,-5.069E-01,1.319E+01,4.673E+00,3.142E+00,4.174E-02,1.765E+00,2.273E+00,8.749E-02,3.899E+00
83,0.000E+00,0.000E+00,2.284E-02,0.000E+00,0.000E+00,4.050E-03,3.431E-03,5.585E-02,1.061E-01,3.915E+00,1.083E+00,-6.236E-01,1.672E+01,6.473E+00,3.142E+00,5.917E-02,1.522E+00,2.131E+00,5.064E-02,5.447E+00,1.041E+00,-4.085E-01,1.073E+01,7.161E+00,3.142E+00,7.940E-02,1.334E+00,2.154E+00,1.678E-01,2.127E+00,1.149E+00,-4.974E-01,1.237E+01,5.206E+00,3.142E+00,6.538E-02,1.483E+00,2.167E+00,8.295E-02,4.083E+00
84,0.000E+00,0.000E+00,1.845E-02,0.000E+00,0.000E+00,4.762E-03,4.048E-03,4.829E-02,9.059E-02,3.381E+00,1.057E+00,-6.176E-01,1.545E+01,7.361E+00,3.142E+00,8.901E-02,1.207E+00,2.071E+00,4.732E-02,5.714E+00,1.025E+00,-3.991E-01,1.019E+01,7.811E+00,3.142E+00,8.901E-02,1.165E+00,1.997E+00,1.623E-01,2.186E+00,1.128E+00,-4.878E-01,1.155E+01,5.739E+00,3.142E+00,8.901E-02,1.202E+00,2.061E+00,7.841E-02,4.268E+00
85,0.000E+00,0.000E+00,1.187E-02,0.000E+00,0.000E+00,3.614E-03,3.035E-03,3.209E-02,6.000E-02,2.251E+00,1.085E+00,-6.070E-01,1.339E+01,7.293E+00,3.142E+00,8.901E-02,1.050E+00,1.791E+00,4.281E-02,6.191E+00,1.038E+00,-3.835E-01,8.823E+00,8.186E+00,3.142E+00,8.901E-02,1.030E+00,1.754E+00,1.427E-01,2.471E+00,1.120E+00,-4.576E-01,9.871E+00,6.322E+00,3.142E+00,8.901E-02,1.068E+00,1.819E+00,7.406E-02,4.483E+00
86,0.000E+00,0.000E+00,5.299E-03,0.000E+00,0.000E+00,2.467E-03,2.022E-03,1.590E-02,2.941E-02,1.121E+00,1.119E+00,-5.963E-01,1.132E+01,7.224E+00,3.142E+00,8.901E-02,8.941E-01,1.510E+00,3.830E-02,6.669E+00,1.060E+00,-3.680E-01,7.455E+00,8.560E+00,3.142E+00,8.901E-02,8.941E-01,1.510E+00,1.230E-01,2.755E+00,1.123E+00,-4.275E-01,8.191E+00,6.905E+00,3.142E+00,8.901E-02,9.338E-01,1.576E+00,6.971E-02,4.698E+00
87,0.000E+00,0.000E+00,2.650E-03,0.000E+00,0.000E+00,1.251E-03,1.022E-03,7.966E-03,1.476E-02,5.627E-01,8.170E-01,-6.023E-01,1.175E+01,2.762E+01,3.142E+00,-2.465E-01,6.525E+00,1.063E+00,3.340E-02,7.443E+00,1.153E+00,-4.510E-01,6.918E+00,7.550E+00,3.142E+00,-3.758E-01,1.736E+01,9.506E-01,9.579E-02,3.582E+00,1.208E+00,-5.499E-01,9.783E+00,5.557E+00,3.142E+00,8.901E-02,8.454E-01,1.416E+00,6.505E-02,4.986E+00
88,0.000E+00,0.000E+00,9.766E-07,0.000E+00,0.000E+00,3.613E-05,2.246E-05,3.711E-05,1.006E-04,4.527E-03,7.330E-01,-6.082E-01,1.217E+01,4.802E+01,3.142E+00,-5.819E-01,1.216E+01,6.166E-01,2.850E-02,8.217E+00,1.252E+00,-5.339E-01,6.381E+00,6.541E+00,3.142E+00,-8.406E-01,3.383E+01,3.909E-01,6.856E-02,4.409E+00,1.329E+00,-6.724E-01,1.138E+01,4.209E+00,3.142E+00,8.901E-02,7.569E-01,1.257E+00,6.040E-02,5.274E+00
89,0.000E+00,0.000E+00,0.000E+00,0.000E+00,0.000E+00,9.766E-07,0.000E+00,0.000E+00,9.766E-07,-8.292E-04,3.142E+00,0.000E+00,0.000E+00,0.000E+00,0.000E+00,0.000E+00,0.000E+00,0.000E+00,0.000E+00,0.000E+00,3.142E+00,0.000E+00,0.000E+00,0.000E+00,0.000E+00,0.000E+00,0.000E+00,0.000E+00,0.000E+00,0.000E+00,3.142E+00,0.000E+00,0.000E+00,0.000E+00,0.000E+00,0.000E+00,0.000E+00,0.000E+00,0.000E+00,0.000E+00
