alpha,H,He,Ti,S,Ti_1,S_1,amu/ion,phiK_S,phiTilt_S,phiM_S,phiN_S,thetaK_S,thetaTilt_S,thetaM_S,thetaN_S,energyK_S,energyE_S,phiK_Ti,phiTilt_Ti,phiM_Ti,phiN_Ti,thetaK_Ti,thetaTilt_Ti,thetaM_Ti,thetaN_Ti,energyK_Ti,energyE_Ti
0,0.000E+00,0.000E+00,4.094E-03,0.000E+00,2.491E-03,6.532E-03,5.254E-01,1.745E+00,2.814E-03,1.517E+00,1.498E+00,3.142E+00,-2.970E-03,2.616E+00,2.569E+00,1.196E-01,2.690E+00,1.854E+00,3.143E-02,1.114E+00,1.437E+00,3.142E+00,2.725E-03,2.224E+00,2.261E+00,4.464E-02,5.095E+00
1,0.000E+00,0.000E+00,4.099E-03,0.000E+00,2.516E-03,6.570E-03,5.280E-01,1.745E+00,-7.544E-03,1.559E+00,1.497E+00,3.142E+00,-3.187E-03,2.616E+00,2.565E+00,1.195E-01,2.690E+00,1.846E+00,2.522E-02,1.138E+00,1.446E+00,3.142E+00,1.930E-03,2.238E+00,2.264E+00,4.479E-02,5.084E+00
2,0.000E+00,0.000E+00,4.104E-03,0.000E+00,2.540E-03,6.609E-03,5.306E-01,1.748E+00,-1.790E-02,1.601E+00,1.495E+00,3.142E+00,-3.405E-03,2.616E+00,2.561E+00,1.195E-01,2.690E+00,1.837E+00,1.902E-02,1.162E+00,1.456E+00,3.142E+00,1.134E-03,2.251E+00,2.266E+00,4.493E-02,5.073E+00
3,0.000E+00,0.000E+00,4.109E-03,0.000E+00,2.564E-03,6.647E-03,5.332E-01,1.752E+00,-2.826E-02,1.643E+00,1.494E+00,3.142E+00,-3.622E-03,2.615E+00,2.557E+00,1.195E-01,2.690E+00,1.829E+00,1.281E-02,1.186E+00,1.466E+00,3.142E+00,3.389E-04,2.265E+00,2.269E+00,4.507E-02,5.062E+00
4,0.000E+00,0.000E+00,4.111E-03,0.000E+00,2.577E-03,6.666E-03,5.345E-01,1.754E+00,-3.344E-02,1.664E+00,1.493E+00,3.142E+00,-3.731E-03,2.615E+00,2.555E+00,1.195E-01,2.690E+00,1.825E+00,9.706E-03,1.197E+00,1.471E+00,3.142E+00,-5.883E-05,2.272E+00,2.270E+00,4.514E-02,5.057E+00
5,0.000E+00,0.000E+00,4.114E-03,0.000E+00,2.589E-03,6.685E-03,5.358E-01,1.755E+00,-3.862E-02,1.685E+00,1.492E+00,3.142E+00,-3.840E-03,2.615E+00,2.553E+00,1.195E-01,2.690E+00,1.820E+00,6.603E-03,1.209E+00,1.476E+00,3.142E+00,-4.566E-04,2.279E+00,2.272E+00,4.521E-02,5.051E+00
6,0.000E+00,0.000E+00,4.119E-03,0.000E+00,2.613E-03,6.723E-03,5.384E-01,1.759E+00,-4.897E-02,1.727E+00,1.491E+00,3.142E+00,-4.057E-03,2.614E+00,2.549E+00,1.195E-01,2.691E+00,1.812E+00,3.965E-04,1.233E+00,1.486E+00,3.142E+00,-1.252E-03,2.292E+00,2.274E+00,4.536E-02,5.040E+00
7,0.000E+00,0.000E+00,4.124E-03,0.000E+00,2.638E-03,6.761E-03,5.410E-01,1.762E+00,-5.933E-02,1.770E+00,1.490E+00,3.142E+00,-4.275E-03,2.614E+00,2.546E+00,1.195E-01,2.691E+00,1.811E+00,-5.810E-03,1.257E+00,1.496E+00,3.142E+00,-2.047E-03,2.306E+00,2.277E+00,4.550E-02,5.030E+00
8,0.000E+00,0.000E+00,4.129E-03,0.000E+00,2.662E-03,6.800E-03,5.436E-01,1.766E+00,-6.969E-02,1.812E+00,1.488E+00,3.142E+00,-4.492E-03,2.614E+00,2.542E+00,1.195E-01,2.691E+00,1.810E+00,-1.202E-02,1.281E+00,1.506E+00,3.142E+00,-2.843E-03,2.319E+00,2.279E+00,4.564E-02,5.019E+00
9,0.000E+00,0.000E+00,4.131E-03,0.000E+00,2.674E-03,6.819E-03,5.449E-01,1.768E+00,-7.487E-02,1.833E+00,1.488E+00,3.142E+00,-4.601E-03,2.614E+00,2.540E+00,1.195E-01,2.691E+00,1.809E+00,-1.512E-02,1.292E+00,1.511E+00,3.142E+00,-3.241E-03,2.326E+00,2.281E+00,4.571E-02,5.013E+00
10,0.000E+00,0.000E+00,4.134E-03,0.000E+00,2.687E-03,6.838E-03,5.462E-01,1.769E+00,-8.005E-02,1.854E+00,1.487E+00,3.142E+00,-4.710E-03,2.613E+00,2.538E+00,1.195E-01,2.691E+00,1.809E+00,-1.822E-02,1.304E+00,1.516E+00,3.142E+00,-3.638E-03,2.333E+00,2.282E+00,4.578E-02,5.008E+00
11,0.000E+00,0.000E+00,4.224E-03,0.000E+00,2.700E-03,6.956E-03,5.550E-01,1.763E+00,-8.053E-02,1.837E+00,1.530E+00,3.142E+00,-4.307E-03,2.594E+00,2.525E+00,1.191E-01,2.698E+00,1.810E+00,-3.601E-02,1.397E+00,1.502E+00,3.142E+00,-3.215E-03,2.330E+00,2.285E+00,4.568E-02,5.015E+00
12,0.000E+00,0.000E+00,4.314E-03,0.000E+00,2.713E-03,7.075E-03,5.638E-01,1.758E+00,-8.101E-02,1.821E+00,1.573E+00,3.142E+00,-3.905E-03,2.574E+00,2.512E+00,1.187E-01,2.705E+00,1.811E+00,-5.379E-02,1.489E+00,1.488E+00,3.142E+00,-2.793E-03,2.328E+00,2.289E+00,4.558E-02,5.023E+00
13,0.000E+00,0.000E+00,4.404E-03,0.000E+00,2.726E-03,7.193E-03,5.726E-01,1.752E+00,-8.148E-02,1.804E+00,1.616E+00,3.142E+00,-3.502E-03,2.554E+00,2.499E+00,1.184E-01,2.711E+00,1.814E+00,-7.157E-02,1.582E+00,1.474E+00,3.142E+00,-2.370E-03,2.325E+00,2.292E+00,4.548E-02,5.031E+00
14,0.000E+00,0.000E+00,4.449E-03,0.000E+00,2.732E-03,7.253E-03,5.770E-01,1.750E+00,-8.172E-02,1.796E+00,1.637E+00,3.142E+00,-3.301E-03,2.544E+00,2.492E+00,1.182E-01,2.715E+00,1.815E+00,-8.046E-02,1.628E+00,1.467E+00,3.142E+00,-2.158E-03,2.324E+00,2.294E+00,4.543E-02,5.035E+00
15,0.000E+00,0.000E+00,4.494E-03,0.000E+00,2.739E-03,7.312E-03,5.814E-01,1.747E+00,-8.196E-02,1.788E+00,1.659E+00,3.142E+00,-3.100E-03,2.534E+00,2.486E+00,1.180E-01,2.718E+00,1.817E+00,-8.935E-02,1.675E+00,1.460E+00,3.142E+00,-1.947E-03,2.323E+00,2.296E+00,4.538E-02,5.038E+00
16,0.000E+00,0.000E+00,4.584E-03,0.000E+00,2.752E-03,7.431E-03,5.901E-01,1.742E+00,-8.244E-02,1.771E+00,1.702E+00,3.142E+00,-2.697E-03,2.515E+00,2.472E+00,1.176E-01,2.725E+00,1.821E+00,-1.071E-01,1.767E+00,1.446E+00,3.142E+00,-1.524E-03,2.320E+00,2.299E+00,4.528E-02,5.046E+00
17,0.000E+00,0.000E+00,4.674E-03,0.000E+00,2.765E-03,7.549E-03,5.989E-01,1.737E+00,-8.292E-02,1.754E+00,1.745E+00,3.142E+00,-2.295E-03,2.495E+00,2.459E+00,1.173E-01,2.732E+00,1.825E+00,-1.249E-01,1.860E+00,1.432E+00,3.142E+00,-1.101E-03,2.318E+00,2.302E+00,4.518E-02,5.054E+00
18,0.000E+00,0.000E+00,4.764E-03,0.000E+00,2.778E-03,7.668E-03,6.077E-01,1.733E+00,-8.340E-02,1.738E+00,1.788E+00,3.142E+00,-1.892E-03,2.475E+00,2.446E+00,1.169E-01,2.738E+00,1.830E+00,-1.427E-01,1.952E+00,1.418E+00,3.142E+00,-6.784E-04,2.315E+00,2.306E+00,4.508E-02,5.061E+00
19,0.000E+00,0.000E+00,4.809E-03,0.000E+00,2.784E-03,7.727E-03,6.121E-01,1.731E+00,-8.364E-02,1.730E+00,1.810E+00,3.142E+00,-1.691E-03,2.465E+00,2.440E+00,1.167E-01,2.742E+00,1.833E+00,-1.516E-01,1.999E+00,1.411E+00,3.142E+00,-4.670E-04,2.314E+00,2.307E+00,4.503E-02,5.065E+00
20,0.000E+00,0.000E+00,4.854E-03,0.000E+00,2.791E-03,7.786E-03,6.165E-01,1.729E+00,-8.388E-02,1.721E+00,1.831E+00,3.142E+00,-1.490E-03,2.455E+00,2.433E+00,1.166E-01,2.745E+00,1.836E+00,-1.605E-01,2.045E+00,1.404E+00,3.142E+00,-2.555E-04,2.313E+00,2.309E+00,4.498E-02,5.069E+00
21,0.000E+00,0.000E+00,4.976E-03,0.000E+00,2.894E-03,7.993E-03,6.339E-01,1.728E+00,-9.385E-02,1.760E+00,1.852E+00,3.142E+00,-1.894E-03,2.473E+00,2.444E+00,1.163E-01,2.749E+00,1.832E+00,-1.716E-01,2.106E+00,1.423E+00,3.142E+00,-8.416E-04,2.327E+00,2.315E+00,4.496E-02,5.071E+00
22,0.000E+00,0.000E+00,5.098E-03,0.000E+00,2.996E-03,8.199E-03,6.514E-01,1.727E+00,-1.038E-01,1.798E+00,1.873E+00,3.142E+00,-2.298E-03,2.490E+00,2.455E+00,1.161E-01,2.753E+00,1.829E+00,-1.828E-01,2.168E+00,1.441E+00,3.142E+00,-1.428E-03,2.341E+00,2.321E+00,4.493E-02,5.072E+00
23,0.000E+00,0.000E+00,5.221E-03,0.000E+00,3.099E-03,8.406E-03,6.688E-01,1.726E+00,-1.138E-01,1.836E+00,1.894E+00,3.142E+00,-2.702E-03,2.508E+00,2.466E+00,1.159E-01,2.758E+00,1.826E+00,-1.939E-01,2.229E+00,1.459E+00,3.142E+00,-2.014E-03,2.356E+00,2.327E+00,4.491E-02,5.074E+00
24,0.000E+00,0.000E+00,5.282E-03,0.000E+00,3.150E-03,8.509E-03,6.775E-01,1.725E+00,-1.188E-01,1.855E+00,1.904E+00,3.142E+00,-2.904E-03,2.516E+00,2.471E+00,1.158E-01,2.760E+00,1.825E+00,-1.995E-01,2.260E+00,1.468E+00,3.142E+00,-2.307E-03,2.363E+00,2.329E+00,4.490E-02,5.075E+00
25,0.000E+00,0.000E+00,5.343E-03,0.000E+00,3.202E-03,8.612E-03,6.862E-01,1.725E+00,-1.238E-01,1.874E+00,1.915E+00,3.142E+00,-3.106E-03,2.525E+00,2.476E+00,1.157E-01,2.762E+00,1.823E+00,-2.051E-01,2.291E+00,1.477E+00,3.142E+00,-2.600E-03,2.370E+00,2.332E+00,4.489E-02,5.075E+00
26,0.000E+00,0.000E+00,5.466E-03,0.000E+00,3.304E-03,8.819E-03,7.036E-01,1.724E+00,-1.338E-01,1.913E+00,1.936E+00,3.142E+00,-3.510E-03,2.542E+00,2.487E+00,1.155E-01,2.766E+00,1.821E+00,-2.162E-01,2.352E+00,1.496E+00,3.142E+00,-3.186E-03,2.384E+00,2.338E+00,4.487E-02,5.077E+00
27,0.000E+00,0.000E+00,5.588E-03,0.000E+00,3.407E-03,9.025E-03,7.211E-01,1.723E+00,-1.437E-01,1.951E+00,1.956E+00,3.142E+00,-3.914E-03,2.560E+00,2.498E+00,1.152E-01,2.770E+00,1.818E+00,-2.274E-01,2.414E+00,1.514E+00,3.142E+00,-3.772E-03,2.399E+00,2.344E+00,4.485E-02,5.079E+00
28,0.000E+00,0.000E+00,5.711E-03,0.000E+00,3.510E-03,9.232E-03,7.385E-01,1.722E+00,-1.537E-01,1.989E+00,1.977E+00,3.142E+00,-4.318E-03,2.577E+00,2.509E+00,1.150E-01,2.775E+00,1.816E+00,-2.385E-01,2.475E+00,1.532E+00,3.142E+00,-4.358E-03,2.413E+00,2.350E+00,4.483E-02,5.080E+00
29,0.000E+00,0.000E+00,5.772E-03,0.000E+00,3.561E-03,9.335E-03,7.472E-01,1.722E+00,-1.587E-01,2.008E+00,1.988E+00,3.142E+00,-4.520E-03,2.586E+00,2.514E+00,1.149E-01,2.777E+00,1.815E+00,-2.441E-01,2.506E+00,1.541E+00,3.142E+00,-4.651E-03,2.420E+00,2.353E+00,4.482E-02,5.081E+00
30,0.000E+00,0.000E+00,5.833E-03,0.000E+00,3.612E-03,9.438E-03,7.559E-01,1.721E+00,-1.637E-01,2.027E+00,1.998E+00,3.142E+00,-4.722E-03,2.594E+00,2.519E+00,1.148E-01,2.779E+00,1.813E+00,-2.497E-01,2.537E+00,1.550E+00,3.142E+00,-4.944E-03,2.427E+00,2.356E+00,4.481E-02,5.082E+00
31,0.000E+00,0.000E+00,6.196E-03,0.000E+00,3.837E-03,1.006E-02,8.039E-01,1.719E+00,-1.773E-01,2.111E+00,2.008E+00,3.142E+00,-4.113E-03,2.586E+00,2.520E+00,1.144E-01,2.787E+00,1.811E+00,-2.683E-01,2.646E+00,1.573E+00,3.142E+00,-4.793E-03,2.416E+00,2.346E+00,4.475E-02,5.086E+00
32,0.000E+00,0.000E+00,6.378E-03,0.000E+00,3.950E-03,1.037E-02,8.278E-01,1.718E+00,-1.842E-01,2.152E+00,2.012E+00,3.142E+00,-3.808E-03,2.581E+00,2.521E+00,1.142E-01,2.791E+00,1.810E+00,-2.777E-01,2.700E+00,1.585E+00,3.142E+00,-4.718E-03,2.410E+00,2.342E+00,4.472E-02,5.089E+00
33,0.000E+00,0.000E+00,6.559E-03,0.000E+00,4.062E-03,1.068E-02,8.518E-01,1.717E+00,-1.910E-01,2.194E+00,2.017E+00,3.142E+00,-3.504E-03,2.577E+00,2.521E+00,1.139E-01,2.796E+00,1.808E+00,-2.870E-01,2.755E+00,1.596E+00,3.142E+00,-4.643E-03,2.404E+00,2.337E+00,4.470E-02,5.091E+00
34,0.000E+00,0.000E+00,6.741E-03,0.000E+00,4.175E-03,1.098E-02,8.757E-01,1.716E+00,-1.978E-01,2.236E+00,2.021E+00,3.142E+00,-3.199E-03,2.573E+00,2.522E+00,1.137E-01,2.800E+00,1.807E+00,-2.963E-01,2.810E+00,1.607E+00,3.142E+00,-4.568E-03,2.398E+00,2.332E+00,4.467E-02,5.093E+00
35,0.000E+00,0.000E+00,6.922E-03,0.000E+00,4.288E-03,1.129E-02,8.997E-01,1.715E+00,-2.046E-01,2.277E+00,2.026E+00,3.142E+00,-2.895E-03,2.568E+00,2.522E+00,1.135E-01,2.804E+00,1.806E+00,-3.057E-01,2.864E+00,1.619E+00,3.142E+00,-4.492E-03,2.392E+00,2.328E+00,4.464E-02,5.095E+00
36,0.000E+00,0.000E+00,7.104E-03,0.000E+00,4.400E-03,1.160E-02,9.237E-01,1.714E+00,-2.115E-01,2.319E+00,2.031E+00,3.142E+00,-2.590E-03,2.564E+00,2.523E+00,1.133E-01,2.808E+00,1.805E+00,-3.150E-01,2.919E+00,1.630E+00,3.142E+00,-4.417E-03,2.386E+00,2.323E+00,4.461E-02,5.097E+00
37,0.000E+00,0.000E+00,7.285E-03,0.000E+00,4.513E-03,1.191E-02,9.476E-01,1.713E+00,-2.183E-01,2.361E+00,2.035E+00,3.142E+00,-2.285E-03,2.560E+00,2.524E+00,1.131E-01,2.813E+00,1.805E+00,-3.244E-01,2.973E+00,1.642E+00,3.142E+00,-4.342E-03,2.380E+00,2.318E+00,4.458E-02,5.100E+00
38,0.000E+00,0.000E+00,7.467E-03,0.000E+00,4.625E-03,1.222E-02,9.716E-01,1.713E+00,-2.251E-01,2.403E+00,2.040E+00,3.142E+00,-1.981E-03,2.555E+00,2.524E+00,1.129E-01,2.817E+00,1.804E+00,-3.337E-01,3.028E+00,1.653E+00,3.142E+00,-4.267E-03,2.374E+00,2.314E+00,4.455E-02,5.102E+00
39,0.000E+00,0.000E+00,7.648E-03,0.000E+00,4.738E-03,1.253E-02,9.956E-01,1.712E+00,-2.319E-01,2.444E+00,2.045E+00,3.142E+00,-1.676E-03,2.551E+00,2.525E+00,1.127E-01,2.821E+00,1.803E+00,-3.430E-01,3.082E+00,1.664E+00,3.142E+00,-4.191E-03,2.369E+00,2.309E+00,4.452E-02,5.104E+00
40,0.000E+00,0.000E+00,7.830E-03,0.000E+00,4.850E-03,1.284E-02,1.020E+00,1.712E+00,-2.388E-01,2.486E+00,2.049E+00,3.142E+00,-1.372E-03,2.547E+00,2.525E+00,1.124E-01,2.825E+00,1.802E+00,-3.524E-01,3.137E+00,1.676E+00,3.142E+00,-4.116E-03,2.363E+00,2.304E+00,4.449E-02,5.106E+00
41,0.000E+00,0.000E+00,8.011E-03,0.000E+00,4.963E-03,1.315E-02,1.043E+00,1.711E+00,-2.456E-01,2.528E+00,2.054E+00,3.142E+00,-1.067E-03,2.543E+00,2.526E+00,1.122E-01,2.830E+00,1.801E+00,-3.617E-01,3.191E+00,1.687E+00,3.142E+00,-4.041E-03,2.357E+00,2.300E+00,4.447E-02,5.109E+00
42,0.000E+00,0.000E+00,8.193E-03,0.000E+00,5.075E-03,1.346E-02,1.067E+00,1.711E+00,-2.524E-01,2.569E+00,2.059E+00,3.142E+00,-7.624E-04,2.538E+00,2.526E+00,1.120E-01,2.834E+00,1.801E+00,-3.710E-01,3.246E+00,1.699E+00,3.142E+00,-3.966E-03,2.351E+00,2.295E+00,4.444E-02,5.111E+00
43,0.000E+00,0.000E+00,8.374E-03,0.000E+00,5.188E-03,1.377E-02,1.091E+00,1.710E+00,-2.592E-01,2.611E+00,2.063E+00,3.142E+00,-4.578E-04,2.534E+00,2.527E+00,1.118E-01,2.838E+00,1.800E+00,-3.804E-01,3.300E+00,1.710E+00,3.142E+00,-3.890E-03,2.345E+00,2.290E+00,4.441E-02,5.113E+00
44,0.000E+00,0.000E+00,8.556E-03,0.000E+00,5.301E-03,1.408E-02,1.115E+00,1.710E+00,-2.661E-01,2.653E+00,2.068E+00,3.142E+00,-1.532E-04,2.530E+00,2.527E+00,1.116E-01,2.842E+00,1.799E+00,-3.897E-01,3.355E+00,1.721E+00,3.142E+00,-3.815E-03,2.339E+00,2.286E+00,4.438E-02,5.115E+00
45,0.000E+00,0.000E+00,8.737E-03,0.000E+00,5.413E-03,1.438E-02,1.139E+00,1.710E+00,-2.729E-01,2.694E+00,2.073E+00,3.142E+00,1.514E-04,2.525E+00,2.528E+00,1.114E-01,2.847E+00,1.799E+00,-3.991E-01,3.410E+00,1.733E+00,3.142E+00,-3.740E-03,2.333E+00,2.281E+00,4.435E-02,5.118E+00
46,0.000E+00,0.000E+00,9.359E-03,0.000E+00,5.564E-03,1.499E-02,1.196E+00,1.717E+00,-3.512E-01,3.688E+00,1.865E+00,3.142E+00,-1.596E-03,2.565E+00,2.539E+00,1.099E-01,2.877E+00,1.817E+00,-4.246E-01,3.591E+00,1.666E+00,3.142E+00,-4.087E-03,2.389E+00,2.330E+00,4.293E-02,5.236E+00
47,0.000E+00,0.000E+00,9.670E-03,0.000E+00,5.639E-03,1.529E-02,1.224E+00,1.733E+00,-3.904E-01,4.185E+00,1.761E+00,3.142E+00,-2.469E-03,2.584E+00,2.545E+00,1.092E-01,2.892E+00,1.827E+00,-4.374E-01,3.682E+00,1.633E+00,3.142E+00,-4.260E-03,2.417E+00,2.355E+00,4.221E-02,5.295E+00
48,0.000E+00,0.000E+00,9.981E-03,0.000E+00,5.715E-03,1.560E-02,1.252E+00,1.755E+00,-4.296E-01,4.682E+00,1.657E+00,3.142E+00,-3.343E-03,2.604E+00,2.550E+00,1.085E-01,2.907E+00,1.837E+00,-4.502E-01,3.772E+00,1.599E+00,3.142E+00,-4.434E-03,2.445E+00,2.380E+00,4.150E-02,5.353E+00
49,0.000E+00,0.000E+00,1.042E-02,0.000E+00,6.078E-03,1.644E-02,1.317E+00,1.738E+00,-4.211E-01,4.551E+00,1.733E+00,3.142E+00,-2.994E-03,2.618E+00,2.570E+00,1.068E-01,2.944E+00,1.817E+00,-5.196E-01,5.133E+00,1.559E+00,3.142E+00,-4.365E-04,2.374E+00,2.367E+00,4.210E-02,5.302E+00
50,0.000E+00,0.000E+00,1.064E-02,0.000E+00,6.259E-03,1.686E-02,1.350E+00,1.731E+00,-4.169E-01,4.486E+00,1.772E+00,3.142E+00,-2.819E-03,2.625E+00,2.580E+00,1.060E-01,2.963E+00,1.815E+00,-5.543E-01,5.813E+00,1.539E+00,3.142E+00,1.562E-03,2.339E+00,2.360E+00,4.240E-02,5.277E+00
51,0.000E+00,0.000E+00,1.086E-02,0.000E+00,6.440E-03,1.728E-02,1.382E+00,1.723E+00,-4.126E-01,4.420E+00,1.810E+00,3.142E+00,-2.645E-03,2.632E+00,2.589E+00,1.051E-01,2.981E+00,1.817E+00,-5.890E-01,6.494E+00,1.518E+00,3.142E+00,3.561E-03,2.303E+00,2.354E+00,4.270E-02,5.251E+00
52,0.000E+00,0.000E+00,1.156E-02,0.000E+00,6.959E-03,1.842E-02,1.478E+00,1.701E+00,-3.878E-01,3.957E+00,1.983E+00,3.142E+00,-2.110E-03,2.600E+00,2.566E+00,1.060E-01,2.961E+00,1.798E+00,-6.107E-01,7.392E+00,1.529E+00,3.142E+00,2.242E-03,2.341E+00,2.373E+00,4.246E-02,5.272E+00
53,0.000E+00,0.000E+00,1.191E-02,0.000E+00,7.219E-03,1.898E-02,1.525E+00,1.692E+00,-3.754E-01,3.725E+00,2.069E+00,3.142E+00,-1.843E-03,2.583E+00,2.554E+00,1.065E-01,2.951E+00,1.791E+00,-6.216E-01,7.841E+00,1.535E+00,3.142E+00,1.582E-03,2.360E+00,2.383E+00,4.233E-02,5.282E+00
54,0.000E+00,0.000E+00,1.226E-02,0.000E+00,7.479E-03,1.955E-02,1.573E+00,1.686E+00,-3.629E-01,3.494E+00,2.156E+00,3.142E+00,-1.576E-03,2.567E+00,2.542E+00,1.069E-01,2.941E+00,1.784E+00,-6.324E-01,8.290E+00,1.540E+00,3.142E+00,9.223E-04,2.379E+00,2.393E+00,4.221E-02,5.292E+00
55,0.000E+00,0.000E+00,1.278E-02,0.000E+00,8.079E-03,2.076E-02,1.665E+00,1.697E+00,-4.053E-01,4.124E+00,2.007E+00,3.142E+00,-1.335E-03,2.543E+00,2.522E+00,1.055E-01,2.974E+00,1.759E+00,-6.665E-01,9.692E+00,1.586E+00,3.142E+00,-9.620E-04,2.400E+00,2.386E+00,4.176E-02,5.331E+00
56,0.000E+00,0.000E+00,1.303E-02,0.000E+00,8.379E-03,2.137E-02,1.711E+00,1.706E+00,-4.264E-01,4.440E+00,1.932E+00,3.142E+00,-1.215E-03,2.532E+00,2.513E+00,1.047E-01,2.990E+00,1.749E+00,-6.835E-01,1.039E+01,1.610E+00,3.142E+00,-1.904E-03,2.410E+00,2.382E+00,4.154E-02,5.351E+00
57,0.000E+00,0.000E+00,1.329E-02,0.000E+00,8.680E-03,2.198E-02,1.756E+00,1.718E+00,-4.476E-01,4.755E+00,1.858E+00,3.142E+00,-1.094E-03,2.520E+00,2.503E+00,1.040E-01,3.006E+00,1.740E+00,-7.006E-01,1.109E+01,1.633E+00,3.142E+00,-2.846E-03,2.420E+00,2.378E+00,4.131E-02,5.370E+00
58,0.000E+00,0.000E+00,1.424E-02,0.000E+00,9.285E-03,2.352E-02,1.881E+00,1.682E+00,-4.530E-01,5.069E+00,1.972E+00,3.142E+00,-1.925E-03,2.552E+00,2.522E+00,1.040E-01,3.005E+00,1.722E+00,-7.060E-01,1.129E+01,1.697E+00,3.142E+00,-1.379E-03,2.404E+00,2.384E+00,4.141E-02,5.362E+00
59,0.000E+00,0.000E+00,1.472E-02,0.000E+00,9.587E-03,2.429E-02,1.943E+00,1.665E+00,-4.557E-01,5.226E+00,2.029E+00,3.142E+00,-2.340E-03,2.569E+00,2.531E+00,1.041E-01,3.005E+00,1.713E+00,-7.087E-01,1.139E+01,1.729E+00,3.142E+00,-6.446E-04,2.396E+00,2.387E+00,4.146E-02,5.358E+00
60,0.000E+00,0.000E+00,1.519E-02,0.000E+00,9.890E-03,2.507E-02,2.005E+00,1.648E+00,-4.583E-01,5.384E+00,2.086E+00,3.142E+00,-2.756E-03,2.585E+00,2.541E+00,1.041E-01,3.004E+00,1.705E+00,-7.114E-01,1.149E+01,1.761E+00,3.142E+00,8.929E-05,2.388E+00,2.389E+00,4.150E-02,5.353E+00
61,0.000E+00,0.000E+00,1.616E-02,0.000E+00,1.079E-02,2.691E-02,2.154E+00,1.648E+00,-5.102E-01,6.741E+00,1.978E+00,3.142E+00,-3.038E-03,2.605E+00,2.556E+00,1.047E-01,2.990E+00,1.681E+00,-7.009E-01,1.096E+01,1.875E+00,3.142E+00,-1.307E-03,2.384E+00,2.365E+00,4.039E-02,5.454E+00
62,0.000E+00,0.000E+00,1.665E-02,0.000E+00,1.124E-02,2.784E-02,2.229E+00,1.653E+00,-5.361E-01,7.420E+00,1.924E+00,3.142E+00,-3.180E-03,2.615E+00,2.564E+00,1.050E-01,2.983E+00,1.669E+00,-6.957E-01,1.069E+01,1.932E+00,3.142E+00,-2.004E-03,2.382E+00,2.353E+00,3.983E-02,5.505E+00
63,0.000E+00,0.000E+00,1.714E-02,0.000E+00,1.169E-02,2.876E-02,2.303E+00,1.661E+00,-5.620E-01,8.099E+00,1.871E+00,3.142E+00,-3.321E-03,2.625E+00,2.571E+00,1.054E-01,2.976E+00,1.659E+00,-6.904E-01,1.042E+01,1.989E+00,3.142E+00,-2.702E-03,2.380E+00,2.341E+00,3.928E-02,5.556E+00
64,0.000E+00,0.000E+00,1.839E-02,0.000E+00,1.263E-02,3.104E-02,2.481E+00,1.640E+00,-5.516E-01,7.923E+00,1.961E+00,3.142E+00,-2.626E-03,2.581E+00,2.539E+00,1.047E-01,2.991E+00,1.657E+00,-6.984E-01,1.023E+01,2.033E+00,3.142E+00,-3.953E-03,2.453E+00,2.394E+00,3.854E-02,5.627E+00
65,0.000E+00,0.000E+00,1.902E-02,0.000E+00,1.309E-02,3.219E-02,2.570E+00,1.630E+00,-5.464E-01,7.835E+00,2.006E+00,3.142E+00,-2.279E-03,2.559E+00,2.523E+00,1.044E-01,2.998E+00,1.656E+00,-7.024E-01,1.014E+01,2.056E+00,3.142E+00,-4.579E-03,2.490E+00,2.421E+00,3.818E-02,5.663E+00
66,0.000E+00,0.000E+00,1.964E-02,0.000E+00,1.356E-02,3.333E-02,2.659E+00,1.620E+00,-5.412E-01,7.748E+00,2.052E+00,3.142E+00,-1.931E-03,2.537E+00,2.507E+00,1.040E-01,3.006E+00,1.656E+00,-7.064E-01,1.005E+01,2.078E+00,3.142E+00,-5.204E-03,2.527E+00,2.447E+00,3.781E-02,5.698E+00
67,0.000E+00,0.000E+00,2.121E-02,0.000E+00,1.468E-02,3.593E-02,2.871E+00,1.600E+00,-5.795E-01,9.768E+00,2.010E+00,3.142E+00,2.102E-04,2.482E+00,2.485E+00,1.024E-01,3.043E+00,1.636E+00,-7.246E-01,1.056E+01,2.172E+00,3.142E+00,-6.222E-03,2.560E+00,2.463E+00,3.776E-02,5.703E+00
68,0.000E+00,0.000E+00,2.199E-02,0.000E+00,1.525E-02,3.723E-02,2.978E+00,1.595E+00,-5.987E-01,1.078E+01,1.990E+00,3.142E+00,1.281E-03,2.455E+00,2.474E+00,1.017E-01,3.062E+00,1.627E+00,-7.337E-01,1.081E+01,2.219E+00,3.142E+00,-6.731E-03,2.576E+00,2.471E+00,3.774E-02,5.705E+00
69,0.000E+00,0.000E+00,2.278E-02,0.000E+00,1.581E-02,3.853E-02,3.084E+00,1.593E+00,-6.178E-01,1.179E+01,1.969E+00,3.142E+00,2.352E-03,2.427E+00,2.462E+00,1.009E-01,3.080E+00,1.618E+00,-7.428E-01,1.107E+01,2.266E+00,3.142E+00,-7.240E-03,2.593E+00,2.479E+00,3.772E-02,5.708E+00
70,0.000E+00,0.000E+00,2.448E-02,0.000E+00,1.753E-02,4.198E-02,3.359E+00,1.564E+00,-6.389E-01,1.358E+01,2.029E+00,3.142E+00,9.298E-04,2.474E+00,2.488E+00,9.960E-02,3.112E+00,1.585E+00,-7.572E-01,1.206E+01,2.388E+00,3.142E+00,-5.903E-03,2.557E+00,2.465E+00,3.592E-02,5.902E+00
71,0.000E+00,0.000E+00,2.533E-02,0.000E+00,1.839E-02,4.371E-02,3.496E+00,1.552E+00,-6.495E-01,1.448E+01,2.058E+00,3.142E+00,2.188E-04,2.498E+00,2.501E+00,9.897E-02,3.127E+00,1.570E+00,-7.644E-01,1.256E+01,2.450E+00,3.142E+00,-5.235E-03,2.539E+00,2.458E+00,3.503E-02,6.000E+00
72,0.000E+00,0.000E+00,2.618E-02,0.000E+00,1.925E-02,4.544E-02,3.633E+00,1.540E+00,-6.601E-01,1.537E+01,2.088E+00,3.142E+00,-4.923E-04,2.522E+00,2.514E+00,9.834E-02,3.143E+00,1.556E+00,-7.716E-01,1.305E+01,2.511E+00,3.142E+00,-4.566E-03,2.521E+00,2.451E+00,3.413E-02,6.097E+00
73,0.000E+00,0.000E+00,2.737E-02,0.000E+00,2.033E-02,4.779E-02,3.817E+00,1.509E+00,-6.708E-01,1.666E+01,2.196E+00,3.142E+00,8.321E-04,2.468E+00,2.481E+00,9.883E-02,3.131E+00,1.519E+00,-8.221E-01,1.873E+01,2.495E+00,3.142E+00,-2.697E-03,2.496E+00,2.455E+00,3.417E-02,6.091E+00
74,0.000E+00,0.000E+00,2.856E-02,0.000E+00,2.141E-02,5.013E-02,4.000E+00,1.481E+00,-6.815E-01,1.795E+01,2.305E+00,3.142E+00,2.156E-03,2.415E+00,2.447E+00,9.932E-02,3.118E+00,1.504E+00,-8.725E-01,2.441E+01,2.479E+00,3.142E+00,-8.283E-04,2.471E+00,2.458E+00,3.422E-02,6.086E+00
75,0.000E+00,0.000E+00,2.990E-02,0.000E+00,2.278E-02,5.281E-02,4.216E+00,1.444E+00,-6.653E-01,1.744E+01,2.491E+00,3.142E+00,3.014E-03,2.380E+00,2.424E+00,9.661E-02,3.189E+00,1.471E+00,-8.831E-01,2.679E+01,2.609E+00,3.142E+00,-1.309E-03,2.481E+00,2.461E+00,3.361E-02,6.160E+00
76,0.000E+00,0.000E+00,3.123E-02,0.000E+00,2.415E-02,5.548E-02,4.431E+00,1.410E+00,-6.491E-01,1.693E+01,2.677E+00,3.142E+00,3.871E-03,2.344E+00,2.400E+00,9.391E-02,3.259E+00,1.441E+00,-8.937E-01,2.917E+01,2.738E+00,3.142E+00,-1.789E-03,2.491E+00,2.464E+00,3.299E-02,6.234E+00
77,0.000E+00,0.000E+00,3.254E-02,0.000E+00,2.573E-02,5.835E-02,4.661E+00,1.390E+00,-6.430E-01,1.679E+01,2.801E+00,3.142E+00,5.533E-03,2.281E+00,2.358E+00,9.331E-02,3.276E+00,1.394E+00,-9.018E-01,3.369E+01,2.923E+00,3.142E+00,-1.457E-04,2.449E+00,2.446E+00,3.206E-02,6.353E+00
78,0.000E+00,0.000E+00,3.384E-02,0.000E+00,2.730E-02,6.122E-02,4.892E+00,1.371E+00,-6.370E-01,1.665E+01,2.924E+00,3.142E+00,7.194E-03,2.218E+00,2.317E+00,9.271E-02,3.292E+00,1.353E+00,-9.098E-01,3.822E+01,3.108E+00,3.142E+00,1.498E-03,2.406E+00,2.428E+00,3.113E-02,6.472E+00
79,0.000E+00,0.000E+00,3.467E-02,0.000E+00,2.881E-02,6.357E-02,5.079E+00,1.339E+00,-6.304E-01,1.641E+01,3.163E+00,3.142E+00,1.265E-02,2.111E+00,2.276E+00,9.099E-02,3.342E+00,1.305E+00,-8.910E-01,3.441E+01,3.525E+00,3.142E+00,1.190E-03,2.379E+00,2.396E+00,3.023E-02,6.599E+00
80,0.000E+00,0.000E+00,3.550E-02,0.000E+00,3.032E-02,6.591E-02,5.266E+00,1.310E+00,-6.238E-01,1.617E+01,3.403E+00,3.142E+00,1.811E-02,2.004E+00,2.235E+00,8.927E-02,3.391E+00,1.268E+00,-8.722E-01,3.060E+01,3.943E+00,3.142E+00,8.823E-04,2.352E+00,2.364E+00,2.933E-02,6.725E+00
81,0.000E+00,0.000E+00,3.571E-02,0.000E+00,3.075E-02,6.651E-02,5.315E+00,1.266E+00,-6.180E-01,1.594E+01,3.821E+00,3.142E+00,2.421E-02,1.903E+00,2.198E+00,8.635E-02,3.483E+00,1.214E+00,-8.720E-01,3.190E+01,4.444E+00,3.142E+00,1.514E-02,2.125E+00,2.315E+00,2.775E-02,6.975E+00
82,0.000E+00,0.000E+00,3.592E-02,0.000E+00,3.118E-02,6.710E-02,5.364E+00,1.229E+00,-6.123E-01,1.572E+01,4.238E+00,3.142E+00,3.031E-02,1.802E+00,2.160E+00,8.344E-02,3.574E+00,1.166E+00,-8.718E-01,3.321E+01,4.946E+00,3.142E+00,2.940E-02,1.898E+00,2.266E+00,2.618E-02,7.226E+00
83,0.000E+00,0.000E+00,3.346E-02,0.000E+00,3.033E-02,6.384E-02,5.102E+00,1.168E+00,-5.980E-01,1.501E+01,5.088E+00,3.142E+00,5.867E-02,1.502E+00,2.100E+00,8.188E-02,3.628E+00,1.121E+00,-8.677E-01,3.164E+01,5.692E+00,3.142E+00,3.121E-02,1.845E+00,2.226E+00,2.453E-02,7.539E+00
84,0.000E+00,0.000E+00,3.101E-02,0.000E+00,2.948E-02,6.058E-02,4.840E+00,1.122E+00,-5.837E-01,1.430E+01,5.937E+00,3.142E+00,8.703E-02,1.202E+00,2.039E+00,8.032E-02,3.681E+00,1.084E+00,-8.636E-01,3.007E+01,6.439E+00,3.142E+00,3.303E-02,1.792E+00,2.186E+00,2.288E-02,7.853E+00
85,0.000E+00,0.000E+00,2.372E-02,0.000E+00,2.358E-02,4.739E-02,3.785E+00,1.114E+00,-5.772E-01,1.300E+01,6.427E+00,3.142E+00,8.802E-02,1.087E+00,1.846E+00,7.516E-02,3.886E+00,1.060E+00,-8.584E-01,2.725E+01,7.211E+00,3.142E+00,6.102E-02,1.483E+00,2.097E+00,2.066E-02,8.395E+00
86,0.000E+00,0.000E+00,1.643E-02,0.000E+00,1.768E-02,3.421E-02,2.731E+00,1.112E+00,-5.706E-01,1.170E+01,6.916E+00,3.142E+00,8.901E-02,9.710E-01,1.653E+00,6.999E-02,4.091E+00,1.044E+00,-8.532E-01,2.442E+01,7.984E+00,3.142E+00,8.901E-02,1.174E+00,2.009E+00,1.844E-02,8.937E+00
87,0.000E+00,0.000E+00,8.453E-03,0.000E+00,9.230E-03,1.792E-02,1.422E+00,1.128E+00,-6.529E-01,1.237E+01,7.138E+00,3.142E+00,-1.613E-01,3.710E+00,1.223E+00,5.967E-02,4.700E+00,8.754E-01,-8.422E-01,1.854E+01,1.783E+01,3.142E+00,8.901E-02,1.138E+00,1.937E+00,1.400E-02,1.088E+01
88,0.000E+00,0.000E+00,4.785E-04,0.000E+00,7.754E-04,1.642E-03,1.130E-01,1.140E+00,-7.352E-01,1.303E+01,7.360E+00,3.142E+00,-4.115E-01,6.448E+00,7.933E-01,4.934E-02,5.309E+00,8.504E-01,-8.312E-01,1.266E+01,2.768E+01,3.142E+00,8.901E-02,1.102E+00,1.866E+00,9.558E-03,1.282E+01
89,0.000E+00,0.000E+00,0.000E+00,0.000E+00,1.660E-05,5.273E-05,2.369E-03,3.142E+00,0.000E+00,0.000E+00,0.000E+00,0.000E+00,0.000E+00,0.000E+00,0.000E+00,0.000E+00,0.000E+00,3.142E+00,0.000E+00,0.000E+00,0.000E+00,0.000E+00,0.000E+00,0.000E+00,0.000E+00,0.000E+00,0.000E+00
