alpha,H,Na,Al,Si,O,Na_1,O_1,Si_2,O_2,Al_3,O_3,amu/ion,phiK_Al,phiTilt_Al,phiM_Al,phiN_Al,thetaK_Al,thetaTilt_Al,thetaM_Al,thetaN_Al,energyK_Al,energyE_Al,phiK_Na,phiTilt_Na,phiM_Na,phiN_Na,thetaK_Na,thetaTilt_Na,thetaM_Na,thetaN_Na,energyK_Na,energyE_Na,phiK_O,phiTilt_O,phiM_O,phiN_O,thetaK_O,thetaTilt_O,thetaM_O,thetaN_O,energyK_O,energyE_O,phiK_Si,phiTilt_Si,phiM_Si,phiN_Si,thetaK_Si,thetaTilt_Si,thetaM_Si,thetaN_Si,energyK_Si,energyE_Si
0,0.000E+00,8.687E-04,0.000E+00,1.766E-03,0.000E+00,0.000E+00,0.000E+00,9.812E-04,4.466E-03,8.805E-04,2.155E-03,2.268E-01,1.755E+00,-3.194E-02,1.691E+00,1.456E+00,1.724E+00,-4.046E-03,2.509E+00,2.448E+00,8.102E-02,3.788E+00,1.651E+00,-1.882E-03,1.587E+00,1.952E+00,1.655E+00,-5.347E-03,2.721E+00,2.631E+00,3.171E-01,1.233E+00,1.696E+00,-6.535E-03,1.681E+00,1.619E+00,1.692E+00,-2.871E-03,2.622E+00,2.576E+00,1.202E-01,2.988E+00,1.778E+00,-2.111E-02,1.498E+00,1.469E+00,1.758E+00,-3.012E-03,2.449E+00,2.404E+00,6.482E-02,4.467E+00
1,0.000E+00,8.802E-04,0.000E+00,1.763E-03,0.000E+00,0.000E+00,0.000E+00,9.896E-04,4.502E-03,8.884E-04,2.169E-03,2.282E-01,1.750E+00,-3.012E-02,1.649E+00,1.505E+00,1.724E+00,-4.110E-03,2.519E+00,2.456E+00,8.106E-02,3.787E+00,1.647E+00,-5.362E-05,1.558E+00,2.001E+00,1.654E+00,-4.991E-03,2.706E+00,2.622E+00,3.174E-01,1.232E+00,1.697E+00,-1.633E-02,1.714E+00,1.639E+00,1.683E+00,-2.920E-03,2.628E+00,2.581E+00,1.199E-01,2.993E+00,1.780E+00,-3.391E-02,1.565E+00,1.464E+00,1.748E+00,-3.207E-03,2.455E+00,2.407E+00,6.491E-02,4.462E+00
2,0.000E+00,8.916E-04,0.000E+00,1.760E-03,0.000E+00,0.000E+00,0.000E+00,9.980E-04,4.537E-03,8.963E-04,2.183E-03,2.297E-01,1.746E+00,-2.829E-02,1.606E+00,1.555E+00,1.724E+00,-4.173E-03,2.529E+00,2.465E+00,8.110E-02,3.785E+00,1.646E+00,1.775E-03,1.530E+00,2.051E+00,1.652E+00,-4.636E-03,2.691E+00,2.613E+00,3.178E-01,1.230E+00,1.697E+00,-2.612E-02,1.747E+00,1.658E+00,1.674E+00,-2.969E-03,2.634E+00,2.586E+00,1.197E-01,2.997E+00,1.781E+00,-4.670E-02,1.632E+00,1.460E+00,1.737E+00,-3.401E-03,2.461E+00,2.410E+00,6.501E-02,4.457E+00
3,0.000E+00,9.030E-04,0.000E+00,1.757E-03,0.000E+00,0.000E+00,0.000E+00,1.006E-03,4.573E-03,9.042E-04,2.197E-03,2.311E-01,1.743E+00,-2.647E-02,1.563E+00,1.604E+00,1.723E+00,-4.237E-03,2.539E+00,2.474E+00,8.114E-02,3.784E+00,1.645E+00,3.603E-03,1.501E+00,2.100E+00,1.651E+00,-4.280E-03,2.675E+00,2.604E+00,3.182E-01,1.229E+00,1.698E+00,-3.591E-02,1.780E+00,1.678E+00,1.665E+00,-3.017E-03,2.640E+00,2.591E+00,1.195E-01,3.002E+00,1.783E+00,-5.950E-02,1.699E+00,1.456E+00,1.726E+00,-3.595E-03,2.467E+00,2.413E+00,6.511E-02,4.452E+00
4,0.000E+00,9.087E-04,0.000E+00,1.755E-03,0.000E+00,0.000E+00,0.000E+00,1.011E-03,4.590E-03,9.082E-04,2.204E-03,2.318E-01,1.742E+00,-2.555E-02,1.542E+00,1.629E+00,1.723E+00,-4.268E-03,2.544E+00,2.478E+00,8.116E-02,3.783E+00,1.644E+00,4.517E-03,1.487E+00,2.125E+00,1.651E+00,-4.102E-03,2.668E+00,2.600E+00,3.184E-01,1.228E+00,1.698E+00,-4.081E-02,1.797E+00,1.688E+00,1.660E+00,-3.042E-03,2.643E+00,2.594E+00,1.194E-01,3.005E+00,1.784E+00,-6.589E-02,1.732E+00,1.454E+00,1.721E+00,-3.692E-03,2.470E+00,2.414E+00,6.515E-02,4.450E+00
5,0.000E+00,9.145E-04,0.000E+00,1.754E-03,0.000E+00,0.000E+00,0.000E+00,1.015E-03,4.608E-03,9.121E-04,2.211E-03,2.325E-01,1.740E+00,-2.464E-02,1.520E+00,1.654E+00,1.723E+00,-4.300E-03,2.549E+00,2.483E+00,8.118E-02,3.782E+00,1.644E+00,5.432E-03,1.472E+00,2.150E+00,1.650E+00,-3.924E-03,2.660E+00,2.595E+00,3.186E-01,1.228E+00,1.698E+00,-4.570E-02,1.813E+00,1.698E+00,1.655E+00,-3.066E-03,2.646E+00,2.596E+00,1.193E-01,3.007E+00,1.785E+00,-7.229E-02,1.765E+00,1.451E+00,1.716E+00,-3.790E-03,2.473E+00,2.416E+00,6.520E-02,4.447E+00
6,0.000E+00,9.259E-04,0.000E+00,1.751E-03,0.000E+00,0.000E+00,0.000E+00,1.023E-03,4.644E-03,9.200E-04,2.225E-03,2.339E-01,1.738E+00,-2.281E-02,1.478E+00,1.703E+00,1.722E+00,-4.364E-03,2.559E+00,2.491E+00,8.122E-02,3.781E+00,1.643E+00,7.260E-03,1.444E+00,2.199E+00,1.649E+00,-3.568E-03,2.645E+00,2.586E+00,3.190E-01,1.227E+00,1.699E+00,-5.550E-02,1.846E+00,1.718E+00,1.646E+00,-3.115E-03,2.653E+00,2.601E+00,1.190E-01,3.012E+00,1.787E+00,-8.508E-02,1.832E+00,1.447E+00,1.705E+00,-3.984E-03,2.479E+00,2.419E+00,6.530E-02,4.442E+00
7,0.000E+00,9.373E-04,0.000E+00,1.748E-03,0.000E+00,0.000E+00,0.000E+00,1.032E-03,4.679E-03,9.279E-04,2.240E-03,2.353E-01,1.736E+00,-2.099E-02,1.435E+00,1.753E+00,1.722E+00,-4.427E-03,2.569E+00,2.500E+00,8.126E-02,3.780E+00,1.643E+00,9.088E-03,1.415E+00,2.249E+00,1.648E+00,-3.212E-03,2.630E+00,2.577E+00,3.194E-01,1.225E+00,1.700E+00,-6.529E-02,1.880E+00,1.737E+00,1.637E+00,-3.163E-03,2.659E+00,2.606E+00,1.188E-01,3.017E+00,1.790E+00,-9.788E-02,1.899E+00,1.443E+00,1.695E+00,-4.178E-03,2.485E+00,2.422E+00,6.540E-02,4.437E+00
8,0.000E+00,9.487E-04,0.000E+00,1.745E-03,0.000E+00,0.000E+00,0.000E+00,1.040E-03,4.715E-03,9.358E-04,2.254E-03,2.368E-01,1.735E+00,-1.916E-02,1.392E+00,1.802E+00,1.721E+00,-4.491E-03,2.579E+00,2.509E+00,8.130E-02,3.778E+00,1.643E+00,1.092E-02,1.386E+00,2.298E+00,1.646E+00,-2.856E-03,2.614E+00,2.568E+00,3.197E-01,1.224E+00,1.700E+00,-7.508E-02,1.913E+00,1.757E+00,1.628E+00,-3.212E-03,2.665E+00,2.612E+00,1.186E-01,3.022E+00,1.793E+00,-1.107E-01,1.966E+00,1.439E+00,1.684E+00,-4.373E-03,2.491E+00,2.425E+00,6.549E-02,4.432E+00
9,0.000E+00,9.544E-04,0.000E+00,1.743E-03,0.000E+00,0.000E+00,0.000E+00,1.044E-03,4.732E-03,9.398E-04,2.261E-03,2.375E-01,1.735E+00,-1.825E-02,1.371E+00,1.827E+00,1.721E+00,-4.522E-03,2.584E+00,2.513E+00,8.132E-02,3.777E+00,1.643E+00,1.183E-02,1.372E+00,2.323E+00,1.646E+00,-2.678E-03,2.607E+00,2.564E+00,3.199E-01,1.223E+00,1.701E+00,-7.998E-02,1.929E+00,1.767E+00,1.623E+00,-3.237E-03,2.668E+00,2.614E+00,1.185E-01,3.024E+00,1.794E+00,-1.171E-01,1.999E+00,1.437E+00,1.679E+00,-4.470E-03,2.494E+00,2.426E+00,6.554E-02,4.429E+00
10,0.000E+00,9.602E-04,0.000E+00,1.741E-03,0.000E+00,0.000E+00,0.000E+00,1.048E-03,4.750E-03,9.438E-04,2.268E-03,2.382E-01,1.735E+00,-1.734E-02,1.350E+00,1.852E+00,1.721E+00,-4.554E-03,2.589E+00,2.518E+00,8.134E-02,3.777E+00,1.644E+00,1.275E-02,1.357E+00,2.348E+00,1.645E+00,-2.500E-03,2.599E+00,2.559E+00,3.201E-01,1.223E+00,1.701E+00,-8.487E-02,1.946E+00,1.777E+00,1.619E+00,-3.261E-03,2.671E+00,2.617E+00,1.184E-01,3.027E+00,1.796E+00,-1.235E-01,2.032E+00,1.434E+00,1.673E+00,-4.567E-03,2.496E+00,2.427E+00,6.559E-02,4.427E+00
11,0.000E+00,9.819E-04,0.000E+00,1.784E-03,0.000E+00,0.000E+00,0.000E+00,1.058E-03,4.855E-03,9.642E-04,2.320E-03,2.432E-01,1.739E+00,-3.613E-02,1.434E+00,1.830E+00,1.709E+00,-4.439E-03,2.593E+00,2.522E+00,8.094E-02,3.792E+00,1.624E+00,-1.617E-02,1.563E+00,2.279E+00,1.625E+00,-2.444E-03,2.596E+00,2.557E+00,3.178E-01,1.231E+00,1.702E+00,-9.910E-02,2.021E+00,1.781E+00,1.608E+00,-3.444E-03,2.667E+00,2.610E+00,1.177E-01,3.041E+00,1.796E+00,-1.286E-01,2.022E+00,1.462E+00,1.669E+00,-4.154E-03,2.486E+00,2.424E+00,6.562E-02,4.425E+00
12,0.000E+00,1.004E-03,0.000E+00,1.826E-03,0.000E+00,0.000E+00,0.000E+00,1.067E-03,4.960E-03,9.846E-04,2.372E-03,2.482E-01,1.744E+00,-5.493E-02,1.518E+00,1.809E+00,1.697E+00,-4.324E-03,2.596E+00,2.527E+00,8.054E-02,3.807E+00,1.623E+00,-4.509E-02,1.768E+00,2.209E+00,1.606E+00,-2.388E-03,2.593E+00,2.555E+00,3.154E-01,1.239E+00,1.703E+00,-1.133E-01,2.097E+00,1.785E+00,1.597E+00,-3.627E-03,2.663E+00,2.603E+00,1.171E-01,3.055E+00,1.796E+00,-1.338E-01,2.012E+00,1.489E+00,1.664E+00,-3.740E-03,2.477E+00,2.420E+00,6.566E-02,4.423E+00
13,0.000E+00,1.025E-03,0.000E+00,1.869E-03,0.000E+00,0.000E+00,0.000E+00,1.077E-03,5.066E-03,1.005E-03,2.424E-03,2.532E-01,1.749E+00,-7.373E-02,1.602E+00,1.788E+00,1.684E+00,-4.209E-03,2.599E+00,2.532E+00,8.014E-02,3.822E+00,1.627E+00,-7.401E-02,1.973E+00,2.140E+00,1.586E+00,-2.331E-03,2.590E+00,2.553E+00,3.131E-01,1.248E+00,1.705E+00,-1.276E-01,2.172E+00,1.788E+00,1.587E+00,-3.809E-03,2.659E+00,2.597E+00,1.165E-01,3.069E+00,1.796E+00,-1.389E-01,2.002E+00,1.517E+00,1.660E+00,-3.327E-03,2.467E+00,2.416E+00,6.569E-02,4.422E+00
14,0.000E+00,1.036E-03,0.000E+00,1.890E-03,0.000E+00,0.000E+00,0.000E+00,1.081E-03,5.118E-03,1.015E-03,2.450E-03,2.557E-01,1.752E+00,-8.313E-02,1.644E+00,1.778E+00,1.678E+00,-4.151E-03,2.600E+00,2.534E+00,7.994E-02,3.830E+00,1.630E+00,-8.847E-02,2.075E+00,2.105E+00,1.576E+00,-2.303E-03,2.589E+00,2.552E+00,3.119E-01,1.252E+00,1.706E+00,-1.347E-01,2.210E+00,1.790E+00,1.582E+00,-3.901E-03,2.657E+00,2.593E+00,1.161E-01,3.076E+00,1.796E+00,-1.415E-01,1.997E+00,1.530E+00,1.658E+00,-3.121E-03,2.462E+00,2.415E+00,6.570E-02,4.421E+00
15,0.000E+00,1.047E-03,0.000E+00,1.911E-03,0.000E+00,0.000E+00,0.000E+00,1.086E-03,5.171E-03,1.025E-03,2.476E-03,2.583E-01,1.755E+00,-9.253E-02,1.686E+00,1.767E+00,1.672E+00,-4.094E-03,2.602E+00,2.536E+00,7.974E-02,3.837E+00,1.633E+00,-1.029E-01,2.178E+00,2.070E+00,1.566E+00,-2.275E-03,2.587E+00,2.551E+00,3.108E-01,1.256E+00,1.707E+00,-1.418E-01,2.248E+00,1.792E+00,1.576E+00,-3.992E-03,2.655E+00,2.590E+00,1.158E-01,3.084E+00,1.796E+00,-1.441E-01,1.992E+00,1.544E+00,1.656E+00,-2.914E-03,2.457E+00,2.413E+00,6.572E-02,4.420E+00
16,0.000E+00,1.069E-03,0.000E+00,1.953E-03,0.000E+00,0.000E+00,0.000E+00,1.095E-03,5.276E-03,1.046E-03,2.528E-03,2.633E-01,1.762E+00,-1.113E-01,1.771E+00,1.746E+00,1.660E+00,-3.979E-03,2.605E+00,2.541E+00,7.934E-02,3.852E+00,1.643E+00,-1.318E-01,2.383E+00,2.001E+00,1.547E+00,-2.219E-03,2.584E+00,2.549E+00,3.084E-01,1.264E+00,1.709E+00,-1.560E-01,2.323E+00,1.796E+00,1.566E+00,-4.175E-03,2.651E+00,2.583E+00,1.152E-01,3.098E+00,1.797E+00,-1.492E-01,1.982E+00,1.572E+00,1.651E+00,-2.501E-03,2.447E+00,2.409E+00,6.575E-02,4.418E+00
17,0.000E+00,1.091E-03,0.000E+00,1.996E-03,0.000E+00,0.000E+00,0.000E+00,1.105E-03,5.381E-03,1.066E-03,2.580E-03,2.683E-01,1.768E+00,-1.301E-01,1.855E+00,1.725E+00,1.648E+00,-3.864E-03,2.608E+00,2.546E+00,7.894E-02,3.867E+00,1.655E+00,-1.608E-01,2.588E+00,1.932E+00,1.527E+00,-2.163E-03,2.581E+00,2.547E+00,3.061E-01,1.273E+00,1.711E+00,-1.702E-01,2.399E+00,1.800E+00,1.555E+00,-4.358E-03,2.647E+00,2.576E+00,1.146E-01,3.112E+00,1.797E+00,-1.544E-01,1.972E+00,1.599E+00,1.647E+00,-2.087E-03,2.437E+00,2.405E+00,6.579E-02,4.417E+00
18,0.000E+00,1.113E-03,0.000E+00,2.038E-03,0.000E+00,0.000E+00,0.000E+00,1.114E-03,5.486E-03,1.087E-03,2.632E-03,2.733E-01,1.776E+00,-1.489E-01,1.939E+00,1.704E+00,1.636E+00,-3.749E-03,2.611E+00,2.551E+00,7.854E-02,3.882E+00,1.670E+00,-1.897E-01,2.793E+00,1.862E+00,1.507E+00,-2.107E-03,2.578E+00,2.545E+00,3.037E-01,1.281E+00,1.713E+00,-1.845E-01,2.474E+00,1.804E+00,1.545E+00,-4.541E-03,2.644E+00,2.570E+00,1.139E-01,3.126E+00,1.797E+00,-1.595E-01,1.962E+00,1.626E+00,1.642E+00,-1.674E-03,2.427E+00,2.402E+00,6.582E-02,4.415E+00
19,0.000E+00,1.123E-03,0.000E+00,2.059E-03,0.000E+00,0.000E+00,0.000E+00,1.119E-03,5.539E-03,1.097E-03,2.658E-03,2.758E-01,1.780E+00,-1.583E-01,1.981E+00,1.694E+00,1.630E+00,-3.691E-03,2.613E+00,2.553E+00,7.834E-02,3.890E+00,1.678E+00,-2.041E-01,2.895E+00,1.828E+00,1.497E+00,-2.078E-03,2.577E+00,2.544E+00,3.026E-01,1.285E+00,1.714E+00,-1.916E-01,2.512E+00,1.806E+00,1.539E+00,-4.632E-03,2.642E+00,2.566E+00,1.136E-01,3.133E+00,1.798E+00,-1.621E-01,1.957E+00,1.640E+00,1.640E+00,-1.468E-03,2.422E+00,2.400E+00,6.583E-02,4.414E+00
20,0.000E+00,1.134E-03,0.000E+00,2.080E-03,0.000E+00,0.000E+00,0.000E+00,1.123E-03,5.591E-03,1.107E-03,2.684E-03,2.783E-01,1.783E+00,-1.677E-01,2.023E+00,1.683E+00,1.624E+00,-3.634E-03,2.614E+00,2.555E+00,7.814E-02,3.897E+00,1.687E+00,-2.186E-01,2.998E+00,1.793E+00,1.488E+00,-2.050E-03,2.575E+00,2.543E+00,3.014E-01,1.289E+00,1.715E+00,-1.987E-01,2.550E+00,1.808E+00,1.534E+00,-4.724E-03,2.640E+00,2.563E+00,1.133E-01,3.141E+00,1.798E+00,-1.647E-01,1.952E+00,1.654E+00,1.638E+00,-1.261E-03,2.417E+00,2.398E+00,6.585E-02,4.413E+00
21,0.000E+00,1.163E-03,0.000E+00,2.133E-03,0.000E+00,0.000E+00,0.000E+00,1.176E-03,5.801E-03,1.143E-03,2.775E-03,2.877E-01,1.779E+00,-1.941E-01,2.222E+00,1.677E+00,1.604E+00,-3.681E-03,2.610E+00,2.551E+00,7.706E-02,3.944E+00,1.682E+00,-2.216E-01,2.999E+00,1.827E+00,1.482E+00,-2.228E-03,2.602E+00,2.566E+00,3.016E-01,1.289E+00,1.713E+00,-2.110E-01,2.634E+00,1.821E+00,1.523E+00,-4.551E-03,2.640E+00,2.567E+00,1.127E-01,3.156E+00,1.802E+00,-1.790E-01,2.007E+00,1.651E+00,1.632E+00,-2.151E-03,2.432E+00,2.400E+00,6.526E-02,4.445E+00
22,0.000E+00,1.191E-03,0.000E+00,2.185E-03,0.000E+00,0.000E+00,0.000E+00,1.229E-03,6.011E-03,1.180E-03,2.867E-03,2.971E-01,1.777E+00,-2.204E-01,2.421E+00,1.670E+00,1.585E+00,-3.728E-03,2.606E+00,2.546E+00,7.597E-02,3.991E+00,1.678E+00,-2.247E-01,3.000E+00,1.861E+00,1.477E+00,-2.405E-03,2.628E+00,2.589E+00,3.017E-01,1.288E+00,1.712E+00,-2.234E-01,2.717E+00,1.834E+00,1.513E+00,-4.379E-03,2.641E+00,2.570E+00,1.120E-01,3.171E+00,1.807E+00,-1.934E-01,2.062E+00,1.648E+00,1.625E+00,-3.041E-03,2.448E+00,2.402E+00,6.468E-02,4.478E+00
23,0.000E+00,1.219E-03,0.000E+00,2.238E-03,0.000E+00,0.000E+00,0.000E+00,1.281E-03,6.220E-03,1.216E-03,2.959E-03,3.065E-01,1.776E+00,-2.468E-01,2.620E+00,1.663E+00,1.565E+00,-3.775E-03,2.602E+00,2.542E+00,7.489E-02,4.038E+00,1.674E+00,-2.277E-01,3.001E+00,1.896E+00,1.471E+00,-2.583E-03,2.655E+00,2.612E+00,3.019E-01,1.288E+00,1.710E+00,-2.357E-01,2.801E+00,1.848E+00,1.502E+00,-4.207E-03,2.642E+00,2.574E+00,1.114E-01,3.186E+00,1.812E+00,-2.077E-01,2.117E+00,1.645E+00,1.619E+00,-3.931E-03,2.464E+00,2.404E+00,6.409E-02,4.510E+00
24,0.000E+00,1.233E-03,0.000E+00,2.264E-03,0.000E+00,0.000E+00,0.000E+00,1.307E-03,6.325E-03,1.235E-03,3.005E-03,3.112E-01,1.777E+00,-2.599E-01,2.720E+00,1.660E+00,1.556E+00,-3.799E-03,2.601E+00,2.540E+00,7.435E-02,4.061E+00,1.672E+00,-2.293E-01,3.002E+00,1.913E+00,1.469E+00,-2.671E-03,2.669E+00,2.624E+00,3.020E-01,1.287E+00,1.710E+00,-2.419E-01,2.843E+00,1.854E+00,1.497E+00,-4.121E-03,2.643E+00,2.576E+00,1.111E-01,3.194E+00,1.814E+00,-2.149E-01,2.145E+00,1.643E+00,1.616E+00,-4.376E-03,2.472E+00,2.405E+00,6.379E-02,4.526E+00
25,0.000E+00,1.247E-03,0.000E+00,2.290E-03,0.000E+00,0.000E+00,0.000E+00,1.334E-03,6.430E-03,1.253E-03,3.051E-03,3.159E-01,1.777E+00,-2.731E-01,2.820E+00,1.656E+00,1.546E+00,-3.822E-03,2.599E+00,2.538E+00,7.380E-02,4.085E+00,1.670E+00,-2.308E-01,3.003E+00,1.930E+00,1.466E+00,-2.760E-03,2.682E+00,2.636E+00,3.020E-01,1.287E+00,1.709E+00,-2.481E-01,2.885E+00,1.861E+00,1.491E+00,-4.034E-03,2.643E+00,2.578E+00,1.108E-01,3.202E+00,1.816E+00,-2.221E-01,2.172E+00,1.642E+00,1.613E+00,-4.821E-03,2.479E+00,2.406E+00,6.350E-02,4.542E+00
26,0.000E+00,1.275E-03,0.000E+00,2.343E-03,0.000E+00,0.000E+00,0.000E+00,1.386E-03,6.639E-03,1.289E-03,3.143E-03,3.253E-01,1.780E+00,-2.995E-01,3.019E+00,1.650E+00,1.526E+00,-3.869E-03,2.595E+00,2.533E+00,7.272E-02,4.131E+00,1.667E+00,-2.338E-01,3.004E+00,1.964E+00,1.461E+00,-2.937E-03,2.709E+00,2.659E+00,3.022E-01,1.286E+00,1.708E+00,-2.604E-01,2.968E+00,1.875E+00,1.481E+00,-3.862E-03,2.644E+00,2.581E+00,1.102E-01,3.217E+00,1.821E+00,-2.365E-01,2.228E+00,1.639E+00,1.607E+00,-5.711E-03,2.495E+00,2.409E+00,6.291E-02,4.574E+00
27,0.000E+00,1.303E-03,0.000E+00,2.395E-03,0.000E+00,0.000E+00,0.000E+00,1.439E-03,6.849E-03,1.326E-03,3.234E-03,3.347E-01,1.783E+00,-3.258E-01,3.218E+00,1.643E+00,1.507E+00,-3.916E-03,2.591E+00,2.529E+00,7.163E-02,4.178E+00,1.663E+00,-2.369E-01,3.005E+00,1.998E+00,1.455E+00,-3.115E-03,2.735E+00,2.682E+00,3.024E-01,1.286E+00,1.707E+00,-2.727E-01,3.052E+00,1.888E+00,1.470E+00,-3.690E-03,2.645E+00,2.585E+00,1.095E-01,3.232E+00,1.826E+00,-2.508E-01,2.283E+00,1.636E+00,1.601E+00,-6.601E-03,2.511E+00,2.411E+00,6.232E-02,4.606E+00
28,0.000E+00,1.331E-03,0.000E+00,2.448E-03,0.000E+00,0.000E+00,0.000E+00,1.491E-03,7.058E-03,1.362E-03,3.326E-03,3.441E-01,1.788E+00,-3.522E-01,3.417E+00,1.636E+00,1.487E+00,-3.963E-03,2.587E+00,2.524E+00,7.055E-02,4.225E+00,1.659E+00,-2.399E-01,3.006E+00,2.033E+00,1.450E+00,-3.292E-03,2.762E+00,2.705E+00,3.025E-01,1.285E+00,1.706E+00,-2.851E-01,3.136E+00,1.901E+00,1.459E+00,-3.518E-03,2.646E+00,2.588E+00,1.089E-01,3.248E+00,1.830E+00,-2.652E-01,2.338E+00,1.633E+00,1.595E+00,-7.491E-03,2.527E+00,2.413E+00,6.174E-02,4.638E+00
29,0.000E+00,1.345E-03,0.000E+00,2.474E-03,0.000E+00,0.000E+00,0.000E+00,1.517E-03,7.163E-03,1.380E-03,3.372E-03,3.488E-01,1.790E+00,-3.654E-01,3.517E+00,1.633E+00,1.477E+00,-3.987E-03,2.585E+00,2.522E+00,7.000E-02,4.249E+00,1.658E+00,-2.414E-01,3.007E+00,2.050E+00,1.447E+00,-3.381E-03,2.775E+00,2.717E+00,3.026E-01,1.285E+00,1.706E+00,-2.913E-01,3.178E+00,1.908E+00,1.454E+00,-3.431E-03,2.646E+00,2.590E+00,1.086E-01,3.255E+00,1.833E+00,-2.724E-01,2.366E+00,1.631E+00,1.591E+00,-7.936E-03,2.534E+00,2.414E+00,6.144E-02,4.654E+00
30,0.000E+00,1.359E-03,0.000E+00,2.500E-03,0.000E+00,0.000E+00,0.000E+00,1.544E-03,7.268E-03,1.398E-03,3.418E-03,3.535E-01,1.793E+00,-3.785E-01,3.616E+00,1.630E+00,1.468E+00,-4.010E-03,2.583E+00,2.520E+00,6.946E-02,4.272E+00,1.656E+00,-2.429E-01,3.008E+00,2.067E+00,1.445E+00,-3.470E-03,2.789E+00,2.729E+00,3.027E-01,1.285E+00,1.706E+00,-2.974E-01,3.220E+00,1.915E+00,1.449E+00,-3.345E-03,2.647E+00,2.592E+00,1.083E-01,3.263E+00,1.835E+00,-2.796E-01,2.393E+00,1.630E+00,1.588E+00,-8.381E-03,2.542E+00,2.415E+00,6.115E-02,4.670E+00
31,0.000E+00,1.465E-03,0.000E+00,2.658E-03,0.000E+00,0.000E+00,0.000E+00,1.716E-03,7.944E-03,1.503E-03,3.634E-03,3.823E-01,1.783E+00,-4.051E-01,4.036E+00,1.629E+00,1.448E+00,-4.177E-03,2.582E+00,2.516E+00,6.952E-02,4.269E+00,1.648E+00,-2.370E-01,2.927E+00,2.135E+00,1.444E+00,-2.708E-03,2.759E+00,2.712E+00,3.002E-01,1.295E+00,1.702E+00,-3.119E-01,3.388E+00,1.916E+00,1.437E+00,-3.090E-03,2.642E+00,2.592E+00,1.078E-01,3.277E+00,1.808E+00,-3.231E-01,3.015E+00,1.605E+00,1.557E+00,-8.026E-03,2.551E+00,2.429E+00,6.080E-02,4.691E+00
32,0.000E+00,1.517E-03,0.000E+00,2.737E-03,0.000E+00,0.000E+00,0.000E+00,1.802E-03,8.281E-03,1.555E-03,3.742E-03,3.967E-01,1.779E+00,-4.184E-01,4.246E+00,1.629E+00,1.438E+00,-4.260E-03,2.581E+00,2.514E+00,6.956E-02,4.268E+00,1.644E+00,-2.341E-01,2.887E+00,2.169E+00,1.444E+00,-2.328E-03,2.744E+00,2.703E+00,2.990E-01,1.299E+00,1.700E+00,-3.192E-01,3.473E+00,1.917E+00,1.431E+00,-2.963E-03,2.640E+00,2.591E+00,1.075E-01,3.284E+00,1.800E+00,-3.449E-01,3.326E+00,1.592E+00,1.542E+00,-7.849E-03,2.556E+00,2.435E+00,6.062E-02,4.702E+00
33,0.000E+00,1.570E-03,0.000E+00,2.816E-03,0.000E+00,0.000E+00,0.000E+00,1.888E-03,8.619E-03,1.607E-03,3.850E-03,4.111E-01,1.776E+00,-4.317E-01,4.455E+00,1.628E+00,1.429E+00,-4.343E-03,2.581E+00,2.512E+00,6.959E-02,4.266E+00,1.641E+00,-2.311E-01,2.846E+00,2.203E+00,1.444E+00,-1.947E-03,2.729E+00,2.694E+00,2.977E-01,1.304E+00,1.699E+00,-3.264E-01,3.557E+00,1.918E+00,1.425E+00,-2.835E-03,2.637E+00,2.591E+00,1.072E-01,3.291E+00,1.795E+00,-3.666E-01,3.638E+00,1.580E+00,1.526E+00,-7.672E-03,2.560E+00,2.442E+00,6.045E-02,4.713E+00
34,0.000E+00,1.623E-03,0.000E+00,2.895E-03,0.000E+00,0.000E+00,0.000E+00,1.975E-03,8.957E-03,1.660E-03,3.958E-03,4.255E-01,1.773E+00,-4.450E-01,4.665E+00,1.628E+00,1.419E+00,-4.426E-03,2.580E+00,2.510E+00,6.962E-02,4.265E+00,1.637E+00,-2.281E-01,2.806E+00,2.237E+00,1.444E+00,-1.567E-03,2.714E+00,2.686E+00,2.965E-01,1.309E+00,1.697E+00,-3.336E-01,3.642E+00,1.919E+00,1.419E+00,-2.708E-03,2.635E+00,2.591E+00,1.070E-01,3.298E+00,1.792E+00,-3.884E-01,3.949E+00,1.568E+00,1.511E+00,-7.494E-03,2.565E+00,2.449E+00,6.027E-02,4.723E+00
35,0.000E+00,1.675E-03,0.000E+00,2.973E-03,0.000E+00,0.000E+00,0.000E+00,2.061E-03,9.295E-03,1.712E-03,4.066E-03,4.399E-01,1.772E+00,-4.583E-01,4.875E+00,1.627E+00,1.409E+00,-4.510E-03,2.580E+00,2.509E+00,6.965E-02,4.263E+00,1.634E+00,-2.252E-01,2.766E+00,2.270E+00,1.444E+00,-1.186E-03,2.699E+00,2.677E+00,2.953E-01,1.314E+00,1.696E+00,-3.409E-01,3.726E+00,1.919E+00,1.413E+00,-2.581E-03,2.633E+00,2.591E+00,1.067E-01,3.305E+00,1.791E+00,-4.102E-01,4.260E+00,1.555E+00,1.495E+00,-7.317E-03,2.569E+00,2.456E+00,6.010E-02,4.734E+00
36,0.000E+00,1.728E-03,0.000E+00,3.052E-03,0.000E+00,0.000E+00,0.000E+00,2.147E-03,9.633E-03,1.764E-03,4.174E-03,4.542E-01,1.770E+00,-4.716E-01,5.085E+00,1.627E+00,1.399E+00,-4.593E-03,2.579E+00,2.507E+00,6.968E-02,4.262E+00,1.631E+00,-2.222E-01,2.726E+00,2.304E+00,1.443E+00,-8.053E-04,2.684E+00,2.669E+00,2.940E-01,1.319E+00,1.695E+00,-3.481E-01,3.811E+00,1.920E+00,1.407E+00,-2.453E-03,2.631E+00,2.591E+00,1.064E-01,3.312E+00,1.791E+00,-4.319E-01,4.571E+00,1.543E+00,1.480E+00,-7.140E-03,2.573E+00,2.463E+00,5.992E-02,4.744E+00
37,0.000E+00,1.780E-03,0.000E+00,3.131E-03,0.000E+00,0.000E+00,0.000E+00,2.233E-03,9.971E-03,1.816E-03,4.282E-03,4.686E-01,1.769E+00,-4.849E-01,5.295E+00,1.627E+00,1.390E+00,-4.676E-03,2.578E+00,2.505E+00,6.971E-02,4.260E+00,1.628E+00,-2.192E-01,2.685E+00,2.338E+00,1.443E+00,-4.248E-04,2.670E+00,2.660E+00,2.928E-01,1.324E+00,1.694E+00,-3.554E-01,3.895E+00,1.921E+00,1.401E+00,-2.326E-03,2.628E+00,2.590E+00,1.062E-01,3.319E+00,1.793E+00,-4.537E-01,4.882E+00,1.530E+00,1.464E+00,-6.962E-03,2.578E+00,2.470E+00,5.974E-02,4.755E+00
38,0.000E+00,1.833E-03,0.000E+00,3.210E-03,0.000E+00,0.000E+00,0.000E+00,2.319E-03,1.031E-02,1.869E-03,4.390E-03,4.830E-01,1.769E+00,-4.982E-01,5.504E+00,1.626E+00,1.380E+00,-4.759E-03,2.578E+00,2.503E+00,6.974E-02,4.259E+00,1.626E+00,-2.163E-01,2.645E+00,2.372E+00,1.443E+00,-4.416E-05,2.655E+00,2.652E+00,2.916E-01,1.329E+00,1.693E+00,-3.626E-01,3.980E+00,1.922E+00,1.395E+00,-2.198E-03,2.626E+00,2.590E+00,1.059E-01,3.326E+00,1.796E+00,-4.755E-01,5.193E+00,1.518E+00,1.448E+00,-6.785E-03,2.582E+00,2.477E+00,5.957E-02,4.765E+00
39,0.000E+00,1.886E-03,0.000E+00,3.289E-03,0.000E+00,0.000E+00,0.000E+00,2.406E-03,1.065E-02,1.921E-03,4.498E-03,4.974E-01,1.768E+00,-5.115E-01,5.714E+00,1.626E+00,1.370E+00,-4.842E-03,2.577E+00,2.501E+00,6.977E-02,4.257E+00,1.623E+00,-2.133E-01,2.605E+00,2.406E+00,1.443E+00,3.364E-04,2.640E+00,2.643E+00,2.903E-01,1.334E+00,1.693E+00,-3.699E-01,4.064E+00,1.923E+00,1.389E+00,-2.071E-03,2.624E+00,2.590E+00,1.056E-01,3.333E+00,1.800E+00,-4.972E-01,5.504E+00,1.506E+00,1.433E+00,-6.608E-03,2.587E+00,2.484E+00,5.939E-02,4.776E+00
40,0.000E+00,1.938E-03,0.000E+00,3.368E-03,0.000E+00,0.000E+00,0.000E+00,2.492E-03,1.098E-02,1.973E-03,4.606E-03,5.118E-01,1.769E+00,-5.248E-01,5.924E+00,1.626E+00,1.360E+00,-4.926E-03,2.577E+00,2.499E+00,6.980E-02,4.256E+00,1.621E+00,-2.103E-01,2.565E+00,2.440E+00,1.443E+00,7.170E-04,2.625E+00,2.635E+00,2.891E-01,1.339E+00,1.692E+00,-3.771E-01,4.148E+00,1.924E+00,1.383E+00,-1.943E-03,2.621E+00,2.590E+00,1.054E-01,3.340E+00,1.804E+00,-5.190E-01,5.815E+00,1.493E+00,1.417E+00,-6.430E-03,2.591E+00,2.491E+00,5.922E-02,4.787E+00
41,0.000E+00,1.991E-03,0.000E+00,3.447E-03,0.000E+00,0.000E+00,0.000E+00,2.578E-03,1.132E-02,2.025E-03,4.713E-03,5.262E-01,1.769E+00,-5.381E-01,6.134E+00,1.625E+00,1.351E+00,-5.009E-03,2.576E+00,2.497E+00,6.983E-02,4.254E+00,1.619E+00,-2.074E-01,2.524E+00,2.474E+00,1.443E+00,1.098E-03,2.610E+00,2.626E+00,2.878E-01,1.344E+00,1.692E+00,-3.843E-01,4.233E+00,1.924E+00,1.377E+00,-1.816E-03,2.619E+00,2.590E+00,1.051E-01,3.347E+00,1.810E+00,-5.408E-01,6.127E+00,1.481E+00,1.402E+00,-6.253E-03,2.596E+00,2.498E+00,5.904E-02,4.797E+00
42,0.000E+00,2.044E-03,0.000E+00,3.526E-03,0.000E+00,0.000E+00,0.000E+00,2.664E-03,1.166E-02,2.078E-03,4.821E-03,5.406E-01,1.770E+00,-5.514E-01,6.344E+00,1.625E+00,1.341E+00,-5.092E-03,2.576E+00,2.495E+00,6.986E-02,4.253E+00,1.617E+00,-2.044E-01,2.484E+00,2.508E+00,1.442E+00,1.478E-03,2.595E+00,2.618E+00,2.866E-01,1.349E+00,1.691E+00,-3.916E-01,4.317E+00,1.925E+00,1.371E+00,-1.689E-03,2.617E+00,2.589E+00,1.048E-01,3.354E+00,1.816E+00,-5.625E-01,6.438E+00,1.469E+00,1.386E+00,-6.076E-03,2.600E+00,2.504E+00,5.887E-02,4.808E+00
43,0.000E+00,2.096E-03,0.000E+00,3.605E-03,0.000E+00,0.000E+00,0.000E+00,2.750E-03,1.200E-02,2.130E-03,4.929E-03,5.550E-01,1.771E+00,-5.647E-01,6.554E+00,1.624E+00,1.331E+00,-5.175E-03,2.575E+00,2.494E+00,6.989E-02,4.251E+00,1.615E+00,-2.014E-01,2.444E+00,2.542E+00,1.442E+00,1.859E-03,2.580E+00,2.609E+00,2.854E-01,1.354E+00,1.691E+00,-3.988E-01,4.402E+00,1.926E+00,1.365E+00,-1.561E-03,2.614E+00,2.589E+00,1.046E-01,3.361E+00,1.823E+00,-5.843E-01,6.749E+00,1.456E+00,1.371E+00,-5.898E-03,2.605E+00,2.511E+00,5.869E-02,4.818E+00
44,0.000E+00,2.149E-03,0.000E+00,3.684E-03,0.000E+00,0.000E+00,0.000E+00,2.836E-03,1.234E-02,2.182E-03,5.037E-03,5.694E-01,1.772E+00,-5.779E-01,6.763E+00,1.624E+00,1.322E+00,-5.258E-03,2.574E+00,2.492E+00,6.993E-02,4.250E+00,1.613E+00,-1.985E-01,2.403E+00,2.576E+00,1.442E+00,2.239E-03,2.565E+00,2.601E+00,2.841E-01,1.359E+00,1.691E+00,-4.061E-01,4.486E+00,1.927E+00,1.359E+00,-1.434E-03,2.612E+00,2.589E+00,1.043E-01,3.368E+00,1.830E+00,-6.061E-01,7.060E+00,1.444E+00,1.355E+00,-5.721E-03,2.609E+00,2.518E+00,5.852E-02,4.829E+00
45,0.000E+00,2.202E-03,0.000E+00,3.762E-03,0.000E+00,0.000E+00,0.000E+00,2.923E-03,1.267E-02,2.234E-03,5.145E-03,5.837E-01,1.774E+00,-5.912E-01,6.973E+00,1.624E+00,1.312E+00,-5.342E-03,2.574E+00,2.490E+00,6.996E-02,4.249E+00,1.612E+00,-1.955E-01,2.363E+00,2.610E+00,1.442E+00,2.620E-03,2.550E+00,2.592E+00,2.829E-01,1.364E+00,1.691E+00,-4.133E-01,4.571E+00,1.928E+00,1.353E+00,-1.306E-03,2.610E+00,2.589E+00,1.040E-01,3.375E+00,1.838E+00,-6.278E-01,7.371E+00,1.431E+00,1.340E+00,-5.544E-03,2.613E+00,2.525E+00,5.834E-02,4.840E+00
46,0.000E+00,2.335E-03,0.000E+00,3.990E-03,0.000E+00,0.000E+00,0.000E+00,3.052E-03,1.328E-02,2.356E-03,5.511E-03,6.157E-01,1.749E+00,-6.246E-01,8.439E+00,1.635E+00,1.273E+00,-3.054E-03,2.522E+00,2.474E+00,6.948E-02,4.271E+00,1.583E+00,-3.056E-01,4.066E+00,2.276E+00,1.369E+00,4.731E-04,2.624E+00,2.631E+00,2.824E-01,1.366E+00,1.680E+00,-4.028E-01,4.362E+00,2.011E+00,1.354E+00,-2.957E-03,2.684E+00,2.634E+00,1.033E-01,3.394E+00,1.783E+00,-6.200E-01,7.010E+00,1.648E+00,1.310E+00,-6.079E-03,2.593E+00,2.497E+00,5.827E-02,4.844E+00
47,0.000E+00,2.401E-03,0.000E+00,4.104E-03,0.000E+00,0.000E+00,0.000E+00,3.116E-03,1.359E-02,2.417E-03,5.693E-03,6.317E-01,1.740E+00,-6.413E-01,9.172E+00,1.641E+00,1.253E+00,-1.910E-03,2.496E+00,2.466E+00,6.924E-02,4.282E+00,1.599E+00,-3.607E-01,4.918E+00,2.110E+00,1.332E+00,-6.004E-04,2.661E+00,2.650E+00,2.822E-01,1.367E+00,1.675E+00,-3.976E-01,4.258E+00,2.053E+00,1.354E+00,-3.783E-03,2.721E+00,2.657E+00,1.030E-01,3.404E+00,1.759E+00,-6.160E-01,6.829E+00,1.756E+00,1.295E+00,-6.346E-03,2.582E+00,2.483E+00,5.823E-02,4.847E+00
48,0.000E+00,2.468E-03,0.000E+00,4.217E-03,0.000E+00,0.000E+00,0.000E+00,3.180E-03,1.389E-02,2.477E-03,5.876E-03,6.476E-01,1.733E+00,-6.580E-01,9.904E+00,1.647E+00,1.234E+00,-7.659E-04,2.470E+00,2.458E+00,6.901E-02,4.294E+00,1.628E+00,-4.158E-01,5.769E+00,1.943E+00,1.295E+00,-1.674E-03,2.697E+00,2.669E+00,2.819E-01,1.368E+00,1.670E+00,-3.923E-01,4.153E+00,2.095E+00,1.355E+00,-4.608E-03,2.758E+00,2.679E+00,1.026E-01,3.413E+00,1.737E+00,-6.121E-01,6.648E+00,1.865E+00,1.280E+00,-6.614E-03,2.572E+00,2.469E+00,5.819E-02,4.849E+00
49,0.000E+00,2.616E-03,0.000E+00,4.420E-03,0.000E+00,0.000E+00,0.000E+00,3.410E-03,1.483E-02,2.609E-03,6.102E-03,6.853E-01,1.697E+00,-6.337E-01,8.721E+00,1.839E+00,1.231E+00,-3.601E-03,2.585E+00,2.526E+00,6.691E-02,4.400E+00,1.615E+00,-3.789E-01,4.992E+00,2.075E+00,1.313E+00,-8.376E-04,2.702E+00,2.688E+00,2.765E-01,1.392E+00,1.659E+00,-3.926E-01,4.180E+00,2.150E+00,1.344E+00,-3.296E-03,2.725E+00,2.669E+00,1.033E-01,3.395E+00,1.734E+00,-6.398E-01,7.546E+00,1.826E+00,1.260E+00,-3.644E-03,2.527E+00,2.470E+00,5.762E-02,4.886E+00
50,0.000E+00,2.689E-03,0.000E+00,4.521E-03,0.000E+00,0.000E+00,0.000E+00,3.525E-03,1.529E-02,2.674E-03,6.214E-03,7.041E-01,1.683E+00,-6.215E-01,8.129E+00,1.935E+00,1.229E+00,-5.019E-03,2.643E+00,2.560E+00,6.586E-02,4.453E+00,1.612E+00,-3.605E-01,4.603E+00,2.141E+00,1.322E+00,-4.195E-04,2.704E+00,2.697E+00,2.738E-01,1.404E+00,1.653E+00,-3.928E-01,4.194E+00,2.178E+00,1.339E+00,-2.639E-03,2.708E+00,2.664E+00,1.036E-01,3.386E+00,1.734E+00,-6.536E-01,7.995E+00,1.807E+00,1.249E+00,-2.159E-03,2.505E+00,2.471E+00,5.734E-02,4.904E+00
51,0.000E+00,2.763E-03,0.000E+00,4.622E-03,0.000E+00,0.000E+00,0.000E+00,3.640E-03,1.576E-02,2.740E-03,6.327E-03,7.229E-01,1.672E+00,-6.093E-01,7.538E+00,2.031E+00,1.227E+00,-6.436E-03,2.701E+00,2.595E+00,6.481E-02,4.506E+00,1.611E+00,-3.420E-01,4.214E+00,2.207E+00,1.331E+00,-1.415E-06,2.706E+00,2.706E+00,2.710E-01,1.416E+00,1.648E+00,-3.929E-01,4.207E+00,2.205E+00,1.334E+00,-1.983E-03,2.692E+00,2.659E+00,1.039E-01,3.377E+00,1.735E+00,-6.675E-01,8.444E+00,1.788E+00,1.239E+00,-6.747E-04,2.482E+00,2.472E+00,5.705E-02,4.922E+00
52,0.000E+00,2.972E-03,0.000E+00,4.863E-03,0.000E+00,0.000E+00,0.000E+00,3.984E-03,1.711E-02,2.944E-03,6.688E-03,7.770E-01,1.681E+00,-6.238E-01,7.793E+00,1.995E+00,1.225E+00,-5.147E-03,2.656E+00,2.571E+00,6.641E-02,4.425E+00,1.615E+00,-3.401E-01,4.119E+00,2.218E+00,1.337E+00,-1.382E-03,2.741E+00,2.717E+00,2.770E-01,1.389E+00,1.640E+00,-4.152E-01,4.599E+00,2.197E+00,1.314E+00,-2.848E-03,2.708E+00,2.660E+00,1.027E-01,3.412E+00,1.715E+00,-6.921E-01,9.446E+00,1.836E+00,1.212E+00,-2.874E-03,2.520E+00,2.475E+00,5.538E-02,5.036E+00
53,0.000E+00,3.077E-03,0.000E+00,4.984E-03,0.000E+00,0.000E+00,0.000E+00,4.157E-03,1.778E-02,3.046E-03,6.868E-03,8.040E-01,1.685E+00,-6.311E-01,7.920E+00,1.977E+00,1.224E+00,-4.502E-03,2.633E+00,2.560E+00,6.720E-02,4.384E+00,1.616E+00,-3.392E-01,4.071E+00,2.224E+00,1.340E+00,-2.072E-03,2.759E+00,2.723E+00,2.800E-01,1.376E+00,1.638E+00,-4.263E-01,4.795E+00,2.193E+00,1.305E+00,-3.281E-03,2.717E+00,2.661E+00,1.021E-01,3.429E+00,1.705E+00,-7.043E-01,9.947E+00,1.860E+00,1.199E+00,-3.973E-03,2.539E+00,2.477E+00,5.455E-02,5.093E+00
54,0.000E+00,3.181E-03,0.000E+00,5.105E-03,0.000E+00,0.000E+00,0.000E+00,4.329E-03,1.846E-02,3.148E-03,7.048E-03,8.311E-01,1.690E+00,-6.384E-01,8.048E+00,1.959E+00,1.223E+00,-3.858E-03,2.610E+00,2.548E+00,6.800E-02,4.343E+00,1.618E+00,-3.382E-01,4.024E+00,2.230E+00,1.343E+00,-2.763E-03,2.777E+00,2.729E+00,2.830E-01,1.363E+00,1.635E+00,-4.374E-01,4.991E+00,2.189E+00,1.295E+00,-3.713E-03,2.725E+00,2.662E+00,1.014E-01,3.447E+00,1.697E+00,-7.166E-01,1.045E+01,1.884E+00,1.186E+00,-5.073E-03,2.557E+00,2.479E+00,5.371E-02,5.150E+00
55,0.000E+00,3.399E-03,0.000E+00,5.512E-03,0.000E+00,0.000E+00,0.000E+00,4.655E-03,1.972E-02,3.375E-03,7.478E-03,8.900E-01,1.660E+00,-6.194E-01,7.388E+00,2.143E+00,1.216E+00,-3.860E-03,2.651E+00,2.588E+00,6.637E-02,4.426E+00,1.618E+00,-3.529E-01,4.215E+00,2.215E+00,1.332E+00,-1.411E-03,2.730E+00,2.705E+00,2.828E-01,1.364E+00,1.630E+00,-4.410E-01,5.003E+00,2.228E+00,1.288E+00,-2.703E-03,2.696E+00,2.650E+00,1.009E-01,3.461E+00,1.694E+00,-7.074E-01,9.394E+00,1.963E+00,1.196E+00,-6.528E-03,2.593E+00,2.490E+00,5.386E-02,5.139E+00
56,0.000E+00,3.508E-03,0.000E+00,5.715E-03,0.000E+00,0.000E+00,0.000E+00,4.819E-03,2.036E-02,3.489E-03,7.693E-03,9.194E-01,1.647E+00,-6.099E-01,7.058E+00,2.235E+00,1.212E+00,-3.862E-03,2.671E+00,2.608E+00,6.556E-02,4.468E+00,1.618E+00,-3.602E-01,4.311E+00,2.208E+00,1.326E+00,-7.356E-04,2.707E+00,2.694E+00,2.827E-01,1.364E+00,1.628E+00,-4.429E-01,5.008E+00,2.247E+00,1.285E+00,-2.197E-03,2.682E+00,2.645E+00,1.007E-01,3.468E+00,1.694E+00,-7.028E-01,8.868E+00,2.003E+00,1.201E+00,-7.256E-03,2.610E+00,2.496E+00,5.394E-02,5.134E+00
57,0.000E+00,3.617E-03,0.000E+00,5.919E-03,0.000E+00,0.000E+00,0.000E+00,4.982E-03,2.099E-02,3.603E-03,7.908E-03,9.489E-01,1.636E+00,-6.004E-01,6.727E+00,2.327E+00,1.209E+00,-3.863E-03,2.692E+00,2.628E+00,6.475E-02,4.510E+00,1.619E+00,-3.676E-01,4.406E+00,2.201E+00,1.321E+00,-5.991E-05,2.683E+00,2.682E+00,2.827E-01,1.364E+00,1.625E+00,-4.447E-01,5.014E+00,2.267E+00,1.282E+00,-1.692E-03,2.667E+00,2.639E+00,1.004E-01,3.475E+00,1.695E+00,-6.982E-01,8.341E+00,2.043E+00,1.206E+00,-7.984E-03,2.628E+00,2.501E+00,5.402E-02,5.129E+00
58,0.000E+00,3.900E-03,0.000E+00,6.206E-03,0.000E+00,0.000E+00,0.000E+00,5.438E-03,2.229E-02,3.921E-03,8.653E-03,1.018E+00,1.616E+00,-6.357E-01,8.159E+00,2.306E+00,1.176E+00,-4.417E-03,2.758E+00,2.682E+00,6.375E-02,4.565E+00,1.606E+00,-4.192E-01,5.745E+00,2.077E+00,1.284E+00,7.032E-04,2.639E+00,2.650E+00,2.814E-01,1.370E+00,1.616E+00,-4.646E-01,5.645E+00,2.219E+00,1.262E+00,-8.142E-04,2.646E+00,2.633E+00,9.960E-02,3.500E+00,1.677E+00,-6.923E-01,8.136E+00,2.143E+00,1.196E+00,-6.482E-03,2.673E+00,2.568E+00,5.344E-02,5.170E+00
59,0.000E+00,4.041E-03,0.000E+00,6.350E-03,0.000E+00,0.000E+00,0.000E+00,5.666E-03,2.294E-02,4.079E-03,9.025E-03,1.052E+00,1.610E+00,-6.533E-01,8.875E+00,2.295E+00,1.160E+00,-4.693E-03,2.791E+00,2.710E+00,6.325E-02,4.592E+00,1.608E+00,-4.450E-01,6.415E+00,2.016E+00,1.265E+00,1.085E-03,2.617E+00,2.634E+00,2.808E-01,1.372E+00,1.613E+00,-4.745E-01,5.961E+00,2.195E+00,1.251E+00,-3.752E-04,2.636E+00,2.630E+00,9.918E-02,3.513E+00,1.668E+00,-6.893E-01,8.033E+00,2.193E+00,1.191E+00,-5.731E-03,2.696E+00,2.601E+00,5.315E-02,5.191E+00
60,0.000E+00,4.182E-03,0.000E+00,6.494E-03,0.000E+00,0.000E+00,0.000E+00,5.895E-03,2.360E-02,4.238E-03,9.398E-03,1.086E+00,1.605E+00,-6.710E-01,9.590E+00,2.285E+00,1.143E+00,-4.970E-03,2.825E+00,2.737E+00,6.275E-02,4.619E+00,1.614E+00,-4.708E-01,7.084E+00,1.954E+00,1.247E+00,1.466E-03,2.594E+00,2.618E+00,2.802E-01,1.375E+00,1.611E+00,-4.844E-01,6.276E+00,2.171E+00,1.241E+00,6.387E-05,2.625E+00,2.626E+00,9.876E-02,3.525E+00,1.659E+00,-6.864E-01,7.931E+00,2.243E+00,1.186E+00,-4.980E-03,2.718E+00,2.634E+00,5.287E-02,5.212E+00
61,0.000E+00,4.476E-03,0.000E+00,6.955E-03,0.000E+00,0.000E+00,0.000E+00,6.431E-03,2.586E-02,4.502E-03,9.913E-03,1.173E+00,1.582E+00,-7.144E-01,1.256E+01,2.248E+00,1.106E+00,-3.454E-03,2.681E+00,2.622E+00,6.390E-02,4.557E+00,1.586E+00,-4.452E-01,6.567E+00,2.103E+00,1.243E+00,1.649E-04,2.606E+00,2.609E+00,2.827E-01,1.365E+00,1.584E+00,-5.590E-01,9.570E+00,2.047E+00,1.191E+00,-3.690E-04,2.628E+00,2.622E+00,9.810E-02,3.545E+00,1.659E+00,-7.079E-01,8.606E+00,2.212E+00,1.174E+00,-4.201E-03,2.638E+00,2.569E+00,5.298E-02,5.203E+00
62,0.000E+00,4.623E-03,0.000E+00,7.185E-03,0.000E+00,0.000E+00,0.000E+00,6.700E-03,2.700E-02,4.634E-03,1.017E-02,1.216E+00,1.575E+00,-7.360E-01,1.404E+01,2.230E+00,1.088E+00,-2.696E-03,2.608E+00,2.564E+00,6.448E-02,4.525E+00,1.574E+00,-4.324E-01,6.308E+00,2.178E+00,1.241E+00,-4.859E-04,2.612E+00,2.604E+00,2.839E-01,1.359E+00,1.586E+00,-5.962E-01,1.122E+01,1.985E+00,1.166E+00,-5.854E-04,2.630E+00,2.621E+00,9.777E-02,3.555E+00,1.660E+00,-7.186E-01,8.944E+00,2.197E+00,1.168E+00,-3.811E-03,2.598E+00,2.537E+00,5.304E-02,5.199E+00
63,0.000E+00,4.770E-03,0.000E+00,7.416E-03,0.000E+00,0.000E+00,0.000E+00,6.968E-03,2.813E-02,4.766E-03,1.043E-02,1.259E+00,1.572E+00,-7.577E-01,1.553E+01,2.212E+00,1.069E+00,-1.938E-03,2.536E+00,2.506E+00,6.505E-02,4.494E+00,1.563E+00,-4.195E-01,6.050E+00,2.252E+00,1.240E+00,-1.137E-03,2.618E+00,2.599E+00,2.851E-01,1.354E+00,1.595E+00,-6.335E-01,1.286E+01,1.922E+00,1.141E+00,-8.019E-04,2.632E+00,2.619E+00,9.744E-02,3.565E+00,1.661E+00,-7.294E-01,9.282E+00,2.182E+00,1.162E+00,-3.422E-03,2.558E+00,2.504E+00,5.309E-02,5.195E+00
64,0.000E+00,5.171E-03,0.000E+00,7.845E-03,0.000E+00,0.000E+00,0.000E+00,7.667E-03,3.026E-02,5.163E-03,1.119E-02,1.357E+00,1.544E+00,-8.051E-01,2.271E+01,2.145E+00,1.037E+00,-3.617E-03,2.621E+00,2.562E+00,6.310E-02,4.603E+00,1.532E+00,-4.906E-01,9.410E+00,2.091E+00,1.190E+00,-8.315E-04,2.653E+00,2.640E+00,2.782E-01,1.384E+00,1.582E+00,-6.388E-01,1.377E+01,1.932E+00,1.129E+00,-1.466E-03,2.642E+00,2.618E+00,9.795E-02,3.550E+00,1.568E+00,-8.229E-01,2.166E+01,2.119E+00,1.077E+00,-3.130E-03,2.542E+00,2.493E+00,5.216E-02,5.265E+00
65,0.000E+00,5.371E-03,0.000E+00,8.060E-03,0.000E+00,0.000E+00,0.000E+00,8.016E-03,3.133E-02,5.362E-03,1.157E-02,1.406E+00,1.541E+00,-8.287E-01,2.630E+01,2.112E+00,1.021E+00,-4.456E-03,2.663E+00,2.590E+00,6.212E-02,4.658E+00,1.535E+00,-5.262E-01,1.109E+01,2.010E+00,1.165E+00,-6.789E-04,2.671E+00,2.660E+00,2.748E-01,1.399E+00,1.576E+00,-6.415E-01,1.422E+01,1.938E+00,1.123E+00,-1.798E-03,2.647E+00,2.617E+00,9.820E-02,3.542E+00,1.560E+00,-8.696E-01,2.784E+01,2.088E+00,1.035E+00,-2.984E-03,2.534E+00,2.488E+00,5.169E-02,5.301E+00
66,0.000E+00,5.571E-03,0.000E+00,8.274E-03,0.000E+00,0.000E+00,0.000E+00,8.366E-03,3.240E-02,5.560E-03,1.195E-02,1.455E+00,1.541E+00,-8.524E-01,2.989E+01,2.078E+00,1.004E+00,-5.296E-03,2.706E+00,2.617E+00,6.114E-02,4.712E+00,1.546E+00,-5.618E-01,1.277E+01,1.929E+00,1.141E+00,-5.263E-04,2.689E+00,2.680E+00,2.713E-01,1.415E+00,1.570E+00,-6.441E-01,1.467E+01,1.943E+00,1.117E+00,-2.131E-03,2.652E+00,2.617E+00,9.846E-02,3.534E+00,1.563E+00,-9.164E-01,3.403E+01,2.057E+00,9.920E-01,-2.838E-03,2.527E+00,2.483E+00,5.123E-02,5.336E+00
67,0.000E+00,6.011E-03,0.000E+00,8.873E-03,0.000E+00,0.000E+00,0.000E+00,9.264E-03,3.554E-02,6.021E-03,1.260E-02,1.580E+00,1.514E+00,-8.350E-01,2.817E+01,2.199E+00,9.930E-01,-1.301E-03,2.573E+00,2.549E+00,6.292E-02,4.613E+00,1.496E+00,-5.831E-01,1.572E+01,2.033E+00,1.095E+00,2.347E-03,2.633E+00,2.671E+00,2.719E-01,1.412E+00,1.538E+00,-6.561E-01,1.681E+01,2.001E+00,1.089E+00,-1.418E-03,2.624E+00,2.601E+00,9.919E-02,3.512E+00,1.520E+00,-9.119E-01,3.583E+01,2.206E+00,9.660E-01,-1.918E-03,2.514E+00,2.484E+00,5.052E-02,5.392E+00
68,0.000E+00,6.230E-03,0.000E+00,9.173E-03,0.000E+00,0.000E+00,0.000E+00,9.714E-03,3.710E-02,6.252E-03,1.292E-02,1.643E+00,1.502E+00,-8.264E-01,2.731E+01,2.260E+00,9.872E-01,6.957E-04,2.507E+00,2.515E+00,6.381E-02,4.563E+00,1.475E+00,-5.938E-01,1.720E+01,2.085E+00,1.073E+00,3.784E-03,2.605E+00,2.667E+00,2.722E-01,1.410E+00,1.524E+00,-6.621E-01,1.788E+01,2.030E+00,1.075E+00,-1.062E-03,2.611E+00,2.593E+00,9.956E-02,3.501E+00,1.499E+00,-9.097E-01,3.673E+01,2.280E+00,9.530E-01,-1.458E-03,2.507E+00,2.485E+00,5.017E-02,5.419E+00
69,0.000E+00,6.450E-03,0.000E+00,9.473E-03,0.000E+00,0.000E+00,0.000E+00,1.016E-02,3.867E-02,6.482E-03,1.325E-02,1.705E+00,1.490E+00,-8.177E-01,2.644E+01,2.320E+00,9.814E-01,2.693E-03,2.440E+00,2.481E+00,6.470E-02,4.513E+00,1.456E+00,-6.045E-01,1.868E+01,2.137E+00,1.050E+00,5.221E-03,2.577E+00,2.662E+00,2.725E-01,1.409E+00,1.510E+00,-6.681E-01,1.895E+01,2.059E+00,1.061E+00,-7.059E-04,2.597E+00,2.585E+00,9.993E-02,3.491E+00,1.479E+00,-9.075E-01,3.763E+01,2.355E+00,9.400E-01,-9.982E-04,2.501E+00,2.485E+00,4.982E-02,5.447E+00
70,0.000E+00,7.064E-03,0.000E+00,1.013E-02,0.000E+00,0.000E+00,0.000E+00,1.131E-02,4.263E-02,7.114E-03,1.420E-02,1.866E+00,1.435E+00,-8.024E-01,2.729E+01,2.547E+00,9.533E-01,-4.956E-04,2.556E+00,2.546E+00,6.177E-02,4.682E+00,1.431E+00,-5.673E-01,1.591E+01,2.309E+00,1.056E+00,1.305E-03,2.637E+00,2.658E+00,2.798E-01,1.378E+00,1.479E+00,-6.525E-01,1.829E+01,2.196E+00,1.047E+00,4.399E-04,2.570E+00,2.577E+00,9.837E-02,3.537E+00,1.442E+00,-8.866E-01,3.516E+01,2.546E+00,9.246E-01,9.694E-04,2.468E+00,2.482E+00,4.977E-02,5.452E+00
71,0.000E+00,7.371E-03,0.000E+00,1.046E-02,0.000E+00,0.000E+00,0.000E+00,1.188E-02,4.460E-02,7.430E-03,1.468E-02,1.946E+00,1.409E+00,-7.947E-01,2.771E+01,2.660E+00,9.393E-01,-2.090E-03,2.614E+00,2.579E+00,6.031E-02,4.767E+00,1.422E+00,-5.487E-01,1.452E+01,2.395E+00,1.059E+00,-6.535E-04,2.667E+00,2.656E+00,2.834E-01,1.362E+00,1.465E+00,-6.446E-01,1.796E+01,2.265E+00,1.040E+00,1.013E-03,2.557E+00,2.573E+00,9.759E-02,3.561E+00,1.425E+00,-8.761E-01,3.392E+01,2.642E+00,9.170E-01,1.953E-03,2.451E+00,2.481E+00,4.974E-02,5.454E+00
72,0.000E+00,7.677E-03,0.000E+00,1.078E-02,0.000E+00,0.000E+00,0.000E+00,1.245E-02,4.658E-02,7.746E-03,1.515E-02,2.026E+00,1.384E+00,-7.871E-01,2.813E+01,2.774E+00,9.252E-01,-3.684E-03,2.672E+00,2.611E+00,5.884E-02,4.852E+00,1.417E+00,-5.301E-01,1.313E+01,2.481E+00,1.062E+00,-2.612E-03,2.697E+00,2.654E+00,2.870E-01,1.346E+00,1.451E+00,-6.368E-01,1.763E+01,2.334E+00,1.033E+00,1.586E-03,2.543E+00,2.568E+00,9.681E-02,3.584E+00,1.409E+00,-8.656E-01,3.269E+01,2.738E+00,9.093E-01,2.937E-03,2.434E+00,2.479E+00,4.972E-02,5.456E+00
73,0.000E+00,8.158E-03,0.000E+00,1.101E-02,0.000E+00,0.000E+00,0.000E+00,1.360E-02,5.015E-02,8.229E-03,1.548E-02,2.151E+00,1.354E+00,-7.718E-01,2.655E+01,2.989E+00,9.097E-01,2.886E-03,2.474E+00,2.512E+00,6.035E-02,4.761E+00,1.405E+00,-5.174E-01,1.301E+01,2.520E+00,1.058E+00,-4.003E-04,2.580E+00,2.572E+00,2.921E-01,1.326E+00,1.419E+00,-6.269E-01,1.725E+01,2.512E+00,1.015E+00,1.826E-03,2.520E+00,2.548E+00,9.713E-02,3.574E+00,1.370E+00,-8.629E-01,3.487E+01,2.914E+00,8.854E-01,3.764E-03,2.395E+00,2.451E+00,4.913E-02,5.505E+00
74,0.000E+00,8.638E-03,0.000E+00,1.124E-02,0.000E+00,0.000E+00,0.000E+00,1.475E-02,5.371E-02,8.712E-03,1.581E-02,2.276E+00,1.327E+00,-7.565E-01,2.498E+01,3.204E+00,8.942E-01,9.457E-03,2.276E+00,2.412E+00,6.186E-02,4.671E+00,1.393E+00,-5.046E-01,1.289E+01,2.558E+00,1.054E+00,1.811E-03,2.463E+00,2.490E+00,2.973E-01,1.305E+00,1.389E+00,-6.169E-01,1.686E+01,2.690E+00,9.978E-01,2.067E-03,2.496E+00,2.528E+00,9.746E-02,3.564E+00,1.334E+00,-8.602E-01,3.705E+01,3.090E+00,8.616E-01,4.590E-03,2.356E+00,2.424E+00,4.854E-02,5.553E+00
75,0.000E+00,9.183E-03,0.000E+00,1.155E-02,0.000E+00,0.000E+00,0.000E+00,1.607E-02,5.774E-02,9.254E-03,1.612E-02,2.418E+00,1.302E+00,-7.544E-01,2.528E+01,3.377E+00,8.791E-01,8.587E-03,2.323E+00,2.449E+00,6.277E-02,4.619E+00,1.347E+00,-5.032E-01,1.365E+01,2.788E+00,1.021E+00,5.432E-03,2.385E+00,2.464E+00,2.911E-01,1.330E+00,1.368E+00,-6.031E-01,1.633E+01,2.825E+00,9.885E-01,4.553E-03,2.425E+00,2.493E+00,9.630E-02,3.600E+00,1.292E+00,-8.369E-01,3.400E+01,3.420E+00,8.447E-01,5.461E-03,2.315E+00,2.394E+00,4.824E-02,5.579E+00
76,0.000E+00,9.728E-03,0.000E+00,1.186E-02,0.000E+00,0.000E+00,0.000E+00,1.740E-02,6.177E-02,9.797E-03,1.643E-02,2.561E+00,1.279E+00,-7.523E-01,2.558E+01,3.550E+00,8.640E-01,7.717E-03,2.370E+00,2.485E+00,6.367E-02,4.568E+00,1.305E+00,-5.017E-01,1.440E+01,3.017E+00,9.876E-01,9.054E-03,2.307E+00,2.438E+00,2.850E-01,1.355E+00,1.348E+00,-5.893E-01,1.579E+01,2.961E+00,9.792E-01,7.040E-03,2.353E+00,2.457E+00,9.515E-02,3.636E+00,1.258E+00,-8.135E-01,3.095E+01,3.749E+00,8.279E-01,6.333E-03,2.274E+00,2.363E+00,4.794E-02,5.605E+00
77,0.000E+00,1.028E-02,0.000E+00,1.226E-02,0.000E+00,0.000E+00,0.000E+00,1.870E-02,6.563E-02,1.033E-02,1.692E-02,2.705E+00,1.253E+00,-7.374E-01,2.456E+01,3.790E+00,8.532E-01,4.702E-03,2.384E+00,2.454E+00,6.179E-02,4.677E+00,1.264E+00,-4.858E-01,1.373E+01,3.385E+00,9.661E-01,9.236E-03,2.314E+00,2.448E+00,2.817E-01,1.369E+00,1.314E+00,-5.807E-01,1.548E+01,3.228E+00,9.597E-01,6.199E-03,2.328E+00,2.418E+00,9.439E-02,3.661E+00,1.226E+00,-7.959E-01,2.869E+01,4.095E+00,8.152E-01,6.657E-03,2.268E+00,2.362E+00,4.716E-02,5.673E+00
78,0.000E+00,1.083E-02,0.000E+00,1.266E-02,0.000E+00,0.000E+00,0.000E+00,2.001E-02,6.949E-02,1.085E-02,1.742E-02,2.850E+00,1.229E+00,-7.226E-01,2.354E+01,4.030E+00,8.424E-01,1.687E-03,2.399E+00,2.424E+00,5.990E-02,4.787E+00,1.229E+00,-4.699E-01,1.306E+01,3.752E+00,9.445E-01,9.419E-03,2.320E+00,2.458E+00,2.783E-01,1.383E+00,1.283E+00,-5.722E-01,1.517E+01,3.495E+00,9.402E-01,5.359E-03,2.302E+00,2.378E+00,9.362E-02,3.686E+00,1.201E+00,-7.784E-01,2.643E+01,4.442E+00,8.025E-01,6.981E-03,2.262E+00,2.360E+00,4.639E-02,5.742E+00
79,0.000E+00,1.139E-02,0.000E+00,1.265E-02,0.000E+00,0.000E+00,0.000E+00,2.145E-02,7.337E-02,1.134E-02,1.732E-02,2.977E+00,1.177E+00,-7.196E-01,2.290E+01,4.691E+00,8.083E-01,1.769E-02,2.143E+00,2.369E+00,5.912E-02,4.835E+00,1.187E+00,-4.502E-01,1.226E+01,4.273E+00,9.241E-01,1.224E-02,2.203E+00,2.372E+00,2.794E-01,1.379E+00,1.251E+00,-5.617E-01,1.479E+01,3.813E+00,9.215E-01,1.046E-02,2.186E+00,2.326E+00,9.284E-02,3.712E+00,1.129E+00,-7.692E-01,2.617E+01,5.379E+00,7.618E-01,1.101E-02,2.157E+00,2.304E+00,4.464E-02,5.912E+00
80,0.000E+00,1.195E-02,0.000E+00,1.264E-02,0.000E+00,0.000E+00,0.000E+00,2.288E-02,7.726E-02,1.183E-02,1.723E-02,3.103E+00,1.134E+00,-7.166E-01,2.227E+01,5.353E+00,7.743E-01,3.369E-02,1.887E+00,2.315E+00,5.835E-02,4.883E+00,1.153E+00,-4.305E-01,1.147E+01,4.795E+00,9.038E-01,1.507E-02,2.086E+00,2.286E+00,2.805E-01,1.374E+00,1.222E+00,-5.513E-01,1.440E+01,4.131E+00,9.028E-01,1.555E-02,2.071E+00,2.274E+00,9.205E-02,3.738E+00,1.072E+00,-7.599E-01,2.591E+01,6.316E+00,7.210E-01,1.504E-02,2.052E+00,2.247E+00,4.289E-02,6.082E+00
81,0.000E+00,1.201E-02,0.000E+00,1.211E-02,0.000E+00,0.000E+00,0.000E+00,2.366E-02,7.853E-02,1.191E-02,1.670E-02,3.126E+00,1.073E+00,-7.007E-01,2.129E+01,6.462E+00,7.432E-01,3.206E-02,1.844E+00,2.238E+00,5.631E-02,5.020E+00,1.090E+00,-4.155E-01,1.164E+01,5.690E+00,8.637E-01,3.292E-02,1.813E+00,2.186E+00,2.751E-01,1.398E+00,1.167E+00,-5.402E-01,1.402E+01,4.862E+00,8.693E-01,2.729E-02,1.894E+00,2.222E+00,8.997E-02,3.811E+00,1.009E+00,-7.384E-01,2.399E+01,7.831E+00,6.904E-01,2.557E-02,1.921E+00,2.235E+00,4.198E-02,6.178E+00
82,0.000E+00,1.207E-02,0.000E+00,1.158E-02,0.000E+00,0.000E+00,0.000E+00,2.444E-02,7.981E-02,1.200E-02,1.617E-02,3.148E+00,1.026E+00,-6.848E-01,2.032E+01,7.571E+00,7.121E-01,3.044E-02,1.801E+00,2.161E+00,5.427E-02,5.158E+00,1.038E+00,-4.005E-01,1.182E+01,6.585E+00,8.236E-01,5.076E-02,1.539E+00,2.086E+00,2.698E-01,1.421E+00,1.122E+00,-5.290E-01,1.364E+01,5.594E+00,8.358E-01,3.904E-02,1.717E+00,2.170E+00,8.789E-02,3.884E+00,9.640E-01,-7.169E-01,2.207E+01,9.346E+00,6.598E-01,3.609E-02,1.789E+00,2.223E+00,4.108E-02,6.275E+00
83,0.000E+00,1.114E-02,0.000E+00,1.008E-02,0.000E+00,0.000E+00,0.000E+00,2.332E-02,7.461E-02,1.113E-02,1.440E-02,2.918E+00,8.732E-01,-6.434E-01,1.743E+01,1.439E+01,6.537E-01,6.472E-02,1.442E+00,2.070E+00,4.973E-02,5.535E+00,9.472E-01,-3.757E-01,1.090E+01,9.630E+00,7.791E-01,7.488E-02,1.294E+00,2.002E+00,2.659E-01,1.440E+00,1.055E+00,-5.131E-01,1.276E+01,7.185E+00,7.998E-01,6.902E-02,1.401E+00,2.076E+00,8.418E-02,4.031E+00,8.599E-01,-6.878E-01,1.932E+01,1.503E+01,6.185E-01,6.755E-02,1.467E+00,2.162E+00,3.775E-02,6.698E+00
84,0.000E+00,1.020E-02,0.000E+00,8.576E-03,0.000E+00,0.000E+00,0.000E+00,2.219E-02,6.941E-02,1.026E-02,1.263E-02,2.688E+00,8.168E-01,-6.020E-01,1.455E+01,2.122E+01,5.953E-01,9.900E-02,1.082E+00,1.979E+00,4.519E-02,5.912E+00,8.953E-01,-3.509E-01,9.989E+00,1.267E+01,7.346E-01,9.900E-02,1.049E+00,1.918E+00,2.620E-01,1.458E+00,1.009E+00,-4.971E-01,1.188E+01,8.777E+00,7.638E-01,9.900E-02,1.085E+00,1.982E+00,8.047E-02,4.178E+00,8.140E-01,-6.587E-01,1.658E+01,2.072E+01,5.772E-01,9.900E-02,1.145E+00,2.101E+00,3.441E-02,7.122E+00
85,0.000E+00,7.383E-03,0.000E+00,6.128E-03,0.000E+00,0.000E+00,0.000E+00,1.603E-02,5.000E-02,7.396E-03,9.121E-03,1.937E+00,7.830E-01,-5.860E-01,1.245E+01,3.067E+01,5.919E-01,9.900E-02,9.639E-01,1.764E+00,3.964E-02,6.580E+00,8.572E-01,-3.344E-01,8.983E+00,1.692E+01,7.220E-01,9.884E-02,9.064E-01,1.659E+00,2.392E-01,1.590E+00,9.041E-01,-4.681E-01,1.026E+01,1.525E+01,7.266E-01,9.898E-02,9.494E-01,1.737E+00,7.599E-02,4.390E+00,7.249E-01,-6.239E-01,1.347E+01,4.473E+01,5.612E-01,9.900E-02,1.046E+00,1.899E+00,2.980E-02,7.979E+00
86,0.000E+00,4.561E-03,0.000E+00,3.680E-03,0.000E+00,0.000E+00,0.000E+00,9.863E-03,3.059E-02,4.527E-03,5.609E-03,1.186E+00,7.805E-01,-5.699E-01,1.035E+01,4.013E+01,5.884E-01,9.900E-02,8.458E-01,1.550E+00,3.409E-02,7.248E+00,8.405E-01,-3.179E-01,7.978E+00,2.117E+01,7.094E-01,9.869E-02,7.637E-01,1.399E+00,2.164E-01,1.722E+00,8.681E-01,-4.390E-01,8.641E+00,2.173E+01,6.894E-01,9.897E-02,8.141E-01,1.492E+00,7.150E-02,4.602E+00,7.227E-01,-5.891E-01,1.036E+01,6.874E+01,5.452E-01,9.900E-02,9.464E-01,1.696E+00,2.519E-02,8.835E+00
87,0.000E+00,2.408E-03,0.000E+00,1.846E-03,0.000E+00,0.000E+00,0.000E+00,5.075E-03,1.575E-02,2.329E-03,2.872E-03,6.106E-01,9.449E-01,-2.850E-01,5.177E+00,2.006E+01,2.942E-01,4.950E-02,4.229E-01,7.748E-01,1.705E-02,3.624E+00,1.063E+00,-1.589E-01,3.989E+00,1.058E+01,3.547E-01,4.934E-02,3.818E-01,6.997E-01,1.082E-01,8.612E-01,1.071E+00,-2.195E-01,4.321E+00,1.086E+01,3.447E-01,4.948E-02,4.070E-01,7.458E-01,3.575E-02,2.301E+00,8.731E-01,-2.946E-01,5.181E+00,3.437E+01,2.726E-01,4.950E-02,4.732E-01,8.480E-01,1.260E-02,4.418E+00
88,0.000E+00,2.555E-04,0.000E+00,1.250E-05,0.000E+00,0.000E+00,0.000E+00,2.883E-04,9.156E-04,1.320E-04,1.344E-04,3.468E-02,3.142E+00,0.000E+00,0.000E+00,0.000E+00,0.000E+00,0.000E+00,0.000E+00,0.000E+00,0.000E+00,0.000E+00,3.142E+00,0.000E+00,0.000E+00,0.000E+00,0.000E+00,0.000E+00,0.000E+00,0.000E+00,0.000E+00,0.000E+00,3.142E+00,0.000E+00,0.000E+00,0.000E+00,0.000E+00,0.000E+00,0.000E+00,0.000E+00,0.000E+00,0.000E+00,3.142E+00,0.000E+00,0.000E+00,0.000E+00,0.000E+00,0.000E+00,0.000E+00,0.000E+00,0.000E+00,0.000E+00
89,0.000E+00,0.000E+00,0.000E+00,0.000E+00,0.000E+00,2.344E-06,2.344E-06,7.812E-07,8.594E-06,7.812E-07,3.906E-06,3.344E-04,3.142E+00,0.000E+00,0.000E+00,0.000E+00,0.000E+00,0.000E+00,0.000E+00,0.000E+00,0.000E+00,0.000E+00,3.142E+00,0.000E+00,0.000E+00,0.000E+00,0.000E+00,0.000E+00,0.000E+00,0.000E+00,0.000E+00,0.000E+00,3.142E+00,0.000E+00,0.000E+00,0.000E+00,0.000E+00,0.000E+00,0.000E+00,0.000E+00,0.000E+00,0.000E+00,3.142E+00,0.000E+00,0.000E+00,0.000E+00,0.000E+00,0.000E+00,0.000E+00,0.000E+00,0.000E+00,0.000E+00
