alpha,H,Cr,S,Cr_1,S_1,amu/ion,phiK_Cr,phiTilt_Cr,phiM_Cr,phiN_Cr,thetaK_Cr,thetaTilt_Cr,thetaM_Cr,thetaN_Cr,energyK_Cr,energyE_Cr,phiK_S,phiTilt_S,phiM_S,phiN_S,thetaK_S,thetaTilt_S,thetaM_S,thetaN_S,energyK_S,energyE_S
0,0.000E+00,1.416E-03,0.000E+00,2.245E-03,5.208E-03,3.573E-01,1.821E+00,4.353E-04,1.279E+00,1.392E+00,3.142E+00,7.943E-04,2.193E+00,2.203E+00,4.751E-02,4.762E+00,1.812E+00,-3.629E-03,1.406E+00,1.320E+00,3.142E+00,1.761E-03,2.331E+00,2.356E+00,1.168E-01,2.740E+00
1,0.000E+00,1.427E-03,0.000E+00,2.261E-03,5.250E-03,3.601E-01,1.820E+00,-1.183E-02,1.324E+00,1.410E+00,3.142E+00,2.515E-04,2.206E+00,2.209E+00,4.735E-02,4.773E+00,1.808E+00,-1.588E-02,1.458E+00,1.348E+00,3.142E+00,1.545E-03,2.337E+00,2.359E+00,1.170E-01,2.736E+00
2,0.000E+00,1.438E-03,0.000E+00,2.276E-03,5.292E-03,3.628E-01,1.819E+00,-2.409E-02,1.369E+00,1.428E+00,3.142E+00,-2.913E-04,2.220E+00,2.216E+00,4.719E-02,4.785E+00,1.804E+00,-2.814E-02,1.510E+00,1.376E+00,3.142E+00,1.328E-03,2.343E+00,2.362E+00,1.172E-01,2.732E+00
3,0.000E+00,1.450E-03,0.000E+00,2.292E-03,5.335E-03,3.656E-01,1.818E+00,-3.635E-02,1.413E+00,1.446E+00,3.142E+00,-8.341E-04,2.233E+00,2.222E+00,4.703E-02,4.796E+00,1.801E+00,-4.039E-02,1.562E+00,1.404E+00,3.142E+00,1.112E-03,2.349E+00,2.365E+00,1.175E-01,2.728E+00
4,0.000E+00,1.455E-03,0.000E+00,2.299E-03,5.356E-03,3.669E-01,1.818E+00,-4.249E-02,1.436E+00,1.455E+00,3.142E+00,-1.106E-03,2.240E+00,2.225E+00,4.695E-02,4.801E+00,1.799E+00,-4.652E-02,1.588E+00,1.418E+00,3.142E+00,1.004E-03,2.352E+00,2.366E+00,1.176E-01,2.726E+00
5,0.000E+00,1.461E-03,0.000E+00,2.307E-03,5.377E-03,3.683E-01,1.818E+00,-4.862E-02,1.458E+00,1.464E+00,3.142E+00,-1.377E-03,2.247E+00,2.228E+00,4.687E-02,4.807E+00,1.797E+00,-5.265E-02,1.614E+00,1.432E+00,3.142E+00,8.958E-04,2.355E+00,2.368E+00,1.177E-01,2.724E+00
6,0.000E+00,1.472E-03,0.000E+00,2.322E-03,5.419E-03,3.711E-01,1.817E+00,-6.088E-02,1.503E+00,1.482E+00,3.142E+00,-1.920E-03,2.260E+00,2.234E+00,4.671E-02,4.818E+00,1.794E+00,-6.490E-02,1.666E+00,1.460E+00,3.142E+00,6.795E-04,2.361E+00,2.371E+00,1.179E-01,2.721E+00
7,0.000E+00,1.484E-03,0.000E+00,2.338E-03,5.462E-03,3.738E-01,1.816E+00,-7.315E-02,1.548E+00,1.500E+00,3.142E+00,-2.463E-03,2.274E+00,2.240E+00,4.654E-02,4.830E+00,1.790E+00,-7.716E-02,1.718E+00,1.488E+00,3.142E+00,4.632E-04,2.367E+00,2.374E+00,1.181E-01,2.717E+00
8,0.000E+00,1.495E-03,0.000E+00,2.353E-03,5.504E-03,3.765E-01,1.816E+00,-8.541E-02,1.592E+00,1.518E+00,3.142E+00,-3.005E-03,2.288E+00,2.246E+00,4.638E-02,4.841E+00,1.787E+00,-8.941E-02,1.770E+00,1.516E+00,3.142E+00,2.469E-04,2.373E+00,2.377E+00,1.183E-01,2.713E+00
9,0.000E+00,1.501E-03,0.000E+00,2.361E-03,5.525E-03,3.779E-01,1.816E+00,-9.154E-02,1.615E+00,1.527E+00,3.142E+00,-3.277E-03,2.294E+00,2.249E+00,4.630E-02,4.846E+00,1.786E+00,-9.554E-02,1.796E+00,1.530E+00,3.142E+00,1.387E-04,2.376E+00,2.378E+00,1.184E-01,2.711E+00
10,0.000E+00,1.506E-03,0.000E+00,2.369E-03,5.546E-03,3.793E-01,1.815E+00,-9.767E-02,1.637E+00,1.536E+00,3.142E+00,-3.548E-03,2.301E+00,2.252E+00,4.622E-02,4.852E+00,1.784E+00,-1.017E-01,1.822E+00,1.544E+00,3.142E+00,3.058E-05,2.379E+00,2.380E+00,1.185E-01,2.709E+00
11,0.000E+00,1.534E-03,0.000E+00,2.433E-03,5.675E-03,3.882E-01,1.821E+00,-1.232E-01,1.769E+00,1.510E+00,3.142E+00,-3.812E-03,2.302E+00,2.250E+00,4.600E-02,4.868E+00,1.778E+00,-1.210E-01,1.968E+00,1.546E+00,3.142E+00,-2.151E-04,2.390E+00,2.387E+00,1.181E-01,2.716E+00
12,0.000E+00,1.562E-03,0.000E+00,2.496E-03,5.803E-03,3.971E-01,1.829E+00,-1.487E-01,1.901E+00,1.483E+00,3.142E+00,-4.075E-03,2.303E+00,2.247E+00,4.578E-02,4.884E+00,1.774E+00,-1.404E-01,2.115E+00,1.548E+00,3.142E+00,-4.609E-04,2.402E+00,2.395E+00,1.177E-01,2.723E+00
13,0.000E+00,1.590E-03,0.000E+00,2.560E-03,5.932E-03,4.060E-01,1.838E+00,-1.742E-01,2.033E+00,1.456E+00,3.142E+00,-4.338E-03,2.304E+00,2.245E+00,4.556E-02,4.901E+00,1.770E+00,-1.597E-01,2.262E+00,1.550E+00,3.142E+00,-7.066E-04,2.413E+00,2.402E+00,1.174E-01,2.730E+00
14,0.000E+00,1.604E-03,0.000E+00,2.592E-03,5.996E-03,4.104E-01,1.842E+00,-1.870E-01,2.099E+00,1.443E+00,3.142E+00,-4.470E-03,2.305E+00,2.244E+00,4.545E-02,4.909E+00,1.769E+00,-1.694E-01,2.335E+00,1.551E+00,3.142E+00,-8.294E-04,2.418E+00,2.406E+00,1.172E-01,2.733E+00
15,0.000E+00,1.618E-03,0.000E+00,2.624E-03,6.060E-03,4.149E-01,1.847E+00,-1.997E-01,2.165E+00,1.430E+00,3.142E+00,-4.602E-03,2.306E+00,2.242E+00,4.534E-02,4.917E+00,1.768E+00,-1.790E-01,2.408E+00,1.552E+00,3.142E+00,-9.523E-04,2.424E+00,2.409E+00,1.170E-01,2.737E+00
16,0.000E+00,1.646E-03,0.000E+00,2.688E-03,6.189E-03,4.238E-01,1.858E+00,-2.253E-01,2.297E+00,1.403E+00,3.142E+00,-4.865E-03,2.307E+00,2.240E+00,4.511E-02,4.933E+00,1.767E+00,-1.984E-01,2.555E+00,1.554E+00,3.142E+00,-1.198E-03,2.435E+00,2.417E+00,1.166E-01,2.744E+00
17,0.000E+00,1.674E-03,0.000E+00,2.751E-03,6.317E-03,4.327E-01,1.870E+00,-2.508E-01,2.429E+00,1.376E+00,3.142E+00,-5.129E-03,2.308E+00,2.237E+00,4.489E-02,4.949E+00,1.767E+00,-2.177E-01,2.702E+00,1.556E+00,3.142E+00,-1.444E-03,2.446E+00,2.424E+00,1.163E-01,2.751E+00
18,0.000E+00,1.702E-03,0.000E+00,2.815E-03,6.446E-03,4.415E-01,1.882E+00,-2.763E-01,2.561E+00,1.350E+00,3.142E+00,-5.392E-03,2.309E+00,2.235E+00,4.467E-02,4.966E+00,1.767E+00,-2.371E-01,2.848E+00,1.558E+00,3.142E+00,-1.689E-03,2.457E+00,2.431E+00,1.159E-01,2.758E+00
19,0.000E+00,1.716E-03,0.000E+00,2.847E-03,6.510E-03,4.460E-01,1.889E+00,-2.890E-01,2.627E+00,1.336E+00,3.142E+00,-5.524E-03,2.309E+00,2.234E+00,4.456E-02,4.974E+00,1.768E+00,-2.467E-01,2.922E+00,1.559E+00,3.142E+00,-1.812E-03,2.463E+00,2.435E+00,1.157E-01,2.761E+00
20,0.000E+00,1.730E-03,0.000E+00,2.879E-03,6.574E-03,4.504E-01,1.896E+00,-3.018E-01,2.693E+00,1.323E+00,3.142E+00,-5.656E-03,2.310E+00,2.232E+00,4.445E-02,4.982E+00,1.768E+00,-2.564E-01,2.995E+00,1.560E+00,3.142E+00,-1.935E-03,2.468E+00,2.439E+00,1.155E-01,2.765E+00
21,0.000E+00,1.799E-03,0.000E+00,2.997E-03,6.775E-03,4.666E-01,1.889E+00,-3.196E-01,2.885E+00,1.329E+00,3.142E+00,-5.502E-03,2.316E+00,2.240E+00,4.408E-02,5.011E+00,1.763E+00,-2.626E-01,3.048E+00,1.582E+00,3.142E+00,-2.104E-03,2.474E+00,2.442E+00,1.148E-01,2.779E+00
22,0.000E+00,1.868E-03,0.000E+00,3.114E-03,6.975E-03,4.827E-01,1.883E+00,-3.373E-01,3.077E+00,1.335E+00,3.142E+00,-5.349E-03,2.321E+00,2.247E+00,4.371E-02,5.040E+00,1.758E+00,-2.687E-01,3.101E+00,1.603E+00,3.142E+00,-2.273E-03,2.480E+00,2.445E+00,1.141E-01,2.794E+00
23,0.000E+00,1.936E-03,0.000E+00,3.232E-03,7.176E-03,4.988E-01,1.878E+00,-3.551E-01,3.269E+00,1.340E+00,3.142E+00,-5.196E-03,2.327E+00,2.255E+00,4.335E-02,5.070E+00,1.754E+00,-2.749E-01,3.154E+00,1.625E+00,3.142E+00,-2.443E-03,2.486E+00,2.449E+00,1.133E-01,2.809E+00
24,0.000E+00,1.971E-03,0.000E+00,3.291E-03,7.276E-03,5.069E-01,1.876E+00,-3.640E-01,3.365E+00,1.343E+00,3.142E+00,-5.119E-03,2.330E+00,2.259E+00,4.316E-02,5.084E+00,1.751E+00,-2.780E-01,3.181E+00,1.635E+00,3.142E+00,-2.527E-03,2.489E+00,2.450E+00,1.130E-01,2.816E+00
25,0.000E+00,2.005E-03,0.000E+00,3.350E-03,7.377E-03,5.149E-01,1.874E+00,-3.728E-01,3.461E+00,1.346E+00,3.142E+00,-5.042E-03,2.332E+00,2.262E+00,4.298E-02,5.099E+00,1.749E+00,-2.810E-01,3.207E+00,1.646E+00,3.142E+00,-2.612E-03,2.492E+00,2.452E+00,1.126E-01,2.824E+00
26,0.000E+00,2.074E-03,0.000E+00,3.468E-03,7.577E-03,5.311E-01,1.871E+00,-3.906E-01,3.654E+00,1.352E+00,3.142E+00,-4.889E-03,2.338E+00,2.270E+00,4.261E-02,5.128E+00,1.745E+00,-2.872E-01,3.260E+00,1.667E+00,3.142E+00,-2.781E-03,2.497E+00,2.455E+00,1.119E-01,2.838E+00
27,0.000E+00,2.142E-03,0.000E+00,3.586E-03,7.778E-03,5.472E-01,1.869E+00,-4.084E-01,3.846E+00,1.358E+00,3.142E+00,-4.735E-03,2.343E+00,2.277E+00,4.224E-02,5.157E+00,1.740E+00,-2.934E-01,3.313E+00,1.689E+00,3.142E+00,-2.950E-03,2.503E+00,2.458E+00,1.111E-01,2.853E+00
28,0.000E+00,2.211E-03,0.000E+00,3.703E-03,7.978E-03,5.633E-01,1.868E+00,-4.261E-01,4.038E+00,1.363E+00,3.142E+00,-4.582E-03,2.349E+00,2.285E+00,4.188E-02,5.187E+00,1.736E+00,-2.995E-01,3.366E+00,1.710E+00,3.142E+00,-3.119E-03,2.509E+00,2.461E+00,1.104E-01,2.868E+00
29,0.000E+00,2.245E-03,0.000E+00,3.762E-03,8.079E-03,5.714E-01,1.867E+00,-4.350E-01,4.134E+00,1.366E+00,3.142E+00,-4.505E-03,2.352E+00,2.289E+00,4.169E-02,5.201E+00,1.734E+00,-3.026E-01,3.393E+00,1.721E+00,3.142E+00,-3.204E-03,2.512E+00,2.463E+00,1.100E-01,2.875E+00
30,0.000E+00,2.280E-03,0.000E+00,3.821E-03,8.179E-03,5.794E-01,1.867E+00,-4.439E-01,4.230E+00,1.369E+00,3.142E+00,-4.429E-03,2.355E+00,2.292E+00,4.151E-02,5.216E+00,1.732E+00,-3.057E-01,3.419E+00,1.732E+00,3.142E+00,-3.288E-03,2.515E+00,2.465E+00,1.097E-01,2.882E+00
31,0.000E+00,2.426E-03,0.000E+00,4.153E-03,8.793E-03,6.240E-01,1.849E+00,-4.502E-01,4.331E+00,1.425E+00,3.142E+00,-4.003E-03,2.348E+00,2.292E+00,4.108E-02,5.254E+00,1.726E+00,-3.071E-01,3.415E+00,1.767E+00,3.142E+00,-3.221E-03,2.524E+00,2.475E+00,1.095E-01,2.885E+00
32,0.000E+00,2.499E-03,0.000E+00,4.319E-03,9.100E-03,6.463E-01,1.840E+00,-4.534E-01,4.381E+00,1.453E+00,3.142E+00,-3.790E-03,2.344E+00,2.291E+00,4.086E-02,5.274E+00,1.723E+00,-3.077E-01,3.413E+00,1.785E+00,3.142E+00,-3.187E-03,2.529E+00,2.479E+00,1.095E-01,2.886E+00
33,0.000E+00,2.572E-03,0.000E+00,4.485E-03,9.406E-03,6.685E-01,1.832E+00,-4.565E-01,4.432E+00,1.481E+00,3.142E+00,-3.577E-03,2.341E+00,2.291E+00,4.065E-02,5.293E+00,1.720E+00,-3.084E-01,3.411E+00,1.803E+00,3.142E+00,-3.153E-03,2.533E+00,2.484E+00,1.094E-01,2.887E+00
34,0.000E+00,2.645E-03,0.000E+00,4.651E-03,9.713E-03,6.908E-01,1.824E+00,-4.597E-01,4.482E+00,1.509E+00,3.142E+00,-3.364E-03,2.338E+00,2.290E+00,4.043E-02,5.312E+00,1.717E+00,-3.091E-01,3.409E+00,1.820E+00,3.142E+00,-3.120E-03,2.538E+00,2.489E+00,1.094E-01,2.888E+00
35,0.000E+00,2.719E-03,0.000E+00,4.817E-03,1.002E-02,7.131E-01,1.816E+00,-4.629E-01,4.533E+00,1.537E+00,3.142E+00,-3.152E-03,2.334E+00,2.290E+00,4.022E-02,5.331E+00,1.714E+00,-3.098E-01,3.407E+00,1.838E+00,3.142E+00,-3.086E-03,2.542E+00,2.494E+00,1.093E-01,2.890E+00
36,0.000E+00,2.792E-03,0.000E+00,4.984E-03,1.033E-02,7.354E-01,1.808E+00,-4.660E-01,4.583E+00,1.565E+00,3.142E+00,-2.939E-03,2.331E+00,2.290E+00,4.000E-02,5.351E+00,1.711E+00,-3.105E-01,3.405E+00,1.856E+00,3.142E+00,-3.052E-03,2.547E+00,2.499E+00,1.093E-01,2.891E+00
37,0.000E+00,2.865E-03,0.000E+00,5.150E-03,1.063E-02,7.576E-01,1.800E+00,-4.692E-01,4.633E+00,1.593E+00,3.142E+00,-2.726E-03,2.328E+00,2.289E+00,3.978E-02,5.370E+00,1.708E+00,-3.112E-01,3.403E+00,1.874E+00,3.142E+00,-3.019E-03,2.551E+00,2.504E+00,1.092E-01,2.892E+00
38,0.000E+00,2.938E-03,0.000E+00,5.316E-03,1.094E-02,7.799E-01,1.792E+00,-4.724E-01,4.684E+00,1.621E+00,3.142E+00,-2.513E-03,2.324E+00,2.289E+00,3.957E-02,5.389E+00,1.705E+00,-3.119E-01,3.400E+00,1.891E+00,3.142E+00,-2.985E-03,2.556E+00,2.509E+00,1.091E-01,2.893E+00
39,0.000E+00,3.011E-03,0.000E+00,5.482E-03,1.125E-02,8.022E-01,1.785E+00,-4.755E-01,4.734E+00,1.649E+00,3.142E+00,-2.300E-03,2.321E+00,2.289E+00,3.935E-02,5.409E+00,1.703E+00,-3.126E-01,3.398E+00,1.909E+00,3.142E+00,-2.951E-03,2.560E+00,2.514E+00,1.091E-01,2.895E+00
40,0.000E+00,3.084E-03,0.000E+00,5.648E-03,1.155E-02,8.245E-01,1.778E+00,-4.787E-01,4.785E+00,1.677E+00,3.142E+00,-2.088E-03,2.317E+00,2.288E+00,3.914E-02,5.428E+00,1.700E+00,-3.133E-01,3.396E+00,1.927E+00,3.142E+00,-2.917E-03,2.565E+00,2.519E+00,1.090E-01,2.896E+00
41,0.000E+00,3.157E-03,0.000E+00,5.814E-03,1.186E-02,8.468E-01,1.770E+00,-4.819E-01,4.835E+00,1.706E+00,3.142E+00,-1.875E-03,2.314E+00,2.288E+00,3.892E-02,5.447E+00,1.697E+00,-3.139E-01,3.394E+00,1.945E+00,3.142E+00,-2.884E-03,2.570E+00,2.524E+00,1.090E-01,2.897E+00
42,0.000E+00,3.231E-03,0.000E+00,5.980E-03,1.217E-02,8.690E-01,1.763E+00,-4.850E-01,4.886E+00,1.734E+00,3.142E+00,-1.662E-03,2.311E+00,2.287E+00,3.871E-02,5.466E+00,1.695E+00,-3.146E-01,3.392E+00,1.962E+00,3.142E+00,-2.850E-03,2.574E+00,2.529E+00,1.089E-01,2.898E+00
43,0.000E+00,3.304E-03,0.000E+00,6.146E-03,1.248E-02,8.913E-01,1.756E+00,-4.882E-01,4.936E+00,1.762E+00,3.142E+00,-1.449E-03,2.307E+00,2.287E+00,3.849E-02,5.486E+00,1.692E+00,-3.153E-01,3.390E+00,1.980E+00,3.142E+00,-2.816E-03,2.579E+00,2.534E+00,1.089E-01,2.899E+00
44,0.000E+00,3.377E-03,0.000E+00,6.312E-03,1.278E-02,9.136E-01,1.749E+00,-4.914E-01,4.986E+00,1.790E+00,3.142E+00,-1.236E-03,2.304E+00,2.287E+00,3.828E-02,5.505E+00,1.690E+00,-3.160E-01,3.388E+00,1.998E+00,3.142E+00,-2.783E-03,2.583E+00,2.539E+00,1.088E-01,2.901E+00
45,0.000E+00,3.450E-03,0.000E+00,6.478E-03,1.309E-02,9.359E-01,1.743E+00,-4.945E-01,5.037E+00,1.818E+00,3.142E+00,-1.024E-03,2.300E+00,2.286E+00,3.806E-02,5.524E+00,1.687E+00,-3.167E-01,3.386E+00,2.016E+00,3.142E+00,-2.749E-03,2.588E+00,2.544E+00,1.087E-01,2.902E+00
46,0.000E+00,3.498E-03,0.000E+00,6.900E-03,1.376E-02,9.818E-01,1.750E+00,-5.108E-01,5.250E+00,1.784E+00,3.142E+00,-1.419E-03,2.330E+00,2.310E+00,3.818E-02,5.513E+00,1.689E+00,-3.265E-01,3.511E+00,1.987E+00,3.142E+00,-2.858E-03,2.600E+00,2.554E+00,1.077E-01,2.924E+00
47,0.000E+00,3.546E-03,0.000E+00,7.321E-03,1.443E-02,1.028E+00,1.759E+00,-5.272E-01,5.463E+00,1.750E+00,3.142E+00,-1.814E-03,2.360E+00,2.334E+00,3.829E-02,5.502E+00,1.692E+00,-3.363E-01,3.637E+00,1.958E+00,3.142E+00,-2.967E-03,2.612E+00,2.564E+00,1.067E-01,2.947E+00
48,0.000E+00,3.595E-03,0.000E+00,7.743E-03,1.510E-02,1.074E+00,1.768E+00,-5.435E-01,5.677E+00,1.717E+00,3.142E+00,-2.209E-03,2.390E+00,2.357E+00,3.841E-02,5.491E+00,1.695E+00,-3.461E-01,3.763E+00,1.929E+00,3.142E+00,-3.076E-03,2.624E+00,2.574E+00,1.057E-01,2.969E+00
49,0.000E+00,3.619E-03,0.000E+00,7.954E-03,1.543E-02,1.097E+00,1.772E+00,-5.516E-01,5.783E+00,1.700E+00,3.142E+00,-2.407E-03,2.404E+00,2.369E+00,3.847E-02,5.485E+00,1.697E+00,-3.510E-01,3.825E+00,1.915E+00,3.142E+00,-3.131E-03,2.630E+00,2.579E+00,1.051E-01,2.981E+00
50,0.000E+00,3.643E-03,0.000E+00,8.165E-03,1.577E-02,1.119E+00,1.777E+00,-5.598E-01,5.890E+00,1.683E+00,3.142E+00,-2.604E-03,2.419E+00,2.381E+00,3.853E-02,5.480E+00,1.699E+00,-3.559E-01,3.888E+00,1.900E+00,3.142E+00,-3.186E-03,2.636E+00,2.584E+00,1.046E-01,2.992E+00
51,0.000E+00,3.845E-03,0.000E+00,8.738E-03,1.678E-02,1.192E+00,1.766E+00,-5.636E-01,6.057E+00,1.712E+00,3.142E+00,-2.476E-03,2.423E+00,2.387E+00,3.836E-02,5.496E+00,1.692E+00,-3.643E-01,4.085E+00,1.898E+00,3.142E+00,-2.645E-03,2.621E+00,2.577E+00,1.040E-01,3.007E+00
52,0.000E+00,4.047E-03,0.000E+00,9.311E-03,1.780E-02,1.265E+00,1.755E+00,-5.675E-01,6.224E+00,1.740E+00,3.142E+00,-2.347E-03,2.427E+00,2.392E+00,3.818E-02,5.513E+00,1.686E+00,-3.726E-01,4.281E+00,1.896E+00,3.142E+00,-2.104E-03,2.605E+00,2.571E+00,1.034E-01,3.022E+00
53,0.000E+00,4.249E-03,0.000E+00,9.883E-03,1.881E-02,1.338E+00,1.745E+00,-5.713E-01,6.391E+00,1.769E+00,3.142E+00,-2.219E-03,2.431E+00,2.398E+00,3.801E-02,5.530E+00,1.680E+00,-3.810E-01,4.477E+00,1.894E+00,3.142E+00,-1.564E-03,2.590E+00,2.564E+00,1.027E-01,3.037E+00
54,0.000E+00,4.350E-03,0.000E+00,1.017E-02,1.932E-02,1.374E+00,1.740E+00,-5.732E-01,6.475E+00,1.783E+00,3.142E+00,-2.155E-03,2.433E+00,2.401E+00,3.793E-02,5.538E+00,1.678E+00,-3.852E-01,4.576E+00,1.893E+00,3.142E+00,-1.293E-03,2.582E+00,2.561E+00,1.024E-01,3.045E+00
55,0.000E+00,4.451E-03,0.000E+00,1.046E-02,1.983E-02,1.411E+00,1.735E+00,-5.751E-01,6.559E+00,1.798E+00,3.142E+00,-2.091E-03,2.435E+00,2.404E+00,3.784E-02,5.546E+00,1.675E+00,-3.894E-01,4.674E+00,1.892E+00,3.142E+00,-1.023E-03,2.575E+00,2.558E+00,1.021E-01,3.052E+00
56,0.000E+00,4.653E-03,0.000E+00,1.103E-02,2.084E-02,1.484E+00,1.725E+00,-5.789E-01,6.726E+00,1.826E+00,3.142E+00,-1.962E-03,2.439E+00,2.409E+00,3.767E-02,5.563E+00,1.671E+00,-3.977E-01,4.870E+00,1.890E+00,3.142E+00,-4.824E-04,2.559E+00,2.551E+00,1.015E-01,3.067E+00
57,0.000E+00,4.855E-03,0.000E+00,1.160E-02,2.186E-02,1.557E+00,1.715E+00,-5.828E-01,6.893E+00,1.855E+00,3.142E+00,-1.834E-03,2.442E+00,2.415E+00,3.749E-02,5.579E+00,1.667E+00,-4.061E-01,5.066E+00,1.888E+00,3.142E+00,5.828E-05,2.544E+00,2.545E+00,1.008E-01,3.082E+00
58,0.000E+00,5.057E-03,0.000E+00,1.217E-02,2.288E-02,1.629E+00,1.705E+00,-5.866E-01,7.060E+00,1.884E+00,3.142E+00,-1.705E-03,2.446E+00,2.421E+00,3.732E-02,5.596E+00,1.663E+00,-4.144E-01,5.263E+00,1.886E+00,3.142E+00,5.989E-04,2.529E+00,2.538E+00,1.002E-01,3.097E+00
59,0.000E+00,5.158E-03,0.000E+00,1.246E-02,2.338E-02,1.666E+00,1.701E+00,-5.885E-01,7.144E+00,1.898E+00,3.142E+00,-1.641E-03,2.448E+00,2.424E+00,3.724E-02,5.604E+00,1.662E+00,-4.186E-01,5.361E+00,1.885E+00,3.142E+00,8.693E-04,2.521E+00,2.535E+00,9.987E-02,3.105E+00
60,0.000E+00,5.259E-03,0.000E+00,1.275E-02,2.389E-02,1.702E+00,1.696E+00,-5.904E-01,7.227E+00,1.912E+00,3.142E+00,-1.577E-03,2.450E+00,2.426E+00,3.715E-02,5.613E+00,1.660E+00,-4.228E-01,5.459E+00,1.884E+00,3.142E+00,1.140E-03,2.514E+00,2.531E+00,9.955E-02,3.112E+00
61,0.000E+00,5.529E-03,0.000E+00,1.371E-02,2.543E-02,1.815E+00,1.642E+00,-6.426E-01,1.157E+01,1.840E+00,3.142E+00,-1.022E-03,2.422E+00,2.407E+00,3.668E-02,5.661E+00,1.643E+00,-4.426E-01,6.286E+00,1.860E+00,3.142E+00,8.901E-04,2.502E+00,2.516E+00,1.010E-01,3.079E+00
62,0.000E+00,5.798E-03,0.000E+00,1.467E-02,2.697E-02,1.929E+00,1.629E+00,-6.948E-01,1.590E+01,1.768E+00,3.142E+00,-4.662E-04,2.395E+00,2.387E+00,3.620E-02,5.710E+00,1.631E+00,-4.625E-01,7.112E+00,1.837E+00,3.142E+00,6.407E-04,2.491E+00,2.501E+00,1.024E-01,3.045E+00
63,0.000E+00,6.068E-03,0.000E+00,1.562E-02,2.851E-02,2.042E+00,1.636E+00,-7.470E-01,2.024E+01,1.696E+00,3.142E+00,8.930E-05,2.367E+00,2.368E+00,3.573E-02,5.759E+00,1.624E+00,-4.823E-01,7.938E+00,1.814E+00,3.142E+00,3.912E-04,2.479E+00,2.485E+00,1.038E-01,3.012E+00
64,0.000E+00,6.203E-03,0.000E+00,1.610E-02,2.928E-02,2.099E+00,1.645E+00,-7.731E-01,2.241E+01,1.660E+00,3.142E+00,3.670E-04,2.353E+00,2.358E+00,3.549E-02,5.783E+00,1.621E+00,-4.922E-01,8.352E+00,1.802E+00,3.142E+00,2.665E-04,2.474E+00,2.478E+00,1.045E-01,2.995E+00
65,0.000E+00,6.338E-03,0.000E+00,1.658E-02,3.005E-02,2.155E+00,1.656E+00,-7.992E-01,2.458E+01,1.624E+00,3.142E+00,6.448E-04,2.339E+00,2.348E+00,3.525E-02,5.808E+00,1.619E+00,-5.021E-01,8.765E+00,1.790E+00,3.142E+00,1.418E-04,2.468E+00,2.470E+00,1.052E-01,2.978E+00
66,0.000E+00,6.683E-03,0.000E+00,1.799E-02,3.244E-02,2.323E+00,1.617E+00,-7.792E-01,2.371E+01,1.738E+00,3.142E+00,3.188E-03,2.295E+00,2.338E+00,3.560E-02,5.772E+00,1.605E+00,-5.131E-01,9.765E+00,1.779E+00,3.142E+00,-5.564E-04,2.497E+00,2.488E+00,1.049E-01,2.987E+00
67,0.000E+00,7.028E-03,0.000E+00,1.939E-02,3.483E-02,2.490E+00,1.582E+00,-7.591E-01,2.285E+01,1.852E+00,3.142E+00,5.732E-03,2.251E+00,2.328E+00,3.594E-02,5.736E+00,1.593E+00,-5.241E-01,1.076E+01,1.767E+00,3.142E+00,-1.255E-03,2.526E+00,2.506E+00,1.045E-01,2.996E+00
68,0.000E+00,7.373E-03,0.000E+00,2.080E-02,3.722E-02,2.658E+00,1.549E+00,-7.391E-01,2.198E+01,1.966E+00,3.142E+00,8.276E-03,2.206E+00,2.318E+00,3.629E-02,5.700E+00,1.584E+00,-5.351E-01,1.176E+01,1.755E+00,3.142E+00,-1.953E-03,2.556E+00,2.524E+00,1.041E-01,3.005E+00
69,0.000E+00,7.546E-03,0.000E+00,2.150E-02,3.841E-02,2.742E+00,1.534E+00,-7.291E-01,2.155E+01,2.023E+00,3.142E+00,9.548E-03,2.184E+00,2.314E+00,3.646E-02,5.683E+00,1.580E+00,-5.406E-01,1.226E+01,1.749E+00,3.142E+00,-2.302E-03,2.570E+00,2.534E+00,1.039E-01,3.009E+00
70,0.000E+00,7.719E-03,0.000E+00,2.221E-02,3.960E-02,2.826E+00,1.519E+00,-7.191E-01,2.111E+01,2.080E+00,3.142E+00,1.082E-02,2.162E+00,2.309E+00,3.663E-02,5.665E+00,1.577E+00,-5.460E-01,1.276E+01,1.743E+00,3.142E+00,-2.651E-03,2.585E+00,2.543E+00,1.037E-01,3.013E+00
71,0.000E+00,7.710E-03,0.000E+00,2.418E-02,4.225E-02,3.012E+00,1.518E+00,-7.051E-01,1.962E+01,2.104E+00,3.142E+00,1.017E-02,2.174E+00,2.312E+00,3.659E-02,5.669E+00,1.556E+00,-5.333E-01,1.233E+01,1.829E+00,3.142E+00,-1.297E-03,2.526E+00,2.505E+00,1.036E-01,3.015E+00
72,0.000E+00,7.701E-03,0.000E+00,2.615E-02,4.489E-02,3.199E+00,1.520E+00,-6.912E-01,1.812E+01,2.128E+00,3.142E+00,9.522E-03,2.186E+00,2.316E+00,3.654E-02,5.673E+00,1.536E+00,-5.205E-01,1.189E+01,1.915E+00,3.142E+00,5.740E-05,2.467E+00,2.468E+00,1.035E-01,3.017E+00
73,0.000E+00,8.267E-03,0.000E+00,2.803E-02,4.803E-02,3.427E+00,1.495E+00,-6.776E-01,1.793E+01,2.216E+00,3.142E+00,6.517E-03,2.202E+00,2.290E+00,3.706E-02,5.622E+00,1.508E+00,-5.067E-01,1.163E+01,2.026E+00,3.142E+00,1.042E-03,2.444E+00,2.460E+00,1.052E-01,2.980E+00
74,0.000E+00,8.834E-03,0.000E+00,2.991E-02,5.117E-02,3.655E+00,1.472E+00,-6.640E-01,1.775E+01,2.305E+00,3.142E+00,3.512E-03,2.218E+00,2.265E+00,3.757E-02,5.572E+00,1.482E+00,-4.930E-01,1.136E+01,2.138E+00,3.142E+00,2.026E-03,2.422E+00,2.452E+00,1.068E-01,2.943E+00
75,0.000E+00,9.262E-03,0.000E+00,3.226E-02,5.494E-02,3.920E+00,1.436E+00,-6.470E-01,1.677E+01,2.515E+00,3.142E+00,4.075E-03,2.228E+00,2.283E+00,3.697E-02,5.631E+00,1.463E+00,-4.708E-01,1.036E+01,2.277E+00,3.142E+00,1.233E-03,2.429E+00,2.447E+00,1.050E-01,2.984E+00
76,0.000E+00,9.690E-03,0.000E+00,3.462E-02,5.870E-02,4.186E+00,1.405E+00,-6.300E-01,1.579E+01,2.725E+00,3.142E+00,4.637E-03,2.238E+00,2.301E+00,3.638E-02,5.690E+00,1.449E+00,-4.487E-01,9.349E+00,2.415E+00,3.142E+00,4.389E-04,2.436E+00,2.442E+00,1.032E-01,3.025E+00
77,0.000E+00,1.022E-02,0.000E+00,3.769E-02,6.353E-02,4.528E+00,1.386E+00,-6.120E-01,1.491E+01,2.863E+00,3.142E+00,1.083E-02,2.118E+00,2.257E+00,3.600E-02,5.729E+00,1.430E+00,-4.322E-01,8.997E+00,2.520E+00,3.142E+00,2.439E-03,2.392E+00,2.428E+00,1.034E-01,3.020E+00
78,0.000E+00,1.076E-02,0.000E+00,4.076E-02,6.836E-02,4.871E+00,1.370E+00,-5.941E-01,1.403E+01,3.000E+00,3.142E+00,1.702E-02,1.997E+00,2.213E+00,3.562E-02,5.769E+00,1.414E+00,-4.158E-01,8.644E+00,2.625E+00,3.142E+00,4.440E-03,2.349E+00,2.414E+00,1.037E-01,3.014E+00
79,0.000E+00,1.104E-02,0.000E+00,4.448E-02,7.374E-02,5.250E+00,1.325E+00,-5.807E-01,1.403E+01,3.299E+00,3.142E+00,1.110E-02,2.065E+00,2.206E+00,3.517E-02,5.818E+00,1.385E+00,-4.104E-01,8.770E+00,2.786E+00,3.142E+00,4.123E-03,2.328E+00,2.387E+00,1.025E-01,3.043E+00
80,0.000E+00,1.131E-02,0.000E+00,4.819E-02,7.912E-02,5.630E+00,1.286E+00,-5.673E-01,1.404E+01,3.598E+00,3.142E+00,5.188E-03,2.133E+00,2.200E+00,3.471E-02,5.866E+00,1.358E+00,-4.050E-01,8.896E+00,2.947E+00,3.142E+00,3.806E-03,2.307E+00,2.361E+00,1.012E-01,3.072E+00
81,0.000E+00,1.175E-02,0.000E+00,5.250E-02,8.529E-02,6.075E+00,1.260E+00,-5.603E-01,1.399E+01,3.831E+00,3.142E+00,1.288E-02,2.022E+00,2.181E+00,3.416E-02,5.928E+00,1.322E+00,-3.944E-01,8.726E+00,3.245E+00,3.142E+00,5.828E-03,2.229E+00,2.308E+00,1.005E-01,3.090E+00
82,0.000E+00,1.218E-02,0.000E+00,5.680E-02,9.146E-02,6.519E+00,1.236E+00,-5.532E-01,1.394E+01,4.064E+00,3.142E+00,2.057E-02,1.912E+00,2.162E+00,3.361E-02,5.990E+00,1.290E+00,-3.838E-01,8.557E+00,3.543E+00,3.142E+00,7.851E-03,2.151E+00,2.255E+00,9.968E-02,3.109E+00
83,0.000E+00,1.149E-02,0.000E+00,6.082E-02,9.582E-02,6.831E+00,1.159E+00,-5.314E-01,1.325E+01,5.102E+00,3.142E+00,2.289E-02,1.826E+00,2.091E+00,3.269E-02,6.100E+00,1.219E+00,-3.673E-01,8.683E+00,4.226E+00,3.142E+00,1.386E-02,2.020E+00,2.191E+00,9.674E-02,3.186E+00
84,0.000E+00,1.079E-02,0.000E+00,6.484E-02,1.002E-01,7.144E+00,1.102E+00,-5.097E-01,1.255E+01,6.141E+00,3.142E+00,2.521E-02,1.739E+00,2.020E+00,3.178E-02,6.210E+00,1.160E+00,-3.508E-01,8.809E+00,4.910E+00,3.142E+00,1.988E-02,1.888E+00,2.127E+00,9.381E-02,3.262E+00
85,0.000E+00,9.403E-03,0.000E+00,6.254E-02,9.535E-02,6.797E+00,9.287E-01,-4.744E-01,1.170E+01,1.194E+01,3.142E+00,5.711E-02,1.371E+00,1.861E+00,3.007E-02,6.440E+00,1.035E+00,-3.311E-01,8.923E+00,7.357E+00,3.142E+00,4.210E-02,1.583E+00,2.001E+00,9.141E-02,3.330E+00
86,0.000E+00,8.017E-03,0.000E+00,6.024E-02,9.053E-02,6.451E+00,8.504E-01,-4.391E-01,1.086E+01,1.774E+01,3.142E+00,8.901E-02,1.003E+00,1.702E+00,2.837E-02,6.671E+00,9.534E-01,-3.114E-01,9.037E+00,9.804E+00,3.142E+00,6.433E-02,1.277E+00,1.874E+00,8.902E-02,3.399E+00
87,0.000E+00,4.445E-03,0.000E+00,3.536E-02,5.267E-02,3.758E+00,6.526E-01,-3.858E-01,8.566E+00,1.326E+02,3.142E+00,8.901E-02,8.253E-01,1.412E+00,2.401E-02,7.503E+00,7.096E-01,-2.673E-01,7.942E+00,5.047E+01,3.142E+00,7.663E-02,9.662E-01,1.504E+00,7.866E-02,3.783E+00
88,0.000E+00,8.719E-04,0.000E+00,1.048E-02,1.482E-02,1.066E+00,6.776E-01,-3.325E-01,6.271E+00,2.475E+02,3.142E+00,8.900E-02,6.474E-01,1.122E+00,1.964E-02,8.336E+00,6.769E-01,-2.231E-01,6.848E+00,9.113E+01,3.142E+00,8.893E-02,6.554E-01,1.133E+00,6.830E-02,4.168E+00
89,0.000E+00,0.000E+00,1.484E-05,4.141E-05,6.016E-05,4.557E-03,3.142E+00,0.000E+00,0.000E+00,0.000E+00,0.000E+00,0.000E+00,0.000E+00,0.000E+00,0.000E+00,0.000E+00,3.142E+00,0.000E+00,0.000E+00,0.000E+00,0.000E+00,0.000E+00,0.000E+00,0.000E+00,0.000E+00,0.000E+00
