alpha,H,Ca,Mg,Si,O,Ca_1,O_1,Mg_2,O_2,Si_3,O_3,amu/ion,phiK_Ca,phiTilt_Ca,phiM_Ca,phiN_Ca,thetaK_Ca,thetaTilt_Ca,thetaM_Ca,thetaN_Ca,energyK_Ca,energyE_Ca,phiK_Mg,phiTilt_Mg,phiM_Mg,phiN_Mg,thetaK_Mg,thetaTilt_Mg,thetaM_Mg,thetaN_Mg,energyK_Mg,energyE_Mg,phiK_O,phiTilt_O,phiM_O,phiN_O,thetaK_O,thetaTilt_O,thetaM_O,thetaN_O,energyK_O,energyE_O,phiK_Si,phiTilt_Si,phiM_Si,phiN_Si,thetaK_Si,thetaTilt_Si,thetaM_Si,thetaN_Si,energyK_Si,energyE_Si
0,0.000E+00,0.000E+00,1.113E-03,1.189E-03,0.000E+00,1.161E-03,1.620E-03,0.000E+00,0.000E+00,1.069E-03,4.758E-03,2.390E-01,1.745E+00,-9.126E-02,2.277E+00,1.363E+00,3.142E+00,3.105E-03,2.380E+00,2.426E+00,9.354E-02,3.119E+00,1.842E+00,3.701E-02,1.246E+00,1.334E+00,3.142E+00,-5.890E-03,2.667E+00,2.571E+00,2.430E-01,1.548E+00,1.706E+00,1.213E-02,1.491E+00,1.730E+00,3.142E+00,-2.243E-03,2.678E+00,2.641E+00,1.121E-01,3.169E+00,1.741E+00,-8.492E-03,1.430E+00,1.658E+00,3.142E+00,-8.128E-03,2.570E+00,2.445E+00,6.308E-02,4.561E+00
1,0.000E+00,0.000E+00,1.115E-03,1.202E-03,0.000E+00,1.159E-03,1.625E-03,0.000E+00,0.000E+00,1.068E-03,4.810E-03,2.403E-01,1.754E+00,-9.707E-02,2.261E+00,1.360E+00,3.142E+00,2.403E-03,2.398E+00,2.433E+00,9.435E-02,3.099E+00,1.813E+00,3.456E-02,1.250E+00,1.462E+00,3.142E+00,-4.375E-03,2.627E+00,2.555E+00,2.440E-01,1.542E+00,1.693E+00,2.474E-03,1.530E+00,1.755E+00,3.142E+00,-2.450E-03,2.680E+00,2.640E+00,1.120E-01,3.171E+00,1.742E+00,-2.293E-02,1.524E+00,1.631E+00,3.142E+00,-7.461E-03,2.555E+00,2.441E+00,6.311E-02,4.559E+00
2,0.000E+00,0.000E+00,1.116E-03,1.214E-03,0.000E+00,1.156E-03,1.631E-03,0.000E+00,0.000E+00,1.068E-03,4.862E-03,2.415E-01,1.763E+00,-1.029E-01,2.246E+00,1.356E+00,3.142E+00,1.701E-03,2.416E+00,2.441E+00,9.515E-02,3.080E+00,1.786E+00,3.211E-02,1.254E+00,1.591E+00,3.142E+00,-2.860E-03,2.587E+00,2.538E+00,2.451E-01,1.536E+00,1.689E+00,-7.183E-03,1.568E+00,1.780E+00,3.142E+00,-2.656E-03,2.682E+00,2.638E+00,1.119E-01,3.173E+00,1.744E+00,-3.736E-02,1.619E+00,1.603E+00,3.142E+00,-6.794E-03,2.541E+00,2.437E+00,6.314E-02,4.558E+00
3,0.000E+00,0.000E+00,1.118E-03,1.227E-03,0.000E+00,1.154E-03,1.636E-03,0.000E+00,0.000E+00,1.068E-03,4.915E-03,2.427E-01,1.772E+00,-1.087E-01,2.230E+00,1.353E+00,3.142E+00,9.989E-04,2.434E+00,2.448E+00,9.596E-02,3.060E+00,1.762E+00,2.967E-02,1.258E+00,1.719E+00,3.142E+00,-1.345E-03,2.547E+00,2.521E+00,2.462E-01,1.530E+00,1.687E+00,-1.684E-02,1.606E+00,1.805E+00,3.142E+00,-2.863E-03,2.684E+00,2.637E+00,1.119E-01,3.175E+00,1.746E+00,-5.179E-02,1.713E+00,1.576E+00,3.142E+00,-6.127E-03,2.527E+00,2.434E+00,6.317E-02,4.556E+00
4,0.000E+00,0.000E+00,1.118E-03,1.233E-03,0.000E+00,1.153E-03,1.639E-03,0.000E+00,0.000E+00,1.068E-03,4.941E-03,2.433E-01,1.776E+00,-1.116E-01,2.223E+00,1.352E+00,3.142E+00,6.479E-04,2.443E+00,2.452E+00,9.636E-02,3.050E+00,1.750E+00,2.844E-02,1.260E+00,1.783E+00,3.142E+00,-5.876E-04,2.527E+00,2.513E+00,2.467E-01,1.527E+00,1.686E+00,-2.167E-02,1.626E+00,1.817E+00,3.142E+00,-2.966E-03,2.685E+00,2.636E+00,1.118E-01,3.175E+00,1.748E+00,-5.901E-02,1.761E+00,1.562E+00,3.142E+00,-5.794E-03,2.520E+00,2.432E+00,6.319E-02,4.555E+00
5,0.000E+00,0.000E+00,1.119E-03,1.240E-03,0.000E+00,1.152E-03,1.642E-03,0.000E+00,0.000E+00,1.068E-03,4.967E-03,2.439E-01,1.780E+00,-1.145E-01,2.215E+00,1.350E+00,3.142E+00,2.969E-04,2.452E+00,2.455E+00,9.676E-02,3.041E+00,1.739E+00,2.722E-02,1.261E+00,1.847E+00,3.142E+00,1.699E-04,2.507E+00,2.505E+00,2.472E-01,1.525E+00,1.686E+00,-2.650E-02,1.645E+00,1.830E+00,3.142E+00,-3.069E-03,2.686E+00,2.635E+00,1.118E-01,3.176E+00,1.750E+00,-6.623E-02,1.808E+00,1.549E+00,3.142E+00,-5.460E-03,2.513E+00,2.430E+00,6.320E-02,4.554E+00
6,0.000E+00,0.000E+00,1.121E-03,1.253E-03,0.000E+00,1.150E-03,1.647E-03,0.000E+00,0.000E+00,1.067E-03,5.019E-03,2.451E-01,1.789E+00,-1.203E-01,2.199E+00,1.347E+00,3.142E+00,-4.052E-04,2.470E+00,2.463E+00,9.757E-02,3.021E+00,1.718E+00,2.477E-02,1.265E+00,1.976E+00,3.142E+00,1.685E-03,2.467E+00,2.488E+00,2.483E-01,1.519E+00,1.684E+00,-3.615E-02,1.683E+00,1.855E+00,3.142E+00,-3.276E-03,2.688E+00,2.634E+00,1.117E-01,3.178E+00,1.754E+00,-8.066E-02,1.903E+00,1.521E+00,3.142E+00,-4.793E-03,2.499E+00,2.426E+00,6.323E-02,4.553E+00
7,0.000E+00,0.000E+00,1.122E-03,1.265E-03,0.000E+00,1.147E-03,1.653E-03,0.000E+00,0.000E+00,1.067E-03,5.071E-03,2.463E-01,1.798E+00,-1.261E-01,2.184E+00,1.344E+00,3.142E+00,-1.107E-03,2.488E+00,2.470E+00,9.837E-02,3.002E+00,1.698E+00,2.232E-02,1.269E+00,2.104E+00,3.142E+00,3.200E-03,2.427E+00,2.472E+00,2.494E-01,1.513E+00,1.683E+00,-4.581E-02,1.722E+00,1.880E+00,3.142E+00,-3.483E-03,2.690E+00,2.632E+00,1.116E-01,3.180E+00,1.760E+00,-9.509E-02,1.997E+00,1.494E+00,3.142E+00,-4.126E-03,2.485E+00,2.422E+00,6.326E-02,4.551E+00
8,0.000E+00,0.000E+00,1.124E-03,1.278E-03,0.000E+00,1.145E-03,1.658E-03,0.000E+00,0.000E+00,1.067E-03,5.124E-03,2.476E-01,1.806E+00,-1.320E-01,2.169E+00,1.341E+00,3.142E+00,-1.809E-03,2.506E+00,2.477E+00,9.918E-02,2.982E+00,1.679E+00,1.988E-02,1.273E+00,2.232E+00,3.142E+00,4.715E-03,2.387E+00,2.455E+00,2.505E-01,1.507E+00,1.681E+00,-5.547E-02,1.760E+00,1.905E+00,3.142E+00,-3.689E-03,2.692E+00,2.631E+00,1.116E-01,3.182E+00,1.766E+00,-1.095E-01,2.092E+00,1.466E+00,3.142E+00,-3.459E-03,2.471E+00,2.419E+00,6.329E-02,4.550E+00
9,0.000E+00,0.000E+00,1.124E-03,1.284E-03,0.000E+00,1.144E-03,1.661E-03,0.000E+00,0.000E+00,1.067E-03,5.150E-03,2.482E-01,1.811E+00,-1.349E-01,2.161E+00,1.339E+00,3.142E+00,-2.160E-03,2.515E+00,2.481E+00,9.958E-02,2.972E+00,1.671E+00,1.865E-02,1.275E+00,2.296E+00,3.142E+00,5.473E-03,2.367E+00,2.447E+00,2.510E-01,1.504E+00,1.681E+00,-6.030E-02,1.779E+00,1.918E+00,3.142E+00,-3.792E-03,2.693E+00,2.630E+00,1.115E-01,3.183E+00,1.769E+00,-1.167E-01,2.139E+00,1.453E+00,3.142E+00,-3.126E-03,2.464E+00,2.417E+00,6.330E-02,4.549E+00
10,0.000E+00,0.000E+00,1.125E-03,1.291E-03,0.000E+00,1.143E-03,1.664E-03,0.000E+00,0.000E+00,1.066E-03,5.176E-03,2.488E-01,1.815E+00,-1.378E-01,2.153E+00,1.338E+00,3.142E+00,-2.511E-03,2.523E+00,2.485E+00,9.999E-02,2.963E+00,1.662E+00,1.743E-02,1.277E+00,2.361E+00,3.142E+00,6.230E-03,2.347E+00,2.439E+00,2.515E-01,1.502E+00,1.680E+00,-6.512E-02,1.799E+00,1.930E+00,3.142E+00,-3.896E-03,2.694E+00,2.629E+00,1.115E-01,3.183E+00,1.772E+00,-1.240E-01,2.186E+00,1.439E+00,3.142E+00,-2.792E-03,2.457E+00,2.415E+00,6.332E-02,4.548E+00
11,0.000E+00,0.000E+00,1.160E-03,1.322E-03,0.000E+00,1.165E-03,1.715E-03,0.000E+00,0.000E+00,1.091E-03,5.265E-03,2.543E-01,1.812E+00,-1.421E-01,2.153E+00,1.366E+00,3.142E+00,-2.065E-03,2.512E+00,2.480E+00,9.825E-02,3.008E+00,1.645E+00,-1.332E-02,1.459E+00,2.259E+00,3.142E+00,4.532E-03,2.398E+00,2.463E+00,2.486E-01,1.518E+00,1.685E+00,-8.060E-02,1.886E+00,1.902E+00,3.142E+00,-3.724E-03,2.683E+00,2.621E+00,1.116E-01,3.180E+00,1.775E+00,-1.389E-01,2.265E+00,1.443E+00,3.142E+00,-3.059E-03,2.458E+00,2.413E+00,6.333E-02,4.547E+00
12,0.000E+00,0.000E+00,1.194E-03,1.354E-03,0.000E+00,1.187E-03,1.765E-03,0.000E+00,0.000E+00,1.115E-03,5.355E-03,2.598E-01,1.809E+00,-1.463E-01,2.153E+00,1.394E+00,3.142E+00,-1.619E-03,2.501E+00,2.475E+00,9.652E-02,3.053E+00,1.653E+00,-4.408E-02,1.641E+00,2.158E+00,3.142E+00,2.833E-03,2.449E+00,2.487E+00,2.458E-01,1.534E+00,1.690E+00,-9.608E-02,1.973E+00,1.873E+00,3.142E+00,-3.552E-03,2.672E+00,2.613E+00,1.118E-01,3.176E+00,1.777E+00,-1.538E-01,2.344E+00,1.446E+00,3.142E+00,-3.325E-03,2.459E+00,2.410E+00,6.335E-02,4.546E+00
13,0.000E+00,0.000E+00,1.229E-03,1.386E-03,0.000E+00,1.208E-03,1.816E-03,0.000E+00,0.000E+00,1.139E-03,5.444E-03,2.654E-01,1.806E+00,-1.506E-01,2.153E+00,1.423E+00,3.142E+00,-1.173E-03,2.489E+00,2.471E+00,9.478E-02,3.098E+00,1.665E+00,-7.483E-02,1.823E+00,2.056E+00,3.142E+00,1.135E-03,2.500E+00,2.511E+00,2.429E-01,1.551E+00,1.696E+00,-1.116E-01,2.060E+00,1.844E+00,3.142E+00,-3.380E-03,2.661E+00,2.605E+00,1.120E-01,3.173E+00,1.780E+00,-1.687E-01,2.423E+00,1.450E+00,3.142E+00,-3.592E-03,2.461E+00,2.407E+00,6.336E-02,4.545E+00
14,0.000E+00,0.000E+00,1.246E-03,1.402E-03,0.000E+00,1.219E-03,1.841E-03,0.000E+00,0.000E+00,1.152E-03,5.489E-03,2.681E-01,1.805E+00,-1.528E-01,2.153E+00,1.437E+00,3.142E+00,-9.494E-04,2.483E+00,2.468E+00,9.391E-02,3.120E+00,1.672E+00,-9.020E-02,1.915E+00,2.005E+00,3.142E+00,2.853E-04,2.526E+00,2.523E+00,2.414E-01,1.559E+00,1.700E+00,-1.193E-01,2.104E+00,1.830E+00,3.142E+00,-3.294E-03,2.655E+00,2.601E+00,1.120E-01,3.171E+00,1.782E+00,-1.761E-01,2.462E+00,1.452E+00,3.142E+00,-3.725E-03,2.462E+00,2.406E+00,6.337E-02,4.545E+00
15,0.000E+00,0.000E+00,1.263E-03,1.418E-03,0.000E+00,1.230E-03,1.866E-03,0.000E+00,0.000E+00,1.164E-03,5.534E-03,2.709E-01,1.804E+00,-1.549E-01,2.153E+00,1.451E+00,3.142E+00,-7.263E-04,2.478E+00,2.466E+00,9.304E-02,3.143E+00,1.680E+00,-1.056E-01,2.006E+00,1.955E+00,3.142E+00,-5.640E-04,2.552E+00,2.535E+00,2.400E-01,1.567E+00,1.703E+00,-1.270E-01,2.147E+00,1.816E+00,3.142E+00,-3.208E-03,2.650E+00,2.597E+00,1.121E-01,3.169E+00,1.783E+00,-1.836E-01,2.502E+00,1.454E+00,3.142E+00,-3.858E-03,2.462E+00,2.405E+00,6.338E-02,4.545E+00
16,0.000E+00,0.000E+00,1.298E-03,1.450E-03,0.000E+00,1.252E-03,1.917E-03,0.000E+00,0.000E+00,1.188E-03,5.623E-03,2.764E-01,1.801E+00,-1.592E-01,2.153E+00,1.480E+00,3.142E+00,-2.801E-04,2.466E+00,2.462E+00,9.131E-02,3.188E+00,1.699E+00,-1.363E-01,2.188E+00,1.853E+00,3.142E+00,-2.263E-03,2.603E+00,2.560E+00,2.371E-01,1.583E+00,1.710E+00,-1.425E-01,2.234E+00,1.787E+00,3.142E+00,-3.036E-03,2.638E+00,2.589E+00,1.123E-01,3.165E+00,1.787E+00,-1.985E-01,2.581E+00,1.458E+00,3.142E+00,-4.125E-03,2.464E+00,2.402E+00,6.339E-02,4.544E+00
17,0.000E+00,0.000E+00,1.332E-03,1.482E-03,0.000E+00,1.274E-03,1.967E-03,0.000E+00,0.000E+00,1.212E-03,5.712E-03,2.820E-01,1.798E+00,-1.635E-01,2.153E+00,1.508E+00,3.142E+00,1.661E-04,2.455E+00,2.457E+00,8.957E-02,3.233E+00,1.721E+00,-1.671E-01,2.370E+00,1.752E+00,3.142E+00,-3.961E-03,2.654E+00,2.584E+00,2.342E-01,1.600E+00,1.718E+00,-1.580E-01,2.322E+00,1.758E+00,3.142E+00,-2.864E-03,2.627E+00,2.581E+00,1.124E-01,3.162E+00,1.790E+00,-2.134E-01,2.660E+00,1.461E+00,3.142E+00,-4.391E-03,2.465E+00,2.400E+00,6.341E-02,4.543E+00
18,0.000E+00,0.000E+00,1.367E-03,1.513E-03,0.000E+00,1.295E-03,2.017E-03,0.000E+00,0.000E+00,1.237E-03,5.802E-03,2.875E-01,1.796E+00,-1.677E-01,2.153E+00,1.536E+00,3.142E+00,6.123E-04,2.443E+00,2.452E+00,8.784E-02,3.278E+00,1.746E+00,-1.978E-01,2.552E+00,1.650E+00,3.142E+00,-5.660E-03,2.705E+00,2.608E+00,2.313E-01,1.616E+00,1.726E+00,-1.735E-01,2.409E+00,1.730E+00,3.142E+00,-2.692E-03,2.616E+00,2.572E+00,1.126E-01,3.158E+00,1.793E+00,-2.283E-01,2.739E+00,1.465E+00,3.142E+00,-4.658E-03,2.467E+00,2.397E+00,6.342E-02,4.542E+00
19,0.000E+00,0.000E+00,1.384E-03,1.529E-03,0.000E+00,1.306E-03,2.043E-03,0.000E+00,0.000E+00,1.249E-03,5.847E-03,2.903E-01,1.794E+00,-1.699E-01,2.153E+00,1.551E+00,3.142E+00,8.354E-04,2.437E+00,2.450E+00,8.697E-02,3.300E+00,1.760E+00,-2.132E-01,2.643E+00,1.600E+00,3.142E+00,-6.509E-03,2.731E+00,2.620E+00,2.299E-01,1.624E+00,1.730E+00,-1.812E-01,2.452E+00,1.715E+00,3.142E+00,-2.606E-03,2.611E+00,2.568E+00,1.126E-01,3.156E+00,1.795E+00,-2.357E-01,2.778E+00,1.467E+00,3.142E+00,-4.791E-03,2.467E+00,2.396E+00,6.343E-02,4.542E+00
20,0.000E+00,0.000E+00,1.402E-03,1.545E-03,0.000E+00,1.317E-03,2.068E-03,0.000E+00,0.000E+00,1.261E-03,5.891E-03,2.930E-01,1.793E+00,-1.720E-01,2.153E+00,1.565E+00,3.142E+00,1.059E-03,2.432E+00,2.448E+00,8.610E-02,3.323E+00,1.774E+00,-2.286E-01,2.735E+00,1.549E+00,3.142E+00,-7.358E-03,2.756E+00,2.632E+00,2.284E-01,1.633E+00,1.734E+00,-1.889E-01,2.496E+00,1.701E+00,3.142E+00,-2.520E-03,2.605E+00,2.564E+00,1.127E-01,3.154E+00,1.797E+00,-2.432E-01,2.817E+00,1.469E+00,3.142E+00,-4.924E-03,2.468E+00,2.395E+00,6.344E-02,4.541E+00
21,0.000E+00,0.000E+00,1.445E-03,1.584E-03,0.000E+00,1.363E-03,2.130E-03,0.000E+00,0.000E+00,1.301E-03,6.114E-03,3.027E-01,1.787E+00,-1.903E-01,2.267E+00,1.594E+00,3.142E+00,3.282E-05,2.449E+00,2.449E+00,8.592E-02,3.328E+00,1.771E+00,-2.379E-01,2.809E+00,1.560E+00,3.142E+00,-7.186E-03,2.768E+00,2.646E+00,2.283E-01,1.633E+00,1.728E+00,-2.010E-01,2.580E+00,1.735E+00,3.142E+00,-2.382E-03,2.611E+00,2.572E+00,1.119E-01,3.175E+00,1.795E+00,-2.674E-01,3.052E+00,1.465E+00,3.142E+00,-5.056E-03,2.492E+00,2.415E+00,6.267E-02,4.587E+00
22,0.000E+00,0.000E+00,1.489E-03,1.623E-03,0.000E+00,1.410E-03,2.192E-03,0.000E+00,0.000E+00,1.341E-03,6.336E-03,3.124E-01,1.782E+00,-2.085E-01,2.381E+00,1.624E+00,3.142E+00,-9.929E-04,2.466E+00,2.450E+00,8.574E-02,3.333E+00,1.769E+00,-2.472E-01,2.884E+00,1.571E+00,3.142E+00,-7.014E-03,2.780E+00,2.660E+00,2.281E-01,1.634E+00,1.722E+00,-2.130E-01,2.663E+00,1.768E+00,3.142E+00,-2.243E-03,2.617E+00,2.580E+00,1.110E-01,3.196E+00,1.794E+00,-2.917E-01,3.286E+00,1.461E+00,3.142E+00,-5.187E-03,2.515E+00,2.436E+00,6.190E-02,4.633E+00
23,0.000E+00,0.000E+00,1.533E-03,1.662E-03,0.000E+00,1.456E-03,2.255E-03,0.000E+00,0.000E+00,1.380E-03,6.559E-03,3.221E-01,1.777E+00,-2.268E-01,2.495E+00,1.653E+00,3.142E+00,-2.019E-03,2.483E+00,2.452E+00,8.556E-02,3.339E+00,1.767E+00,-2.565E-01,2.959E+00,1.583E+00,3.142E+00,-6.841E-03,2.792E+00,2.674E+00,2.280E-01,1.635E+00,1.716E+00,-2.250E-01,2.747E+00,1.802E+00,3.142E+00,-2.104E-03,2.622E+00,2.588E+00,1.102E-01,3.217E+00,1.795E+00,-3.159E-01,3.520E+00,1.458E+00,3.142E+00,-5.319E-03,2.539E+00,2.457E+00,6.113E-02,4.678E+00
24,0.000E+00,0.000E+00,1.554E-03,1.682E-03,0.000E+00,1.479E-03,2.286E-03,0.000E+00,0.000E+00,1.400E-03,6.670E-03,3.269E-01,1.774E+00,-2.359E-01,2.551E+00,1.668E+00,3.142E+00,-2.532E-03,2.492E+00,2.452E+00,8.547E-02,3.342E+00,1.766E+00,-2.612E-01,2.996E+00,1.588E+00,3.142E+00,-6.755E-03,2.797E+00,2.681E+00,2.279E-01,1.636E+00,1.713E+00,-2.310E-01,2.789E+00,1.818E+00,3.142E+00,-2.034E-03,2.625E+00,2.592E+00,1.098E-01,3.228E+00,1.796E+00,-3.280E-01,3.637E+00,1.456E+00,3.142E+00,-5.384E-03,2.551E+00,2.467E+00,6.075E-02,4.701E+00
25,0.000E+00,0.000E+00,1.576E-03,1.702E-03,0.000E+00,1.502E-03,2.317E-03,0.000E+00,0.000E+00,1.420E-03,6.781E-03,3.318E-01,1.772E+00,-2.450E-01,2.608E+00,1.683E+00,3.142E+00,-3.044E-03,2.500E+00,2.453E+00,8.538E-02,3.344E+00,1.764E+00,-2.659E-01,3.034E+00,1.594E+00,3.142E+00,-6.669E-03,2.803E+00,2.688E+00,2.278E-01,1.636E+00,1.711E+00,-2.370E-01,2.831E+00,1.835E+00,3.142E+00,-1.965E-03,2.628E+00,2.596E+00,1.094E-01,3.238E+00,1.798E+00,-3.401E-01,3.754E+00,1.454E+00,3.142E+00,-5.450E-03,2.563E+00,2.477E+00,6.036E-02,4.724E+00
26,0.000E+00,0.000E+00,1.620E-03,1.741E-03,0.000E+00,1.549E-03,2.379E-03,0.000E+00,0.000E+00,1.460E-03,7.004E-03,3.415E-01,1.768E+00,-2.633E-01,2.722E+00,1.712E+00,3.142E+00,-4.070E-03,2.517E+00,2.454E+00,8.520E-02,3.350E+00,1.762E+00,-2.752E-01,3.109E+00,1.605E+00,3.142E+00,-6.497E-03,2.815E+00,2.702E+00,2.277E-01,1.637E+00,1.705E+00,-2.491E-01,2.915E+00,1.869E+00,3.142E+00,-1.826E-03,2.634E+00,2.604E+00,1.085E-01,3.259E+00,1.801E+00,-3.643E-01,3.989E+00,1.450E+00,3.142E+00,-5.582E-03,2.586E+00,2.498E+00,5.960E-02,4.770E+00
27,0.000E+00,0.000E+00,1.663E-03,1.780E-03,0.000E+00,1.595E-03,2.441E-03,0.000E+00,0.000E+00,1.500E-03,7.226E-03,3.511E-01,1.764E+00,-2.815E-01,2.836E+00,1.742E+00,3.142E+00,-5.096E-03,2.535E+00,2.456E+00,8.501E-02,3.355E+00,1.761E+00,-2.845E-01,3.183E+00,1.616E+00,3.142E+00,-6.325E-03,2.827E+00,2.716E+00,2.275E-01,1.638E+00,1.700E+00,-2.611E-01,2.999E+00,1.902E+00,3.142E+00,-1.687E-03,2.640E+00,2.612E+00,1.077E-01,3.280E+00,1.805E+00,-3.886E-01,4.223E+00,1.446E+00,3.142E+00,-5.713E-03,2.610E+00,2.519E+00,5.883E-02,4.815E+00
28,0.000E+00,0.000E+00,1.707E-03,1.819E-03,0.000E+00,1.641E-03,2.503E-03,0.000E+00,0.000E+00,1.540E-03,7.449E-03,3.608E-01,1.761E+00,-2.997E-01,2.950E+00,1.771E+00,3.142E+00,-6.122E-03,2.552E+00,2.457E+00,8.483E-02,3.360E+00,1.759E+00,-2.938E-01,3.258E+00,1.628E+00,3.142E+00,-6.152E-03,2.838E+00,2.730E+00,2.274E-01,1.639E+00,1.696E+00,-2.731E-01,3.082E+00,1.936E+00,3.142E+00,-1.548E-03,2.646E+00,2.620E+00,1.068E-01,3.301E+00,1.810E+00,-4.128E-01,4.457E+00,1.443E+00,3.142E+00,-5.844E-03,2.633E+00,2.539E+00,5.806E-02,4.861E+00
29,0.000E+00,0.000E+00,1.729E-03,1.838E-03,0.000E+00,1.664E-03,2.535E-03,0.000E+00,0.000E+00,1.560E-03,7.560E-03,3.657E-01,1.759E+00,-3.089E-01,3.007E+00,1.786E+00,3.142E+00,-6.634E-03,2.560E+00,2.458E+00,8.474E-02,3.363E+00,1.758E+00,-2.985E-01,3.296E+00,1.633E+00,3.142E+00,-6.066E-03,2.844E+00,2.737E+00,2.273E-01,1.640E+00,1.693E+00,-2.791E-01,3.124E+00,1.953E+00,3.142E+00,-1.479E-03,2.649E+00,2.624E+00,1.064E-01,3.311E+00,1.813E+00,-4.249E-01,4.574E+00,1.441E+00,3.142E+00,-5.910E-03,2.645E+00,2.550E+00,5.768E-02,4.884E+00
30,0.000E+00,0.000E+00,1.751E-03,1.858E-03,0.000E+00,1.688E-03,2.566E-03,0.000E+00,0.000E+00,1.580E-03,7.671E-03,3.705E-01,1.757E+00,-3.180E-01,3.063E+00,1.801E+00,3.142E+00,-7.147E-03,2.569E+00,2.458E+00,8.465E-02,3.366E+00,1.757E+00,-3.031E-01,3.333E+00,1.639E+00,3.142E+00,-5.980E-03,2.850E+00,2.744E+00,2.272E-01,1.640E+00,1.691E+00,-2.851E-01,3.166E+00,1.969E+00,3.142E+00,-1.409E-03,2.651E+00,2.628E+00,1.060E-01,3.322E+00,1.816E+00,-4.370E-01,4.691E+00,1.439E+00,3.142E+00,-5.976E-03,2.657E+00,2.560E+00,5.729E-02,4.906E+00
31,0.000E+00,0.000E+00,1.873E-03,1.966E-03,0.000E+00,1.832E-03,2.745E-03,0.000E+00,0.000E+00,1.753E-03,8.338E-03,4.007E-01,1.762E+00,-3.372E-01,3.170E+00,1.797E+00,3.142E+00,-6.315E-03,2.569E+00,2.471E+00,8.361E-02,3.400E+00,1.746E+00,-3.118E-01,3.477E+00,1.667E+00,3.142E+00,-4.737E-03,2.812E+00,2.727E+00,2.252E-01,1.654E+00,1.691E+00,-2.965E-01,3.257E+00,1.972E+00,3.142E+00,-1.492E-03,2.656E+00,2.632E+00,1.055E-01,3.337E+00,1.814E+00,-4.557E-01,4.889E+00,1.456E+00,3.142E+00,-5.831E-03,2.643E+00,2.549E+00,5.710E-02,4.919E+00
32,0.000E+00,0.000E+00,1.934E-03,2.020E-03,0.000E+00,1.904E-03,2.835E-03,0.000E+00,0.000E+00,1.840E-03,8.671E-03,4.158E-01,1.765E+00,-3.468E-01,3.224E+00,1.796E+00,3.142E+00,-5.898E-03,2.569E+00,2.478E+00,8.310E-02,3.417E+00,1.740E+00,-3.161E-01,3.549E+00,1.682E+00,3.142E+00,-4.116E-03,2.793E+00,2.718E+00,2.242E-01,1.660E+00,1.691E+00,-3.022E-01,3.303E+00,1.974E+00,3.142E+00,-1.533E-03,2.659E+00,2.633E+00,1.052E-01,3.344E+00,1.813E+00,-4.651E-01,4.988E+00,1.464E+00,3.142E+00,-5.759E-03,2.636E+00,2.543E+00,5.701E-02,4.925E+00
33,0.000E+00,0.000E+00,1.995E-03,2.073E-03,0.000E+00,1.976E-03,2.925E-03,0.000E+00,0.000E+00,1.927E-03,9.004E-03,4.309E-01,1.767E+00,-3.565E-01,3.277E+00,1.794E+00,3.142E+00,-5.482E-03,2.569E+00,2.484E+00,8.258E-02,3.434E+00,1.735E+00,-3.204E-01,3.622E+00,1.696E+00,3.142E+00,-3.494E-03,2.773E+00,2.710E+00,2.231E-01,1.667E+00,1.691E+00,-3.079E-01,3.348E+00,1.976E+00,3.142E+00,-1.574E-03,2.661E+00,2.635E+00,1.049E-01,3.352E+00,1.813E+00,-4.744E-01,5.086E+00,1.472E+00,3.142E+00,-5.687E-03,2.629E+00,2.538E+00,5.691E-02,4.931E+00
34,0.000E+00,0.000E+00,2.056E-03,2.127E-03,0.000E+00,2.049E-03,3.015E-03,0.000E+00,0.000E+00,2.014E-03,9.337E-03,4.460E-01,1.770E+00,-3.661E-01,3.331E+00,1.792E+00,3.142E+00,-5.066E-03,2.569E+00,2.491E+00,8.206E-02,3.451E+00,1.729E+00,-3.247E-01,3.694E+00,1.710E+00,3.142E+00,-2.873E-03,2.754E+00,2.701E+00,2.221E-01,1.674E+00,1.691E+00,-3.136E-01,3.394E+00,1.977E+00,3.142E+00,-1.615E-03,2.664E+00,2.637E+00,1.046E-01,3.359E+00,1.812E+00,-4.838E-01,5.185E+00,1.480E+00,3.142E+00,-5.614E-03,2.622E+00,2.532E+00,5.682E-02,4.938E+00
35,0.000E+00,0.000E+00,2.117E-03,2.181E-03,0.000E+00,2.121E-03,3.105E-03,0.000E+00,0.000E+00,2.101E-03,9.671E-03,4.611E-01,1.773E+00,-3.757E-01,3.384E+00,1.791E+00,3.142E+00,-4.649E-03,2.569E+00,2.497E+00,8.154E-02,3.468E+00,1.724E+00,-3.290E-01,3.766E+00,1.725E+00,3.142E+00,-2.252E-03,2.735E+00,2.693E+00,2.211E-01,1.681E+00,1.691E+00,-3.193E-01,3.439E+00,1.979E+00,3.142E+00,-1.657E-03,2.666E+00,2.638E+00,1.044E-01,3.367E+00,1.811E+00,-4.931E-01,5.284E+00,1.488E+00,3.142E+00,-5.542E-03,2.615E+00,2.527E+00,5.672E-02,4.944E+00
36,0.000E+00,0.000E+00,2.178E-03,2.235E-03,0.000E+00,2.193E-03,3.195E-03,0.000E+00,0.000E+00,2.188E-03,1.000E-02,4.762E-01,1.775E+00,-3.853E-01,3.438E+00,1.789E+00,3.142E+00,-4.233E-03,2.569E+00,2.504E+00,8.102E-02,3.485E+00,1.719E+00,-3.333E-01,3.838E+00,1.739E+00,3.142E+00,-1.630E-03,2.716E+00,2.684E+00,2.201E-01,1.687E+00,1.692E+00,-3.250E-01,3.484E+00,1.980E+00,3.142E+00,-1.698E-03,2.668E+00,2.640E+00,1.041E-01,3.374E+00,1.811E+00,-5.025E-01,5.383E+00,1.497E+00,3.142E+00,-5.469E-03,2.608E+00,2.521E+00,5.663E-02,4.950E+00
37,0.000E+00,0.000E+00,2.239E-03,2.289E-03,0.000E+00,2.265E-03,3.285E-03,0.000E+00,0.000E+00,2.275E-03,1.034E-02,4.913E-01,1.778E+00,-3.949E-01,3.491E+00,1.787E+00,3.142E+00,-3.817E-03,2.569E+00,2.510E+00,8.051E-02,3.502E+00,1.714E+00,-3.377E-01,3.910E+00,1.753E+00,3.142E+00,-1.009E-03,2.697E+00,2.675E+00,2.191E-01,1.694E+00,1.692E+00,-3.307E-01,3.530E+00,1.982E+00,3.142E+00,-1.739E-03,2.671E+00,2.642E+00,1.038E-01,3.382E+00,1.811E+00,-5.119E-01,5.482E+00,1.505E+00,3.142E+00,-5.397E-03,2.601E+00,2.516E+00,5.653E-02,4.956E+00
38,0.000E+00,0.000E+00,2.301E-03,2.343E-03,0.000E+00,2.337E-03,3.375E-03,0.000E+00,0.000E+00,2.361E-03,1.067E-02,5.064E-01,1.781E+00,-4.046E-01,3.544E+00,1.785E+00,3.142E+00,-3.400E-03,2.569E+00,2.516E+00,7.999E-02,3.519E+00,1.709E+00,-3.420E-01,3.982E+00,1.767E+00,3.142E+00,-3.873E-04,2.677E+00,2.667E+00,2.181E-01,1.701E+00,1.692E+00,-3.364E-01,3.575E+00,1.984E+00,3.142E+00,-1.780E-03,2.673E+00,2.643E+00,1.035E-01,3.389E+00,1.810E+00,-5.212E-01,5.580E+00,1.513E+00,3.142E+00,-5.325E-03,2.594E+00,2.510E+00,5.644E-02,4.963E+00
39,0.000E+00,0.000E+00,2.362E-03,2.397E-03,0.000E+00,2.410E-03,3.465E-03,0.000E+00,0.000E+00,2.448E-03,1.100E-02,5.215E-01,1.783E+00,-4.142E-01,3.598E+00,1.784E+00,3.142E+00,-2.984E-03,2.569E+00,2.523E+00,7.947E-02,3.536E+00,1.705E+00,-3.463E-01,4.055E+00,1.782E+00,3.142E+00,2.341E-04,2.658E+00,2.658E+00,2.171E-01,1.708E+00,1.692E+00,-3.421E-01,3.621E+00,1.985E+00,3.142E+00,-1.822E-03,2.676E+00,2.645E+00,1.033E-01,3.397E+00,1.810E+00,-5.306E-01,5.679E+00,1.521E+00,3.142E+00,-5.252E-03,2.588E+00,2.505E+00,5.634E-02,4.969E+00
40,0.000E+00,0.000E+00,2.423E-03,2.451E-03,0.000E+00,2.482E-03,3.554E-03,0.000E+00,0.000E+00,2.535E-03,1.134E-02,5.366E-01,1.786E+00,-4.238E-01,3.651E+00,1.782E+00,3.142E+00,-2.568E-03,2.569E+00,2.529E+00,7.895E-02,3.553E+00,1.700E+00,-3.506E-01,4.127E+00,1.796E+00,3.142E+00,8.555E-04,2.639E+00,2.650E+00,2.160E-01,1.714E+00,1.693E+00,-3.478E-01,3.666E+00,1.987E+00,3.142E+00,-1.863E-03,2.678E+00,2.647E+00,1.030E-01,3.404E+00,1.810E+00,-5.399E-01,5.778E+00,1.530E+00,3.142E+00,-5.180E-03,2.581E+00,2.499E+00,5.625E-02,4.975E+00
41,0.000E+00,0.000E+00,2.484E-03,2.505E-03,0.000E+00,2.554E-03,3.644E-03,0.000E+00,0.000E+00,2.622E-03,1.167E-02,5.517E-01,1.789E+00,-4.334E-01,3.705E+00,1.780E+00,3.142E+00,-2.151E-03,2.569E+00,2.536E+00,7.843E-02,3.570E+00,1.695E+00,-3.549E-01,4.199E+00,1.810E+00,3.142E+00,1.477E-03,2.620E+00,2.641E+00,2.150E-01,1.721E+00,1.693E+00,-3.535E-01,3.712E+00,1.988E+00,3.142E+00,-1.904E-03,2.680E+00,2.648E+00,1.027E-01,3.412E+00,1.809E+00,-5.493E-01,5.877E+00,1.538E+00,3.142E+00,-5.108E-03,2.574E+00,2.494E+00,5.615E-02,4.982E+00
42,0.000E+00,0.000E+00,2.545E-03,2.559E-03,0.000E+00,2.626E-03,3.734E-03,0.000E+00,0.000E+00,2.709E-03,1.200E-02,5.668E-01,1.791E+00,-4.430E-01,3.758E+00,1.779E+00,3.142E+00,-1.735E-03,2.569E+00,2.542E+00,7.792E-02,3.587E+00,1.691E+00,-3.592E-01,4.271E+00,1.824E+00,3.142E+00,2.098E-03,2.601E+00,2.632E+00,2.140E-01,1.728E+00,1.693E+00,-3.592E-01,3.757E+00,1.990E+00,3.142E+00,-1.945E-03,2.683E+00,2.650E+00,1.024E-01,3.419E+00,1.809E+00,-5.586E-01,5.975E+00,1.546E+00,3.142E+00,-5.035E-03,2.567E+00,2.488E+00,5.606E-02,4.988E+00
43,0.000E+00,0.000E+00,2.606E-03,2.612E-03,0.000E+00,2.699E-03,3.824E-03,0.000E+00,0.000E+00,2.796E-03,1.234E-02,5.820E-01,1.794E+00,-4.527E-01,3.812E+00,1.777E+00,3.142E+00,-1.319E-03,2.569E+00,2.549E+00,7.740E-02,3.604E+00,1.687E+00,-3.635E-01,4.343E+00,1.839E+00,3.142E+00,2.720E-03,2.581E+00,2.624E+00,2.130E-01,1.735E+00,1.694E+00,-3.649E-01,3.803E+00,1.992E+00,3.142E+00,-1.987E-03,2.685E+00,2.652E+00,1.022E-01,3.427E+00,1.809E+00,-5.680E-01,6.074E+00,1.554E+00,3.142E+00,-4.963E-03,2.560E+00,2.482E+00,5.597E-02,4.994E+00
44,0.000E+00,0.000E+00,2.667E-03,2.666E-03,0.000E+00,2.771E-03,3.914E-03,0.000E+00,0.000E+00,2.883E-03,1.267E-02,5.971E-01,1.797E+00,-4.623E-01,3.865E+00,1.775E+00,3.142E+00,-9.023E-04,2.569E+00,2.555E+00,7.688E-02,3.621E+00,1.683E+00,-3.679E-01,4.416E+00,1.853E+00,3.142E+00,3.341E-03,2.562E+00,2.615E+00,2.120E-01,1.742E+00,1.694E+00,-3.706E-01,3.848E+00,1.993E+00,3.142E+00,-2.028E-03,2.688E+00,2.654E+00,1.019E-01,3.434E+00,1.809E+00,-5.773E-01,6.173E+00,1.563E+00,3.142E+00,-4.891E-03,2.553E+00,2.477E+00,5.587E-02,5.000E+00
45,0.000E+00,0.000E+00,2.728E-03,2.720E-03,0.000E+00,2.843E-03,4.004E-03,0.000E+00,0.000E+00,2.970E-03,1.300E-02,6.122E-01,1.799E+00,-4.719E-01,3.919E+00,1.774E+00,3.142E+00,-4.860E-04,2.569E+00,2.562E+00,7.636E-02,3.638E+00,1.678E+00,-3.722E-01,4.488E+00,1.867E+00,3.142E+00,3.962E-03,2.543E+00,2.607E+00,2.110E-01,1.748E+00,1.695E+00,-3.763E-01,3.894E+00,1.995E+00,3.142E+00,-2.069E-03,2.690E+00,2.655E+00,1.016E-01,3.442E+00,1.808E+00,-5.867E-01,6.272E+00,1.571E+00,3.142E+00,-4.818E-03,2.546E+00,2.471E+00,5.578E-02,5.007E+00
46,0.000E+00,0.000E+00,2.896E-03,2.833E-03,0.000E+00,2.998E-03,4.197E-03,0.000E+00,0.000E+00,3.157E-03,1.366E-02,6.444E-01,1.739E+00,-5.415E-01,6.262E+00,1.736E+00,3.142E+00,-1.739E-03,2.611E+00,2.582E+00,7.688E-02,3.620E+00,1.663E+00,-3.578E-01,4.182E+00,1.994E+00,3.142E+00,2.233E-03,2.585E+00,2.620E+00,2.094E-01,1.760E+00,1.689E+00,-3.692E-01,3.748E+00,2.056E+00,3.142E+00,-2.170E-03,2.694E+00,2.657E+00,1.010E-01,3.460E+00,1.796E+00,-6.239E-01,7.620E+00,1.544E+00,3.142E+00,-5.409E-03,2.566E+00,2.482E+00,5.509E-02,5.055E+00
47,0.000E+00,0.000E+00,3.064E-03,2.946E-03,0.000E+00,3.152E-03,4.390E-03,0.000E+00,0.000E+00,3.345E-03,1.431E-02,6.767E-01,1.720E+00,-6.112E-01,8.606E+00,1.698E+00,3.142E+00,-2.992E-03,2.652E+00,2.601E+00,7.740E-02,3.602E+00,1.650E+00,-3.434E-01,3.876E+00,2.120E+00,3.142E+00,5.028E-04,2.626E+00,2.633E+00,2.078E-01,1.771E+00,1.684E+00,-3.621E-01,3.603E+00,2.117E+00,3.142E+00,-2.270E-03,2.697E+00,2.659E+00,1.004E-01,3.478E+00,1.792E+00,-6.612E-01,8.969E+00,1.516E+00,3.142E+00,-5.999E-03,2.586E+00,2.492E+00,5.440E-02,5.104E+00
48,0.000E+00,0.000E+00,3.232E-03,3.058E-03,0.000E+00,3.307E-03,4.583E-03,0.000E+00,0.000E+00,3.533E-03,1.497E-02,7.090E-01,1.723E+00,-6.808E-01,1.095E+01,1.661E+00,3.142E+00,-4.245E-03,2.693E+00,2.621E+00,7.791E-02,3.584E+00,1.642E+00,-3.291E-01,3.570E+00,2.246E+00,3.142E+00,-1.227E-03,2.668E+00,2.647E+00,2.063E-01,1.783E+00,1.680E+00,-3.549E-01,3.457E+00,2.179E+00,3.142E+00,-2.371E-03,2.701E+00,2.661E+00,9.975E-02,3.496E+00,1.794E+00,-6.985E-01,1.032E+01,1.489E+00,3.142E+00,-6.590E-03,2.606E+00,2.502E+00,5.371E-02,5.152E+00
49,0.000E+00,0.000E+00,3.316E-03,3.115E-03,0.000E+00,3.384E-03,4.679E-03,0.000E+00,0.000E+00,3.627E-03,1.529E-02,7.252E-01,1.729E+00,-7.156E-01,1.212E+01,1.642E+00,3.142E+00,-4.872E-03,2.713E+00,2.631E+00,7.817E-02,3.575E+00,1.639E+00,-3.219E-01,3.417E+00,2.309E+00,3.142E+00,-2.092E-03,2.689E+00,2.653E+00,2.055E-01,1.788E+00,1.678E+00,-3.513E-01,3.384E+00,2.209E+00,3.142E+00,-2.421E-03,2.703E+00,2.662E+00,9.944E-02,3.505E+00,1.797E+00,-7.171E-01,1.099E+01,1.476E+00,3.142E+00,-6.885E-03,2.616E+00,2.507E+00,5.336E-02,5.176E+00
50,0.000E+00,0.000E+00,3.400E-03,3.171E-03,0.000E+00,3.462E-03,4.776E-03,0.000E+00,0.000E+00,3.721E-03,1.562E-02,7.413E-01,1.737E+00,-7.504E-01,1.329E+01,1.623E+00,3.142E+00,-5.498E-03,2.734E+00,2.641E+00,7.843E-02,3.566E+00,1.637E+00,-3.147E-01,3.264E+00,2.372E+00,3.142E+00,-2.957E-03,2.710E+00,2.660E+00,2.047E-01,1.794E+00,1.676E+00,-3.478E-01,3.311E+00,2.240E+00,3.142E+00,-2.471E-03,2.705E+00,2.663E+00,9.913E-02,3.514E+00,1.801E+00,-7.358E-01,1.167E+01,1.462E+00,3.142E+00,-7.180E-03,2.627E+00,2.512E+00,5.302E-02,5.201E+00
51,0.000E+00,0.000E+00,3.635E-03,3.236E-03,0.000E+00,3.683E-03,5.062E-03,0.000E+00,0.000E+00,4.095E-03,1.672E-02,7.904E-01,1.716E+00,-7.605E-01,1.408E+01,1.680E+00,3.142E+00,-4.936E-03,2.718E+00,2.635E+00,7.760E-02,3.596E+00,1.620E+00,-3.383E-01,3.759E+00,2.337E+00,3.142E+00,-3.082E-03,2.713E+00,2.661E+00,2.055E-01,1.788E+00,1.654E+00,-3.704E-01,3.838E+00,2.226E+00,3.142E+00,-2.473E-03,2.704E+00,2.663E+00,9.935E-02,3.508E+00,1.777E+00,-7.439E-01,1.201E+01,1.538E+00,3.142E+00,-6.395E-03,2.622E+00,2.520E+00,5.287E-02,5.211E+00
52,0.000E+00,0.000E+00,3.870E-03,3.301E-03,0.000E+00,3.905E-03,5.348E-03,0.000E+00,0.000E+00,4.470E-03,1.782E-02,8.396E-01,1.697E+00,-7.706E-01,1.486E+01,1.737E+00,3.142E+00,-4.374E-03,2.702E+00,2.628E+00,7.677E-02,3.627E+00,1.608E+00,-3.620E-01,4.254E+00,2.302E+00,3.142E+00,-3.207E-03,2.715E+00,2.661E+00,2.063E-01,1.783E+00,1.637E+00,-3.930E-01,4.364E+00,2.211E+00,3.142E+00,-2.475E-03,2.704E+00,2.662E+00,9.957E-02,3.501E+00,1.754E+00,-7.520E-01,1.236E+01,1.613E+00,3.142E+00,-5.610E-03,2.617E+00,2.528E+00,5.273E-02,5.222E+00
53,0.000E+00,0.000E+00,4.105E-03,3.367E-03,0.000E+00,4.127E-03,5.635E-03,0.000E+00,0.000E+00,4.844E-03,1.893E-02,8.887E-01,1.679E+00,-7.807E-01,1.565E+01,1.793E+00,3.142E+00,-3.811E-03,2.686E+00,2.622E+00,7.594E-02,3.657E+00,1.600E+00,-3.856E-01,4.749E+00,2.268E+00,3.142E+00,-3.333E-03,2.718E+00,2.662E+00,2.070E-01,1.777E+00,1.625E+00,-4.156E-01,4.890E+00,2.196E+00,3.142E+00,-2.476E-03,2.703E+00,2.661E+00,9.980E-02,3.495E+00,1.733E+00,-7.601E-01,1.270E+01,1.689E+00,3.142E+00,-4.825E-03,2.613E+00,2.536E+00,5.259E-02,5.233E+00
54,0.000E+00,0.000E+00,4.222E-03,3.399E-03,0.000E+00,4.238E-03,5.778E-03,0.000E+00,0.000E+00,5.031E-03,1.948E-02,9.133E-01,1.670E+00,-7.858E-01,1.604E+01,1.822E+00,3.142E+00,-3.530E-03,2.678E+00,2.619E+00,7.553E-02,3.672E+00,1.598E+00,-3.974E-01,4.997E+00,2.250E+00,3.142E+00,-3.395E-03,2.719E+00,2.662E+00,2.074E-01,1.774E+00,1.620E+00,-4.269E-01,5.153E+00,2.189E+00,3.142E+00,-2.477E-03,2.703E+00,2.661E+00,9.991E-02,3.491E+00,1.723E+00,-7.641E-01,1.287E+01,1.726E+00,3.142E+00,-4.433E-03,2.610E+00,2.540E+00,5.252E-02,5.238E+00
55,0.000E+00,0.000E+00,4.339E-03,3.432E-03,0.000E+00,4.349E-03,5.921E-03,0.000E+00,0.000E+00,5.218E-03,2.003E-02,9.379E-01,1.661E+00,-7.908E-01,1.643E+01,1.850E+00,3.142E+00,-3.249E-03,2.670E+00,2.616E+00,7.512E-02,3.688E+00,1.596E+00,-4.092E-01,5.245E+00,2.233E+00,3.142E+00,-3.458E-03,2.720E+00,2.662E+00,2.078E-01,1.771E+00,1.616E+00,-4.382E-01,5.416E+00,2.182E+00,3.142E+00,-2.478E-03,2.703E+00,2.661E+00,1.000E-01,3.488E+00,1.712E+00,-7.682E-01,1.304E+01,1.764E+00,3.142E+00,-4.040E-03,2.608E+00,2.544E+00,5.244E-02,5.243E+00
56,0.000E+00,0.000E+00,4.574E-03,3.497E-03,0.000E+00,4.571E-03,6.207E-03,0.000E+00,0.000E+00,5.592E-03,2.113E-02,9.870E-01,1.645E+00,-8.009E-01,1.721E+01,1.907E+00,3.142E+00,-2.687E-03,2.654E+00,2.609E+00,7.429E-02,3.718E+00,1.595E+00,-4.328E-01,5.740E+00,2.198E+00,3.142E+00,-3.583E-03,2.723E+00,2.662E+00,2.086E-01,1.766E+00,1.610E+00,-4.608E-01,5.943E+00,2.167E+00,3.142E+00,-2.480E-03,2.702E+00,2.660E+00,1.002E-01,3.482E+00,1.693E+00,-7.763E-01,1.339E+01,1.840E+00,3.142E+00,-3.255E-03,2.603E+00,2.551E+00,5.230E-02,5.254E+00
57,0.000E+00,0.000E+00,4.809E-03,3.562E-03,0.000E+00,4.792E-03,6.494E-03,0.000E+00,0.000E+00,5.966E-03,2.223E-02,1.036E+00,1.629E+00,-8.110E-01,1.800E+01,1.964E+00,3.142E+00,-2.124E-03,2.638E+00,2.603E+00,7.346E-02,3.749E+00,1.596E+00,-4.564E-01,6.235E+00,2.163E+00,3.142E+00,-3.709E-03,2.726E+00,2.663E+00,2.094E-01,1.760E+00,1.607E+00,-4.834E-01,6.469E+00,2.153E+00,3.142E+00,-2.482E-03,2.702E+00,2.660E+00,1.005E-01,3.475E+00,1.674E+00,-7.844E-01,1.373E+01,1.915E+00,3.142E+00,-2.470E-03,2.599E+00,2.559E+00,5.216E-02,5.265E+00
58,0.000E+00,0.000E+00,5.044E-03,3.627E-03,0.000E+00,5.014E-03,6.780E-03,0.000E+00,0.000E+00,6.341E-03,2.333E-02,1.085E+00,1.614E+00,-8.211E-01,1.878E+01,2.021E+00,3.142E+00,-1.562E-03,2.623E+00,2.597E+00,7.263E-02,3.779E+00,1.599E+00,-4.801E-01,6.730E+00,2.128E+00,3.142E+00,-3.834E-03,2.728E+00,2.663E+00,2.101E-01,1.754E+00,1.605E+00,-5.060E-01,6.995E+00,2.138E+00,3.142E+00,-2.483E-03,2.701E+00,2.659E+00,1.007E-01,3.469E+00,1.656E+00,-7.925E-01,1.408E+01,1.991E+00,3.142E+00,-1.685E-03,2.594E+00,2.567E+00,5.202E-02,5.275E+00
59,0.000E+00,0.000E+00,5.161E-03,3.660E-03,0.000E+00,5.125E-03,6.923E-03,0.000E+00,0.000E+00,6.528E-03,2.388E-02,1.110E+00,1.607E+00,-8.262E-01,1.917E+01,2.049E+00,3.142E+00,-1.281E-03,2.615E+00,2.594E+00,7.221E-02,3.794E+00,1.601E+00,-4.919E-01,6.978E+00,2.111E+00,3.142E+00,-3.896E-03,2.729E+00,2.664E+00,2.105E-01,1.752E+00,1.605E+00,-5.173E-01,7.258E+00,2.131E+00,3.142E+00,-2.484E-03,2.701E+00,2.659E+00,1.008E-01,3.465E+00,1.648E+00,-7.965E-01,1.425E+01,2.028E+00,3.142E+00,-1.292E-03,2.592E+00,2.571E+00,5.194E-02,5.281E+00
60,0.000E+00,0.000E+00,5.279E-03,3.692E-03,0.000E+00,5.236E-03,7.066E-03,0.000E+00,0.000E+00,6.715E-03,2.443E-02,1.134E+00,1.600E+00,-8.312E-01,1.957E+01,2.078E+00,3.142E+00,-9.999E-04,2.607E+00,2.590E+00,7.180E-02,3.810E+00,1.604E+00,-5.037E-01,7.225E+00,2.093E+00,3.142E+00,-3.959E-03,2.731E+00,2.664E+00,2.109E-01,1.749E+00,1.605E+00,-5.286E-01,7.521E+00,2.124E+00,3.142E+00,-2.485E-03,2.700E+00,2.659E+00,1.009E-01,3.462E+00,1.639E+00,-8.006E-01,1.442E+01,2.066E+00,3.142E+00,-8.999E-04,2.589E+00,2.575E+00,5.187E-02,5.286E+00
61,0.000E+00,0.000E+00,5.609E-03,3.807E-03,0.000E+00,5.602E-03,7.373E-03,0.000E+00,0.000E+00,7.361E-03,2.632E-02,1.214E+00,1.578E+00,-8.243E-01,1.989E+01,2.145E+00,3.142E+00,-1.354E-03,2.612E+00,2.590E+00,7.215E-02,3.796E+00,1.592E+00,-5.252E-01,8.368E+00,2.049E+00,3.142E+00,-1.950E-03,2.660E+00,2.625E+00,2.081E-01,1.770E+00,1.588E+00,-5.592E-01,9.259E+00,2.064E+00,3.142E+00,-2.155E-03,2.698E+00,2.662E+00,9.995E-02,3.491E+00,1.621E+00,-8.088E-01,1.541E+01,2.115E+00,3.142E+00,-2.249E-03,2.634E+00,2.596E+00,5.066E-02,5.385E+00
62,0.000E+00,0.000E+00,5.939E-03,3.923E-03,0.000E+00,5.969E-03,7.679E-03,0.000E+00,0.000E+00,8.007E-03,2.820E-02,1.293E+00,1.558E+00,-8.173E-01,2.021E+01,2.212E+00,3.142E+00,-1.708E-03,2.617E+00,2.590E+00,7.250E-02,3.782E+00,1.586E+00,-5.467E-01,9.510E+00,2.005E+00,3.142E+00,5.911E-05,2.589E+00,2.587E+00,2.053E-01,1.791E+00,1.582E+00,-5.897E-01,1.100E+01,2.005E+00,3.142E+00,-1.826E-03,2.696E+00,2.665E+00,9.898E-02,3.519E+00,1.604E+00,-8.171E-01,1.640E+01,2.163E+00,3.142E+00,-3.598E-03,2.679E+00,2.618E+00,4.946E-02,5.485E+00
63,0.000E+00,0.000E+00,6.270E-03,4.038E-03,0.000E+00,6.335E-03,7.985E-03,0.000E+00,0.000E+00,8.653E-03,3.009E-02,1.372E+00,1.538E+00,-8.104E-01,2.053E+01,2.279E+00,3.142E+00,-2.062E-03,2.623E+00,2.589E+00,7.286E-02,3.769E+00,1.584E+00,-5.682E-01,1.065E+01,1.960E+00,3.142E+00,2.068E-03,2.518E+00,2.548E+00,2.025E-01,1.811E+00,1.583E+00,-6.202E-01,1.273E+01,1.946E+00,3.142E+00,-1.497E-03,2.694E+00,2.669E+00,9.802E-02,3.548E+00,1.588E+00,-8.253E-01,1.739E+01,2.212E+00,3.142E+00,-4.947E-03,2.724E+00,2.640E+00,4.825E-02,5.584E+00
64,0.000E+00,0.000E+00,6.435E-03,4.096E-03,0.000E+00,6.518E-03,8.138E-03,0.000E+00,0.000E+00,8.976E-03,3.103E-02,1.411E+00,1.528E+00,-8.069E-01,2.069E+01,2.312E+00,3.142E+00,-2.240E-03,2.625E+00,2.589E+00,7.303E-02,3.762E+00,1.584E+00,-5.790E-01,1.122E+01,1.938E+00,3.142E+00,3.073E-03,2.483E+00,2.529E+00,2.011E-01,1.822E+00,1.586E+00,-6.355E-01,1.360E+01,1.916E+00,3.142E+00,-1.332E-03,2.693E+00,2.671E+00,9.754E-02,3.562E+00,1.580E+00,-8.294E-01,1.789E+01,2.236E+00,3.142E+00,-5.622E-03,2.747E+00,2.651E+00,4.764E-02,5.634E+00
65,0.000E+00,0.000E+00,6.600E-03,4.153E-03,0.000E+00,6.702E-03,8.291E-03,0.000E+00,0.000E+00,9.299E-03,3.198E-02,1.451E+00,1.518E+00,-8.034E-01,2.085E+01,2.346E+00,3.142E+00,-2.417E-03,2.628E+00,2.589E+00,7.321E-02,3.755E+00,1.585E+00,-5.897E-01,1.180E+01,1.916E+00,3.142E+00,4.077E-03,2.447E+00,2.509E+00,1.998E-01,1.832E+00,1.590E+00,-6.508E-01,1.447E+01,1.886E+00,3.142E+00,-1.167E-03,2.692E+00,2.672E+00,9.706E-02,3.577E+00,1.573E+00,-8.335E-01,1.838E+01,2.260E+00,3.142E+00,-6.297E-03,2.769E+00,2.662E+00,4.704E-02,5.684E+00
66,0.000E+00,0.000E+00,7.156E-03,4.322E-03,0.000E+00,7.217E-03,8.988E-03,0.000E+00,0.000E+00,1.014E-02,3.433E-02,1.562E+00,1.469E+00,-8.200E-01,2.581E+01,2.461E+00,3.142E+00,-1.297E-03,2.609E+00,2.587E+00,7.105E-02,3.846E+00,1.537E+00,-6.094E-01,1.464E+01,1.991E+00,3.142E+00,5.280E-03,2.422E+00,2.502E+00,1.999E-01,1.831E+00,1.560E+00,-6.563E-01,1.587E+01,1.955E+00,3.142E+00,-2.166E-04,2.645E+00,2.640E+00,9.603E-02,3.610E+00,1.530E+00,-8.492E-01,2.259E+01,2.342E+00,3.142E+00,-4.786E-03,2.707E+00,2.625E+00,4.719E-02,5.670E+00
67,0.000E+00,0.000E+00,7.712E-03,4.491E-03,0.000E+00,7.732E-03,9.685E-03,0.000E+00,0.000E+00,1.098E-02,3.669E-02,1.674E+00,1.430E+00,-8.366E-01,3.078E+01,2.576E+00,3.142E+00,-1.780E-04,2.589E+00,2.586E+00,6.889E-02,3.938E+00,1.499E+00,-6.290E-01,1.749E+01,2.066E+00,3.142E+00,6.483E-03,2.397E+00,2.495E+00,2.001E-01,1.830E+00,1.532E+00,-6.619E-01,1.726E+01,2.023E+00,3.142E+00,7.341E-04,2.597E+00,2.608E+00,9.500E-02,3.642E+00,1.495E+00,-8.648E-01,2.680E+01,2.423E+00,3.142E+00,-3.276E-03,2.644E+00,2.588E+00,4.734E-02,5.657E+00
68,0.000E+00,0.000E+00,8.268E-03,4.659E-03,0.000E+00,8.247E-03,1.038E-02,0.000E+00,0.000E+00,1.182E-02,3.905E-02,1.785E+00,1.396E+00,-8.533E-01,3.574E+01,2.691E+00,3.142E+00,9.413E-04,2.570E+00,2.585E+00,6.673E-02,4.029E+00,1.468E+00,-6.487E-01,2.034E+01,2.141E+00,3.142E+00,7.685E-03,2.372E+00,2.487E+00,2.002E-01,1.829E+00,1.506E+00,-6.675E-01,1.865E+01,2.092E+00,3.142E+00,1.685E-03,2.550E+00,2.576E+00,9.397E-02,3.675E+00,1.465E+00,-8.804E-01,3.101E+01,2.504E+00,3.142E+00,-1.765E-03,2.581E+00,2.551E+00,4.749E-02,5.644E+00
69,0.000E+00,0.000E+00,8.546E-03,4.744E-03,0.000E+00,8.505E-03,1.073E-02,0.000E+00,0.000E+00,1.224E-02,4.023E-02,1.841E+00,1.381E+00,-8.616E-01,3.822E+01,2.749E+00,3.142E+00,1.501E-03,2.560E+00,2.584E+00,6.565E-02,4.075E+00,1.454E+00,-6.585E-01,2.177E+01,2.178E+00,3.142E+00,8.287E-03,2.360E+00,2.483E+00,2.003E-01,1.828E+00,1.494E+00,-6.703E-01,1.935E+01,2.126E+00,3.142E+00,2.160E-03,2.526E+00,2.560E+00,9.346E-02,3.692E+00,1.452E+00,-8.883E-01,3.312E+01,2.545E+00,3.142E+00,-1.010E-03,2.550E+00,2.533E+00,4.756E-02,5.638E+00
70,0.000E+00,0.000E+00,8.823E-03,4.828E-03,0.000E+00,8.763E-03,1.108E-02,0.000E+00,0.000E+00,1.266E-02,4.141E-02,1.897E+00,1.368E+00,-8.699E-01,4.071E+01,2.806E+00,3.142E+00,2.061E-03,2.551E+00,2.583E+00,6.457E-02,4.121E+00,1.442E+00,-6.683E-01,2.319E+01,2.216E+00,3.142E+00,8.888E-03,2.347E+00,2.480E+00,2.004E-01,1.827E+00,1.482E+00,-6.730E-01,2.004E+01,2.160E+00,3.142E+00,2.635E-03,2.503E+00,2.544E+00,9.294E-02,3.708E+00,1.440E+00,-8.961E-01,3.522E+01,2.586E+00,3.142E+00,-2.545E-04,2.518E+00,2.515E+00,4.764E-02,5.631E+00
71,0.000E+00,0.000E+00,9.303E-03,4.834E-03,0.000E+00,9.277E-03,1.152E-02,0.000E+00,3.906E-07,1.374E-02,4.422E-02,2.011E+00,1.365E+00,-8.467E-01,3.544E+01,2.872E+00,3.142E+00,-7.072E-04,2.619E+00,2.607E+00,6.779E-02,3.981E+00,1.423E+00,-6.401E-01,2.066E+01,2.334E+00,3.142E+00,5.424E-03,2.408E+00,2.489E+00,2.027E-01,1.810E+00,1.458E+00,-6.579E-01,1.904E+01,2.288E+00,3.142E+00,2.864E-03,2.507E+00,2.552E+00,9.436E-02,3.662E+00,1.417E+00,-8.893E-01,3.589E+01,2.681E+00,3.142E+00,9.420E-05,2.508E+00,2.510E+00,4.637E-02,5.746E+00
72,0.000E+00,0.000E+00,9.782E-03,4.839E-03,0.000E+00,9.791E-03,1.196E-02,0.000E+00,7.812E-07,1.483E-02,4.703E-02,2.126E+00,1.368E+00,-8.236E-01,3.017E+01,2.937E+00,3.142E+00,-3.475E-03,2.688E+00,2.630E+00,7.102E-02,3.841E+00,1.409E+00,-6.118E-01,1.813E+01,2.453E+00,3.142E+00,1.961E-03,2.469E+00,2.499E+00,2.049E-01,1.792E+00,1.436E+00,-6.427E-01,1.804E+01,2.415E+00,3.142E+00,3.092E-03,2.511E+00,2.560E+00,9.578E-02,3.616E+00,1.395E+00,-8.826E-01,3.656E+01,2.777E+00,3.142E+00,4.429E-04,2.498E+00,2.505E+00,4.511E-02,5.861E+00
73,0.000E+00,0.000E+00,1.038E-02,5.025E-03,0.000E+00,1.036E-02,1.261E-02,0.000E+00,3.906E-07,1.583E-02,4.981E-02,2.252E+00,1.313E+00,-8.127E-01,2.971E+01,3.320E+00,3.142E+00,-3.902E-03,2.687E+00,2.622E+00,7.023E-02,3.873E+00,1.400E+00,-5.954E-01,1.701E+01,2.525E+00,3.142E+00,-6.435E-04,2.532E+00,2.521E+00,2.058E-01,1.786E+00,1.421E+00,-6.306E-01,1.741E+01,2.502E+00,3.142E+00,2.431E-03,2.511E+00,2.549E+00,9.501E-02,3.641E+00,1.362E+00,-8.648E-01,3.483E+01,2.980E+00,3.142E+00,3.153E-03,2.439E+00,2.486E+00,4.552E-02,5.823E+00
74,0.000E+00,0.000E+00,1.098E-02,5.210E-03,0.000E+00,1.093E-02,1.326E-02,0.000E+00,0.000E+00,1.683E-02,5.260E-02,2.378E+00,1.266E+00,-8.018E-01,2.925E+01,3.702E+00,3.142E+00,-4.329E-03,2.685E+00,2.613E+00,6.943E-02,3.906E+00,1.391E+00,-5.789E-01,1.589E+01,2.596E+00,3.142E+00,-3.248E-03,2.594E+00,2.542E+00,2.066E-01,1.780E+00,1.406E+00,-6.186E-01,1.678E+01,2.590E+00,3.142E+00,1.770E-03,2.512E+00,2.539E+00,9.424E-02,3.666E+00,1.332E+00,-8.470E-01,3.310E+01,3.183E+00,3.142E+00,5.862E-03,2.379E+00,2.467E+00,4.592E-02,5.785E+00
75,0.000E+00,0.000E+00,1.162E-02,5.044E-03,0.000E+00,1.164E-02,1.396E-02,0.000E+00,3.906E-07,1.833E-02,5.592E-02,2.524E+00,1.229E+00,-8.023E-01,3.013E+01,4.017E+00,3.142E+00,-2.465E-04,2.601E+00,2.596E+00,6.969E-02,3.895E+00,1.356E+00,-5.610E-01,1.531E+01,2.818E+00,3.142E+00,2.943E-03,2.377E+00,2.412E+00,2.074E-01,1.774E+00,1.370E+00,-6.033E-01,1.610E+01,2.829E+00,3.142E+00,3.837E-03,2.449E+00,2.507E+00,9.435E-02,3.662E+00,1.309E+00,-8.383E-01,3.205E+01,3.367E+00,3.142E+00,4.604E-03,2.367E+00,2.434E+00,4.674E-02,5.711E+00
76,0.000E+00,0.000E+00,1.227E-02,4.877E-03,0.000E+00,1.236E-02,1.466E-02,0.000E+00,7.812E-07,1.983E-02,5.923E-02,2.670E+00,1.196E+00,-8.028E-01,3.101E+01,4.331E+00,3.142E+00,3.836E-03,2.517E+00,2.578E+00,6.995E-02,3.884E+00,1.324E+00,-5.431E-01,1.472E+01,3.040E+00,3.142E+00,9.134E-03,2.160E+00,2.282E+00,2.082E-01,1.769E+00,1.338E+00,-5.879E-01,1.541E+01,3.069E+00,3.142E+00,5.905E-03,2.387E+00,2.476E+00,9.447E-02,3.658E+00,1.288E+00,-8.296E-01,3.101E+01,3.550E+00,3.142E+00,3.345E-03,2.354E+00,2.402E+00,4.756E-02,5.638E+00
77,0.000E+00,0.000E+00,1.298E-02,4.998E-03,0.000E+00,1.302E-02,1.535E-02,0.000E+00,3.906E-07,2.109E-02,6.270E-02,2.819E+00,1.175E+00,-7.833E-01,3.006E+01,4.525E+00,3.142E+00,5.256E-03,2.399E+00,2.477E+00,6.734E-02,3.999E+00,1.278E+00,-5.249E-01,1.433E+01,3.389E+00,3.142E+00,7.612E-03,2.174E+00,2.275E+00,2.067E-01,1.779E+00,1.291E+00,-5.788E-01,1.557E+01,3.409E+00,3.142E+00,4.076E-03,2.374E+00,2.435E+00,9.352E-02,3.689E+00,1.228E+00,-8.066E-01,2.834E+01,4.159E+00,3.142E+00,6.935E-03,2.256E+00,2.351E+00,4.568E-02,5.813E+00
78,0.000E+00,0.000E+00,1.370E-02,5.119E-03,0.000E+00,1.368E-02,1.605E-02,0.000E+00,0.000E+00,2.235E-02,6.616E-02,2.968E+00,1.155E+00,-7.638E-01,2.911E+01,4.719E+00,3.142E+00,6.676E-03,2.282E+00,2.376E+00,6.473E-02,4.113E+00,1.238E+00,-5.068E-01,1.394E+01,3.738E+00,3.142E+00,6.089E-03,2.187E+00,2.268E+00,2.052E-01,1.790E+00,1.249E+00,-5.697E-01,1.573E+01,3.750E+00,3.142E+00,2.247E-03,2.361E+00,2.394E+00,9.258E-02,3.720E+00,1.182E+00,-7.835E-01,2.567E+01,4.769E+00,3.142E+00,1.053E-02,2.158E+00,2.300E+00,4.381E-02,5.988E+00
79,0.000E+00,0.000E+00,1.429E-02,4.679E-03,0.000E+00,1.427E-02,1.660E-02,0.000E+00,7.812E-07,2.393E-02,6.917E-02,3.095E+00,1.102E+00,-7.458E-01,2.699E+01,5.549E+00,3.142E+00,1.262E-02,2.195E+00,2.369E+00,6.333E-02,4.181E+00,1.174E+00,-5.031E-01,1.446E+01,4.392E+00,3.142E+00,2.104E-02,1.981E+00,2.236E+00,2.147E-01,1.725E+00,1.224E+00,-5.615E-01,1.514E+01,4.055E+00,3.142E+00,1.331E-02,2.176E+00,2.351E+00,9.131E-02,3.764E+00,1.140E+00,-7.793E-01,2.657E+01,5.243E+00,3.142E+00,1.662E-02,2.095E+00,2.315E+00,4.267E-02,6.106E+00
80,0.000E+00,0.000E+00,1.489E-02,4.240E-03,0.000E+00,1.485E-02,1.714E-02,0.000E+00,1.562E-06,2.552E-02,7.217E-02,3.222E+00,1.061E+00,-7.278E-01,2.487E+01,6.379E+00,3.142E+00,1.857E-02,2.109E+00,2.362E+00,6.192E-02,4.249E+00,1.119E+00,-4.994E-01,1.498E+01,5.047E+00,3.142E+00,3.598E-02,1.775E+00,2.203E+00,2.242E-01,1.659E+00,1.203E+00,-5.533E-01,1.454E+01,4.359E+00,3.142E+00,2.437E-02,1.991E+00,2.308E+00,9.004E-02,3.807E+00,1.102E+00,-7.751E-01,2.746E+01,5.717E+00,3.142E+00,2.271E-02,2.031E+00,2.331E+00,4.153E-02,6.225E+00
81,0.000E+00,0.000E+00,1.503E-02,3.742E-03,0.000E+00,1.501E-02,1.694E-02,0.000E+00,7.812E-07,2.636E-02,7.338E-02,3.257E+00,9.798E-01,-7.015E-01,2.201E+01,8.647E+00,3.142E+00,2.179E-02,2.038E+00,2.325E+00,5.998E-02,4.352E+00,1.092E+00,-4.631E-01,1.304E+01,5.684E+00,3.142E+00,3.625E-02,1.715E+00,2.130E+00,2.079E-01,1.779E+00,1.157E+00,-5.415E-01,1.420E+01,4.975E+00,3.142E+00,3.625E-02,1.805E+00,2.234E+00,8.795E-02,3.884E+00,1.021E+00,-7.590E-01,2.572E+01,7.424E+00,3.142E+00,2.945E-02,1.889E+00,2.251E+00,3.933E-02,6.487E+00
82,0.000E+00,0.000E+00,1.517E-02,3.245E-03,0.000E+00,1.516E-02,1.673E-02,0.000E+00,0.000E+00,2.720E-02,7.459E-02,3.293E+00,9.327E-01,-6.752E-01,1.916E+01,1.092E+01,3.142E+00,2.500E-02,1.968E+00,2.289E+00,5.805E-02,4.454E+00,1.077E+00,-4.268E-01,1.109E+01,6.321E+00,3.142E+00,3.651E-02,1.655E+00,2.057E+00,1.917E-01,1.898E+00,1.119E+00,-5.297E-01,1.385E+01,5.591E+00,3.142E+00,4.814E-02,1.618E+00,2.161E+00,8.586E-02,3.960E+00,9.660E-01,-7.430E-01,2.397E+01,9.131E+00,3.142E+00,3.618E-02,1.747E+00,2.171E+00,3.712E-02,6.749E+00
83,0.000E+00,0.000E+00,1.415E-02,2.604E-03,0.000E+00,1.415E-02,1.551E-02,0.000E+00,0.000E+00,2.576E-02,6.956E-02,3.069E+00,8.321E-01,-6.502E-01,1.727E+01,1.785E+01,3.142E+00,5.700E-02,1.621E+00,2.228E+00,5.429E-02,4.687E+00,9.663E-01,-4.191E-01,1.170E+01,9.094E+00,3.142E+00,6.276E-02,1.384E+00,1.982E+00,1.831E-01,1.977E+00,1.040E+00,-5.117E-01,1.284E+01,7.536E+00,3.142E+00,6.857E-02,1.397E+00,2.090E+00,8.293E-02,4.079E+00,8.663E-01,-7.074E-01,2.076E+01,1.420E+01,3.142E+00,6.260E-02,1.488E+00,2.138E+00,3.431E-02,7.164E+00
84,0.000E+00,0.000E+00,1.313E-02,1.962E-03,0.000E+00,1.314E-02,1.428E-02,0.000E+00,0.000E+00,2.432E-02,6.453E-02,2.845E+00,7.858E-01,-6.251E-01,1.539E+01,2.478E+01,3.142E+00,8.901E-02,1.274E+00,2.168E+00,5.053E-02,4.920E+00,8.910E-01,-4.113E-01,1.231E+01,1.187E+01,3.142E+00,8.901E-02,1.114E+00,1.907E+00,1.746E-01,2.055E+00,9.891E-01,-4.937E-01,1.182E+01,9.481E+00,3.142E+00,8.901E-02,1.176E+00,2.020E+00,8.000E-02,4.198E+00,8.212E-01,-6.719E-01,1.754E+01,1.927E+01,3.142E+00,8.901E-02,1.230E+00,2.104E+00,3.150E-02,7.579E+00
85,0.000E+00,0.000E+00,9.594E-03,1.202E-03,0.000E+00,9.596E-03,1.034E-02,0.000E+00,0.000E+00,1.800E-02,4.722E-02,2.078E+00,7.471E-01,-6.054E-01,1.277E+01,3.956E+01,3.142E+00,8.901E-02,1.215E+00,2.059E+00,4.258E-02,5.656E+00,8.317E-01,-3.797E-01,9.834E+00,1.947E+01,3.142E+00,8.901E-02,9.457E-01,1.622E+00,1.598E-01,2.229E+00,9.141E-01,-4.722E-01,1.037E+01,1.447E+01,3.142E+00,0.000E+00,0.000E+00,0.000E+00,7.634E-02,4.369E+00,7.245E-01,-6.346E-01,1.412E+01,4.256E+01,3.142E+00,8.901E-02,1.134E+00,1.914E+00,2.733E-02,8.465E+00
86,0.000E+00,0.000E+00,6.061E-03,4.422E-04,0.000E+00,6.050E-03,6.398E-03,0.000E+00,0.000E+00,1.168E-02,2.990E-02,1.311E+00,7.520E-01,-5.857E-01,1.015E+01,5.434E+01,3.142E+00,8.901E-02,1.156E+00,1.950E+00,3.464E-02,6.392E+00,8.363E-01,-3.481E-01,7.355E+00,2.707E+01,3.142E+00,8.901E-02,7.774E-01,1.337E+00,1.451E-01,2.403E+00,8.843E-01,-4.506E-01,8.911E+00,1.945E+01,3.142E+00,0.000E+00,0.000E+00,0.000E+00,7.268E-02,4.541E+00,7.220E-01,-5.974E-01,1.071E+01,6.584E+01,3.142E+00,8.901E-02,1.038E+00,1.725E+00,2.316E-02,9.350E+00
87,0.000E+00,0.000E+00,3.087E-03,2.211E-04,0.000E+00,3.094E-03,3.266E-03,4.453E-05,3.945E-05,5.952E-03,1.528E-02,6.708E-01,7.877E-01,-6.891E-01,1.193E+01,3.831E+01,3.142E+00,0.000E+00,0.000E+00,0.000E+00,2.864E-02,7.413E+00,8.908E-01,-5.275E-01,1.062E+01,1.774E+01,3.142E+00,-1.774E-01,4.175E+00,1.058E+00,1.127E-01,3.148E+00,9.548E-01,-5.041E-01,8.279E+00,1.641E+01,3.142E+00,0.000E+00,0.000E+00,0.000E+00,6.731E-02,4.854E+00,7.586E-01,-6.611E-01,1.120E+01,5.018E+01,3.142E+00,-1.318E-01,3.607E+00,1.350E+00,1.760E-02,1.174E+01
88,0.000E+00,0.000E+00,1.125E-04,0.000E+00,0.000E+00,1.375E-04,1.344E-04,8.906E-05,7.891E-05,2.227E-04,6.586E-04,3.061E-02,8.722E-01,-7.925E-01,1.371E+01,2.228E+01,3.142E+00,0.000E+00,0.000E+00,0.000E+00,2.263E-02,8.434E+00,1.078E+00,-7.069E-01,1.389E+01,8.413E+00,3.142E+00,-4.438E-01,7.573E+00,7.789E-01,8.029E-02,3.894E+00,1.036E+00,-5.576E-01,7.647E+00,1.337E+01,3.142E+00,8.878E-02,6.132E-01,1.058E+00,6.194E-02,5.168E+00,8.144E-01,-7.248E-01,1.169E+01,3.452E+01,3.142E+00,-3.525E-01,6.177E+00,9.754E-01,1.205E-02,1.413E+01
89,0.000E+00,0.000E+00,0.000E+00,0.000E+00,0.000E+00,3.125E-06,2.344E-06,2.344E-06,3.125E-06,3.906E-06,7.813E-06,5.044E-04,3.142E+00,0.000E+00,0.000E+00,0.000E+00,0.000E+00,0.000E+00,0.000E+00,0.000E+00,0.000E+00,0.000E+00,3.142E+00,0.000E+00,0.000E+00,0.000E+00,0.000E+00,0.000E+00,0.000E+00,0.000E+00,0.000E+00,0.000E+00,3.142E+00,0.000E+00,0.000E+00,0.000E+00,0.000E+00,0.000E+00,0.000E+00,0.000E+00,0.000E+00,0.000E+00,3.142E+00,0.000E+00,0.000E+00,0.000E+00,0.000E+00,0.000E+00,0.000E+00,0.000E+00,0.000E+00,0.000E+00
