alpha,H,Fe,Si,O,Fe_1,O_1,Si_2,O_2,amu/ion,phiK_Fe,phiTilt_Fe,phiM_Fe,phiN_Fe,thetaK_Fe,thetaTilt_Fe,thetaM_Fe,thetaN_Fe,energyK_Fe,energyE_Fe,phiK_O,phiTilt_O,phiM_O,phiN_O,thetaK_O,thetaTilt_O,thetaM_O,thetaN_O,energyK_O,energyE_O,phiK_Si,phiTilt_Si,phiM_Si,phiN_Si,thetaK_Si,thetaTilt_Si,thetaM_Si,thetaN_Si,energyK_Si,energyE_Si
0,0.000E+00,3.955E-03,0.000E+00,0.000E+00,7.500E-05,2.445E-04,1.591E-03,6.998E-03,3.857E-01,1.735E+00,-1.619E-02,1.539E+00,1.614E+00,3.142E+00,-5.611E-03,2.624E+00,2.534E+00,6.199E-02,3.879E+00,1.646E+00,-1.789E-03,1.768E+00,1.781E+00,3.142E+00,-3.972E-03,2.810E+00,2.740E+00,1.115E-01,3.183E+00,1.664E+00,-1.183E-02,1.805E+00,1.699E+00,3.142E+00,-7.462E-03,2.735E+00,2.610E+00,5.241E-02,5.246E+00
1,0.000E+00,3.968E-03,0.000E+00,0.000E+00,7.822E-05,2.550E-04,1.603E-03,7.019E-03,3.874E-01,1.743E+00,-2.034E-02,1.548E+00,1.585E+00,3.142E+00,-5.481E-03,2.599E+00,2.512E+00,6.237E-02,3.863E+00,1.644E+00,-1.662E-03,1.749E+00,1.813E+00,3.142E+00,-3.838E-03,2.811E+00,2.743E+00,1.114E-01,3.185E+00,1.675E+00,-2.346E-02,1.853E+00,1.666E+00,3.142E+00,-7.413E-03,2.726E+00,2.603E+00,5.316E-02,5.195E+00
2,0.000E+00,3.981E-03,0.000E+00,0.000E+00,8.145E-05,2.654E-04,1.615E-03,7.040E-03,3.891E-01,1.752E+00,-2.450E-02,1.557E+00,1.555E+00,3.142E+00,-5.351E-03,2.574E+00,2.489E+00,6.275E-02,3.847E+00,1.641E+00,-1.536E-03,1.730E+00,1.845E+00,3.142E+00,-3.704E-03,2.812E+00,2.747E+00,1.114E-01,3.186E+00,1.685E+00,-3.509E-02,1.901E+00,1.632E+00,3.142E+00,-7.364E-03,2.718E+00,2.595E+00,5.390E-02,5.143E+00
3,0.000E+00,3.994E-03,0.000E+00,0.000E+00,8.467E-05,2.759E-04,1.627E-03,7.062E-03,3.909E-01,1.761E+00,-2.866E-02,1.566E+00,1.526E+00,3.142E+00,-5.221E-03,2.549E+00,2.467E+00,6.314E-02,3.831E+00,1.640E+00,-1.409E-03,1.711E+00,1.876E+00,3.142E+00,-3.571E-03,2.813E+00,2.750E+00,1.113E-01,3.188E+00,1.696E+00,-4.672E-02,1.949E+00,1.598E+00,3.142E+00,-7.315E-03,2.709E+00,2.588E+00,5.465E-02,5.092E+00
4,0.000E+00,4.001E-03,0.000E+00,0.000E+00,8.628E-05,2.811E-04,1.633E-03,7.073E-03,3.918E-01,1.765E+00,-3.074E-02,1.571E+00,1.511E+00,3.142E+00,-5.156E-03,2.536E+00,2.456E+00,6.333E-02,3.823E+00,1.639E+00,-1.346E-03,1.701E+00,1.892E+00,3.142E+00,-3.504E-03,2.814E+00,2.752E+00,1.113E-01,3.189E+00,1.702E+00,-5.253E-02,1.973E+00,1.581E+00,3.142E+00,-7.291E-03,2.705E+00,2.584E+00,5.502E-02,5.067E+00
5,0.000E+00,4.007E-03,0.000E+00,0.000E+00,8.789E-05,2.863E-04,1.639E-03,7.083E-03,3.926E-01,1.769E+00,-3.282E-02,1.575E+00,1.497E+00,3.142E+00,-5.091E-03,2.524E+00,2.445E+00,6.352E-02,3.815E+00,1.638E+00,-1.283E-03,1.692E+00,1.908E+00,3.142E+00,-3.437E-03,2.815E+00,2.754E+00,1.112E-01,3.190E+00,1.707E+00,-5.835E-02,1.998E+00,1.564E+00,3.142E+00,-7.266E-03,2.700E+00,2.580E+00,5.540E-02,5.041E+00
6,0.000E+00,4.020E-03,0.000E+00,0.000E+00,9.111E-05,2.968E-04,1.651E-03,7.105E-03,3.944E-01,1.778E+00,-3.698E-02,1.584E+00,1.467E+00,3.142E+00,-4.961E-03,2.499E+00,2.423E+00,6.390E-02,3.799E+00,1.636E+00,-1.156E-03,1.673E+00,1.940E+00,3.142E+00,-3.303E-03,2.816E+00,2.758E+00,1.112E-01,3.192E+00,1.719E+00,-6.997E-02,2.046E+00,1.531E+00,3.142E+00,-7.217E-03,2.692E+00,2.573E+00,5.614E-02,4.990E+00
7,0.000E+00,4.033E-03,0.000E+00,0.000E+00,9.434E-05,3.072E-04,1.663E-03,7.126E-03,3.961E-01,1.787E+00,-4.114E-02,1.593E+00,1.438E+00,3.142E+00,-4.831E-03,2.473E+00,2.401E+00,6.428E-02,3.783E+00,1.635E+00,-1.030E-03,1.653E+00,1.972E+00,3.142E+00,-3.169E-03,2.817E+00,2.761E+00,1.111E-01,3.193E+00,1.731E+00,-8.160E-02,2.094E+00,1.497E+00,3.142E+00,-7.168E-03,2.683E+00,2.566E+00,5.689E-02,4.939E+00
8,0.000E+00,4.046E-03,0.000E+00,0.000E+00,9.756E-05,3.177E-04,1.675E-03,7.147E-03,3.979E-01,1.797E+00,-4.530E-02,1.602E+00,1.409E+00,3.142E+00,-4.701E-03,2.448E+00,2.379E+00,6.466E-02,3.766E+00,1.633E+00,-9.035E-04,1.634E+00,2.004E+00,3.142E+00,-3.035E-03,2.818E+00,2.765E+00,1.110E-01,3.195E+00,1.743E+00,-9.323E-02,2.142E+00,1.463E+00,3.142E+00,-7.119E-03,2.674E+00,2.558E+00,5.764E-02,4.888E+00
9,0.000E+00,4.052E-03,0.000E+00,0.000E+00,9.917E-05,3.229E-04,1.681E-03,7.158E-03,3.988E-01,1.801E+00,-4.738E-02,1.607E+00,1.394E+00,3.142E+00,-4.636E-03,2.436E+00,2.368E+00,6.486E-02,3.758E+00,1.633E+00,-8.403E-04,1.625E+00,2.020E+00,3.142E+00,-2.968E-03,2.819E+00,2.766E+00,1.110E-01,3.196E+00,1.749E+00,-9.904E-02,2.166E+00,1.447E+00,3.142E+00,-7.095E-03,2.670E+00,2.554E+00,5.801E-02,4.863E+00
10,0.000E+00,4.059E-03,0.000E+00,0.000E+00,1.008E-04,3.281E-04,1.688E-03,7.169E-03,3.996E-01,1.806E+00,-4.946E-02,1.611E+00,1.380E+00,3.142E+00,-4.571E-03,2.423E+00,2.357E+00,6.505E-02,3.750E+00,1.632E+00,-7.771E-04,1.615E+00,2.035E+00,3.142E+00,-2.901E-03,2.820E+00,2.768E+00,1.110E-01,3.197E+00,1.755E+00,-1.049E-01,2.190E+00,1.430E+00,3.142E+00,-7.070E-03,2.666E+00,2.551E+00,5.838E-02,4.837E+00
11,0.000E+00,4.122E-03,0.000E+00,0.000E+00,9.248E-05,3.029E-04,1.731E-03,7.311E-03,4.058E-01,1.804E+00,-5.529E-02,1.623E+00,1.405E+00,3.142E+00,-4.583E-03,2.428E+00,2.361E+00,6.476E-02,3.762E+00,1.630E+00,-1.269E-02,1.690E+00,2.037E+00,3.142E+00,-3.110E-03,2.830E+00,2.775E+00,1.107E-01,3.202E+00,1.745E+00,-1.083E-01,2.207E+00,1.477E+00,3.142E+00,-7.363E-03,2.676E+00,2.556E+00,5.828E-02,4.844E+00
12,0.000E+00,4.186E-03,0.000E+00,0.000E+00,8.418E-05,2.777E-04,1.774E-03,7.454E-03,4.120E-01,1.802E+00,-6.113E-02,1.635E+00,1.431E+00,3.142E+00,-4.595E-03,2.433E+00,2.365E+00,6.447E-02,3.775E+00,1.628E+00,-2.460E-02,1.764E+00,2.039E+00,3.142E+00,-3.319E-03,2.841E+00,2.781E+00,1.105E-01,3.207E+00,1.736E+00,-1.118E-01,2.224E+00,1.523E+00,3.142E+00,-7.656E-03,2.687E+00,2.561E+00,5.818E-02,4.850E+00
13,0.000E+00,4.250E-03,0.000E+00,0.000E+00,7.588E-05,2.525E-04,1.818E-03,7.596E-03,4.182E-01,1.800E+00,-6.697E-02,1.647E+00,1.457E+00,3.142E+00,-4.607E-03,2.437E+00,2.370E+00,6.418E-02,3.787E+00,1.627E+00,-3.652E-02,1.839E+00,2.041E+00,3.142E+00,-3.529E-03,2.851E+00,2.788E+00,1.103E-01,3.212E+00,1.727E+00,-1.153E-01,2.241E+00,1.570E+00,3.142E+00,-7.949E-03,2.697E+00,2.566E+00,5.807E-02,4.857E+00
14,0.000E+00,4.282E-03,0.000E+00,0.000E+00,7.173E-05,2.399E-04,1.839E-03,7.668E-03,4.213E-01,1.799E+00,-6.988E-02,1.653E+00,1.470E+00,3.142E+00,-4.613E-03,2.440E+00,2.372E+00,6.403E-02,3.793E+00,1.627E+00,-4.247E-02,1.876E+00,2.041E+00,3.142E+00,-3.633E-03,2.856E+00,2.791E+00,1.102E-01,3.215E+00,1.722E+00,-1.170E-01,2.250E+00,1.594E+00,3.142E+00,-8.095E-03,2.702E+00,2.569E+00,5.802E-02,4.860E+00
15,0.000E+00,4.314E-03,0.000E+00,0.000E+00,6.758E-05,2.273E-04,1.861E-03,7.739E-03,4.244E-01,1.798E+00,-7.280E-02,1.658E+00,1.483E+00,3.142E+00,-4.619E-03,2.442E+00,2.374E+00,6.389E-02,3.799E+00,1.626E+00,-4.843E-02,1.913E+00,2.042E+00,3.142E+00,-3.738E-03,2.862E+00,2.794E+00,1.101E-01,3.217E+00,1.718E+00,-1.188E-01,2.258E+00,1.617E+00,3.142E+00,-8.242E-03,2.708E+00,2.571E+00,5.797E-02,4.863E+00
16,0.000E+00,4.378E-03,0.000E+00,0.000E+00,5.928E-05,2.021E-04,1.904E-03,7.882E-03,4.306E-01,1.796E+00,-7.864E-02,1.670E+00,1.509E+00,3.142E+00,-4.631E-03,2.447E+00,2.378E+00,6.360E-02,3.811E+00,1.626E+00,-6.034E-02,1.988E+00,2.044E+00,3.142E+00,-3.947E-03,2.872E+00,2.801E+00,1.099E-01,3.223E+00,1.710E+00,-1.222E-01,2.275E+00,1.664E+00,3.142E+00,-8.535E-03,2.718E+00,2.576E+00,5.787E-02,4.870E+00
17,0.000E+00,4.442E-03,0.000E+00,0.000E+00,5.098E-05,1.770E-04,1.948E-03,8.024E-03,4.368E-01,1.794E+00,-8.448E-02,1.682E+00,1.534E+00,3.142E+00,-4.644E-03,2.451E+00,2.382E+00,6.331E-02,3.823E+00,1.625E+00,-7.226E-02,2.062E+00,2.046E+00,3.142E+00,-4.157E-03,2.883E+00,2.807E+00,1.097E-01,3.228E+00,1.701E+00,-1.257E-01,2.292E+00,1.711E+00,3.142E+00,-8.828E-03,2.729E+00,2.581E+00,5.776E-02,4.876E+00
18,0.000E+00,4.506E-03,0.000E+00,0.000E+00,4.268E-05,1.518E-04,1.991E-03,8.167E-03,4.430E-01,1.792E+00,-9.031E-02,1.694E+00,1.560E+00,3.142E+00,-4.656E-03,2.456E+00,2.387E+00,6.302E-02,3.835E+00,1.625E+00,-8.417E-02,2.137E+00,2.047E+00,3.142E+00,-4.366E-03,2.893E+00,2.814E+00,1.095E-01,3.233E+00,1.693E+00,-1.292E-01,2.309E+00,1.758E+00,3.142E+00,-9.120E-03,2.739E+00,2.586E+00,5.766E-02,4.883E+00
19,0.000E+00,4.538E-03,0.000E+00,0.000E+00,3.853E-05,1.392E-04,2.013E-03,8.238E-03,4.461E-01,1.791E+00,-9.323E-02,1.700E+00,1.573E+00,3.142E+00,-4.662E-03,2.458E+00,2.389E+00,6.288E-02,3.841E+00,1.625E+00,-9.013E-02,2.174E+00,2.048E+00,3.142E+00,-4.471E-03,2.898E+00,2.817E+00,1.094E-01,3.236E+00,1.689E+00,-1.309E-01,2.318E+00,1.781E+00,3.142E+00,-9.267E-03,2.744E+00,2.589E+00,5.761E-02,4.886E+00
20,0.000E+00,4.570E-03,0.000E+00,0.000E+00,3.437E-05,1.266E-04,2.034E-03,8.309E-03,4.492E-01,1.791E+00,-9.615E-02,1.706E+00,1.586E+00,3.142E+00,-4.668E-03,2.460E+00,2.391E+00,6.273E-02,3.847E+00,1.626E+00,-9.608E-02,2.212E+00,2.049E+00,3.142E+00,-4.575E-03,2.904E+00,2.820E+00,1.093E-01,3.238E+00,1.685E+00,-1.327E-01,2.327E+00,1.805E+00,3.142E+00,-9.413E-03,2.750E+00,2.591E+00,5.756E-02,4.889E+00
21,0.000E+00,4.682E-03,0.000E+00,0.000E+00,3.486E-05,1.303E-04,2.076E-03,8.506E-03,4.599E-01,1.788E+00,-1.092E-01,1.780E+00,1.593E+00,3.142E+00,-4.325E-03,2.458E+00,2.394E+00,6.277E-02,3.846E+00,1.629E+00,-1.086E-01,2.291E+00,2.031E+00,3.142E+00,-4.462E-03,2.895E+00,2.814E+00,1.092E-01,3.239E+00,1.691E+00,-1.374E-01,2.301E+00,1.815E+00,3.142E+00,-8.894E-03,2.747E+00,2.598E+00,5.754E-02,4.891E+00
22,0.000E+00,4.794E-03,0.000E+00,0.000E+00,3.535E-05,1.340E-04,2.118E-03,8.703E-03,4.706E-01,1.786E+00,-1.223E-01,1.855E+00,1.601E+00,3.142E+00,-3.983E-03,2.456E+00,2.397E+00,6.280E-02,3.844E+00,1.633E+00,-1.211E-01,2.370E+00,2.012E+00,3.142E+00,-4.349E-03,2.886E+00,2.807E+00,1.092E-01,3.240E+00,1.697E+00,-1.420E-01,2.276E+00,1.825E+00,3.142E+00,-8.374E-03,2.745E+00,2.604E+00,5.752E-02,4.892E+00
23,0.000E+00,4.906E-03,0.000E+00,0.000E+00,3.584E-05,1.377E-04,2.160E-03,8.900E-03,4.812E-01,1.785E+00,-1.354E-01,1.929E+00,1.608E+00,3.142E+00,-3.640E-03,2.454E+00,2.400E+00,6.283E-02,3.843E+00,1.637E+00,-1.336E-01,2.449E+00,1.994E+00,3.142E+00,-4.236E-03,2.877E+00,2.801E+00,1.092E-01,3.240E+00,1.703E+00,-1.467E-01,2.250E+00,1.835E+00,3.142E+00,-7.854E-03,2.742E+00,2.610E+00,5.750E-02,4.893E+00
24,0.000E+00,4.962E-03,0.000E+00,0.000E+00,3.608E-05,1.396E-04,2.181E-03,8.999E-03,4.866E-01,1.784E+00,-1.420E-01,1.967E+00,1.612E+00,3.142E+00,-3.469E-03,2.453E+00,2.402E+00,6.285E-02,3.842E+00,1.640E+00,-1.398E-01,2.488E+00,1.985E+00,3.142E+00,-4.180E-03,2.873E+00,2.797E+00,1.092E-01,3.240E+00,1.706E+00,-1.491E-01,2.238E+00,1.840E+00,3.142E+00,-7.595E-03,2.741E+00,2.613E+00,5.749E-02,4.894E+00
25,0.000E+00,5.018E-03,0.000E+00,0.000E+00,3.633E-05,1.414E-04,2.202E-03,9.097E-03,4.919E-01,1.783E+00,-1.485E-01,2.004E+00,1.616E+00,3.142E+00,-3.298E-03,2.452E+00,2.403E+00,6.287E-02,3.841E+00,1.642E+00,-1.460E-01,2.528E+00,1.976E+00,3.142E+00,-4.123E-03,2.869E+00,2.794E+00,1.092E-01,3.241E+00,1.709E+00,-1.514E-01,2.225E+00,1.845E+00,3.142E+00,-7.335E-03,2.740E+00,2.616E+00,5.748E-02,4.895E+00
26,0.000E+00,5.130E-03,0.000E+00,0.000E+00,3.682E-05,1.451E-04,2.244E-03,9.294E-03,5.026E-01,1.782E+00,-1.616E-01,2.079E+00,1.623E+00,3.142E+00,-2.955E-03,2.450E+00,2.407E+00,6.290E-02,3.840E+00,1.647E+00,-1.585E-01,2.607E+00,1.957E+00,3.142E+00,-4.010E-03,2.860E+00,2.788E+00,1.091E-01,3.241E+00,1.715E+00,-1.561E-01,2.200E+00,1.855E+00,3.142E+00,-6.815E-03,2.737E+00,2.623E+00,5.746E-02,4.896E+00
27,0.000E+00,5.242E-03,0.000E+00,0.000E+00,3.730E-05,1.488E-04,2.286E-03,9.491E-03,5.133E-01,1.781E+00,-1.747E-01,2.153E+00,1.631E+00,3.142E+00,-2.612E-03,2.448E+00,2.410E+00,6.294E-02,3.838E+00,1.652E+00,-1.710E-01,2.686E+00,1.939E+00,3.142E+00,-3.897E-03,2.851E+00,2.781E+00,1.091E-01,3.242E+00,1.720E+00,-1.608E-01,2.174E+00,1.865E+00,3.142E+00,-6.296E-03,2.735E+00,2.629E+00,5.744E-02,4.897E+00
28,0.000E+00,5.354E-03,0.000E+00,0.000E+00,3.779E-05,1.525E-04,2.328E-03,9.688E-03,5.239E-01,1.781E+00,-1.878E-01,2.228E+00,1.638E+00,3.142E+00,-2.270E-03,2.446E+00,2.413E+00,6.297E-02,3.837E+00,1.657E+00,-1.835E-01,2.765E+00,1.921E+00,3.142E+00,-3.784E-03,2.842E+00,2.775E+00,1.091E-01,3.242E+00,1.726E+00,-1.654E-01,2.149E+00,1.875E+00,3.142E+00,-5.776E-03,2.732E+00,2.635E+00,5.742E-02,4.898E+00
29,0.000E+00,5.410E-03,0.000E+00,0.000E+00,3.804E-05,1.544E-04,2.349E-03,9.787E-03,5.293E-01,1.781E+00,-1.943E-01,2.265E+00,1.642E+00,3.142E+00,-2.099E-03,2.445E+00,2.414E+00,6.299E-02,3.836E+00,1.660E+00,-1.898E-01,2.804E+00,1.912E+00,3.142E+00,-3.728E-03,2.838E+00,2.771E+00,1.091E-01,3.243E+00,1.729E+00,-1.678E-01,2.136E+00,1.880E+00,3.142E+00,-5.516E-03,2.731E+00,2.638E+00,5.741E-02,4.899E+00
30,0.000E+00,5.466E-03,0.000E+00,0.000E+00,3.828E-05,1.562E-04,2.370E-03,9.885E-03,5.346E-01,1.781E+00,-2.009E-01,2.303E+00,1.646E+00,3.142E+00,-1.927E-03,2.444E+00,2.416E+00,6.300E-02,3.836E+00,1.662E+00,-1.960E-01,2.844E+00,1.902E+00,3.142E+00,-3.671E-03,2.834E+00,2.768E+00,1.091E-01,3.243E+00,1.732E+00,-1.701E-01,2.123E+00,1.885E+00,3.142E+00,-5.256E-03,2.730E+00,2.641E+00,5.740E-02,4.900E+00
31,0.000E+00,5.759E-03,0.000E+00,0.000E+00,3.916E-05,1.597E-04,2.550E-03,1.051E-02,5.662E-01,1.787E+00,-2.214E-01,2.385E+00,1.645E+00,3.142E+00,-2.308E-03,2.457E+00,2.423E+00,6.298E-02,3.837E+00,1.665E+00,-2.107E-01,2.945E+00,1.898E+00,3.142E+00,-3.662E-03,2.844E+00,2.778E+00,1.081E-01,3.268E+00,1.734E+00,-1.950E-01,2.259E+00,1.889E+00,3.142E+00,-5.263E-03,2.731E+00,2.642E+00,5.659E-02,4.957E+00
32,0.000E+00,5.906E-03,0.000E+00,0.000E+00,3.960E-05,1.614E-04,2.640E-03,1.082E-02,5.819E-01,1.791E+00,-2.316E-01,2.426E+00,1.645E+00,3.142E+00,-2.499E-03,2.464E+00,2.426E+00,6.296E-02,3.837E+00,1.667E+00,-2.181E-01,2.995E+00,1.897E+00,3.142E+00,-3.657E-03,2.849E+00,2.784E+00,1.077E-01,3.280E+00,1.735E+00,-2.075E-01,2.327E+00,1.891E+00,3.142E+00,-5.267E-03,2.731E+00,2.643E+00,5.619E-02,4.986E+00
33,0.000E+00,6.053E-03,0.000E+00,0.000E+00,4.004E-05,1.631E-04,2.730E-03,1.114E-02,5.977E-01,1.794E+00,-2.418E-01,2.468E+00,1.645E+00,3.142E+00,-2.690E-03,2.470E+00,2.429E+00,6.295E-02,3.838E+00,1.668E+00,-2.255E-01,3.046E+00,1.895E+00,3.142E+00,-3.652E-03,2.855E+00,2.789E+00,1.072E-01,3.292E+00,1.736E+00,-2.200E-01,2.394E+00,1.893E+00,3.142E+00,-5.270E-03,2.732E+00,2.643E+00,5.578E-02,5.014E+00
34,0.000E+00,6.199E-03,0.000E+00,0.000E+00,4.048E-05,1.648E-04,2.820E-03,1.145E-02,6.135E-01,1.797E+00,-2.521E-01,2.509E+00,1.644E+00,3.142E+00,-2.880E-03,2.476E+00,2.433E+00,6.294E-02,3.838E+00,1.670E+00,-2.328E-01,3.096E+00,1.893E+00,3.142E+00,-3.647E-03,2.860E+00,2.794E+00,1.068E-01,3.305E+00,1.737E+00,-2.325E-01,2.462E+00,1.896E+00,3.142E+00,-5.274E-03,2.732E+00,2.643E+00,5.538E-02,5.043E+00
35,0.000E+00,6.346E-03,0.000E+00,0.000E+00,4.092E-05,1.665E-04,2.909E-03,1.176E-02,6.293E-01,1.801E+00,-2.623E-01,2.550E+00,1.644E+00,3.142E+00,-3.071E-03,2.483E+00,2.436E+00,6.292E-02,3.839E+00,1.672E+00,-2.402E-01,3.147E+00,1.891E+00,3.142E+00,-3.642E-03,2.865E+00,2.799E+00,1.063E-01,3.317E+00,1.738E+00,-2.449E-01,2.530E+00,1.898E+00,3.142E+00,-5.277E-03,2.733E+00,2.644E+00,5.498E-02,5.071E+00
36,0.000E+00,6.493E-03,0.000E+00,0.000E+00,4.136E-05,1.682E-04,2.999E-03,1.208E-02,6.450E-01,1.804E+00,-2.726E-01,2.591E+00,1.644E+00,3.142E+00,-3.261E-03,2.489E+00,2.439E+00,6.291E-02,3.840E+00,1.673E+00,-2.476E-01,3.197E+00,1.889E+00,3.142E+00,-3.637E-03,2.870E+00,2.805E+00,1.058E-01,3.329E+00,1.740E+00,-2.574E-01,2.597E+00,1.900E+00,3.142E+00,-5.281E-03,2.733E+00,2.644E+00,5.457E-02,5.100E+00
37,0.000E+00,6.639E-03,0.000E+00,0.000E+00,4.180E-05,1.699E-04,3.089E-03,1.239E-02,6.608E-01,1.807E+00,-2.828E-01,2.633E+00,1.644E+00,3.142E+00,-3.452E-03,2.496E+00,2.443E+00,6.290E-02,3.840E+00,1.675E+00,-2.549E-01,3.248E+00,1.887E+00,3.142E+00,-3.632E-03,2.876E+00,2.810E+00,1.054E-01,3.342E+00,1.741E+00,-2.699E-01,2.665E+00,1.902E+00,3.142E+00,-5.284E-03,2.733E+00,2.644E+00,5.417E-02,5.129E+00
38,0.000E+00,6.786E-03,0.000E+00,0.000E+00,4.224E-05,1.716E-04,3.179E-03,1.270E-02,6.766E-01,1.811E+00,-2.930E-01,2.674E+00,1.644E+00,3.142E+00,-3.642E-03,2.502E+00,2.446E+00,6.288E-02,3.841E+00,1.677E+00,-2.623E-01,3.298E+00,1.885E+00,3.142E+00,-3.627E-03,2.881E+00,2.815E+00,1.049E-01,3.354E+00,1.743E+00,-2.823E-01,2.733E+00,1.904E+00,3.142E+00,-5.288E-03,2.734E+00,2.645E+00,5.377E-02,5.157E+00
39,0.000E+00,6.933E-03,0.000E+00,0.000E+00,4.268E-05,1.733E-04,3.269E-03,1.301E-02,6.924E-01,1.814E+00,-3.033E-01,2.715E+00,1.643E+00,3.142E+00,-3.833E-03,2.508E+00,2.449E+00,6.287E-02,3.841E+00,1.679E+00,-2.696E-01,3.349E+00,1.883E+00,3.142E+00,-3.622E-03,2.886E+00,2.820E+00,1.044E-01,3.366E+00,1.745E+00,-2.948E-01,2.801E+00,1.906E+00,3.142E+00,-5.291E-03,2.734E+00,2.645E+00,5.337E-02,5.186E+00
40,0.000E+00,7.080E-03,0.000E+00,0.000E+00,4.312E-05,1.750E-04,3.359E-03,1.333E-02,7.081E-01,1.817E+00,-3.135E-01,2.756E+00,1.643E+00,3.142E+00,-4.024E-03,2.515E+00,2.453E+00,6.286E-02,3.842E+00,1.681E+00,-2.770E-01,3.399E+00,1.881E+00,3.142E+00,-3.618E-03,2.891E+00,2.825E+00,1.040E-01,3.379E+00,1.747E+00,-3.073E-01,2.868E+00,1.908E+00,3.142E+00,-5.294E-03,2.735E+00,2.646E+00,5.296E-02,5.214E+00
41,0.000E+00,7.226E-03,0.000E+00,0.000E+00,4.355E-05,1.768E-04,3.448E-03,1.364E-02,7.239E-01,1.821E+00,-3.238E-01,2.798E+00,1.643E+00,3.142E+00,-4.214E-03,2.521E+00,2.456E+00,6.284E-02,3.842E+00,1.683E+00,-2.844E-01,3.450E+00,1.879E+00,3.142E+00,-3.613E-03,2.897E+00,2.831E+00,1.035E-01,3.391E+00,1.749E+00,-3.197E-01,2.936E+00,1.910E+00,3.142E+00,-5.298E-03,2.735E+00,2.646E+00,5.256E-02,5.243E+00
42,0.000E+00,7.373E-03,0.000E+00,0.000E+00,4.399E-05,1.785E-04,3.538E-03,1.395E-02,7.397E-01,1.824E+00,-3.340E-01,2.839E+00,1.643E+00,3.142E+00,-4.405E-03,2.528E+00,2.460E+00,6.283E-02,3.843E+00,1.685E+00,-2.917E-01,3.500E+00,1.877E+00,3.142E+00,-3.608E-03,2.902E+00,2.836E+00,1.031E-01,3.403E+00,1.751E+00,-3.322E-01,3.004E+00,1.912E+00,3.142E+00,-5.301E-03,2.736E+00,2.646E+00,5.216E-02,5.272E+00
43,0.000E+00,7.520E-03,0.000E+00,0.000E+00,4.443E-05,1.802E-04,3.628E-03,1.427E-02,7.555E-01,1.827E+00,-3.442E-01,2.880E+00,1.643E+00,3.142E+00,-4.595E-03,2.534E+00,2.463E+00,6.282E-02,3.843E+00,1.687E+00,-2.991E-01,3.551E+00,1.875E+00,3.142E+00,-3.603E-03,2.907E+00,2.841E+00,1.026E-01,3.416E+00,1.753E+00,-3.447E-01,3.072E+00,1.914E+00,3.142E+00,-5.305E-03,2.736E+00,2.647E+00,5.175E-02,5.300E+00
44,0.000E+00,7.667E-03,0.000E+00,0.000E+00,4.487E-05,1.819E-04,3.718E-03,1.458E-02,7.713E-01,1.830E+00,-3.545E-01,2.921E+00,1.642E+00,3.142E+00,-4.786E-03,2.540E+00,2.466E+00,6.280E-02,3.844E+00,1.689E+00,-3.065E-01,3.601E+00,1.873E+00,3.142E+00,-3.598E-03,2.912E+00,2.846E+00,1.021E-01,3.428E+00,1.755E+00,-3.571E-01,3.139E+00,1.916E+00,3.142E+00,-5.308E-03,2.736E+00,2.647E+00,5.135E-02,5.329E+00
45,0.000E+00,7.813E-03,0.000E+00,0.000E+00,4.531E-05,1.836E-04,3.808E-03,1.489E-02,7.870E-01,1.833E+00,-3.647E-01,2.962E+00,1.642E+00,3.142E+00,-4.976E-03,2.547E+00,2.470E+00,6.279E-02,3.845E+00,1.691E+00,-3.138E-01,3.652E+00,1.872E+00,3.142E+00,-3.593E-03,2.918E+00,2.852E+00,1.017E-01,3.440E+00,1.757E+00,-3.696E-01,3.207E+00,1.918E+00,3.142E+00,-5.312E-03,2.737E+00,2.647E+00,5.095E-02,5.357E+00
46,0.000E+00,8.205E-03,0.000E+00,0.000E+00,3.867E-05,1.633E-04,4.012E-03,1.562E-02,8.257E-01,1.807E+00,-3.967E-01,3.398E+00,1.693E+00,3.142E+00,-5.093E-03,2.554E+00,2.475E+00,6.151E-02,3.904E+00,1.681E+00,-2.993E-01,3.427E+00,1.957E+00,3.142E+00,-3.058E-03,2.891E+00,2.834E+00,1.020E-01,3.431E+00,1.736E+00,-4.132E-01,3.985E+00,1.881E+00,3.142E+00,-5.143E-03,2.740E+00,2.653E+00,5.076E-02,5.372E+00
47,0.000E+00,8.598E-03,0.000E+00,0.000E+00,3.203E-05,1.430E-04,4.217E-03,1.636E-02,8.643E-01,1.785E+00,-4.287E-01,3.834E+00,1.744E+00,3.142E+00,-5.210E-03,2.562E+00,2.480E+00,6.022E-02,3.963E+00,1.674E+00,-2.848E-01,3.203E+00,2.043E+00,3.142E+00,-2.523E-03,2.863E+00,2.817E+00,1.023E-01,3.422E+00,1.727E+00,-4.568E-01,4.763E+00,1.844E+00,3.142E+00,-4.975E-03,2.742E+00,2.658E+00,5.057E-02,5.387E+00
48,0.000E+00,8.990E-03,0.000E+00,0.000E+00,2.539E-05,1.227E-04,4.422E-03,1.709E-02,9.030E-01,1.767E+00,-4.607E-01,4.269E+00,1.796E+00,3.142E+00,-5.327E-03,2.569E+00,2.486E+00,5.894E-02,4.022E+00,1.670E+00,-2.703E-01,2.978E+00,2.129E+00,3.142E+00,-1.987E-03,2.836E+00,2.800E+00,1.026E-01,3.413E+00,1.726E+00,-5.004E-01,5.541E+00,1.807E+00,3.142E+00,-4.807E-03,2.745E+00,2.663E+00,5.038E-02,5.402E+00
49,0.000E+00,9.186E-03,0.000E+00,0.000E+00,2.207E-05,1.125E-04,4.524E-03,1.745E-02,9.223E-01,1.759E+00,-4.767E-01,4.487E+00,1.821E+00,3.142E+00,-5.385E-03,2.573E+00,2.488E+00,5.829E-02,4.051E+00,1.668E+00,-2.630E-01,2.866E+00,2.171E+00,3.142E+00,-1.720E-03,2.822E+00,2.792E+00,1.028E-01,3.409E+00,1.727E+00,-5.222E-01,5.930E+00,1.789E+00,3.142E+00,-4.723E-03,2.746E+00,2.666E+00,5.029E-02,5.410E+00
50,0.000E+00,9.382E-03,0.000E+00,0.000E+00,1.875E-05,1.023E-04,4.627E-03,1.782E-02,9.417E-01,1.752E+00,-4.927E-01,4.705E+00,1.847E+00,3.142E+00,-5.443E-03,2.576E+00,2.491E+00,5.765E-02,4.081E+00,1.668E+00,-2.557E-01,2.754E+00,2.214E+00,3.142E+00,-1.452E-03,2.809E+00,2.783E+00,1.030E-01,3.404E+00,1.730E+00,-5.440E-01,6.319E+00,1.770E+00,3.142E+00,-4.639E-03,2.747E+00,2.668E+00,5.019E-02,5.417E+00
51,0.000E+00,9.887E-03,0.000E+00,0.000E+00,5.986E-05,2.210E-04,4.905E-03,1.886E-02,9.986E-01,1.738E+00,-5.153E-01,5.118E+00,1.878E+00,3.142E+00,-4.914E-03,2.567E+00,2.490E+00,5.739E-02,4.094E+00,1.658E+00,-2.777E-01,3.056E+00,2.187E+00,3.142E+00,-1.221E-03,2.802E+00,2.780E+00,1.026E-01,3.415E+00,1.724E+00,-5.567E-01,6.430E+00,1.815E+00,3.142E+00,-4.375E-03,2.740E+00,2.665E+00,5.000E-02,5.433E+00
52,0.000E+00,1.039E-02,0.000E+00,0.000E+00,1.010E-04,3.396E-04,5.184E-03,1.991E-02,1.056E+00,1.727E+00,-5.379E-01,5.531E+00,1.909E+00,3.142E+00,-4.384E-03,2.558E+00,2.489E+00,5.713E-02,4.107E+00,1.652E+00,-2.997E-01,3.359E+00,2.160E+00,3.142E+00,-9.893E-04,2.794E+00,2.777E+00,1.022E-01,3.425E+00,1.717E+00,-5.693E-01,6.541E+00,1.860E+00,3.142E+00,-4.112E-03,2.732E+00,2.662E+00,4.981E-02,5.449E+00
53,0.000E+00,1.090E-02,0.000E+00,0.000E+00,1.421E-04,4.583E-04,5.463E-03,2.095E-02,1.112E+00,1.717E+00,-5.605E-01,5.943E+00,1.940E+00,3.142E+00,-3.855E-03,2.549E+00,2.488E+00,5.686E-02,4.120E+00,1.648E+00,-3.216E-01,3.661E+00,2.133E+00,3.142E+00,-7.579E-04,2.787E+00,2.774E+00,1.018E-01,3.436E+00,1.711E+00,-5.820E-01,6.652E+00,1.905E+00,3.142E+00,-3.849E-03,2.725E+00,2.659E+00,4.962E-02,5.464E+00
54,0.000E+00,1.115E-02,0.000E+00,0.000E+00,1.626E-04,5.176E-04,5.602E-03,2.148E-02,1.141E+00,1.712E+00,-5.718E-01,6.150E+00,1.955E+00,3.142E+00,-3.590E-03,2.544E+00,2.488E+00,5.673E-02,4.127E+00,1.647E+00,-3.326E-01,3.812E+00,2.119E+00,3.142E+00,-6.422E-04,2.784E+00,2.772E+00,1.017E-01,3.441E+00,1.708E+00,-5.884E-01,6.708E+00,1.927E+00,3.142E+00,-3.717E-03,2.721E+00,2.657E+00,4.952E-02,5.472E+00
55,0.000E+00,1.140E-02,0.000E+00,0.000E+00,1.832E-04,5.770E-04,5.741E-03,2.200E-02,1.169E+00,1.708E+00,-5.831E-01,6.356E+00,1.971E+00,3.142E+00,-3.325E-03,2.539E+00,2.487E+00,5.660E-02,4.134E+00,1.647E+00,-3.436E-01,3.963E+00,2.106E+00,3.142E+00,-5.265E-04,2.780E+00,2.771E+00,1.015E-01,3.447E+00,1.705E+00,-5.947E-01,6.764E+00,1.950E+00,3.142E+00,-3.586E-03,2.717E+00,2.656E+00,4.943E-02,5.480E+00
56,0.000E+00,1.191E-02,0.000E+00,0.000E+00,2.243E-04,6.956E-04,6.020E-03,2.304E-02,1.226E+00,1.700E+00,-6.058E-01,6.769E+00,2.002E+00,3.142E+00,-2.795E-03,2.530E+00,2.486E+00,5.633E-02,4.147E+00,1.647E+00,-3.655E-01,4.265E+00,2.079E+00,3.142E+00,-2.950E-04,2.773E+00,2.768E+00,1.011E-01,3.457E+00,1.699E+00,-6.074E-01,6.875E+00,1.995E+00,3.142E+00,-3.322E-03,2.709E+00,2.653E+00,4.923E-02,5.496E+00
57,0.000E+00,1.241E-02,0.000E+00,0.000E+00,2.654E-04,8.143E-04,6.299E-03,2.409E-02,1.283E+00,1.693E+00,-6.284E-01,7.182E+00,2.033E+00,3.142E+00,-2.266E-03,2.521E+00,2.485E+00,5.607E-02,4.160E+00,1.649E+00,-3.875E-01,4.568E+00,2.052E+00,3.142E+00,-6.359E-05,2.766E+00,2.764E+00,1.007E-01,3.468E+00,1.693E+00,-6.200E-01,6.986E+00,2.039E+00,3.142E+00,-3.059E-03,2.702E+00,2.650E+00,4.904E-02,5.512E+00
58,0.000E+00,1.292E-02,0.000E+00,0.000E+00,3.065E-04,9.329E-04,6.578E-03,2.514E-02,1.340E+00,1.686E+00,-6.510E-01,7.595E+00,2.064E+00,3.142E+00,-1.736E-03,2.511E+00,2.485E+00,5.581E-02,4.174E+00,1.653E+00,-4.095E-01,4.870E+00,2.024E+00,3.142E+00,1.678E-04,2.759E+00,2.761E+00,1.004E-01,3.478E+00,1.687E+00,-6.327E-01,7.098E+00,2.084E+00,3.142E+00,-2.796E-03,2.694E+00,2.647E+00,4.885E-02,5.527E+00
59,0.000E+00,1.317E-02,0.000E+00,0.000E+00,3.271E-04,9.922E-04,6.717E-03,2.566E-02,1.369E+00,1.683E+00,-6.623E-01,7.802E+00,2.079E+00,3.142E+00,-1.472E-03,2.507E+00,2.484E+00,5.568E-02,4.180E+00,1.655E+00,-4.204E-01,5.021E+00,2.011E+00,3.142E+00,2.836E-04,2.755E+00,2.760E+00,1.002E-01,3.484E+00,1.684E+00,-6.391E-01,7.153E+00,2.107E+00,3.142E+00,-2.664E-03,2.690E+00,2.645E+00,4.875E-02,5.535E+00
60,0.000E+00,1.342E-02,0.000E+00,0.000E+00,3.477E-04,1.052E-03,6.856E-03,2.618E-02,1.397E+00,1.680E+00,-6.736E-01,8.008E+00,2.095E+00,3.142E+00,-1.207E-03,2.502E+00,2.484E+00,5.554E-02,4.187E+00,1.657E+00,-4.314E-01,5.172E+00,1.997E+00,3.142E+00,3.993E-04,2.751E+00,2.758E+00,9.998E-02,3.489E+00,1.681E+00,-6.454E-01,7.209E+00,2.129E+00,3.142E+00,-2.533E-03,2.686E+00,2.644E+00,4.866E-02,5.543E+00
61,0.000E+00,1.421E-02,0.000E+00,0.000E+00,5.014E-04,1.449E-03,7.328E-03,2.771E-02,1.494E+00,1.689E+00,-6.836E-01,7.727E+00,2.109E+00,3.142E+00,-2.234E-03,2.537E+00,2.502E+00,5.437E-02,4.252E+00,1.607E+00,-4.856E-01,7.706E+00,1.934E+00,3.142E+00,-4.686E-04,2.765E+00,2.757E+00,1.001E-01,3.485E+00,1.668E+00,-6.788E-01,8.813E+00,2.076E+00,3.142E+00,-3.408E-03,2.691E+00,2.634E+00,4.767E-02,5.632E+00
62,0.000E+00,1.501E-02,0.000E+00,0.000E+00,6.551E-04,1.847E-03,7.799E-03,2.923E-02,1.591E+00,1.698E+00,-6.936E-01,7.447E+00,2.123E+00,3.142E+00,-3.262E-03,2.572E+00,2.520E+00,5.320E-02,4.317E+00,1.592E+00,-5.397E-01,1.024E+01,1.871E+00,3.142E+00,-1.336E-03,2.779E+00,2.756E+00,1.003E-01,3.480E+00,1.663E+00,-7.122E-01,1.042E+01,2.023E+00,3.142E+00,-4.283E-03,2.696E+00,2.624E+00,4.669E-02,5.721E+00
63,0.000E+00,1.580E-02,0.000E+00,0.000E+00,8.088E-04,2.245E-03,8.271E-03,3.076E-02,1.688E+00,1.707E+00,-7.035E-01,7.166E+00,2.137E+00,3.142E+00,-4.289E-03,2.607E+00,2.538E+00,5.203E-02,4.383E+00,1.595E+00,-5.938E-01,1.277E+01,1.808E+00,3.142E+00,-2.204E-03,2.793E+00,2.754E+00,1.004E-01,3.476E+00,1.665E+00,-7.456E-01,1.202E+01,1.971E+00,3.142E+00,-5.158E-03,2.701E+00,2.615E+00,4.570E-02,5.810E+00
64,0.000E+00,1.620E-02,0.000E+00,0.000E+00,8.856E-04,2.443E-03,8.506E-03,3.152E-02,1.736E+00,1.711E+00,-7.085E-01,7.026E+00,2.143E+00,3.142E+00,-4.803E-03,2.625E+00,2.547E+00,5.144E-02,4.415E+00,1.602E+00,-6.209E-01,1.404E+01,1.777E+00,3.142E+00,-2.638E-03,2.800E+00,2.753E+00,1.005E-01,3.473E+00,1.668E+00,-7.623E-01,1.282E+01,1.944E+00,3.142E+00,-5.595E-03,2.703E+00,2.610E+00,4.521E-02,5.855E+00
65,0.000E+00,1.659E-02,0.000E+00,0.000E+00,9.625E-04,2.642E-03,8.742E-03,3.228E-02,1.785E+00,1.715E+00,-7.135E-01,6.885E+00,2.150E+00,3.142E+00,-5.317E-03,2.642E+00,2.556E+00,5.086E-02,4.448E+00,1.610E+00,-6.480E-01,1.531E+01,1.745E+00,3.142E+00,-3.072E-03,2.807E+00,2.753E+00,1.006E-01,3.471E+00,1.672E+00,-7.790E-01,1.363E+01,1.918E+00,3.142E+00,-6.033E-03,2.706E+00,2.605E+00,4.471E-02,5.899E+00
66,0.000E+00,1.766E-02,0.000E+00,0.000E+00,1.226E-03,3.223E-03,9.394E-03,3.431E-02,1.919E+00,1.582E+00,-7.896E-01,1.697E+01,2.168E+00,3.142E+00,-5.641E-03,2.694E+00,2.600E+00,4.969E-02,4.522E+00,1.577E+00,-6.521E-01,1.671E+01,1.823E+00,3.142E+00,-1.608E-03,2.768E+00,2.739E+00,1.004E-01,3.477E+00,1.610E+00,-8.013E-01,1.840E+01,2.005E+00,3.142E+00,-5.783E-03,2.727E+00,2.630E+00,4.442E-02,5.928E+00
67,0.000E+00,1.872E-02,0.000E+00,0.000E+00,1.489E-03,3.804E-03,1.005E-02,3.634E-02,2.053E+00,1.541E+00,-8.656E-01,2.705E+01,2.186E+00,3.142E+00,-5.965E-03,2.745E+00,2.643E+00,4.852E-02,4.597E+00,1.546E+00,-6.563E-01,1.811E+01,1.902E+00,3.142E+00,-1.445E-04,2.729E+00,2.725E+00,1.002E-01,3.483E+00,1.563E+00,-8.235E-01,2.317E+01,2.091E+00,3.142E+00,-5.533E-03,2.749E+00,2.654E+00,4.413E-02,5.957E+00
68,0.000E+00,1.978E-02,0.000E+00,0.000E+00,1.752E-03,4.385E-03,1.070E-02,3.837E-02,2.187E+00,1.531E+00,-9.417E-01,3.714E+01,2.204E+00,3.142E+00,-6.290E-03,2.796E+00,2.687E+00,4.736E-02,4.672E+00,1.517E+00,-6.604E-01,1.951E+01,1.980E+00,3.142E+00,1.319E-03,2.690E+00,2.712E+00,9.998E-02,3.489E+00,1.526E+00,-8.458E-01,2.794E+01,2.178E+00,3.142E+00,-5.283E-03,2.770E+00,2.679E+00,4.384E-02,5.985E+00
69,0.000E+00,2.031E-02,0.000E+00,0.000E+00,1.883E-03,4.676E-03,1.102E-02,3.939E-02,2.254E+00,1.532E+00,-9.797E-01,4.218E+01,2.213E+00,3.142E+00,-6.452E-03,2.822E+00,2.709E+00,4.677E-02,4.709E+00,1.503E+00,-6.625E-01,2.021E+01,2.019E+00,3.142E+00,2.051E-03,2.671E+00,2.705E+00,9.988E-02,3.492E+00,1.511E+00,-8.569E-01,3.033E+01,2.222E+00,3.142E+00,-5.158E-03,2.781E+00,2.691E+00,4.369E-02,6.000E+00
70,0.000E+00,2.085E-02,0.000E+00,0.000E+00,2.015E-03,4.966E-03,1.135E-02,4.040E-02,2.321E+00,1.535E+00,-1.018E+00,4.722E+01,2.222E+00,3.142E+00,-6.614E-03,2.848E+00,2.731E+00,4.619E-02,4.747E+00,1.490E+00,-6.646E-01,2.091E+01,2.059E+00,3.142E+00,2.783E-03,2.651E+00,2.698E+00,9.978E-02,3.495E+00,1.496E+00,-8.680E-01,3.271E+01,2.265E+00,3.142E+00,-5.033E-03,2.791E+00,2.704E+00,4.355E-02,6.014E+00
71,0.000E+00,2.157E-02,0.000E+00,0.000E+00,2.368E-03,5.706E-03,1.190E-02,4.184E-02,2.432E+00,1.490E+00,-1.004E+00,4.493E+01,2.436E+00,3.142E+00,-5.493E-03,2.821E+00,2.725E+00,4.563E-02,4.786E+00,1.472E+00,-6.607E-01,2.048E+01,2.151E+00,3.142E+00,2.201E-03,2.637E+00,2.674E+00,1.001E-01,3.486E+00,1.457E+00,-8.791E-01,3.721E+01,2.395E+00,3.142E+00,-8.244E-04,2.648E+00,2.631E+00,4.323E-02,6.047E+00
72,0.000E+00,2.229E-02,0.000E+00,0.000E+00,2.720E-03,6.446E-03,1.245E-02,4.328E-02,2.542E+00,1.450E+00,-9.909E-01,4.264E+01,2.649E+00,3.142E+00,-4.373E-03,2.795E+00,2.719E+00,4.507E-02,4.825E+00,1.456E+00,-6.569E-01,2.004E+01,2.243E+00,3.142E+00,1.619E-03,2.623E+00,2.650E+00,1.004E-01,3.477E+00,1.423E+00,-8.901E-01,4.171E+01,2.525E+00,3.142E+00,3.384E-03,2.505E+00,2.559E+00,4.291E-02,6.080E+00
73,0.000E+00,2.377E-02,0.000E+00,0.000E+00,2.759E-03,6.674E-03,1.319E-02,4.602E-02,2.695E+00,1.394E+00,-9.844E-01,4.460E+01,2.931E+00,3.142E+00,-4.416E-03,2.738E+00,2.664E+00,4.439E-02,4.875E+00,1.436E+00,-6.387E-01,1.863E+01,2.368E+00,3.142E+00,1.913E-03,2.606E+00,2.637E+00,9.959E-02,3.501E+00,1.398E+00,-8.626E-01,3.399E+01,2.761E+00,3.142E+00,7.502E-04,2.571E+00,2.583E+00,4.387E-02,5.983E+00
74,0.000E+00,2.525E-02,0.000E+00,0.000E+00,2.798E-03,6.902E-03,1.393E-02,4.876E-02,2.848E+00,1.344E+00,-9.779E-01,4.656E+01,3.212E+00,3.142E+00,-4.460E-03,2.682E+00,2.608E+00,4.371E-02,4.925E+00,1.418E+00,-6.205E-01,1.721E+01,2.493E+00,3.142E+00,2.206E-03,2.590E+00,2.625E+00,9.878E-02,3.524E+00,1.388E+00,-8.351E-01,2.627E+01,2.996E+00,3.142E+00,-1.884E-03,2.638E+00,2.607E+00,4.484E-02,5.886E+00
75,0.000E+00,2.616E-02,0.000E+00,0.000E+00,3.424E-03,7.974E-03,1.468E-02,5.068E-02,3.003E+00,1.279E+00,-9.700E-01,4.937E+01,3.629E+00,3.142E+00,-3.809E-03,2.691E+00,2.628E+00,4.235E-02,5.032E+00,1.378E+00,-6.039E-01,1.664E+01,2.728E+00,3.142E+00,3.350E-03,2.539E+00,2.592E+00,9.765E-02,3.559E+00,1.314E+00,-8.168E-01,2.646E+01,3.492E+00,3.142E+00,-3.936E-04,2.595E+00,2.588E+00,4.283E-02,6.095E+00
76,0.000E+00,2.708E-02,0.000E+00,0.000E+00,4.050E-03,9.047E-03,1.543E-02,5.259E-02,3.158E+00,1.222E+00,-9.622E-01,5.218E+01,4.046E+00,3.142E+00,-3.158E-03,2.701E+00,2.647E+00,4.099E-02,5.139E+00,1.343E+00,-5.873E-01,1.607E+01,2.962E+00,3.142E+00,4.494E-03,2.488E+00,2.558E+00,9.651E-02,3.594E+00,1.250E+00,-7.984E-01,2.664E+01,3.988E+00,3.142E+00,1.097E-03,2.552E+00,2.570E+00,4.081E-02,6.304E+00
77,0.000E+00,2.806E-02,0.000E+00,0.000E+00,4.518E-03,9.899E-03,1.618E-02,5.479E-02,3.308E+00,1.170E+00,-9.524E-01,5.036E+01,4.606E+00,3.142E+00,1.446E-03,2.592E+00,2.613E+00,4.028E-02,5.199E+00,1.315E+00,-5.824E-01,1.601E+01,3.168E+00,3.142E+00,6.186E-03,2.404E+00,2.497E+00,9.713E-02,3.574E+00,1.237E+00,-8.140E-01,2.968E+01,4.015E+00,3.142E+00,1.672E-03,2.529E+00,2.555E+00,4.116E-02,6.266E+00
78,0.000E+00,2.903E-02,0.000E+00,0.000E+00,4.987E-03,1.075E-02,1.692E-02,5.699E-02,3.459E+00,1.126E+00,-9.427E-01,4.854E+01,5.165E+00,3.142E+00,6.051E-03,2.483E+00,2.578E+00,3.957E-02,5.259E+00,1.289E+00,-5.775E-01,1.594E+01,3.374E+00,3.142E+00,7.879E-03,2.321E+00,2.435E+00,9.775E-02,3.555E+00,1.227E+00,-8.296E-01,3.271E+01,4.042E+00,3.142E+00,2.246E-03,2.505E+00,2.540E+00,4.151E-02,6.227E+00
79,0.000E+00,2.937E-02,0.000E+00,0.000E+00,5.791E-03,1.232E-02,1.751E-02,5.765E-02,3.575E+00,1.048E+00,-9.141E-01,4.172E+01,6.571E+00,3.142E+00,8.251E-03,2.429E+00,2.556E+00,3.845E-02,5.360E+00,1.257E+00,-5.651E-01,1.535E+01,3.692E+00,3.142E+00,1.140E-02,2.217E+00,2.375E+00,9.495E-02,3.645E+00,1.158E+00,-8.069E-01,3.047E+01,4.855E+00,3.142E+00,1.311E-02,2.255E+00,2.429E+00,4.051E-02,6.341E+00
80,0.000E+00,2.971E-02,0.000E+00,0.000E+00,6.595E-03,1.389E-02,1.810E-02,5.831E-02,3.691E+00,9.993E-01,-8.856E-01,3.491E+01,7.977E+00,3.142E+00,1.045E-02,2.375E+00,2.533E+00,3.734E-02,5.461E+00,1.228E+00,-5.526E-01,1.475E+01,4.009E+00,3.142E+00,1.493E-02,2.114E+00,2.314E+00,9.216E-02,3.735E+00,1.105E+00,-7.841E-01,2.822E+01,5.667E+00,3.142E+00,2.397E-02,2.005E+00,2.318E+00,3.951E-02,6.454E+00
81,0.000E+00,2.894E-02,0.000E+00,0.000E+00,7.178E-03,1.473E-02,1.801E-02,5.710E-02,3.672E+00,9.131E-01,-8.604E-01,3.247E+01,1.076E+01,3.142E+00,2.068E-02,2.222E+00,2.518E+00,3.463E-02,5.750E+00,1.155E+00,-5.411E-01,1.467E+01,4.907E+00,3.142E+00,2.281E-02,1.969E+00,2.254E+00,9.273E-02,3.715E+00,1.015E+00,-7.659E-01,2.688E+01,7.470E+00,3.142E+00,3.635E-02,1.878E+00,2.338E+00,3.680E-02,6.812E+00
82,0.000E+00,2.817E-02,0.000E+00,0.000E+00,7.762E-03,1.558E-02,1.792E-02,5.590E-02,3.654E+00,8.570E-01,-8.352E-01,3.004E+01,1.355E+01,3.142E+00,3.091E-02,2.070E+00,2.502E+00,3.191E-02,6.039E+00,1.097E+00,-5.295E-01,1.459E+01,5.805E+00,3.142E+00,3.070E-02,1.824E+00,2.194E+00,9.331E-02,3.696E+00,9.526E-01,-7.477E-01,2.554E+01,9.273E+00,3.142E+00,4.873E-02,1.751E+00,2.358E+00,3.409E-02,7.170E+00
83,0.000E+00,2.473E-02,0.000E+00,0.000E+00,7.526E-03,1.476E-02,1.611E-02,4.946E-02,3.281E+00,7.534E-01,-7.993E-01,2.558E+01,2.350E+01,3.142E+00,5.996E-02,1.772E+00,2.532E+00,2.925E-02,6.401E+00,1.033E+00,-5.122E-01,1.355E+01,7.399E+00,3.142E+00,5.985E-02,1.491E+00,2.088E+00,8.937E-02,3.836E+00,8.568E-01,-7.113E-01,2.143E+01,1.452E+01,3.142E+00,6.887E-02,1.500E+00,2.237E+00,3.179E-02,7.551E+00
84,0.000E+00,2.129E-02,0.000E+00,0.000E+00,7.291E-03,1.394E-02,1.430E-02,4.302E-02,2.909E+00,7.162E-01,-7.634E-01,2.113E+01,3.345E+01,3.142E+00,8.901E-02,1.475E+00,2.562E+00,2.659E-02,6.764E+00,9.908E-01,-4.949E-01,1.250E+01,8.993E+00,3.142E+00,8.901E-02,1.157E+00,1.981E+00,8.543E-02,3.977E+00,8.197E-01,-6.749E-01,1.731E+01,1.977E+01,3.142E+00,8.901E-02,1.248E+00,2.116E+00,2.950E-02,7.932E+00
85,0.000E+00,1.440E-02,0.000E+00,0.000E+00,5.079E-03,9.648E-03,9.704E-03,2.908E-02,1.980E+00,6.751E-01,-7.342E-01,1.707E+01,5.702E+01,3.142E+00,8.901E-02,1.403E+00,2.405E+00,2.180E-02,7.778E+00,9.395E-01,-4.744E-01,1.074E+01,1.239E+01,3.142E+00,8.901E-02,1.026E+00,1.741E+00,7.958E-02,4.232E+00,7.489E-01,-6.417E-01,1.394E+01,3.686E+01,3.142E+00,8.901E-02,1.153E+00,1.942E+00,2.614E-02,8.691E+00
86,0.000E+00,7.509E-03,0.000E+00,0.000E+00,2.866E-03,5.359E-03,5.105E-03,1.514E-02,1.051E+00,6.841E-01,-7.049E-01,1.301E+01,8.058E+01,3.142E+00,8.901E-02,1.332E+00,2.249E+00,1.700E-02,8.793E+00,9.222E-01,-4.539E-01,8.986E+00,1.579E+01,3.142E+00,8.901E-02,8.943E-01,1.501E+00,7.373E-02,4.488E+00,7.497E-01,-6.085E-01,1.058E+01,5.395E+01,3.142E+00,8.901E-02,1.058E+00,1.768E+00,2.279E-02,9.451E+00
87,0.000E+00,3.769E-03,0.000E+00,0.000E+00,1.471E-03,2.764E-03,2.584E-03,7.665E-03,5.321E-01,7.477E-01,-7.480E-01,1.042E+01,6.987E+01,3.142E+00,8.901E-02,1.365E+00,2.322E+00,1.316E-02,1.043E+01,9.965E-01,-5.244E-01,9.582E+00,1.190E+01,3.142E+00,8.898E-02,8.033E-01,1.363E+00,7.298E-02,4.526E+00,7.983E-01,-6.230E-01,8.479E+00,5.535E+01,3.142E+00,7.535E-02,1.011E+00,1.576E+00,1.807E-02,1.137E+01
88,0.000E+00,2.969E-05,0.000E+00,0.000E+00,7.656E-05,1.688E-04,6.406E-05,1.867E-04,1.342E-02,8.149E-01,-7.910E-01,7.828E+00,5.916E+01,3.142E+00,8.901E-02,1.398E+00,2.396E+00,9.317E-03,1.207E+01,1.113E+00,-5.950E-01,1.018E+01,8.003E+00,3.142E+00,8.896E-02,7.122E-01,1.226E+00,7.223E-02,4.564E+00,8.572E-01,-6.375E-01,6.382E+00,5.676E+01,3.142E+00,6.169E-02,9.639E-01,1.384E+00,1.335E-02,1.328E+01
89,0.000E+00,0.000E+00,0.000E+00,0.000E+00,7.812E-07,2.344E-06,0.000E+00,1.562E-06,1.061E-04,3.142E+00,0.000E+00,0.000E+00,0.000E+00,0.000E+00,0.000E+00,0.000E+00,0.000E+00,0.000E+00,0.000E+00,3.142E+00,0.000E+00,0.000E+00,0.000E+00,0.000E+00,0.000E+00,0.000E+00,0.000E+00,0.000E+00,0.000E+00,3.142E+00,0.000E+00,0.000E+00,0.000E+00,0.000E+00,0.000E+00,0.000E+00,0.000E+00,0.000E+00,0.000E+00
