alpha,H,Mg,Si,O,Mg_1,O_1,Si_2,O_2,amu/ion,phiK_Mg,phiTilt_Mg,phiM_Mg,phiN_Mg,thetaK_Mg,thetaTilt_Mg,thetaM_Mg,thetaN_Mg,energyK_Mg,energyE_Mg,phiK_O,phiTilt_O,phiM_O,phiN_O,thetaK_O,thetaTilt_O,thetaM_O,thetaN_O,energyK_O,energyE_O,phiK_Si,phiTilt_Si,phiM_Si,phiN_Si,thetaK_Si,thetaTilt_Si,thetaM_Si,thetaN_Si,energyK_Si,energyE_Si
0,0.000E+00,3.563E-03,7.812E-07,0.000E+00,0.000E+00,0.000E+00,1.859E-03,7.364E-03,2.566E-01,1.773E+00,-1.955E-02,1.637E+00,1.359E+00,3.142E+00,-3.980E-03,2.591E+00,2.528E+00,2.332E-01,1.603E+00,1.717E+00,-1.608E-02,1.705E+00,1.545E+00,3.142E+00,-1.082E-03,2.538E+00,2.521E+00,1.188E-01,3.016E+00,1.741E+00,2.558E-02,1.301E+00,1.776E+00,3.142E+00,-3.896E-03,2.599E+00,2.537E+00,5.633E-02,4.970E+00
1,0.000E+00,3.575E-03,7.812E-07,0.000E+00,9.766E-08,0.000E+00,1.870E-03,7.402E-03,2.579E-01,1.773E+00,-3.081E-02,1.682E+00,1.375E+00,3.142E+00,-3.281E-03,2.572E+00,2.520E+00,2.329E-01,1.606E+00,1.709E+00,-2.452E-02,1.737E+00,1.599E+00,3.142E+00,-9.782E-04,2.541E+00,2.525E+00,1.187E-01,3.019E+00,1.723E+00,8.200E-03,1.406E+00,1.737E+00,3.142E+00,-4.169E-03,2.584E+00,2.518E+00,5.654E-02,4.956E+00
2,0.000E+00,3.587E-03,7.812E-07,0.000E+00,1.953E-07,0.000E+00,1.882E-03,7.441E-03,2.591E-01,1.774E+00,-4.208E-02,1.728E+00,1.391E+00,3.142E+00,-2.581E-03,2.553E+00,2.511E+00,2.325E-01,1.608E+00,1.701E+00,-3.296E-02,1.769E+00,1.654E+00,3.142E+00,-8.744E-04,2.543E+00,2.529E+00,1.186E-01,3.021E+00,1.718E+00,-9.176E-03,1.510E+00,1.697E+00,3.142E+00,-4.443E-03,2.569E+00,2.500E+00,5.675E-02,4.942E+00
3,0.000E+00,3.600E-03,7.812E-07,0.000E+00,2.930E-07,0.000E+00,1.894E-03,7.479E-03,2.604E-01,1.774E+00,-5.335E-02,1.774E+00,1.407E+00,3.142E+00,-1.882E-03,2.534E+00,2.503E+00,2.322E-01,1.610E+00,1.694E+00,-4.139E-02,1.802E+00,1.709E+00,3.142E+00,-7.705E-04,2.545E+00,2.533E+00,1.185E-01,3.024E+00,1.723E+00,-2.655E-02,1.614E+00,1.658E+00,3.142E+00,-4.716E-03,2.554E+00,2.481E+00,5.697E-02,4.928E+00
4,0.000E+00,3.606E-03,7.812E-07,0.000E+00,3.418E-07,0.000E+00,1.900E-03,7.498E-03,2.610E-01,1.774E+00,-5.898E-02,1.796E+00,1.415E+00,3.142E+00,-1.532E-03,2.524E+00,2.499E+00,2.320E-01,1.611E+00,1.691E+00,-4.561E-02,1.818E+00,1.736E+00,3.142E+00,-7.186E-04,2.546E+00,2.535E+00,1.184E-01,3.025E+00,1.725E+00,-3.524E-02,1.666E+00,1.639E+00,3.142E+00,-4.853E-03,2.546E+00,2.472E+00,5.707E-02,4.921E+00
5,0.000E+00,3.612E-03,7.812E-07,0.000E+00,3.906E-07,0.000E+00,1.906E-03,7.518E-03,2.616E-01,1.774E+00,-6.461E-02,1.819E+00,1.423E+00,3.142E+00,-1.182E-03,2.515E+00,2.495E+00,2.318E-01,1.612E+00,1.687E+00,-4.983E-02,1.834E+00,1.764E+00,3.142E+00,-6.667E-04,2.547E+00,2.536E+00,1.184E-01,3.026E+00,1.729E+00,-4.393E-02,1.718E+00,1.619E+00,3.142E+00,-4.990E-03,2.539E+00,2.462E+00,5.718E-02,4.914E+00
6,0.000E+00,3.625E-03,7.812E-07,0.000E+00,4.883E-07,0.000E+00,1.918E-03,7.556E-03,2.629E-01,1.774E+00,-7.588E-02,1.865E+00,1.439E+00,3.142E+00,-4.827E-04,2.495E+00,2.487E+00,2.314E-01,1.614E+00,1.680E+00,-5.827E-02,1.866E+00,1.818E+00,3.142E+00,-5.628E-04,2.549E+00,2.540E+00,1.183E-01,3.028E+00,1.736E+00,-6.130E-02,1.823E+00,1.580E+00,3.142E+00,-5.263E-03,2.524E+00,2.444E+00,5.739E-02,4.901E+00
7,0.000E+00,3.638E-03,7.812E-07,0.000E+00,5.859E-07,0.000E+00,1.929E-03,7.594E-03,2.641E-01,1.774E+00,-8.715E-02,1.910E+00,1.455E+00,3.142E+00,2.168E-04,2.476E+00,2.479E+00,2.311E-01,1.616E+00,1.674E+00,-6.670E-02,1.899E+00,1.873E+00,3.142E+00,-4.590E-04,2.551E+00,2.544E+00,1.182E-01,3.031E+00,1.744E+00,-7.868E-02,1.927E+00,1.541E+00,3.142E+00,-5.537E-03,2.508E+00,2.425E+00,5.761E-02,4.887E+00
8,0.000E+00,3.650E-03,7.812E-07,0.000E+00,6.836E-07,0.000E+00,1.941E-03,7.633E-03,2.654E-01,1.775E+00,-9.841E-02,1.956E+00,1.471E+00,3.142E+00,9.162E-04,2.457E+00,2.471E+00,2.307E-01,1.618E+00,1.668E+00,-7.514E-02,1.931E+00,1.928E+00,3.142E+00,-3.552E-04,2.553E+00,2.548E+00,1.181E-01,3.033E+00,1.754E+00,-9.605E-02,2.031E+00,1.502E+00,3.142E+00,-5.810E-03,2.493E+00,2.406E+00,5.782E-02,4.873E+00
9,0.000E+00,3.656E-03,7.812E-07,0.000E+00,7.324E-07,0.000E+00,1.947E-03,7.652E-03,2.660E-01,1.775E+00,-1.040E-01,1.979E+00,1.479E+00,3.142E+00,1.266E-03,2.448E+00,2.466E+00,2.306E-01,1.619E+00,1.665E+00,-7.936E-02,1.947E+00,1.955E+00,3.142E+00,-3.032E-04,2.554E+00,2.549E+00,1.180E-01,3.034E+00,1.759E+00,-1.047E-01,2.083E+00,1.482E+00,3.142E+00,-5.947E-03,2.486E+00,2.397E+00,5.792E-02,4.866E+00
10,0.000E+00,3.663E-03,7.812E-07,0.000E+00,7.812E-07,0.000E+00,1.953E-03,7.671E-03,2.666E-01,1.775E+00,-1.097E-01,2.002E+00,1.487E+00,3.142E+00,1.616E-03,2.438E+00,2.462E+00,2.304E-01,1.620E+00,1.662E+00,-8.358E-02,1.963E+00,1.983E+00,3.142E+00,-2.513E-04,2.555E+00,2.551E+00,1.179E-01,3.036E+00,1.764E+00,-1.134E-01,2.135E+00,1.463E+00,3.142E+00,-6.084E-03,2.478E+00,2.388E+00,5.803E-02,4.859E+00
11,0.000E+00,3.731E-03,7.812E-07,0.000E+00,6.836E-07,0.000E+00,2.004E-03,7.852E-03,2.726E-01,1.767E+00,-1.328E-01,2.199E+00,1.493E+00,3.142E+00,1.512E-03,2.438E+00,2.460E+00,2.303E-01,1.621E+00,1.666E+00,-9.366E-02,1.985E+00,1.990E+00,3.142E+00,-6.688E-04,2.565E+00,2.555E+00,1.171E-01,3.054E+00,1.769E+00,-1.342E-01,2.245E+00,1.461E+00,3.142E+00,-5.851E-03,2.470E+00,2.383E+00,5.788E-02,4.869E+00
12,0.000E+00,3.800E-03,7.812E-07,0.000E+00,5.859E-07,0.000E+00,2.054E-03,8.033E-03,2.786E-01,1.761E+00,-1.558E-01,2.397E+00,1.498E+00,3.142E+00,1.408E-03,2.437E+00,2.458E+00,2.303E-01,1.621E+00,1.671E+00,-1.037E-01,2.007E+00,1.997E+00,3.142E+00,-1.086E-03,2.575E+00,2.558E+00,1.163E-01,3.073E+00,1.774E+00,-1.551E-01,2.355E+00,1.460E+00,3.142E+00,-5.619E-03,2.463E+00,2.379E+00,5.774E-02,4.878E+00
13,0.000E+00,3.868E-03,7.812E-07,0.000E+00,4.883E-07,0.000E+00,2.104E-03,8.214E-03,2.846E-01,1.756E+00,-1.789E-01,2.594E+00,1.504E+00,3.142E+00,1.304E-03,2.437E+00,2.456E+00,2.302E-01,1.622E+00,1.676E+00,-1.138E-01,2.029E+00,2.004E+00,3.142E+00,-1.504E-03,2.585E+00,2.561E+00,1.155E-01,3.092E+00,1.780E+00,-1.759E-01,2.465E+00,1.459E+00,3.142E+00,-5.386E-03,2.455E+00,2.375E+00,5.759E-02,4.888E+00
14,0.000E+00,3.903E-03,7.812E-07,0.000E+00,4.395E-07,0.000E+00,2.129E-03,8.304E-03,2.876E-01,1.755E+00,-1.904E-01,2.693E+00,1.507E+00,3.142E+00,1.252E-03,2.437E+00,2.455E+00,2.302E-01,1.622E+00,1.678E+00,-1.189E-01,2.040E+00,2.007E+00,3.142E+00,-1.713E-03,2.590E+00,2.562E+00,1.151E-01,3.101E+00,1.783E+00,-1.863E-01,2.520E+00,1.459E+00,3.142E+00,-5.270E-03,2.451E+00,2.373E+00,5.752E-02,4.892E+00
15,0.000E+00,3.937E-03,7.812E-07,0.000E+00,3.906E-07,0.000E+00,2.155E-03,8.395E-03,2.906E-01,1.754E+00,-2.020E-01,2.791E+00,1.509E+00,3.142E+00,1.200E-03,2.437E+00,2.455E+00,2.301E-01,1.622E+00,1.681E+00,-1.239E-01,2.051E+00,2.010E+00,3.142E+00,-1.921E-03,2.595E+00,2.564E+00,1.147E-01,3.111E+00,1.786E+00,-1.967E-01,2.575E+00,1.458E+00,3.142E+00,-5.154E-03,2.447E+00,2.371E+00,5.744E-02,4.897E+00
16,0.000E+00,4.006E-03,7.812E-07,0.000E+00,2.930E-07,0.000E+00,2.205E-03,8.576E-03,2.965E-01,1.752E+00,-2.251E-01,2.989E+00,1.515E+00,3.142E+00,1.096E-03,2.436E+00,2.453E+00,2.301E-01,1.622E+00,1.685E+00,-1.340E-01,2.073E+00,2.017E+00,3.142E+00,-2.339E-03,2.605E+00,2.567E+00,1.139E-01,3.129E+00,1.792E+00,-2.175E-01,2.685E+00,1.457E+00,3.142E+00,-4.921E-03,2.439E+00,2.366E+00,5.730E-02,4.906E+00
17,0.000E+00,4.074E-03,7.812E-07,0.000E+00,1.953E-07,0.000E+00,2.255E-03,8.757E-03,3.025E-01,1.752E+00,-2.481E-01,3.186E+00,1.521E+00,3.142E+00,9.923E-04,2.436E+00,2.451E+00,2.300E-01,1.623E+00,1.690E+00,-1.441E-01,2.095E+00,2.024E+00,3.142E+00,-2.756E-03,2.615E+00,2.570E+00,1.130E-01,3.148E+00,1.798E+00,-2.383E-01,2.795E+00,1.456E+00,3.142E+00,-4.689E-03,2.431E+00,2.362E+00,5.715E-02,4.916E+00
18,0.000E+00,4.143E-03,7.812E-07,0.000E+00,9.766E-08,0.000E+00,2.306E-03,8.938E-03,3.085E-01,1.753E+00,-2.712E-01,3.384E+00,1.526E+00,3.142E+00,8.883E-04,2.435E+00,2.449E+00,2.300E-01,1.623E+00,1.694E+00,-1.541E-01,2.117E+00,2.031E+00,3.142E+00,-3.174E-03,2.625E+00,2.574E+00,1.122E-01,3.167E+00,1.805E+00,-2.591E-01,2.905E+00,1.455E+00,3.142E+00,-4.456E-03,2.423E+00,2.358E+00,5.700E-02,4.925E+00
19,0.000E+00,4.177E-03,7.812E-07,0.000E+00,4.883E-08,0.000E+00,2.331E-03,9.028E-03,3.115E-01,1.754E+00,-2.828E-01,3.482E+00,1.529E+00,3.142E+00,8.364E-04,2.435E+00,2.448E+00,2.299E-01,1.623E+00,1.697E+00,-1.592E-01,2.128E+00,2.035E+00,3.142E+00,-3.383E-03,2.630E+00,2.575E+00,1.118E-01,3.176E+00,1.808E+00,-2.695E-01,2.960E+00,1.454E+00,3.142E+00,-4.340E-03,2.419E+00,2.356E+00,5.693E-02,4.930E+00
20,0.000E+00,4.212E-03,7.812E-07,0.000E+00,0.000E+00,0.000E+00,2.356E-03,9.119E-03,3.145E-01,1.755E+00,-2.943E-01,3.581E+00,1.532E+00,3.142E+00,7.844E-04,2.435E+00,2.447E+00,2.299E-01,1.623E+00,1.699E+00,-1.642E-01,2.139E+00,2.038E+00,3.142E+00,-3.591E-03,2.635E+00,2.577E+00,1.114E-01,3.186E+00,1.811E+00,-2.799E-01,3.015E+00,1.453E+00,3.142E+00,-4.224E-03,2.415E+00,2.354E+00,5.685E-02,4.935E+00
21,0.000E+00,4.397E-03,7.812E-07,0.000E+00,0.000E+00,2.930E-07,2.444E-03,9.405E-03,3.260E-01,1.753E+00,-3.027E-01,3.664E+00,1.541E+00,3.142E+00,2.282E-04,2.449E+00,2.452E+00,2.295E-01,1.626E+00,1.701E+00,-1.787E-01,2.242E+00,2.010E+00,3.142E+00,-3.278E-03,2.631E+00,2.578E+00,1.111E-01,3.194E+00,1.818E+00,-2.913E-01,3.041E+00,1.453E+00,3.142E+00,-4.928E-03,2.437E+00,2.364E+00,5.686E-02,4.934E+00
22,0.000E+00,4.583E-03,7.812E-07,0.000E+00,0.000E+00,5.859E-07,2.532E-03,9.691E-03,3.376E-01,1.751E+00,-3.111E-01,3.748E+00,1.550E+00,3.142E+00,-3.280E-04,2.462E+00,2.457E+00,2.292E-01,1.628E+00,1.704E+00,-1.931E-01,2.345E+00,1.981E+00,3.142E+00,-2.965E-03,2.627E+00,2.579E+00,1.107E-01,3.202E+00,1.825E+00,-3.026E-01,3.067E+00,1.452E+00,3.142E+00,-5.631E-03,2.458E+00,2.374E+00,5.687E-02,4.934E+00
23,0.000E+00,4.768E-03,7.812E-07,0.000E+00,0.000E+00,8.789E-07,2.620E-03,9.977E-03,3.491E-01,1.749E+00,-3.194E-01,3.831E+00,1.560E+00,3.142E+00,-8.842E-04,2.476E+00,2.462E+00,2.288E-01,1.630E+00,1.708E+00,-2.076E-01,2.448E+00,1.953E+00,3.142E+00,-2.652E-03,2.623E+00,2.580E+00,1.104E-01,3.211E+00,1.832E+00,-3.140E-01,3.092E+00,1.451E+00,3.142E+00,-6.335E-03,2.480E+00,2.384E+00,5.687E-02,4.934E+00
24,0.000E+00,4.861E-03,7.812E-07,0.000E+00,0.000E+00,1.025E-06,2.664E-03,1.012E-02,3.549E-01,1.748E+00,-3.236E-01,3.872E+00,1.564E+00,3.142E+00,-1.162E-03,2.483E+00,2.464E+00,2.286E-01,1.631E+00,1.710E+00,-2.148E-01,2.500E+00,1.939E+00,3.142E+00,-2.496E-03,2.621E+00,2.581E+00,1.102E-01,3.215E+00,1.835E+00,-3.197E-01,3.105E+00,1.451E+00,3.142E+00,-6.687E-03,2.490E+00,2.389E+00,5.688E-02,4.933E+00
25,0.000E+00,4.954E-03,7.812E-07,0.000E+00,0.000E+00,1.172E-06,2.708E-03,1.026E-02,3.607E-01,1.748E+00,-3.278E-01,3.914E+00,1.569E+00,3.142E+00,-1.440E-03,2.490E+00,2.467E+00,2.284E-01,1.633E+00,1.713E+00,-2.220E-01,2.551E+00,1.924E+00,3.142E+00,-2.339E-03,2.619E+00,2.581E+00,1.101E-01,3.219E+00,1.839E+00,-3.253E-01,3.118E+00,1.450E+00,3.142E+00,-7.039E-03,2.501E+00,2.394E+00,5.688E-02,4.933E+00
26,0.000E+00,5.139E-03,7.812E-07,0.000E+00,0.000E+00,1.465E-06,2.796E-03,1.055E-02,3.723E-01,1.746E+00,-3.362E-01,3.997E+00,1.578E+00,3.142E+00,-1.997E-03,2.503E+00,2.472E+00,2.280E-01,1.635E+00,1.718E+00,-2.364E-01,2.654E+00,1.896E+00,3.142E+00,-2.026E-03,2.615E+00,2.582E+00,1.097E-01,3.227E+00,1.845E+00,-3.367E-01,3.144E+00,1.449E+00,3.142E+00,-7.743E-03,2.522E+00,2.404E+00,5.689E-02,4.933E+00
27,0.000E+00,5.325E-03,7.812E-07,0.000E+00,0.000E+00,1.758E-06,2.884E-03,1.083E-02,3.838E-01,1.745E+00,-3.446E-01,4.081E+00,1.587E+00,3.142E+00,-2.553E-03,2.517E+00,2.477E+00,2.277E-01,1.637E+00,1.723E+00,-2.509E-01,2.757E+00,1.868E+00,3.142E+00,-1.713E-03,2.611E+00,2.583E+00,1.094E-01,3.235E+00,1.852E+00,-3.480E-01,3.170E+00,1.449E+00,3.142E+00,-8.446E-03,2.544E+00,2.414E+00,5.689E-02,4.932E+00
28,0.000E+00,5.511E-03,7.812E-07,0.000E+00,0.000E+00,2.051E-06,2.971E-03,1.112E-02,3.954E-01,1.744E+00,-3.530E-01,4.164E+00,1.597E+00,3.142E+00,-3.109E-03,2.531E+00,2.482E+00,2.273E-01,1.640E+00,1.729E+00,-2.653E-01,2.860E+00,1.839E+00,3.142E+00,-1.400E-03,2.607E+00,2.584E+00,1.091E-01,3.244E+00,1.858E+00,-3.594E-01,3.196E+00,1.448E+00,3.142E+00,-9.150E-03,2.565E+00,2.424E+00,5.690E-02,4.932E+00
29,0.000E+00,5.603E-03,7.812E-07,0.000E+00,0.000E+00,2.197E-06,3.015E-03,1.126E-02,4.012E-01,1.743E+00,-3.572E-01,4.205E+00,1.601E+00,3.142E+00,-3.387E-03,2.537E+00,2.485E+00,2.271E-01,1.641E+00,1.733E+00,-2.725E-01,2.912E+00,1.825E+00,3.142E+00,-1.244E-03,2.605E+00,2.585E+00,1.089E-01,3.248E+00,1.861E+00,-3.651E-01,3.209E+00,1.447E+00,3.142E+00,-9.502E-03,2.576E+00,2.429E+00,5.690E-02,4.932E+00
30,0.000E+00,5.696E-03,7.812E-07,0.000E+00,0.000E+00,2.344E-06,3.059E-03,1.141E-02,4.069E-01,1.743E+00,-3.613E-01,4.247E+00,1.606E+00,3.142E+00,-3.665E-03,2.544E+00,2.487E+00,2.269E-01,1.642E+00,1.736E+00,-2.798E-01,2.964E+00,1.811E+00,3.142E+00,-1.087E-03,2.603E+00,2.585E+00,1.087E-01,3.252E+00,1.864E+00,-3.707E-01,3.222E+00,1.447E+00,3.142E+00,-9.854E-03,2.587E+00,2.434E+00,5.690E-02,4.932E+00
31,0.000E+00,6.208E-03,6.836E-07,0.000E+00,2.930E-07,3.125E-06,3.284E-03,1.237E-02,4.411E-01,1.730E+00,-3.640E-01,4.245E+00,1.668E+00,3.142E+00,-3.351E-03,2.548E+00,2.495E+00,2.255E-01,1.651E+00,1.726E+00,-2.894E-01,3.052E+00,1.855E+00,3.142E+00,-1.032E-03,2.606E+00,2.589E+00,1.082E-01,3.264E+00,1.842E+00,-4.068E-01,3.783E+00,1.466E+00,3.142E+00,-8.833E-03,2.573E+00,2.437E+00,5.612E-02,4.988E+00
32,0.000E+00,6.464E-03,6.348E-07,0.000E+00,4.395E-07,3.516E-06,3.396E-03,1.285E-02,4.582E-01,1.724E+00,-3.654E-01,4.244E+00,1.699E+00,3.142E+00,-3.194E-03,2.549E+00,2.500E+00,2.248E-01,1.656E+00,1.722E+00,-2.943E-01,3.096E+00,1.877E+00,3.142E+00,-1.004E-03,2.607E+00,2.591E+00,1.080E-01,3.270E+00,1.834E+00,-4.248E-01,4.063E+00,1.476E+00,3.142E+00,-8.322E-03,2.567E+00,2.438E+00,5.573E-02,5.016E+00
33,0.000E+00,6.720E-03,5.859E-07,0.000E+00,5.859E-07,3.906E-06,3.508E-03,1.333E-02,4.752E-01,1.719E+00,-3.667E-01,4.244E+00,1.730E+00,3.142E+00,-3.037E-03,2.551E+00,2.504E+00,2.241E-01,1.660E+00,1.717E+00,-2.991E-01,3.140E+00,1.900E+00,3.142E+00,-9.760E-04,2.609E+00,2.593E+00,1.078E-01,3.277E+00,1.827E+00,-4.428E-01,4.343E+00,1.485E+00,3.142E+00,-7.811E-03,2.560E+00,2.439E+00,5.533E-02,5.044E+00
34,0.000E+00,6.976E-03,5.371E-07,0.000E+00,7.324E-07,4.297E-06,3.620E-03,1.381E-02,4.923E-01,1.713E+00,-3.681E-01,4.243E+00,1.760E+00,3.142E+00,-2.880E-03,2.553E+00,2.508E+00,2.234E-01,1.665E+00,1.712E+00,-3.040E-01,3.184E+00,1.922E+00,3.142E+00,-9.481E-04,2.610E+00,2.595E+00,1.075E-01,3.283E+00,1.821E+00,-4.608E-01,4.623E+00,1.495E+00,3.142E+00,-7.301E-03,2.554E+00,2.441E+00,5.494E-02,5.073E+00
35,0.000E+00,7.232E-03,4.883E-07,0.000E+00,8.789E-07,4.688E-06,3.733E-03,1.429E-02,5.094E-01,1.707E+00,-3.694E-01,4.242E+00,1.791E+00,3.142E+00,-2.723E-03,2.554E+00,2.512E+00,2.227E-01,1.670E+00,1.708E+00,-3.088E-01,3.228E+00,1.944E+00,3.142E+00,-9.202E-04,2.611E+00,2.597E+00,1.073E-01,3.289E+00,1.816E+00,-4.788E-01,4.904E+00,1.504E+00,3.142E+00,-6.790E-03,2.547E+00,2.442E+00,5.455E-02,5.101E+00
36,0.000E+00,7.487E-03,4.395E-07,0.000E+00,1.025E-06,5.078E-06,3.845E-03,1.477E-02,5.265E-01,1.702E+00,-3.708E-01,4.241E+00,1.822E+00,3.142E+00,-2.566E-03,2.556E+00,2.516E+00,2.220E-01,1.674E+00,1.703E+00,-3.137E-01,3.272E+00,1.966E+00,3.142E+00,-8.924E-04,2.613E+00,2.598E+00,1.070E-01,3.295E+00,1.812E+00,-4.968E-01,5.184E+00,1.514E+00,3.142E+00,-6.280E-03,2.541E+00,2.444E+00,5.416E-02,5.129E+00
37,0.000E+00,7.743E-03,3.906E-07,0.000E+00,1.172E-06,5.469E-06,3.957E-03,1.526E-02,5.435E-01,1.697E+00,-3.721E-01,4.240E+00,1.853E+00,3.142E+00,-2.409E-03,2.558E+00,2.520E+00,2.212E-01,1.679E+00,1.699E+00,-3.185E-01,3.317E+00,1.988E+00,3.142E+00,-8.645E-04,2.614E+00,2.600E+00,1.068E-01,3.302E+00,1.808E+00,-5.149E-01,5.464E+00,1.523E+00,3.142E+00,-5.769E-03,2.534E+00,2.445E+00,5.376E-02,5.157E+00
38,0.000E+00,7.999E-03,3.418E-07,0.000E+00,1.318E-06,5.859E-06,4.069E-03,1.574E-02,5.606E-01,1.691E+00,-3.735E-01,4.239E+00,1.884E+00,3.142E+00,-2.252E-03,2.559E+00,2.524E+00,2.205E-01,1.684E+00,1.695E+00,-3.233E-01,3.361E+00,2.010E+00,3.142E+00,-8.366E-04,2.616E+00,2.602E+00,1.066E-01,3.308E+00,1.806E+00,-5.329E-01,5.745E+00,1.533E+00,3.142E+00,-5.258E-03,2.527E+00,2.446E+00,5.337E-02,5.186E+00
39,0.000E+00,8.255E-03,2.930E-07,0.000E+00,1.465E-06,6.250E-06,4.181E-03,1.622E-02,5.777E-01,1.686E+00,-3.748E-01,4.239E+00,1.915E+00,3.142E+00,-2.095E-03,2.561E+00,2.528E+00,2.198E-01,1.688E+00,1.691E+00,-3.282E-01,3.405E+00,2.033E+00,3.142E+00,-8.088E-04,2.617E+00,2.604E+00,1.063E-01,3.314E+00,1.803E+00,-5.509E-01,6.025E+00,1.542E+00,3.142E+00,-4.748E-03,2.521E+00,2.448E+00,5.298E-02,5.214E+00
40,0.000E+00,8.511E-03,2.441E-07,0.000E+00,1.611E-06,6.641E-06,4.294E-03,1.670E-02,5.948E-01,1.681E+00,-3.762E-01,4.238E+00,1.946E+00,3.142E+00,-1.938E-03,2.563E+00,2.532E+00,2.191E-01,1.693E+00,1.687E+00,-3.330E-01,3.449E+00,2.055E+00,3.142E+00,-7.809E-04,2.619E+00,2.606E+00,1.061E-01,3.320E+00,1.802E+00,-5.689E-01,6.305E+00,1.552E+00,3.142E+00,-4.237E-03,2.514E+00,2.449E+00,5.258E-02,5.242E+00
41,0.000E+00,8.767E-03,1.953E-07,0.000E+00,1.758E-06,7.031E-06,4.406E-03,1.718E-02,6.119E-01,1.676E+00,-3.775E-01,4.237E+00,1.977E+00,3.142E+00,-1.781E-03,2.564E+00,2.536E+00,2.184E-01,1.698E+00,1.683E+00,-3.379E-01,3.493E+00,2.077E+00,3.142E+00,-7.530E-04,2.620E+00,2.608E+00,1.059E-01,3.326E+00,1.800E+00,-5.869E-01,6.586E+00,1.561E+00,3.142E+00,-3.726E-03,2.508E+00,2.450E+00,5.219E-02,5.270E+00
42,0.000E+00,9.023E-03,1.465E-07,0.000E+00,1.904E-06,7.422E-06,4.518E-03,1.766E-02,6.289E-01,1.671E+00,-3.789E-01,4.236E+00,2.008E+00,3.142E+00,-1.624E-03,2.566E+00,2.540E+00,2.177E-01,1.702E+00,1.679E+00,-3.427E-01,3.537E+00,2.099E+00,3.142E+00,-7.252E-04,2.621E+00,2.610E+00,1.056E-01,3.333E+00,1.799E+00,-6.049E-01,6.866E+00,1.571E+00,3.142E+00,-3.216E-03,2.501E+00,2.452E+00,5.180E-02,5.298E+00
43,0.000E+00,9.279E-03,9.766E-08,0.000E+00,2.051E-06,7.813E-06,4.630E-03,1.814E-02,6.460E-01,1.667E+00,-3.802E-01,4.235E+00,2.039E+00,3.142E+00,-1.467E-03,2.568E+00,2.544E+00,2.170E-01,1.707E+00,1.675E+00,-3.476E-01,3.581E+00,2.121E+00,3.142E+00,-6.973E-04,2.623E+00,2.611E+00,1.054E-01,3.339E+00,1.799E+00,-6.229E-01,7.146E+00,1.580E+00,3.142E+00,-2.705E-03,2.495E+00,2.453E+00,5.141E-02,5.327E+00
44,0.000E+00,9.535E-03,4.883E-08,0.000E+00,2.197E-06,8.203E-06,4.742E-03,1.862E-02,6.631E-01,1.662E+00,-3.816E-01,4.234E+00,2.069E+00,3.142E+00,-1.310E-03,2.569E+00,2.549E+00,2.163E-01,1.711E+00,1.671E+00,-3.524E-01,3.625E+00,2.143E+00,3.142E+00,-6.694E-04,2.624E+00,2.613E+00,1.051E-01,3.345E+00,1.798E+00,-6.409E-01,7.426E+00,1.590E+00,3.142E+00,-2.195E-03,2.488E+00,2.455E+00,5.101E-02,5.355E+00
45,0.000E+00,9.791E-03,0.000E+00,0.000E+00,2.344E-06,8.594E-06,4.855E-03,1.910E-02,6.802E-01,1.658E+00,-3.829E-01,4.233E+00,2.100E+00,3.142E+00,-1.153E-03,2.571E+00,2.553E+00,2.156E-01,1.716E+00,1.667E+00,-3.572E-01,3.670E+00,2.166E+00,3.142E+00,-6.416E-04,2.626E+00,2.615E+00,1.049E-01,3.351E+00,1.798E+00,-6.590E-01,7.707E+00,1.599E+00,3.142E+00,-1.684E-03,2.482E+00,2.456E+00,5.062E-02,5.383E+00
46,0.000E+00,1.023E-02,0.000E+00,0.000E+00,6.445E-06,1.660E-05,5.127E-03,2.014E-02,7.153E-01,1.666E+00,-3.873E-01,4.236E+00,2.072E+00,3.142E+00,-1.949E-03,2.596E+00,2.564E+00,2.154E-01,1.717E+00,1.661E+00,-3.772E-01,4.007E+00,2.141E+00,3.142E+00,-9.098E-04,2.639E+00,2.624E+00,1.049E-01,3.352E+00,1.784E+00,-6.772E-01,8.468E+00,1.618E+00,3.142E+00,-2.335E-03,2.507E+00,2.471E+00,5.042E-02,5.399E+00
47,0.000E+00,1.067E-02,0.000E+00,0.000E+00,1.055E-05,2.461E-05,5.398E-03,2.117E-02,7.504E-01,1.674E+00,-3.918E-01,4.239E+00,2.043E+00,3.142E+00,-2.745E-03,2.620E+00,2.575E+00,2.152E-01,1.719E+00,1.658E+00,-3.972E-01,4.344E+00,2.116E+00,3.142E+00,-1.178E-03,2.652E+00,2.632E+00,1.048E-01,3.353E+00,1.772E+00,-6.954E-01,9.230E+00,1.636E+00,3.142E+00,-2.986E-03,2.533E+00,2.486E+00,5.021E-02,5.416E+00
48,0.000E+00,1.111E-02,0.000E+00,0.000E+00,1.465E-05,3.262E-05,5.670E-03,2.220E-02,7.855E-01,1.682E+00,-3.962E-01,4.242E+00,2.015E+00,3.142E+00,-3.541E-03,2.645E+00,2.587E+00,2.150E-01,1.720E+00,1.656E+00,-4.171E-01,4.681E+00,2.091E+00,3.142E+00,-1.446E-03,2.665E+00,2.641E+00,1.048E-01,3.355E+00,1.762E+00,-7.136E-01,9.991E+00,1.655E+00,3.142E+00,-3.637E-03,2.559E+00,2.502E+00,5.001E-02,5.432E+00
49,0.000E+00,1.133E-02,0.000E+00,0.000E+00,1.670E-05,3.662E-05,5.806E-03,2.272E-02,8.030E-01,1.686E+00,-3.984E-01,4.243E+00,2.001E+00,3.142E+00,-3.939E-03,2.657E+00,2.593E+00,2.149E-01,1.721E+00,1.656E+00,-4.271E-01,4.849E+00,2.079E+00,3.142E+00,-1.580E-03,2.672E+00,2.645E+00,1.048E-01,3.355E+00,1.757E+00,-7.227E-01,1.037E+01,1.664E+00,3.142E+00,-3.963E-03,2.572E+00,2.509E+00,4.991E-02,5.440E+00
50,0.000E+00,1.155E-02,0.000E+00,0.000E+00,1.875E-05,4.063E-05,5.942E-03,2.324E-02,8.206E-01,1.690E+00,-4.006E-01,4.244E+00,1.987E+00,3.142E+00,-4.337E-03,2.670E+00,2.598E+00,2.148E-01,1.721E+00,1.656E+00,-4.371E-01,5.018E+00,2.066E+00,3.142E+00,-1.714E-03,2.679E+00,2.650E+00,1.047E-01,3.356E+00,1.753E+00,-7.318E-01,1.075E+01,1.673E+00,3.142E+00,-4.289E-03,2.585E+00,2.517E+00,4.980E-02,5.449E+00
51,0.000E+00,1.233E-02,0.000E+00,0.000E+00,6.396E-05,8.955E-05,6.342E-03,2.481E-02,8.777E-01,1.668E+00,-4.235E-01,4.982E+00,1.966E+00,3.142E+00,-4.433E-03,2.684E+00,2.611E+00,2.137E-01,1.730E+00,1.646E+00,-4.453E-01,5.254E+00,2.084E+00,3.142E+00,-1.462E-03,2.670E+00,2.646E+00,1.041E-01,3.375E+00,1.734E+00,-7.281E-01,1.050E+01,1.755E+00,3.142E+00,-3.824E-03,2.577E+00,2.516E+00,4.924E-02,5.498E+00
52,0.000E+00,1.311E-02,0.000E+00,0.000E+00,1.092E-04,1.385E-04,6.741E-03,2.639E-02,9.349E-01,1.652E+00,-4.464E-01,5.719E+00,1.945E+00,3.142E+00,-4.529E-03,2.699E+00,2.623E+00,2.125E-01,1.738E+00,1.637E+00,-4.535E-01,5.491E+00,2.101E+00,3.142E+00,-1.210E-03,2.662E+00,2.641E+00,1.034E-01,3.394E+00,1.716E+00,-7.245E-01,1.025E+01,1.837E+00,3.142E+00,-3.360E-03,2.569E+00,2.516E+00,4.867E-02,5.548E+00
53,0.000E+00,1.388E-02,0.000E+00,0.000E+00,1.544E-04,1.874E-04,7.140E-03,2.797E-02,9.921E-01,1.642E+00,-4.693E-01,6.457E+00,1.925E+00,3.142E+00,-4.625E-03,2.714E+00,2.636E+00,2.114E-01,1.746E+00,1.629E+00,-4.617E-01,5.728E+00,2.119E+00,3.142E+00,-9.585E-04,2.653E+00,2.637E+00,1.027E-01,3.413E+00,1.699E+00,-7.208E-01,1.000E+01,1.918E+00,3.142E+00,-2.895E-03,2.561E+00,2.516E+00,4.810E-02,5.598E+00
54,0.000E+00,1.427E-02,0.000E+00,0.000E+00,1.770E-04,2.119E-04,7.340E-03,2.876E-02,1.021E+00,1.638E+00,-4.807E-01,6.826E+00,1.915E+00,3.142E+00,-4.673E-03,2.721E+00,2.642E+00,2.108E-01,1.750E+00,1.625E+00,-4.659E-01,5.846E+00,2.127E+00,3.142E+00,-8.326E-04,2.649E+00,2.635E+00,1.024E-01,3.422E+00,1.691E+00,-7.190E-01,9.878E+00,1.959E+00,3.142E+00,-2.663E-03,2.557E+00,2.515E+00,4.782E-02,5.623E+00
55,0.000E+00,1.466E-02,0.000E+00,0.000E+00,1.996E-04,2.363E-04,7.539E-03,2.954E-02,1.049E+00,1.635E+00,-4.922E-01,7.194E+00,1.904E+00,3.142E+00,-4.721E-03,2.728E+00,2.648E+00,2.102E-01,1.754E+00,1.621E+00,-4.700E-01,5.964E+00,2.136E+00,3.142E+00,-7.066E-04,2.645E+00,2.633E+00,1.020E-01,3.432E+00,1.684E+00,-7.171E-01,9.753E+00,2.000E+00,3.142E+00,-2.430E-03,2.553E+00,2.515E+00,4.753E-02,5.647E+00
56,0.000E+00,1.543E-02,0.000E+00,0.000E+00,2.448E-04,2.853E-04,7.939E-03,3.112E-02,1.107E+00,1.632E+00,-5.151E-01,7.932E+00,1.884E+00,3.142E+00,-4.817E-03,2.743E+00,2.661E+00,2.091E-01,1.763E+00,1.614E+00,-4.782E-01,6.201E+00,2.154E+00,3.142E+00,-4.547E-04,2.637E+00,2.629E+00,1.014E-01,3.451E+00,1.669E+00,-7.135E-01,9.503E+00,2.082E+00,3.142E+00,-1.966E-03,2.546E+00,2.515E+00,4.697E-02,5.697E+00
57,0.000E+00,1.621E-02,0.000E+00,0.000E+00,2.900E-04,3.342E-04,8.338E-03,3.270E-02,1.164E+00,1.631E+00,-5.380E-01,8.669E+00,1.863E+00,3.142E+00,-4.913E-03,2.757E+00,2.673E+00,2.079E-01,1.771E+00,1.606E+00,-4.864E-01,6.437E+00,2.171E+00,3.142E+00,-2.027E-04,2.628E+00,2.625E+00,1.007E-01,3.470E+00,1.656E+00,-7.098E-01,9.253E+00,2.164E+00,3.142E+00,-1.501E-03,2.538E+00,2.514E+00,4.640E-02,5.747E+00
58,0.000E+00,1.699E-02,0.000E+00,0.000E+00,3.353E-04,3.831E-04,8.737E-03,3.427E-02,1.221E+00,1.632E+00,-5.609E-01,9.407E+00,1.843E+00,3.142E+00,-5.009E-03,2.772E+00,2.686E+00,2.068E-01,1.779E+00,1.600E+00,-4.946E-01,6.674E+00,2.189E+00,3.142E+00,4.922E-05,2.620E+00,2.621E+00,1.000E-01,3.489E+00,1.643E+00,-7.061E-01,9.003E+00,2.245E+00,3.142E+00,-1.037E-03,2.530E+00,2.514E+00,4.583E-02,5.797E+00
59,0.000E+00,1.738E-02,0.000E+00,0.000E+00,3.579E-04,4.076E-04,8.937E-03,3.506E-02,1.250E+00,1.634E+00,-5.723E-01,9.776E+00,1.832E+00,3.142E+00,-5.057E-03,2.779E+00,2.692E+00,2.062E-01,1.783E+00,1.597E+00,-4.987E-01,6.792E+00,2.197E+00,3.142E+00,1.752E-04,2.616E+00,2.619E+00,9.968E-02,3.498E+00,1.637E+00,-7.043E-01,8.878E+00,2.286E+00,3.142E+00,-8.046E-04,2.526E+00,2.513E+00,4.555E-02,5.822E+00
60,0.000E+00,1.776E-02,0.000E+00,0.000E+00,3.805E-04,4.320E-04,9.137E-03,3.585E-02,1.278E+00,1.636E+00,-5.838E-01,1.014E+01,1.822E+00,3.142E+00,-5.105E-03,2.787E+00,2.698E+00,2.056E-01,1.787E+00,1.594E+00,-5.028E-01,6.910E+00,2.206E+00,3.142E+00,3.012E-04,2.612E+00,2.617E+00,9.935E-02,3.508E+00,1.632E+00,-7.024E-01,8.753E+00,2.327E+00,3.142E+00,-5.724E-04,2.522E+00,2.513E+00,4.526E-02,5.846E+00
61,0.000E+00,1.869E-02,0.000E+00,0.000E+00,7.139E-04,7.176E-04,9.730E-03,3.802E-02,1.365E+00,1.609E+00,-6.102E-01,1.267E+01,1.805E+00,3.142E+00,-2.932E-03,2.739E+00,2.688E+00,2.049E-01,1.792E+00,1.570E+00,-5.360E-01,8.630E+00,2.163E+00,3.142E+00,2.117E-04,2.614E+00,2.617E+00,9.983E-02,3.494E+00,1.581E+00,-7.456E-01,1.302E+01,2.301E+00,3.142E+00,-7.660E-04,2.518E+00,2.506E+00,4.545E-02,5.829E+00
62,0.000E+00,1.962E-02,0.000E+00,0.000E+00,1.047E-03,1.003E-03,1.032E-02,4.018E-02,1.451E+00,1.594E+00,-6.366E-01,1.519E+01,1.787E+00,3.142E+00,-7.591E-04,2.692E+00,2.677E+00,2.043E-01,1.798E+00,1.559E+00,-5.692E-01,1.035E+01,2.120E+00,3.142E+00,1.223E-04,2.616E+00,2.618E+00,1.003E-01,3.480E+00,1.557E+00,-7.888E-01,1.729E+01,2.274E+00,3.142E+00,-9.597E-04,2.514E+00,2.499E+00,4.565E-02,5.811E+00
63,0.000E+00,2.055E-02,0.000E+00,0.000E+00,1.381E-03,1.289E-03,1.092E-02,4.235E-02,1.538E+00,1.586E+00,-6.631E-01,1.772E+01,1.769E+00,3.142E+00,1.414E-03,2.644E+00,2.666E+00,2.036E-01,1.803E+00,1.555E+00,-6.024E-01,1.207E+01,2.077E+00,3.142E+00,3.294E-05,2.619E+00,2.619E+00,1.008E-01,3.465E+00,1.547E+00,-8.320E-01,2.156E+01,2.248E+00,3.142E+00,-1.153E-03,2.510E+00,2.492E+00,4.584E-02,5.793E+00
64,0.000E+00,2.101E-02,0.000E+00,0.000E+00,1.547E-03,1.431E-03,1.121E-02,4.343E-02,1.581E+00,1.584E+00,-6.763E-01,1.898E+01,1.760E+00,3.142E+00,2.500E-03,2.621E+00,2.661E+00,2.032E-01,1.805E+00,1.556E+00,-6.190E-01,1.293E+01,2.056E+00,3.142E+00,-1.176E-05,2.620E+00,2.620E+00,1.010E-01,3.458E+00,1.546E+00,-8.536E-01,2.370E+01,2.235E+00,3.142E+00,-1.250E-03,2.508E+00,2.489E+00,4.593E-02,5.784E+00
65,0.000E+00,2.147E-02,0.000E+00,0.000E+00,1.714E-03,1.574E-03,1.151E-02,4.451E-02,1.624E+00,1.583E+00,-6.895E-01,2.024E+01,1.752E+00,3.142E+00,3.587E-03,2.597E+00,2.656E+00,2.029E-01,1.808E+00,1.558E+00,-6.356E-01,1.379E+01,2.034E+00,3.142E+00,-5.647E-05,2.621E+00,2.620E+00,1.013E-01,3.451E+00,1.546E+00,-8.752E-01,2.583E+01,2.222E+00,3.142E+00,-1.347E-03,2.506E+00,2.485E+00,4.603E-02,5.775E+00
66,0.000E+00,2.282E-02,0.000E+00,0.000E+00,2.078E-03,1.870E-03,1.240E-02,4.763E-02,1.745E+00,1.560E+00,-6.651E-01,1.868E+01,1.838E+00,3.142E+00,2.178E-03,2.593E+00,2.629E+00,2.037E-01,1.802E+00,1.535E+00,-6.426E-01,1.513E+01,2.071E+00,3.142E+00,6.642E-04,2.597E+00,2.607E+00,1.003E-01,3.480E+00,1.509E+00,-8.833E-01,2.910E+01,2.336E+00,3.142E+00,-1.038E-03,2.523E+00,2.507E+00,4.552E-02,5.824E+00
67,0.000E+00,2.417E-02,0.000E+00,0.000E+00,2.441E-03,2.166E-03,1.329E-02,5.074E-02,1.867E+00,1.541E+00,-6.408E-01,1.712E+01,1.925E+00,3.142E+00,7.694E-04,2.588E+00,2.601E+00,2.046E-01,1.795E+00,1.515E+00,-6.495E-01,1.648E+01,2.109E+00,3.142E+00,1.385E-03,2.573E+00,2.595E+00,9.938E-02,3.508E+00,1.475E+00,-8.915E-01,3.237E+01,2.450E+00,3.142E+00,-7.294E-04,2.540E+00,2.528E+00,4.502E-02,5.872E+00
68,0.000E+00,2.551E-02,0.000E+00,0.000E+00,2.805E-03,2.462E-03,1.419E-02,5.386E-02,1.988E+00,1.525E+00,-6.164E-01,1.555E+01,2.012E+00,3.142E+00,-6.392E-04,2.584E+00,2.574E+00,2.054E-01,1.789E+00,1.497E+00,-6.565E-01,1.782E+01,2.146E+00,3.142E+00,2.106E-03,2.549E+00,2.582E+00,9.843E-02,3.536E+00,1.444E+00,-8.997E-01,3.564E+01,2.564E+00,3.142E+00,-4.205E-04,2.556E+00,2.550E+00,4.451E-02,5.920E+00
69,0.000E+00,2.619E-02,0.000E+00,0.000E+00,2.987E-03,2.610E-03,1.463E-02,5.541E-02,2.048E+00,1.518E+00,-6.042E-01,1.477E+01,2.055E+00,3.142E+00,-1.343E-03,2.581E+00,2.560E+00,2.059E-01,1.786E+00,1.488E+00,-6.599E-01,1.849E+01,2.164E+00,3.142E+00,2.466E-03,2.537E+00,2.576E+00,9.795E-02,3.550E+00,1.429E+00,-9.037E-01,3.728E+01,2.621E+00,3.142E+00,-2.661E-04,2.565E+00,2.560E+00,4.426E-02,5.944E+00
70,0.000E+00,2.686E-02,0.000E+00,0.000E+00,3.169E-03,2.758E-03,1.508E-02,5.697E-02,2.109E+00,1.513E+00,-5.920E-01,1.399E+01,2.098E+00,3.142E+00,-2.048E-03,2.579E+00,2.547E+00,2.063E-01,1.783E+00,1.480E+00,-6.634E-01,1.917E+01,2.183E+00,3.142E+00,2.826E-03,2.525E+00,2.569E+00,9.747E-02,3.564E+00,1.416E+00,-9.078E-01,3.891E+01,2.678E+00,3.142E+00,-1.117E-04,2.573E+00,2.571E+00,4.401E-02,5.968E+00
71,0.000E+00,2.746E-02,0.000E+00,0.000E+00,4.393E-03,3.761E-03,1.596E-02,5.965E-02,2.237E+00,1.437E+00,-5.970E-01,1.605E+01,2.375E+00,3.142E+00,2.609E-03,2.483E+00,2.522E+00,1.983E-01,1.846E+00,1.450E+00,-6.572E-01,1.956E+01,2.302E+00,3.142E+00,3.072E-03,2.506E+00,2.554E+00,9.715E-02,3.574E+00,1.401E+00,-8.991E-01,3.776E+01,2.767E+00,3.142E+00,-2.745E-04,2.494E+00,2.490E+00,4.326E-02,6.044E+00
72,0.000E+00,2.805E-02,0.000E+00,0.000E+00,5.616E-03,4.764E-03,1.683E-02,6.232E-02,2.364E+00,1.372E+00,-6.020E-01,1.810E+01,2.652E+00,3.142E+00,7.266E-03,2.388E+00,2.497E+00,1.903E-01,1.910E+00,1.421E+00,-6.510E-01,1.995E+01,2.421E+00,3.142E+00,3.317E-03,2.487E+00,2.539E+00,9.682E-02,3.584E+00,1.386E+00,-8.905E-01,3.662E+01,2.856E+00,3.142E+00,-4.372E-04,2.415E+00,2.408E+00,4.251E-02,6.120E+00
73,0.000E+00,2.909E-02,0.000E+00,0.000E+00,6.645E-03,5.587E-03,1.783E-02,6.545E-02,2.506E+00,1.359E+00,-5.863E-01,1.677E+01,2.775E+00,3.142E+00,4.363E-03,2.437E+00,2.503E+00,1.907E-01,1.906E+00,1.404E+00,-6.268E-01,1.782E+01,2.564E+00,3.142E+00,3.749E-03,2.458E+00,2.516E+00,9.792E-02,3.551E+00,1.371E+00,-8.769E-01,3.404E+01,2.980E+00,3.142E+00,1.482E-03,2.424E+00,2.447E+00,4.320E-02,6.050E+00
74,0.000E+00,3.012E-02,0.000E+00,0.000E+00,7.673E-03,6.409E-03,1.882E-02,6.859E-02,2.647E+00,1.349E+00,-5.706E-01,1.544E+01,2.898E+00,3.142E+00,1.460E-03,2.486E+00,2.508E+00,1.911E-01,1.903E+00,1.392E+00,-6.026E-01,1.570E+01,2.706E+00,3.142E+00,4.180E-03,2.429E+00,2.492E+00,9.903E-02,3.517E+00,1.359E+00,-8.634E-01,3.147E+01,3.103E+00,3.142E+00,3.401E-03,2.434E+00,2.485E+00,4.389E-02,5.980E+00
75,0.000E+00,3.094E-02,0.000E+00,0.000E+00,9.007E-03,7.421E-03,1.993E-02,7.187E-02,2.799E+00,1.317E+00,-5.601E-01,1.539E+01,3.103E+00,3.142E+00,5.858E-03,2.384E+00,2.469E+00,1.902E-01,1.911E+00,1.361E+00,-5.988E-01,1.623E+01,2.864E+00,3.142E+00,5.817E-03,2.386E+00,2.472E+00,9.712E-02,3.576E+00,1.280E+00,-8.503E-01,3.155E+01,3.688E+00,3.142E+00,-1.547E-04,2.494E+00,2.490E+00,4.386E-02,5.983E+00
76,0.000E+00,3.176E-02,0.000E+00,0.000E+00,1.034E-02,8.432E-03,2.103E-02,7.516E-02,2.951E+00,1.288E+00,-5.495E-01,1.535E+01,3.308E+00,3.142E+00,1.026E-02,2.283E+00,2.431E+00,1.893E-01,1.919E+00,1.331E+00,-5.949E-01,1.677E+01,3.021E+00,3.142E+00,7.453E-03,2.342E+00,2.452E+00,9.522E-02,3.634E+00,1.214E+00,-8.373E-01,3.163E+01,4.272E+00,3.142E+00,-3.710E-03,2.553E+00,2.495E+00,4.382E-02,5.986E+00
77,0.000E+00,3.207E-02,0.000E+00,0.000E+00,1.226E-02,1.003E-02,2.209E-02,7.801E-02,3.106E+00,1.252E+00,-5.457E-01,1.538E+01,3.622E+00,3.142E+00,1.088E-02,2.239E+00,2.392E+00,1.865E-01,1.943E+00,1.307E+00,-5.824E-01,1.603E+01,3.235E+00,3.142E+00,8.872E-03,2.294E+00,2.422E+00,9.373E-02,3.683E+00,1.195E+00,-8.246E-01,3.030E+01,4.497E+00,3.142E+00,1.552E-02,2.253E+00,2.456E+00,4.292E-02,6.080E+00
78,0.000E+00,3.238E-02,0.000E+00,0.000E+00,1.419E-02,1.162E-02,2.314E-02,8.087E-02,3.262E+00,1.220E+00,-5.418E-01,1.541E+01,3.935E+00,3.142E+00,1.150E-02,2.195E+00,2.354E+00,1.837E-01,1.968E+00,1.285E+00,-5.700E-01,1.529E+01,3.449E+00,3.142E+00,1.029E-02,2.247E+00,2.392E+00,9.224E-02,3.732E+00,1.178E+00,-8.118E-01,2.897E+01,4.722E+00,3.142E+00,3.475E-02,1.953E+00,2.417E+00,4.202E-02,6.173E+00
79,0.000E+00,3.179E-02,0.000E+00,0.000E+00,1.645E-02,1.352E-02,2.395E-02,8.227E-02,3.378E+00,1.181E+00,-5.213E-01,1.449E+01,4.428E+00,3.142E+00,1.380E-02,2.117E+00,2.301E+00,1.752E-01,2.053E+00,1.238E+00,-5.600E-01,1.516E+01,3.884E+00,3.142E+00,1.409E-02,2.162E+00,2.354E+00,9.156E-02,3.755E+00,1.118E+00,-8.061E-01,3.006E+01,5.441E+00,3.142E+00,2.713E-02,2.010E+00,2.372E+00,4.030E-02,6.369E+00
80,0.000E+00,3.120E-02,0.000E+00,0.000E+00,1.870E-02,1.542E-02,2.476E-02,8.368E-02,3.494E+00,1.148E+00,-5.007E-01,1.356E+01,4.921E+00,3.142E+00,1.609E-02,2.040E+00,2.248E+00,1.667E-01,2.137E+00,1.197E+00,-5.501E-01,1.504E+01,4.319E+00,3.142E+00,1.788E-02,2.078E+00,2.316E+00,9.088E-02,3.778E+00,1.067E+00,-8.004E-01,3.114E+01,6.160E+00,3.142E+00,1.952E-02,2.067E+00,2.327E+00,3.857E-02,6.566E+00
81,0.000E+00,2.966E-02,0.000E+00,0.000E+00,2.050E-02,1.686E-02,2.488E-02,8.272E-02,3.511E+00,1.082E+00,-4.895E-01,1.344E+01,6.033E+00,3.142E+00,2.954E-02,1.855E+00,2.206E+00,1.611E-01,2.202E+00,1.145E+00,-5.392E-01,1.443E+01,5.093E+00,3.142E+00,1.943E-02,2.008E+00,2.257E+00,8.945E-02,3.829E+00,9.785E-01,-7.635E-01,2.708E+01,8.364E+00,3.142E+00,2.045E-02,2.020E+00,2.286E+00,3.652E-02,6.839E+00
82,0.000E+00,2.812E-02,0.000E+00,0.000E+00,2.230E-02,1.830E-02,2.500E-02,8.176E-02,3.529E+00,1.030E+00,-4.782E-01,1.331E+01,7.146E+00,3.142E+00,4.299E-02,1.671E+00,2.163E+00,1.554E-01,2.268E+00,1.105E+00,-5.283E-01,1.381E+01,5.866E+00,3.142E+00,2.097E-02,1.937E+00,2.197E+00,8.801E-02,3.880E+00,9.272E-01,-7.266E-01,2.302E+01,1.057E+01,3.142E+00,2.138E-02,1.973E+00,2.244E+00,3.447E-02,7.113E+00
83,0.000E+00,2.394E-02,0.000E+00,0.000E+00,2.214E-02,1.802E-02,2.289E-02,7.341E-02,3.226E+00,9.551E-01,-4.578E-01,1.229E+01,9.835E+00,3.142E+00,6.600E-02,1.412E+00,2.067E+00,1.469E-01,2.384E+00,1.026E+00,-5.109E-01,1.306E+01,7.813E+00,3.142E+00,5.499E-02,1.540E+00,2.071E+00,8.471E-02,4.009E+00,8.484E-01,-7.026E-01,2.084E+01,1.521E+01,3.142E+00,5.520E-02,1.623E+00,2.210E+00,3.306E-02,7.333E+00
84,0.000E+00,1.976E-02,0.000E+00,0.000E+00,2.197E-02,1.774E-02,2.078E-02,6.506E-02,2.923E+00,9.101E-01,-4.374E-01,1.127E+01,1.253E+01,3.142E+00,8.901E-02,1.154E+00,1.971E+00,1.383E-01,2.500E+00,9.731E-01,-4.935E-01,1.231E+01,9.759E+00,3.142E+00,8.901E-02,1.142E+00,1.946E+00,8.141E-02,4.138E+00,8.058E-01,-6.786E-01,1.865E+01,1.986E+01,3.142E+00,8.901E-02,1.273E+00,2.177E+00,3.165E-02,7.553E+00
85,0.000E+00,1.349E-02,0.000E+00,0.000E+00,1.572E-02,1.264E-02,1.459E-02,4.540E-02,2.048E+00,8.610E-01,-4.237E-01,9.921E+00,1.809E+01,3.142E+00,8.901E-02,1.213E+00,2.074E+00,1.273E-01,2.694E+00,8.950E-01,-4.683E-01,1.057E+01,1.543E+01,3.142E+00,8.901E-02,9.977E-01,1.698E+00,7.518E-02,4.439E+00,7.083E-01,-6.353E-01,1.416E+01,4.814E+01,3.142E+00,8.901E-02,1.162E+00,1.964E+00,2.760E-02,8.398E+00
86,0.000E+00,7.214E-03,0.000E+00,0.000E+00,9.467E-03,7.534E-03,8.409E-03,2.574E-02,1.174E+00,8.447E-01,-4.101E-01,8.571E+00,2.365E+01,3.142E+00,8.901E-02,1.273E+00,2.177E+00,1.163E-01,2.887E+00,8.693E-01,-4.431E-01,8.833E+00,2.111E+01,3.142E+00,8.901E-02,8.529E-01,1.450E+00,6.896E-02,4.739E+00,7.280E-01,-5.919E-01,9.676E+00,7.643E+01,3.142E+00,8.901E-02,1.052E+00,1.752E+00,2.356E-02,9.244E+00
87,0.000E+00,3.618E-03,0.000E+00,0.000E+00,4.832E-03,3.861E-03,4.236E-03,1.300E-02,5.941E-01,8.798E-01,-5.654E-01,1.225E+01,1.717E+01,3.142E+00,-2.500E-01,7.150E+00,1.408E+00,9.243E-02,3.647E+00,9.689E-01,-5.096E-01,8.095E+00,1.587E+01,3.142E+00,-2.450E-01,6.469E+00,1.046E+00,6.348E-02,5.093E+00,6.877E-01,-7.293E-01,1.762E+01,4.868E+01,3.142E+00,0.000E+00,0.000E+00,0.000E+00,1.707E-02,1.224E+01
88,0.000E+00,2.266E-05,0.000E+00,0.000E+00,1.969E-04,1.867E-04,6.250E-05,2.531E-04,1.413E-02,9.901E-01,-7.206E-01,1.594E+01,1.070E+01,3.142E+00,-5.890E-01,1.303E+01,6.403E-01,6.861E-02,4.407E+00,1.104E+00,-5.761E-01,7.357E+00,1.063E+01,3.142E+00,-5.789E-01,1.208E+01,6.410E-01,5.801E-02,5.446E+00,7.940E-01,-8.666E-01,2.556E+01,2.093E+01,3.142E+00,0.000E+00,0.000E+00,0.000E+00,1.059E-02,1.524E+01
89,0.000E+00,0.000E+00,0.000E+00,0.000E+00,7.812E-07,7.812E-07,7.812E-07,7.812E-07,6.593E-05,3.142E+00,0.000E+00,0.000E+00,0.000E+00,0.000E+00,0.000E+00,0.000E+00,0.000E+00,0.000E+00,0.000E+00,3.142E+00,0.000E+00,0.000E+00,0.000E+00,0.000E+00,0.000E+00,0.000E+00,0.000E+00,0.000E+00,0.000E+00,3.142E+00,0.000E+00,0.000E+00,0.000E+00,0.000E+00,0.000E+00,0.000E+00,0.000E+00,0.000E+00,0.000E+00
