alpha,H,Na,Al,Si,O,Na_1,O_1,Si_2,O_2,Al_3,O_3,amu/ion,phiK_Al,phiTilt_Al,phiM_Al,phiN_Al,thetaK_Al,thetaTilt_Al,thetaM_Al,thetaN_Al,energyK_Al,energyE_Al,phiK_Na,phiTilt_Na,phiM_Na,phiN_Na,thetaK_Na,thetaTilt_Na,thetaM_Na,thetaN_Na,energyK_Na,energyE_Na,phiK_O,phiTilt_O,phiM_O,phiN_O,thetaK_O,thetaTilt_O,thetaM_O,thetaN_O,energyK_O,energyE_O,phiK_Si,phiTilt_Si,phiM_Si,phiN_Si,thetaK_Si,thetaTilt_Si,thetaM_Si,thetaN_Si,energyK_Si,energyE_Si
0,0.000E+00,2.127E-03,0.000E+00,1.191E-03,0.000E+00,0.000E+00,0.000E+00,4.578E-04,2.087E-03,1.847E-03,4.748E-03,2.544E-01,1.692E+00,5.943E-03,1.488E+00,1.817E+00,3.142E+00,8.194E-04,2.416E+00,2.428E+00,8.163E-02,3.766E+00,1.763E+00,-1.759E-02,1.555E+00,1.467E+00,3.142E+00,-5.029E-03,2.714E+00,2.631E+00,3.069E-01,1.269E+00,1.700E+00,2.009E-02,1.485E+00,1.776E+00,3.142E+00,-2.783E-03,2.648E+00,2.602E+00,1.175E-01,3.046E+00,1.829E+00,2.364E-02,1.220E+00,1.423E+00,3.142E+00,-1.675E-03,2.407E+00,2.383E+00,6.716E-02,4.347E+00
1,0.000E+00,2.133E-03,0.000E+00,1.194E-03,0.000E+00,0.000E+00,0.000E+00,4.603E-04,2.125E-03,1.864E-03,4.778E-03,2.563E-01,1.696E+00,1.868E-03,1.487E+00,1.792E+00,3.142E+00,7.317E-06,2.435E+00,2.435E+00,8.144E-02,3.773E+00,1.751E+00,-2.590E-02,1.612E+00,1.513E+00,3.142E+00,-4.982E-03,2.710E+00,2.627E+00,3.058E-01,1.273E+00,1.685E+00,7.407E-03,1.540E+00,1.790E+00,3.142E+00,-2.750E-03,2.647E+00,2.602E+00,1.177E-01,3.042E+00,1.823E+00,2.168E-02,1.218E+00,1.452E+00,3.142E+00,-2.409E-03,2.425E+00,2.389E+00,6.740E-02,4.336E+00
2,0.000E+00,2.140E-03,0.000E+00,1.197E-03,0.000E+00,0.000E+00,0.000E+00,4.627E-04,2.164E-03,1.882E-03,4.807E-03,2.581E-01,1.703E+00,-2.206E-03,1.486E+00,1.767E+00,3.142E+00,-8.048E-04,2.454E+00,2.441E+00,8.125E-02,3.780E+00,1.740E+00,-3.422E-02,1.668E+00,1.560E+00,3.142E+00,-4.935E-03,2.705E+00,2.623E+00,3.046E-01,1.278E+00,1.678E+00,-5.276E-03,1.595E+00,1.804E+00,3.142E+00,-2.717E-03,2.647E+00,2.602E+00,1.178E-01,3.038E+00,1.818E+00,1.973E-02,1.215E+00,1.482E+00,3.142E+00,-3.143E-03,2.442E+00,2.395E+00,6.764E-02,4.324E+00
3,0.000E+00,2.147E-03,0.000E+00,1.200E-03,0.000E+00,0.000E+00,0.000E+00,4.651E-04,2.202E-03,1.899E-03,4.837E-03,2.600E-01,1.712E+00,-6.280E-03,1.485E+00,1.742E+00,3.142E+00,-1.617E-03,2.474E+00,2.448E+00,8.106E-02,3.787E+00,1.728E+00,-4.253E-02,1.725E+00,1.607E+00,3.142E+00,-4.888E-03,2.701E+00,2.619E+00,3.034E-01,1.282E+00,1.678E+00,-1.796E-02,1.650E+00,1.817E+00,3.142E+00,-2.683E-03,2.646E+00,2.602E+00,1.180E-01,3.034E+00,1.813E+00,1.778E-02,1.212E+00,1.512E+00,3.142E+00,-3.878E-03,2.460E+00,2.401E+00,6.788E-02,4.312E+00
4,0.000E+00,2.151E-03,0.000E+00,1.202E-03,0.000E+00,0.000E+00,0.000E+00,4.664E-04,2.221E-03,1.908E-03,4.852E-03,2.610E-01,1.716E+00,-8.317E-03,1.484E+00,1.730E+00,3.142E+00,-2.023E-03,2.483E+00,2.451E+00,8.097E-02,3.790E+00,1.723E+00,-4.669E-02,1.753E+00,1.631E+00,3.142E+00,-4.864E-03,2.698E+00,2.617E+00,3.028E-01,1.285E+00,1.678E+00,-2.430E-02,1.677E+00,1.824E+00,3.142E+00,-2.667E-03,2.646E+00,2.602E+00,1.181E-01,3.032E+00,1.810E+00,1.680E-02,1.211E+00,1.526E+00,3.142E+00,-4.245E-03,2.469E+00,2.405E+00,6.800E-02,4.306E+00
5,0.000E+00,2.154E-03,0.000E+00,1.204E-03,0.000E+00,0.000E+00,0.000E+00,4.676E-04,2.241E-03,1.917E-03,4.867E-03,2.619E-01,1.721E+00,-1.035E-02,1.484E+00,1.718E+00,3.142E+00,-2.429E-03,2.493E+00,2.454E+00,8.087E-02,3.794E+00,1.718E+00,-5.084E-02,1.781E+00,1.654E+00,3.142E+00,-4.841E-03,2.696E+00,2.616E+00,3.022E-01,1.287E+00,1.679E+00,-3.064E-02,1.705E+00,1.831E+00,3.142E+00,-2.650E-03,2.645E+00,2.602E+00,1.182E-01,3.030E+00,1.807E+00,1.583E-02,1.210E+00,1.541E+00,3.142E+00,-4.612E-03,2.478E+00,2.408E+00,6.812E-02,4.300E+00
6,0.000E+00,2.161E-03,0.000E+00,1.207E-03,0.000E+00,0.000E+00,0.000E+00,4.700E-04,2.279E-03,1.934E-03,4.897E-03,2.638E-01,1.730E+00,-1.443E-02,1.483E+00,1.693E+00,3.142E+00,-3.241E-03,2.512E+00,2.461E+00,8.068E-02,3.801E+00,1.707E+00,-5.915E-02,1.838E+00,1.701E+00,3.142E+00,-4.793E-03,2.691E+00,2.612E+00,3.010E-01,1.291E+00,1.679E+00,-4.333E-02,1.760E+00,1.845E+00,3.142E+00,-2.617E-03,2.645E+00,2.602E+00,1.184E-01,3.026E+00,1.802E+00,1.387E-02,1.207E+00,1.571E+00,3.142E+00,-5.346E-03,2.495E+00,2.414E+00,6.836E-02,4.289E+00
7,0.000E+00,2.168E-03,0.000E+00,1.210E-03,0.000E+00,0.000E+00,0.000E+00,4.725E-04,2.318E-03,1.952E-03,4.927E-03,2.657E-01,1.739E+00,-1.850E-02,1.482E+00,1.668E+00,3.142E+00,-4.053E-03,2.531E+00,2.467E+00,8.049E-02,3.808E+00,1.698E+00,-6.747E-02,1.894E+00,1.748E+00,3.142E+00,-4.746E-03,2.687E+00,2.608E+00,2.998E-01,1.296E+00,1.680E+00,-5.601E-02,1.815E+00,1.859E+00,3.142E+00,-2.584E-03,2.644E+00,2.602E+00,1.186E-01,3.022E+00,1.797E+00,1.192E-02,1.204E+00,1.600E+00,3.142E+00,-6.080E-03,2.513E+00,2.420E+00,6.861E-02,4.277E+00
8,0.000E+00,2.175E-03,0.000E+00,1.213E-03,0.000E+00,0.000E+00,0.000E+00,4.749E-04,2.356E-03,1.969E-03,4.957E-03,2.675E-01,1.748E+00,-2.258E-02,1.481E+00,1.643E+00,3.142E+00,-4.865E-03,2.550E+00,2.474E+00,8.030E-02,3.815E+00,1.688E+00,-7.578E-02,1.951E+00,1.795E+00,3.142E+00,-4.699E-03,2.682E+00,2.604E+00,2.986E-01,1.300E+00,1.681E+00,-6.869E-02,1.870E+00,1.872E+00,3.142E+00,-2.551E-03,2.644E+00,2.602E+00,1.188E-01,3.018E+00,1.792E+00,9.970E-03,1.202E+00,1.630E+00,3.142E+00,-6.814E-03,2.530E+00,2.426E+00,6.885E-02,4.265E+00
9,0.000E+00,2.179E-03,0.000E+00,1.214E-03,0.000E+00,0.000E+00,0.000E+00,4.761E-04,2.375E-03,1.978E-03,4.972E-03,2.685E-01,1.753E+00,-2.461E-02,1.480E+00,1.631E+00,3.142E+00,-5.271E-03,2.560E+00,2.477E+00,8.020E-02,3.819E+00,1.683E+00,-7.994E-02,1.979E+00,1.818E+00,3.142E+00,-4.676E-03,2.680E+00,2.602E+00,2.980E-01,1.303E+00,1.681E+00,-7.503E-02,1.897E+00,1.879E+00,3.142E+00,-2.534E-03,2.643E+00,2.602E+00,1.188E-01,3.016E+00,1.789E+00,8.994E-03,1.200E+00,1.645E+00,3.142E+00,-7.181E-03,2.539E+00,2.430E+00,6.897E-02,4.259E+00
10,0.000E+00,2.182E-03,0.000E+00,1.216E-03,0.000E+00,0.000E+00,0.000E+00,4.773E-04,2.395E-03,1.987E-03,4.987E-03,2.694E-01,1.758E+00,-2.665E-02,1.480E+00,1.618E+00,3.142E+00,-5.677E-03,2.569E+00,2.481E+00,8.011E-02,3.822E+00,1.679E+00,-8.409E-02,2.007E+00,1.841E+00,3.142E+00,-4.652E-03,2.678E+00,2.600E+00,2.974E-01,1.305E+00,1.682E+00,-8.137E-02,1.925E+00,1.886E+00,3.142E+00,-2.518E-03,2.643E+00,2.602E+00,1.189E-01,3.014E+00,1.787E+00,8.018E-03,1.199E+00,1.660E+00,3.142E+00,-7.548E-03,2.548E+00,2.433E+00,6.909E-02,4.254E+00
11,0.000E+00,2.214E-03,0.000E+00,1.246E-03,0.000E+00,0.000E+00,0.000E+00,4.951E-04,2.467E-03,2.014E-03,5.066E-03,2.747E-01,1.763E+00,-4.755E-02,1.554E+00,1.623E+00,3.142E+00,-5.882E-03,2.581E+00,2.489E+00,7.986E-02,3.832E+00,1.673E+00,-1.078E-01,2.229E+00,1.820E+00,3.142E+00,-4.208E-03,2.677E+00,2.607E+00,2.968E-01,1.307E+00,1.682E+00,-9.072E-02,1.961E+00,1.900E+00,3.142E+00,-2.480E-03,2.642E+00,2.601E+00,1.181E-01,3.032E+00,1.784E+00,9.229E-03,1.163E+00,1.729E+00,3.142E+00,-7.708E-03,2.568E+00,2.449E+00,6.862E-02,4.277E+00
12,0.000E+00,2.245E-03,0.000E+00,1.277E-03,0.000E+00,0.000E+00,0.000E+00,5.129E-04,2.538E-03,2.041E-03,5.145E-03,2.799E-01,1.769E+00,-6.845E-02,1.629E+00,1.627E+00,3.142E+00,-6.086E-03,2.594E+00,2.498E+00,7.960E-02,3.841E+00,1.669E+00,-1.314E-01,2.450E+00,1.799E+00,3.142E+00,-3.764E-03,2.677E+00,2.615E+00,2.962E-01,1.310E+00,1.683E+00,-1.001E-01,1.998E+00,1.913E+00,3.142E+00,-2.443E-03,2.640E+00,2.600E+00,1.173E-01,3.051E+00,1.782E+00,1.044E-02,1.127E+00,1.799E+00,3.142E+00,-7.868E-03,2.588E+00,2.466E+00,6.814E-02,4.300E+00
13,0.000E+00,2.277E-03,0.000E+00,1.307E-03,0.000E+00,0.000E+00,0.000E+00,5.307E-04,2.610E-03,2.069E-03,5.225E-03,2.851E-01,1.775E+00,-8.935E-02,1.703E+00,1.631E+00,3.142E+00,-6.291E-03,2.606E+00,2.506E+00,7.935E-02,3.851E+00,1.669E+00,-1.551E-01,2.671E+00,1.778E+00,3.142E+00,-3.319E-03,2.677E+00,2.622E+00,2.955E-01,1.312E+00,1.684E+00,-1.094E-01,2.035E+00,1.927E+00,3.142E+00,-2.405E-03,2.639E+00,2.599E+00,1.165E-01,3.069E+00,1.780E+00,1.165E-02,1.091E+00,1.868E+00,3.142E+00,-8.027E-03,2.609E+00,2.482E+00,6.767E-02,4.324E+00
14,0.000E+00,2.293E-03,0.000E+00,1.323E-03,0.000E+00,0.000E+00,0.000E+00,5.396E-04,2.646E-03,2.082E-03,5.264E-03,2.878E-01,1.778E+00,-9.980E-02,1.740E+00,1.633E+00,3.142E+00,-6.393E-03,2.612E+00,2.510E+00,7.923E-02,3.856E+00,1.669E+00,-1.670E-01,2.781E+00,1.767E+00,3.142E+00,-3.097E-03,2.677E+00,2.625E+00,2.952E-01,1.313E+00,1.684E+00,-1.141E-01,2.053E+00,1.934E+00,3.142E+00,-2.386E-03,2.638E+00,2.599E+00,1.161E-01,3.078E+00,1.780E+00,1.226E-02,1.073E+00,1.903E+00,3.142E+00,-8.107E-03,2.619E+00,2.490E+00,6.744E-02,4.336E+00
15,0.000E+00,2.309E-03,0.000E+00,1.338E-03,0.000E+00,0.000E+00,0.000E+00,5.484E-04,2.682E-03,2.096E-03,5.304E-03,2.904E-01,1.781E+00,-1.102E-01,1.777E+00,1.635E+00,3.142E+00,-6.495E-03,2.618E+00,2.515E+00,7.910E-02,3.861E+00,1.670E+00,-1.788E-01,2.892E+00,1.756E+00,3.142E+00,-2.875E-03,2.676E+00,2.629E+00,2.949E-01,1.315E+00,1.685E+00,-1.188E-01,2.071E+00,1.940E+00,3.142E+00,-2.368E-03,2.637E+00,2.599E+00,1.157E-01,3.087E+00,1.780E+00,1.286E-02,1.055E+00,1.938E+00,3.142E+00,-8.187E-03,2.629E+00,2.498E+00,6.720E-02,4.347E+00
16,0.000E+00,2.340E-03,0.000E+00,1.368E-03,0.000E+00,0.000E+00,0.000E+00,5.662E-04,2.754E-03,2.123E-03,5.383E-03,2.956E-01,1.787E+00,-1.311E-01,1.852E+00,1.639E+00,3.142E+00,-6.700E-03,2.631E+00,2.523E+00,7.885E-02,3.870E+00,1.673E+00,-2.025E-01,3.113E+00,1.735E+00,3.142E+00,-2.431E-03,2.676E+00,2.636E+00,2.943E-01,1.317E+00,1.685E+00,-1.281E-01,2.108E+00,1.954E+00,3.142E+00,-2.330E-03,2.636E+00,2.598E+00,1.149E-01,3.106E+00,1.780E+00,1.408E-02,1.019E+00,2.007E+00,3.142E+00,-8.347E-03,2.649E+00,2.515E+00,6.673E-02,4.371E+00
17,0.000E+00,2.372E-03,0.000E+00,1.399E-03,0.000E+00,0.000E+00,0.000E+00,5.840E-04,2.826E-03,2.151E-03,5.462E-03,3.009E-01,1.793E+00,-1.520E-01,1.926E+00,1.644E+00,3.142E+00,-6.905E-03,2.643E+00,2.532E+00,7.859E-02,3.880E+00,1.677E+00,-2.262E-01,3.334E+00,1.714E+00,3.142E+00,-1.986E-03,2.676E+00,2.643E+00,2.937E-01,1.319E+00,1.686E+00,-1.375E-01,2.144E+00,1.968E+00,3.142E+00,-2.293E-03,2.635E+00,2.597E+00,1.141E-01,3.124E+00,1.781E+00,1.529E-02,9.825E-01,2.077E+00,3.142E+00,-8.506E-03,2.669E+00,2.531E+00,6.625E-02,4.394E+00
18,0.000E+00,2.404E-03,0.000E+00,1.430E-03,0.000E+00,0.000E+00,0.000E+00,6.018E-04,2.898E-03,2.178E-03,5.542E-03,3.061E-01,1.799E+00,-1.729E-01,2.001E+00,1.648E+00,3.142E+00,-7.109E-03,2.655E+00,2.540E+00,7.834E-02,3.890E+00,1.683E+00,-2.498E-01,3.555E+00,1.692E+00,3.142E+00,-1.542E-03,2.676E+00,2.650E+00,2.931E-01,1.322E+00,1.687E+00,-1.468E-01,2.181E+00,1.981E+00,3.142E+00,-2.255E-03,2.633E+00,2.596E+00,1.133E-01,3.142E+00,1.783E+00,1.650E-02,9.464E-01,2.146E+00,3.142E+00,-8.666E-03,2.689E+00,2.548E+00,6.578E-02,4.418E+00
19,0.000E+00,2.419E-03,0.000E+00,1.445E-03,0.000E+00,0.000E+00,0.000E+00,6.106E-04,2.934E-03,2.192E-03,5.581E-03,3.087E-01,1.802E+00,-1.834E-01,2.038E+00,1.650E+00,3.142E+00,-7.211E-03,2.661E+00,2.544E+00,7.822E-02,3.895E+00,1.687E+00,-2.617E-01,3.665E+00,1.682E+00,3.142E+00,-1.320E-03,2.675E+00,2.653E+00,2.927E-01,1.323E+00,1.687E+00,-1.515E-01,2.199E+00,1.988E+00,3.142E+00,-2.236E-03,2.632E+00,2.596E+00,1.128E-01,3.152E+00,1.784E+00,1.710E-02,9.284E-01,2.181E+00,3.142E+00,-8.746E-03,2.700E+00,2.556E+00,6.555E-02,4.430E+00
20,0.000E+00,2.435E-03,0.000E+00,1.460E-03,0.000E+00,0.000E+00,0.000E+00,6.195E-04,2.970E-03,2.205E-03,5.621E-03,3.114E-01,1.804E+00,-1.938E-01,2.075E+00,1.652E+00,3.142E+00,-7.314E-03,2.668E+00,2.549E+00,7.809E-02,3.900E+00,1.690E+00,-2.735E-01,3.776E+00,1.671E+00,3.142E+00,-1.098E-03,2.675E+00,2.657E+00,2.924E-01,1.324E+00,1.688E+00,-1.562E-01,2.218E+00,1.995E+00,3.142E+00,-2.217E-03,2.632E+00,2.595E+00,1.124E-01,3.161E+00,1.785E+00,1.771E-02,9.103E-01,2.216E+00,3.142E+00,-8.826E-03,2.710E+00,2.564E+00,6.531E-02,4.441E+00
21,0.000E+00,2.515E-03,0.000E+00,1.531E-03,0.000E+00,0.000E+00,0.000E+00,6.289E-04,3.014E-03,2.299E-03,5.844E-03,3.222E-01,1.803E+00,-2.170E-01,2.252E+00,1.636E+00,3.142E+00,-7.257E-03,2.658E+00,2.540E+00,7.805E-02,3.901E+00,1.688E+00,-2.807E-01,3.826E+00,1.692E+00,3.142E+00,-1.628E-03,2.670E+00,2.643E+00,2.934E-01,1.321E+00,1.688E+00,-1.748E-01,2.361E+00,1.973E+00,3.142E+00,-2.008E-03,2.628E+00,2.595E+00,1.121E-01,3.170E+00,1.742E+00,-2.973E-02,1.207E+00,2.112E+00,3.142E+00,-8.219E-03,2.679E+00,2.544E+00,6.535E-02,4.439E+00
22,0.000E+00,2.595E-03,0.000E+00,1.602E-03,0.000E+00,0.000E+00,0.000E+00,6.383E-04,3.058E-03,2.393E-03,6.067E-03,3.331E-01,1.803E+00,-2.402E-01,2.430E+00,1.620E+00,3.142E+00,-7.200E-03,2.648E+00,2.532E+00,7.800E-02,3.903E+00,1.686E+00,-2.879E-01,3.877E+00,1.713E+00,3.142E+00,-2.158E-03,2.665E+00,2.630E+00,2.943E-01,1.317E+00,1.690E+00,-1.935E-01,2.505E+00,1.950E+00,3.142E+00,-1.798E-03,2.624E+00,2.595E+00,1.117E-01,3.179E+00,1.735E+00,-7.718E-02,1.504E+00,2.008E+00,3.142E+00,-7.613E-03,2.649E+00,2.525E+00,6.539E-02,4.437E+00
23,0.000E+00,2.675E-03,0.000E+00,1.673E-03,0.000E+00,0.000E+00,0.000E+00,6.477E-04,3.101E-03,2.487E-03,6.289E-03,3.440E-01,1.804E+00,-2.634E-01,2.607E+00,1.603E+00,3.142E+00,-7.143E-03,2.638E+00,2.524E+00,7.796E-02,3.905E+00,1.683E+00,-2.951E-01,3.927E+00,1.734E+00,3.142E+00,-2.688E-03,2.660E+00,2.616E+00,2.953E-01,1.313E+00,1.693E+00,-2.121E-01,2.649E+00,1.928E+00,3.142E+00,-1.588E-03,2.621E+00,2.595E+00,1.113E-01,3.188E+00,1.740E+00,-1.246E-01,1.801E+00,1.904E+00,3.142E+00,-7.006E-03,2.618E+00,2.505E+00,6.544E-02,4.435E+00
24,0.000E+00,2.714E-03,0.000E+00,1.709E-03,0.000E+00,0.000E+00,0.000E+00,6.523E-04,3.123E-03,2.534E-03,6.401E-03,3.495E-01,1.806E+00,-2.750E-01,2.696E+00,1.595E+00,3.142E+00,-7.114E-03,2.633E+00,2.520E+00,7.794E-02,3.905E+00,1.682E+00,-2.987E-01,3.952E+00,1.745E+00,3.142E+00,-2.953E-03,2.657E+00,2.609E+00,2.958E-01,1.311E+00,1.694E+00,-2.214E-01,2.721E+00,1.917E+00,3.142E+00,-1.483E-03,2.619E+00,2.595E+00,1.111E-01,3.192E+00,1.746E+00,-1.483E-01,1.949E+00,1.852E+00,3.142E+00,-6.703E-03,2.603E+00,2.495E+00,6.546E-02,4.434E+00
25,0.000E+00,2.754E-03,0.000E+00,1.745E-03,0.000E+00,0.000E+00,0.000E+00,6.570E-04,3.145E-03,2.581E-03,6.512E-03,3.549E-01,1.807E+00,-2.866E-01,2.784E+00,1.587E+00,3.142E+00,-7.086E-03,2.629E+00,2.516E+00,7.792E-02,3.906E+00,1.681E+00,-3.023E-01,3.978E+00,1.755E+00,3.142E+00,-3.219E-03,2.655E+00,2.602E+00,2.962E-01,1.309E+00,1.696E+00,-2.308E-01,2.793E+00,1.906E+00,3.142E+00,-1.378E-03,2.617E+00,2.594E+00,1.110E-01,3.197E+00,1.753E+00,-1.721E-01,2.097E+00,1.800E+00,3.142E+00,-6.400E-03,2.588E+00,2.486E+00,6.548E-02,4.433E+00
26,0.000E+00,2.834E-03,0.000E+00,1.816E-03,0.000E+00,0.000E+00,0.000E+00,6.664E-04,3.189E-03,2.675E-03,6.735E-03,3.658E-01,1.811E+00,-3.098E-01,2.962E+00,1.571E+00,3.142E+00,-7.028E-03,2.619E+00,2.507E+00,7.787E-02,3.908E+00,1.679E+00,-3.094E-01,4.028E+00,1.776E+00,3.142E+00,-3.749E-03,2.650E+00,2.589E+00,2.972E-01,1.306E+00,1.701E+00,-2.494E-01,2.936E+00,1.884E+00,3.142E+00,-1.168E-03,2.613E+00,2.594E+00,1.106E-01,3.206E+00,1.774E+00,-2.195E-01,2.394E+00,1.696E+00,3.142E+00,-5.794E-03,2.558E+00,2.466E+00,6.552E-02,4.430E+00
27,0.000E+00,2.914E-03,0.000E+00,1.887E-03,0.000E+00,0.000E+00,0.000E+00,6.758E-04,3.232E-03,2.769E-03,6.958E-03,3.767E-01,1.816E+00,-3.329E-01,3.139E+00,1.555E+00,3.142E+00,-6.971E-03,2.609E+00,2.499E+00,7.783E-02,3.910E+00,1.677E+00,-3.166E-01,4.079E+00,1.797E+00,3.142E+00,-4.279E-03,2.644E+00,2.575E+00,2.981E-01,1.302E+00,1.706E+00,-2.680E-01,3.080E+00,1.862E+00,3.142E+00,-9.581E-04,2.609E+00,2.594E+00,1.102E-01,3.215E+00,1.800E+00,-2.670E-01,2.691E+00,1.593E+00,3.142E+00,-5.187E-03,2.527E+00,2.446E+00,6.557E-02,4.428E+00
28,0.000E+00,2.994E-03,0.000E+00,1.958E-03,0.000E+00,0.000E+00,0.000E+00,6.852E-04,3.276E-03,2.862E-03,7.180E-03,3.876E-01,1.822E+00,-3.561E-01,3.316E+00,1.538E+00,3.142E+00,-6.914E-03,2.599E+00,2.491E+00,7.779E-02,3.911E+00,1.675E+00,-3.238E-01,4.129E+00,1.818E+00,3.142E+00,-4.809E-03,2.639E+00,2.562E+00,2.991E-01,1.298E+00,1.712E+00,-2.867E-01,3.224E+00,1.840E+00,3.142E+00,-7.482E-04,2.606E+00,2.594E+00,1.098E-01,3.224E+00,1.832E+00,-3.144E-01,2.988E+00,1.489E+00,3.142E+00,-4.581E-03,2.497E+00,2.427E+00,6.561E-02,4.426E+00
29,0.000E+00,3.034E-03,0.000E+00,1.993E-03,0.000E+00,0.000E+00,0.000E+00,6.898E-04,3.298E-03,2.909E-03,7.292E-03,3.930E-01,1.826E+00,-3.677E-01,3.405E+00,1.530E+00,3.142E+00,-6.886E-03,2.594E+00,2.487E+00,7.776E-02,3.912E+00,1.674E+00,-3.274E-01,4.154E+00,1.829E+00,3.142E+00,-5.074E-03,2.637E+00,2.555E+00,2.996E-01,1.297E+00,1.715E+00,-2.960E-01,3.296E+00,1.829E+00,3.142E+00,-6.432E-04,2.604E+00,2.593E+00,1.097E-01,3.229E+00,1.850E+00,-3.381E-01,3.136E+00,1.437E+00,3.142E+00,-4.278E-03,2.482E+00,2.417E+00,6.563E-02,4.425E+00
30,0.000E+00,3.073E-03,0.000E+00,2.029E-03,0.000E+00,0.000E+00,0.000E+00,6.945E-04,3.320E-03,2.956E-03,7.403E-03,3.985E-01,1.829E+00,-3.793E-01,3.494E+00,1.522E+00,3.142E+00,-6.857E-03,2.590E+00,2.483E+00,7.774E-02,3.913E+00,1.673E+00,-3.310E-01,4.180E+00,1.839E+00,3.142E+00,-5.339E-03,2.634E+00,2.548E+00,3.000E-01,1.295E+00,1.718E+00,-3.053E-01,3.367E+00,1.817E+00,3.142E+00,-5.383E-04,2.602E+00,2.593E+00,1.095E-01,3.233E+00,1.869E+00,-3.618E-01,3.285E+00,1.385E+00,3.142E+00,-3.975E-03,2.466E+00,2.407E+00,6.565E-02,4.424E+00
31,0.000E+00,3.253E-03,0.000E+00,2.157E-03,0.000E+00,0.000E+00,0.000E+00,7.952E-04,3.750E-03,3.164E-03,7.854E-03,4.287E-01,1.807E+00,-3.995E-01,3.778E+00,1.584E+00,3.142E+00,-6.411E-03,2.583E+00,2.483E+00,7.678E-02,3.954E+00,1.670E+00,-3.351E-01,4.215E+00,1.854E+00,3.142E+00,-4.830E-03,2.632E+00,2.554E+00,2.968E-01,1.308E+00,1.713E+00,-3.203E-01,3.545E+00,1.824E+00,3.142E+00,-1.420E-05,2.591E+00,2.590E+00,1.088E-01,3.250E+00,1.854E+00,-3.946E-01,3.764E+00,1.397E+00,3.142E+00,-4.455E-03,2.490E+00,2.422E+00,6.451E-02,4.490E+00
32,0.000E+00,3.343E-03,0.000E+00,2.220E-03,0.000E+00,0.000E+00,0.000E+00,8.456E-04,3.965E-03,3.268E-03,8.079E-03,4.438E-01,1.797E+00,-4.096E-01,3.920E+00,1.614E+00,3.142E+00,-6.189E-03,2.580E+00,2.483E+00,7.630E-02,3.975E+00,1.669E+00,-3.372E-01,4.233E+00,1.861E+00,3.142E+00,-4.575E-03,2.631E+00,2.557E+00,2.952E-01,1.314E+00,1.712E+00,-3.278E-01,3.633E+00,1.827E+00,3.142E+00,2.478E-04,2.585E+00,2.589E+00,1.085E-01,3.259E+00,1.848E+00,-4.110E-01,4.003E+00,1.403E+00,3.142E+00,-4.695E-03,2.501E+00,2.429E+00,6.394E-02,4.524E+00
33,0.000E+00,3.433E-03,0.000E+00,2.284E-03,0.000E+00,0.000E+00,0.000E+00,8.959E-04,4.180E-03,3.372E-03,8.305E-03,4.590E-01,1.787E+00,-4.197E-01,4.063E+00,1.645E+00,3.142E+00,-5.966E-03,2.576E+00,2.483E+00,7.582E-02,3.996E+00,1.668E+00,-3.392E-01,4.250E+00,1.868E+00,3.142E+00,-4.320E-03,2.629E+00,2.560E+00,2.936E-01,1.321E+00,1.710E+00,-3.352E-01,3.722E+00,1.830E+00,3.142E+00,5.099E-04,2.579E+00,2.587E+00,1.081E-01,3.268E+00,1.843E+00,-4.274E-01,4.243E+00,1.408E+00,3.142E+00,-4.935E-03,2.513E+00,2.437E+00,6.336E-02,4.557E+00
34,0.000E+00,3.523E-03,0.000E+00,2.348E-03,0.000E+00,0.000E+00,0.000E+00,9.462E-04,4.395E-03,3.476E-03,8.530E-03,4.741E-01,1.778E+00,-4.298E-01,4.205E+00,1.676E+00,3.142E+00,-5.743E-03,2.573E+00,2.483E+00,7.534E-02,4.016E+00,1.667E+00,-3.413E-01,4.268E+00,1.875E+00,3.142E+00,-4.065E-03,2.628E+00,2.563E+00,2.920E-01,1.328E+00,1.708E+00,-3.427E-01,3.811E+00,1.834E+00,3.142E+00,7.719E-04,2.573E+00,2.585E+00,1.078E-01,3.276E+00,1.839E+00,-4.437E-01,4.482E+00,1.414E+00,3.142E+00,-5.175E-03,2.524E+00,2.444E+00,6.279E-02,4.591E+00
35,0.000E+00,3.613E-03,0.000E+00,2.412E-03,0.000E+00,0.000E+00,0.000E+00,9.966E-04,4.610E-03,3.580E-03,8.756E-03,4.892E-01,1.769E+00,-4.399E-01,4.347E+00,1.707E+00,3.142E+00,-5.520E-03,2.570E+00,2.484E+00,7.486E-02,4.037E+00,1.666E+00,-3.433E-01,4.286E+00,1.883E+00,3.142E+00,-3.811E-03,2.627E+00,2.566E+00,2.904E-01,1.334E+00,1.707E+00,-3.502E-01,3.899E+00,1.837E+00,3.142E+00,1.034E-03,2.568E+00,2.584E+00,1.075E-01,3.285E+00,1.836E+00,-4.601E-01,4.722E+00,1.420E+00,3.142E+00,-5.415E-03,2.536E+00,2.452E+00,6.222E-02,4.624E+00
36,0.000E+00,3.703E-03,0.000E+00,2.476E-03,0.000E+00,0.000E+00,0.000E+00,1.047E-03,4.825E-03,3.684E-03,8.981E-03,5.044E-01,1.761E+00,-4.500E-01,4.489E+00,1.737E+00,3.142E+00,-5.297E-03,2.566E+00,2.484E+00,7.438E-02,4.058E+00,1.665E+00,-3.454E-01,4.303E+00,1.890E+00,3.142E+00,-3.556E-03,2.626E+00,2.568E+00,2.888E-01,1.341E+00,1.705E+00,-3.576E-01,3.988E+00,1.840E+00,3.142E+00,1.296E-03,2.562E+00,2.582E+00,1.071E-01,3.294E+00,1.833E+00,-4.765E-01,4.962E+00,1.426E+00,3.142E+00,-5.655E-03,2.548E+00,2.459E+00,6.165E-02,4.657E+00
37,0.000E+00,3.793E-03,0.000E+00,2.539E-03,0.000E+00,0.000E+00,0.000E+00,1.097E-03,5.040E-03,3.788E-03,9.207E-03,5.195E-01,1.752E+00,-4.601E-01,4.631E+00,1.768E+00,3.142E+00,-5.074E-03,2.563E+00,2.484E+00,7.390E-02,4.078E+00,1.664E+00,-3.474E-01,4.321E+00,1.897E+00,3.142E+00,-3.301E-03,2.625E+00,2.571E+00,2.872E-01,1.348E+00,1.704E+00,-3.651E-01,4.077E+00,1.844E+00,3.142E+00,1.558E-03,2.556E+00,2.581E+00,1.068E-01,3.302E+00,1.831E+00,-4.929E-01,5.201E+00,1.432E+00,3.142E+00,-5.895E-03,2.559E+00,2.467E+00,6.108E-02,4.691E+00
38,0.000E+00,3.883E-03,0.000E+00,2.603E-03,0.000E+00,0.000E+00,0.000E+00,1.148E-03,5.255E-03,3.892E-03,9.432E-03,5.346E-01,1.745E+00,-4.702E-01,4.773E+00,1.799E+00,3.142E+00,-4.851E-03,2.560E+00,2.484E+00,7.342E-02,4.099E+00,1.663E+00,-3.495E-01,4.339E+00,1.904E+00,3.142E+00,-3.046E-03,2.623E+00,2.574E+00,2.856E-01,1.354E+00,1.703E+00,-3.726E-01,4.165E+00,1.847E+00,3.142E+00,1.820E-03,2.551E+00,2.579E+00,1.065E-01,3.311E+00,1.829E+00,-5.093E-01,5.441E+00,1.438E+00,3.142E+00,-6.135E-03,2.571E+00,2.474E+00,6.051E-02,4.724E+00
39,0.000E+00,3.973E-03,0.000E+00,2.667E-03,0.000E+00,0.000E+00,0.000E+00,1.198E-03,5.470E-03,3.996E-03,9.658E-03,5.497E-01,1.737E+00,-4.803E-01,4.916E+00,1.830E+00,3.142E+00,-4.628E-03,2.556E+00,2.484E+00,7.294E-02,4.120E+00,1.662E+00,-3.516E-01,4.356E+00,1.911E+00,3.142E+00,-2.791E-03,2.622E+00,2.577E+00,2.840E-01,1.361E+00,1.702E+00,-3.801E-01,4.254E+00,1.850E+00,3.142E+00,2.082E-03,2.545E+00,2.578E+00,1.061E-01,3.320E+00,1.828E+00,-5.256E-01,5.680E+00,1.444E+00,3.142E+00,-6.375E-03,2.583E+00,2.482E+00,5.994E-02,4.758E+00
40,0.000E+00,4.063E-03,0.000E+00,2.731E-03,0.000E+00,0.000E+00,0.000E+00,1.248E-03,5.685E-03,4.100E-03,9.883E-03,5.649E-01,1.730E+00,-4.904E-01,5.058E+00,1.860E+00,3.142E+00,-4.405E-03,2.553E+00,2.485E+00,7.246E-02,4.140E+00,1.661E+00,-3.536E-01,4.374E+00,1.919E+00,3.142E+00,-2.537E-03,2.621E+00,2.580E+00,2.824E-01,1.367E+00,1.701E+00,-3.875E-01,4.343E+00,1.853E+00,3.142E+00,2.344E-03,2.539E+00,2.576E+00,1.058E-01,3.328E+00,1.828E+00,-5.420E-01,5.920E+00,1.450E+00,3.142E+00,-6.615E-03,2.594E+00,2.489E+00,5.936E-02,4.791E+00
41,0.000E+00,4.153E-03,0.000E+00,2.795E-03,0.000E+00,0.000E+00,0.000E+00,1.299E-03,5.901E-03,4.204E-03,1.011E-02,5.800E-01,1.723E+00,-5.005E-01,5.200E+00,1.891E+00,3.142E+00,-4.182E-03,2.550E+00,2.485E+00,7.198E-02,4.161E+00,1.660E+00,-3.557E-01,4.392E+00,1.926E+00,3.142E+00,-2.282E-03,2.620E+00,2.583E+00,2.808E-01,1.374E+00,1.701E+00,-3.950E-01,4.431E+00,1.857E+00,3.142E+00,2.606E-03,2.533E+00,2.574E+00,1.055E-01,3.337E+00,1.827E+00,-5.584E-01,6.159E+00,1.456E+00,3.142E+00,-6.855E-03,2.606E+00,2.497E+00,5.879E-02,4.824E+00
42,0.000E+00,4.243E-03,0.000E+00,2.859E-03,0.000E+00,0.000E+00,0.000E+00,1.349E-03,6.116E-03,4.308E-03,1.033E-02,5.951E-01,1.716E+00,-5.106E-01,5.342E+00,1.922E+00,3.142E+00,-3.959E-03,2.546E+00,2.485E+00,7.150E-02,4.182E+00,1.659E+00,-3.577E-01,4.409E+00,1.933E+00,3.142E+00,-2.027E-03,2.619E+00,2.586E+00,2.792E-01,1.381E+00,1.700E+00,-4.025E-01,4.520E+00,1.860E+00,3.142E+00,2.868E-03,2.528E+00,2.573E+00,1.051E-01,3.346E+00,1.827E+00,-5.748E-01,6.399E+00,1.462E+00,3.142E+00,-7.096E-03,2.618E+00,2.504E+00,5.822E-02,4.858E+00
43,0.000E+00,4.333E-03,0.000E+00,2.922E-03,0.000E+00,0.000E+00,0.000E+00,1.399E-03,6.331E-03,4.412E-03,1.056E-02,6.102E-01,1.709E+00,-5.207E-01,5.484E+00,1.953E+00,3.142E+00,-3.736E-03,2.543E+00,2.485E+00,7.102E-02,4.202E+00,1.659E+00,-3.598E-01,4.427E+00,1.940E+00,3.142E+00,-1.772E-03,2.617E+00,2.589E+00,2.776E-01,1.387E+00,1.699E+00,-4.099E-01,4.609E+00,1.863E+00,3.142E+00,3.130E-03,2.522E+00,2.571E+00,1.048E-01,3.354E+00,1.828E+00,-5.911E-01,6.639E+00,1.468E+00,3.142E+00,-7.336E-03,2.629E+00,2.512E+00,5.765E-02,4.891E+00
44,0.000E+00,4.423E-03,0.000E+00,2.986E-03,0.000E+00,0.000E+00,0.000E+00,1.450E-03,6.546E-03,4.516E-03,1.078E-02,6.254E-01,1.703E+00,-5.308E-01,5.626E+00,1.983E+00,3.142E+00,-3.513E-03,2.540E+00,2.485E+00,7.054E-02,4.223E+00,1.658E+00,-3.618E-01,4.445E+00,1.947E+00,3.142E+00,-1.517E-03,2.616E+00,2.592E+00,2.760E-01,1.394E+00,1.699E+00,-4.174E-01,4.697E+00,1.866E+00,3.142E+00,3.392E-03,2.516E+00,2.570E+00,1.045E-01,3.363E+00,1.828E+00,-6.075E-01,6.878E+00,1.474E+00,3.142E+00,-7.576E-03,2.641E+00,2.519E+00,5.708E-02,4.924E+00
45,0.000E+00,4.513E-03,0.000E+00,3.050E-03,0.000E+00,0.000E+00,0.000E+00,1.500E-03,6.761E-03,4.620E-03,1.101E-02,6.405E-01,1.697E+00,-5.409E-01,5.769E+00,2.014E+00,3.142E+00,-3.290E-03,2.537E+00,2.486E+00,7.006E-02,4.244E+00,1.657E+00,-3.639E-01,4.462E+00,1.955E+00,3.142E+00,-1.263E-03,2.615E+00,2.595E+00,2.744E-01,1.400E+00,1.699E+00,-4.249E-01,4.786E+00,1.870E+00,3.142E+00,3.654E-03,2.510E+00,2.568E+00,1.042E-01,3.371E+00,1.829E+00,-6.239E-01,7.118E+00,1.480E+00,3.142E+00,-7.816E-03,2.652E+00,2.527E+00,5.651E-02,4.958E+00
46,0.000E+00,4.749E-03,0.000E+00,3.130E-03,0.000E+00,0.000E+00,0.000E+00,1.655E-03,7.347E-03,4.816E-03,1.140E-02,6.735E-01,1.675E+00,-5.523E-01,6.329E+00,2.051E+00,3.142E+00,-2.871E-03,2.538E+00,2.494E+00,6.874E-02,4.310E+00,1.645E+00,-3.513E-01,4.286E+00,2.028E+00,3.142E+00,1.137E-03,2.602E+00,2.622E+00,2.746E-01,1.400E+00,1.689E+00,-4.281E-01,4.824E+00,1.916E+00,3.142E+00,2.482E-03,2.560E+00,2.599E+00,1.040E-01,3.375E+00,1.814E+00,-6.248E-01,6.929E+00,1.554E+00,3.142E+00,-6.767E-03,2.623E+00,2.515E+00,5.641E-02,4.964E+00
47,0.000E+00,4.986E-03,0.000E+00,3.210E-03,0.000E+00,0.000E+00,0.000E+00,1.811E-03,7.933E-03,5.013E-03,1.180E-02,7.065E-01,1.655E+00,-5.638E-01,6.890E+00,2.087E+00,3.142E+00,-2.451E-03,2.540E+00,2.502E+00,6.742E-02,4.376E+00,1.634E+00,-3.387E-01,4.109E+00,2.102E+00,3.142E+00,3.536E-03,2.590E+00,2.649E+00,2.748E-01,1.399E+00,1.680E+00,-4.312E-01,4.862E+00,1.963E+00,3.142E+00,1.309E-03,2.609E+00,2.630E+00,1.039E-01,3.379E+00,1.800E+00,-6.257E-01,6.741E+00,1.628E+00,3.142E+00,-5.719E-03,2.594E+00,2.504E+00,5.631E-02,4.971E+00
48,0.000E+00,5.223E-03,0.000E+00,3.290E-03,0.000E+00,0.000E+00,0.000E+00,1.966E-03,8.519E-03,5.209E-03,1.219E-02,7.395E-01,1.636E+00,-5.753E-01,7.451E+00,2.124E+00,3.142E+00,-2.031E-03,2.542E+00,2.510E+00,6.611E-02,4.442E+00,1.624E+00,-3.260E-01,3.933E+00,2.175E+00,3.142E+00,5.936E-03,2.577E+00,2.676E+00,2.750E-01,1.398E+00,1.671E+00,-4.344E-01,4.899E+00,2.010E+00,3.142E+00,1.360E-04,2.659E+00,2.660E+00,1.038E-01,3.382E+00,1.787E+00,-6.266E-01,6.553E+00,1.702E+00,3.142E+00,-4.670E-03,2.565E+00,2.492E+00,5.621E-02,4.977E+00
49,0.000E+00,5.342E-03,0.000E+00,3.330E-03,0.000E+00,0.000E+00,0.000E+00,2.043E-03,8.812E-03,5.307E-03,1.239E-02,7.560E-01,1.628E+00,-5.810E-01,7.731E+00,2.142E+00,3.142E+00,-1.822E-03,2.543E+00,2.514E+00,6.545E-02,4.475E+00,1.620E+00,-3.197E-01,3.845E+00,2.212E+00,3.142E+00,7.135E-03,2.571E+00,2.689E+00,2.751E-01,1.397E+00,1.666E+00,-4.360E-01,4.918E+00,2.034E+00,3.142E+00,-4.504E-04,2.684E+00,2.676E+00,1.037E-01,3.384E+00,1.781E+00,-6.270E-01,6.458E+00,1.739E+00,3.142E+00,-4.146E-03,2.551E+00,2.486E+00,5.616E-02,4.981E+00
50,0.000E+00,5.460E-03,0.000E+00,3.370E-03,0.000E+00,0.000E+00,0.000E+00,2.121E-03,9.105E-03,5.405E-03,1.258E-02,7.726E-01,1.620E+00,-5.867E-01,8.012E+00,2.160E+00,3.142E+00,-1.612E-03,2.544E+00,2.518E+00,6.479E-02,4.508E+00,1.616E+00,-3.134E-01,3.756E+00,2.249E+00,3.142E+00,8.335E-03,2.565E+00,2.703E+00,2.753E-01,1.397E+00,1.662E+00,-4.376E-01,4.937E+00,2.057E+00,3.142E+00,-1.037E-03,2.709E+00,2.691E+00,1.036E-01,3.386E+00,1.775E+00,-6.274E-01,6.364E+00,1.776E+00,3.142E+00,-3.621E-03,2.536E+00,2.480E+00,5.611E-02,4.984E+00
51,0.000E+00,5.818E-03,0.000E+00,3.499E-03,0.000E+00,0.000E+00,0.000E+00,2.343E-03,9.992E-03,5.770E-03,1.313E-02,8.235E-01,1.621E+00,-5.968E-01,8.140E+00,2.164E+00,3.142E+00,-2.239E-03,2.551E+00,2.516E+00,6.488E-02,4.503E+00,1.604E+00,-3.397E-01,4.349E+00,2.191E+00,3.142E+00,6.805E-03,2.614E+00,2.726E+00,2.738E-01,1.404E+00,1.651E+00,-4.460E-01,5.197E+00,2.077E+00,3.142E+00,-8.992E-04,2.697E+00,2.682E+00,1.030E-01,3.403E+00,1.765E+00,-6.311E-01,6.441E+00,1.816E+00,3.142E+00,-3.939E-03,2.559E+00,2.497E+00,5.573E-02,5.011E+00
52,0.000E+00,6.177E-03,0.000E+00,3.628E-03,0.000E+00,0.000E+00,0.000E+00,2.565E-03,1.088E-02,6.135E-03,1.368E-02,8.744E-01,1.623E+00,-6.069E-01,8.269E+00,2.169E+00,3.142E+00,-2.866E-03,2.559E+00,2.514E+00,6.497E-02,4.498E+00,1.598E+00,-3.659E-01,4.941E+00,2.134E+00,3.142E+00,5.276E-03,2.663E+00,2.748E+00,2.723E-01,1.411E+00,1.640E+00,-4.543E-01,5.457E+00,2.097E+00,3.142E+00,-7.617E-04,2.686E+00,2.673E+00,1.024E-01,3.421E+00,1.755E+00,-6.348E-01,6.517E+00,1.856E+00,3.142E+00,-4.257E-03,2.581E+00,2.513E+00,5.535E-02,5.038E+00
53,0.000E+00,6.535E-03,0.000E+00,3.757E-03,0.000E+00,0.000E+00,0.000E+00,2.787E-03,1.177E-02,6.499E-03,1.423E-02,9.253E-01,1.625E+00,-6.171E-01,8.397E+00,2.173E+00,3.142E+00,-3.493E-03,2.567E+00,2.512E+00,6.507E-02,4.493E+00,1.597E+00,-3.922E-01,5.533E+00,2.077E+00,3.142E+00,3.746E-03,2.712E+00,2.771E+00,2.708E-01,1.417E+00,1.630E+00,-4.627E-01,5.717E+00,2.118E+00,3.142E+00,-6.242E-04,2.674E+00,2.664E+00,1.018E-01,3.438E+00,1.745E+00,-6.385E-01,6.593E+00,1.897E+00,3.142E+00,-4.574E-03,2.604E+00,2.530E+00,5.496E-02,5.065E+00
54,0.000E+00,6.714E-03,0.000E+00,3.821E-03,0.000E+00,0.000E+00,0.000E+00,2.898E-03,1.221E-02,6.682E-03,1.450E-02,9.508E-01,1.626E+00,-6.221E-01,8.461E+00,2.175E+00,3.142E+00,-3.807E-03,2.571E+00,2.511E+00,6.512E-02,4.490E+00,1.598E+00,-4.053E-01,5.829E+00,2.048E+00,3.142E+00,2.981E-03,2.737E+00,2.783E+00,2.701E-01,1.421E+00,1.625E+00,-4.669E-01,5.847E+00,2.128E+00,3.142E+00,-5.554E-04,2.668E+00,2.659E+00,1.015E-01,3.447E+00,1.740E+00,-6.403E-01,6.631E+00,1.917E+00,3.142E+00,-4.733E-03,2.615E+00,2.538E+00,5.477E-02,5.078E+00
55,0.000E+00,6.893E-03,0.000E+00,3.886E-03,0.000E+00,0.000E+00,0.000E+00,3.009E-03,1.265E-02,6.864E-03,1.478E-02,9.762E-01,1.626E+00,-6.272E-01,8.526E+00,2.178E+00,3.142E+00,-4.120E-03,2.575E+00,2.510E+00,6.516E-02,4.488E+00,1.600E+00,-4.185E-01,6.125E+00,2.019E+00,3.142E+00,2.216E-03,2.762E+00,2.794E+00,2.693E-01,1.424E+00,1.621E+00,-4.711E-01,5.977E+00,2.138E+00,3.142E+00,-4.866E-04,2.663E+00,2.654E+00,1.012E-01,3.456E+00,1.736E+00,-6.422E-01,6.670E+00,1.937E+00,3.142E+00,-4.892E-03,2.626E+00,2.546E+00,5.458E-02,5.091E+00
56,0.000E+00,7.252E-03,0.000E+00,4.015E-03,0.000E+00,0.000E+00,0.000E+00,3.231E-03,1.354E-02,7.229E-03,1.533E-02,1.027E+00,1.628E+00,-6.373E-01,8.654E+00,2.182E+00,3.142E+00,-4.747E-03,2.583E+00,2.508E+00,6.526E-02,4.483E+00,1.607E+00,-4.447E-01,6.717E+00,1.962E+00,3.142E+00,6.864E-04,2.811E+00,2.817E+00,2.678E-01,1.431E+00,1.612E+00,-4.795E-01,6.237E+00,2.158E+00,3.142E+00,-3.491E-04,2.651E+00,2.645E+00,1.006E-01,3.474E+00,1.726E+00,-6.459E-01,6.746E+00,1.977E+00,3.142E+00,-5.210E-03,2.649E+00,2.563E+00,5.419E-02,5.118E+00
57,0.000E+00,7.610E-03,0.000E+00,4.144E-03,0.000E+00,0.000E+00,0.000E+00,3.454E-03,1.443E-02,7.593E-03,1.588E-02,1.078E+00,1.630E+00,-6.474E-01,8.783E+00,2.186E+00,3.142E+00,-5.375E-03,2.591E+00,2.506E+00,6.535E-02,4.478E+00,1.616E+00,-4.710E-01,7.310E+00,1.905E+00,3.142E+00,-8.433E-04,2.860E+00,2.840E+00,2.663E-01,1.438E+00,1.604E+00,-4.879E-01,6.496E+00,2.178E+00,3.142E+00,-2.116E-04,2.640E+00,2.636E+00,9.994E-02,3.491E+00,1.717E+00,-6.495E-01,6.822E+00,2.017E+00,3.142E+00,-5.528E-03,2.671E+00,2.579E+00,5.381E-02,5.145E+00
58,0.000E+00,7.968E-03,0.000E+00,4.273E-03,0.000E+00,0.000E+00,0.000E+00,3.676E-03,1.531E-02,7.958E-03,1.643E-02,1.129E+00,1.631E+00,-6.575E-01,8.911E+00,2.191E+00,3.142E+00,-6.002E-03,2.599E+00,2.504E+00,6.544E-02,4.473E+00,1.628E+00,-4.972E-01,7.902E+00,1.848E+00,3.142E+00,-2.373E-03,2.909E+00,2.863E+00,2.649E-01,1.445E+00,1.596E+00,-4.963E-01,6.756E+00,2.199E+00,3.142E+00,-7.403E-05,2.628E+00,2.627E+00,9.932E-02,3.509E+00,1.708E+00,-6.532E-01,6.899E+00,2.057E+00,3.142E+00,-5.845E-03,2.693E+00,2.596E+00,5.342E-02,5.172E+00
59,0.000E+00,8.147E-03,0.000E+00,4.338E-03,0.000E+00,0.000E+00,0.000E+00,3.787E-03,1.576E-02,8.140E-03,1.670E-02,1.154E+00,1.632E+00,-6.626E-01,8.975E+00,2.193E+00,3.142E+00,-6.315E-03,2.603E+00,2.503E+00,6.549E-02,4.471E+00,1.635E+00,-5.104E-01,8.198E+00,1.819E+00,3.142E+00,-3.138E-03,2.934E+00,2.874E+00,2.641E-01,1.448E+00,1.592E+00,-5.005E-01,6.886E+00,2.209E+00,3.142E+00,-5.264E-06,2.623E+00,2.622E+00,9.902E-02,3.518E+00,1.704E+00,-6.551E-01,6.937E+00,2.078E+00,3.142E+00,-6.004E-03,2.705E+00,2.604E+00,5.323E-02,5.186E+00
60,0.000E+00,8.327E-03,0.000E+00,4.402E-03,0.000E+00,0.000E+00,0.000E+00,3.898E-03,1.620E-02,8.323E-03,1.698E-02,1.180E+00,1.633E+00,-6.676E-01,9.040E+00,2.195E+00,3.142E+00,-6.629E-03,2.607E+00,2.502E+00,6.554E-02,4.468E+00,1.642E+00,-5.235E-01,8.494E+00,1.790E+00,3.142E+00,-3.903E-03,2.959E+00,2.886E+00,2.634E-01,1.452E+00,1.589E+00,-5.047E-01,7.016E+00,2.219E+00,3.142E+00,6.350E-05,2.617E+00,2.618E+00,9.871E-02,3.527E+00,1.699E+00,-6.569E-01,6.975E+00,2.098E+00,3.142E+00,-6.163E-03,2.716E+00,2.612E+00,5.304E-02,5.199E+00
61,0.000E+00,8.949E-03,0.000E+00,4.463E-03,0.000E+00,0.000E+00,0.000E+00,4.456E-03,1.808E-02,8.931E-03,1.764E-02,1.269E+00,1.592E+00,-7.029E-01,1.250E+01,2.168E+00,3.142E+00,-4.571E-03,2.605E+00,2.533E+00,6.506E-02,4.494E+00,1.617E+00,-5.447E-01,1.008E+01,1.793E+00,3.142E+00,-2.432E-03,2.874E+00,2.828E+00,2.639E-01,1.449E+00,1.576E+00,-5.341E-01,8.556E+00,2.136E+00,3.142E+00,-5.101E-04,2.642E+00,2.633E+00,9.890E-02,3.521E+00,1.646E+00,-6.953E-01,9.825E+00,2.120E+00,3.142E+00,-6.374E-03,2.690E+00,2.584E+00,5.277E-02,5.219E+00
62,0.000E+00,9.571E-03,0.000E+00,4.523E-03,0.000E+00,0.000E+00,0.000E+00,5.015E-03,1.996E-02,9.540E-03,1.831E-02,1.358E+00,1.570E+00,-7.382E-01,1.597E+01,2.140E+00,3.142E+00,-2.513E-03,2.603E+00,2.564E+00,6.458E-02,4.520E+00,1.599E+00,-5.659E-01,1.166E+01,1.795E+00,3.142E+00,-9.617E-04,2.790E+00,2.769E+00,2.645E-01,1.447E+00,1.574E+00,-5.636E-01,1.010E+01,2.053E+00,3.142E+00,-1.084E-03,2.667E+00,2.649E+00,9.909E-02,3.515E+00,1.612E+00,-7.336E-01,1.267E+01,2.142E+00,3.142E+00,-6.585E-03,2.664E+00,2.556E+00,5.251E-02,5.238E+00
63,0.000E+00,1.019E-02,0.000E+00,4.583E-03,0.000E+00,0.000E+00,0.000E+00,5.573E-03,2.184E-02,1.015E-02,1.898E-02,1.446E+00,1.560E+00,-7.734E-01,1.943E+01,2.112E+00,3.142E+00,-4.555E-04,2.602E+00,2.595E+00,6.410E-02,4.545E+00,1.586E+00,-5.871E-01,1.324E+01,1.797E+00,3.142E+00,5.088E-04,2.705E+00,2.711E+00,2.650E-01,1.444E+00,1.579E+00,-5.931E-01,1.164E+01,1.970E+00,3.142E+00,-1.657E-03,2.692E+00,2.664E+00,9.929E-02,3.509E+00,1.590E+00,-7.720E-01,1.552E+01,2.164E+00,3.142E+00,-6.796E-03,2.637E+00,2.528E+00,5.225E-02,5.258E+00
64,0.000E+00,1.050E-02,0.000E+00,4.613E-03,0.000E+00,0.000E+00,0.000E+00,5.853E-03,2.278E-02,1.045E-02,1.931E-02,1.491E+00,1.559E+00,-7.911E-01,2.116E+01,2.098E+00,3.142E+00,5.734E-04,2.601E+00,2.611E+00,6.386E-02,4.558E+00,1.581E+00,-5.977E-01,1.403E+01,1.799E+00,3.142E+00,1.244E-03,2.663E+00,2.682E+00,2.653E-01,1.443E+00,1.584E+00,-6.078E-01,1.241E+01,1.928E+00,3.142E+00,-1.944E-03,2.705E+00,2.672E+00,9.938E-02,3.507E+00,1.582E+00,-7.912E-01,1.695E+01,2.175E+00,3.142E+00,-6.902E-03,2.624E+00,2.514E+00,5.211E-02,5.268E+00
65,0.000E+00,1.081E-02,0.000E+00,4.643E-03,0.000E+00,0.000E+00,0.000E+00,6.132E-03,2.372E-02,1.076E-02,1.964E-02,1.535E+00,1.558E+00,-8.087E-01,2.290E+01,2.084E+00,3.142E+00,1.602E-03,2.600E+00,2.626E+00,6.362E-02,4.571E+00,1.576E+00,-6.083E-01,1.482E+01,1.800E+00,3.142E+00,1.979E-03,2.621E+00,2.653E+00,2.655E-01,1.441E+00,1.590E+00,-6.225E-01,1.318E+01,1.887E+00,3.142E+00,-2.231E-03,2.718E+00,2.680E+00,9.948E-02,3.504E+00,1.576E+00,-8.103E-01,1.837E+01,2.187E+00,3.142E+00,-7.007E-03,2.611E+00,2.500E+00,5.198E-02,5.278E+00
66,0.000E+00,1.173E-02,0.000E+00,4.791E-03,0.000E+00,0.000E+00,0.000E+00,6.817E-03,2.616E-02,1.160E-02,2.047E-02,1.655E+00,1.528E+00,-8.076E-01,2.420E+01,2.177E+00,3.142E+00,2.835E-04,2.610E+00,2.615E+00,6.393E-02,4.554E+00,1.542E+00,-6.063E-01,1.569E+01,1.894E+00,3.142E+00,1.901E-03,2.636E+00,2.668E+00,2.653E-01,1.443E+00,1.566E+00,-6.271E-01,1.408E+01,1.949E+00,3.142E+00,-1.195E-03,2.680E+00,2.659E+00,9.962E-02,3.500E+00,1.534E+00,-8.237E-01,2.151E+01,2.297E+00,3.142E+00,-5.104E-03,2.583E+00,2.501E+00,5.213E-02,5.267E+00
67,0.000E+00,1.265E-02,0.000E+00,4.940E-03,0.000E+00,0.000E+00,0.000E+00,7.501E-03,2.859E-02,1.245E-02,2.130E-02,1.774E+00,1.500E+00,-8.066E-01,2.550E+01,2.270E+00,3.142E+00,-1.035E-03,2.620E+00,2.603E+00,6.424E-02,4.537E+00,1.509E+00,-6.043E-01,1.657E+01,1.989E+00,3.142E+00,1.823E-03,2.652E+00,2.682E+00,2.650E-01,1.444E+00,1.543E+00,-6.317E-01,1.498E+01,2.012E+00,3.142E+00,-1.592E-04,2.642E+00,2.638E+00,9.976E-02,3.495E+00,1.497E+00,-8.371E-01,2.464E+01,2.406E+00,3.142E+00,-3.200E-03,2.554E+00,2.503E+00,5.227E-02,5.256E+00
68,0.000E+00,1.357E-02,0.000E+00,5.088E-03,0.000E+00,0.000E+00,0.000E+00,8.186E-03,3.103E-02,1.330E-02,2.214E-02,1.894E+00,1.473E+00,-8.055E-01,2.681E+01,2.362E+00,3.142E+00,-2.354E-03,2.630E+00,2.592E+00,6.455E-02,4.521E+00,1.478E+00,-6.023E-01,1.744E+01,2.083E+00,3.142E+00,1.745E-03,2.667E+00,2.697E+00,2.647E-01,1.446E+00,1.521E+00,-6.362E-01,1.588E+01,2.074E+00,3.142E+00,8.766E-04,2.604E+00,2.617E+00,9.990E-02,3.491E+00,1.464E+00,-8.505E-01,2.778E+01,2.516E+00,3.142E+00,-1.296E-03,2.526E+00,2.505E+00,5.242E-02,5.245E+00
69,0.000E+00,1.402E-02,0.000E+00,5.162E-03,0.000E+00,0.000E+00,0.000E+00,8.528E-03,3.225E-02,1.372E-02,2.255E-02,1.954E+00,1.460E+00,-8.049E-01,2.746E+01,2.409E+00,3.142E+00,-3.013E-03,2.635E+00,2.586E+00,6.471E-02,4.512E+00,1.463E+00,-6.013E-01,1.788E+01,2.131E+00,3.142E+00,1.706E-03,2.675E+00,2.704E+00,2.645E-01,1.446E+00,1.510E+00,-6.385E-01,1.633E+01,2.105E+00,3.142E+00,1.394E-03,2.585E+00,2.607E+00,9.997E-02,3.489E+00,1.450E+00,-8.572E-01,2.934E+01,2.571E+00,3.142E+00,-3.444E-04,2.511E+00,2.506E+00,5.249E-02,5.239E+00
70,0.000E+00,1.448E-02,0.000E+00,5.237E-03,0.000E+00,0.000E+00,0.000E+00,8.870E-03,3.346E-02,1.414E-02,2.297E-02,2.014E+00,1.447E+00,-8.044E-01,2.811E+01,2.455E+00,3.142E+00,-3.673E-03,2.640E+00,2.580E+00,6.487E-02,4.504E+00,1.449E+00,-6.002E-01,1.832E+01,2.178E+00,3.142E+00,1.667E-03,2.683E+00,2.711E+00,2.644E-01,1.447E+00,1.500E+00,-6.408E-01,1.678E+01,2.136E+00,3.142E+00,1.912E-03,2.566E+00,2.597E+00,1.000E-01,3.487E+00,1.435E+00,-8.639E-01,3.091E+01,2.626E+00,3.142E+00,6.074E-04,2.497E+00,2.506E+00,5.257E-02,5.234E+00
71,0.000E+00,1.529E-02,0.000E+00,5.451E-03,0.000E+00,0.000E+00,0.000E+00,9.521E-03,3.581E-02,1.499E-02,2.402E-02,2.134E+00,1.402E+00,-7.940E-01,2.856E+01,2.668E+00,3.142E+00,1.016E-03,2.568E+00,2.583E+00,6.406E-02,4.548E+00,1.423E+00,-5.722E-01,1.682E+01,2.307E+00,3.142E+00,2.338E-03,2.602E+00,2.640E+00,2.673E-01,1.433E+00,1.466E+00,-6.443E-01,1.813E+01,2.246E+00,3.142E+00,1.599E-03,2.582E+00,2.608E+00,9.848E-02,3.534E+00,1.444E+00,-8.565E-01,2.935E+01,2.600E+00,3.142E+00,3.167E-04,2.465E+00,2.470E+00,5.249E-02,5.239E+00
72,0.000E+00,1.609E-02,0.000E+00,5.665E-03,0.000E+00,0.000E+00,0.000E+00,1.017E-02,3.815E-02,1.585E-02,2.507E-02,2.254E+00,1.361E+00,-7.835E-01,2.900E+01,2.881E+00,3.142E+00,5.704E-03,2.496E+00,2.586E+00,6.325E-02,4.592E+00,1.402E+00,-5.441E-01,1.532E+01,2.437E+00,3.142E+00,3.008E-03,2.521E+00,2.568E+00,2.703E-01,1.419E+00,1.435E+00,-6.478E-01,1.949E+01,2.356E+00,3.142E+00,1.286E-03,2.599E+00,2.620E+00,9.691E-02,3.581E+00,1.454E+00,-8.491E-01,2.778E+01,2.573E+00,3.142E+00,2.596E-05,2.433E+00,2.433E+00,5.242E-02,5.245E+00
73,0.000E+00,1.713E-02,0.000E+00,5.713E-03,0.000E+00,0.000E+00,0.000E+00,1.109E-02,4.098E-02,1.681E-02,2.606E-02,2.392E+00,1.355E+00,-7.695E-01,2.656E+01,2.972E+00,3.142E+00,4.269E-03,2.464E+00,2.531E+00,6.366E-02,4.569E+00,1.379E+00,-5.330E-01,1.507E+01,2.556E+00,3.142E+00,5.853E-03,2.455E+00,2.545E+00,2.677E-01,1.431E+00,1.422E+00,-6.355E-01,1.861E+01,2.437E+00,3.142E+00,2.390E-03,2.570E+00,2.608E+00,9.696E-02,3.580E+00,1.376E+00,-8.439E-01,2.986E+01,2.968E+00,3.142E+00,2.372E-03,2.441E+00,2.478E+00,5.053E-02,5.395E+00
74,0.000E+00,1.817E-02,0.000E+00,5.761E-03,0.000E+00,0.000E+00,0.000E+00,1.202E-02,4.381E-02,1.777E-02,2.705E-02,2.530E+00,1.351E+00,-7.555E-01,2.412E+01,3.064E+00,3.142E+00,2.834E-03,2.432E+00,2.475E+00,6.407E-02,4.546E+00,1.357E+00,-5.219E-01,1.482E+01,2.676E+00,3.142E+00,8.698E-03,2.389E+00,2.521E+00,2.650E-01,1.444E+00,1.410E+00,-6.231E-01,1.773E+01,2.517E+00,3.142E+00,3.494E-03,2.540E+00,2.596E+00,9.702E-02,3.578E+00,1.310E+00,-8.386E-01,3.193E+01,3.363E+00,3.142E+00,4.718E-03,2.450E+00,2.522E+00,4.863E-02,5.545E+00
75,0.000E+00,1.903E-02,0.000E+00,5.950E-03,0.000E+00,0.000E+00,0.000E+00,1.291E-02,4.684E-02,1.882E-02,2.833E-02,2.678E+00,1.321E+00,-7.501E-01,2.436E+01,3.258E+00,3.142E+00,7.419E-03,2.307E+00,2.410E+00,6.183E-02,4.676E+00,1.318E+00,-5.153E-01,1.481E+01,2.938E+00,3.142E+00,3.515E-03,2.519E+00,2.571E+00,2.678E-01,1.431E+00,1.374E+00,-6.066E-01,1.673E+01,2.764E+00,3.142E+00,1.697E-03,2.542E+00,2.570E+00,9.560E-02,3.623E+00,1.294E+00,-8.272E-01,3.079E+01,3.491E+00,3.142E+00,4.486E-03,2.409E+00,2.477E+00,4.792E-02,5.607E+00
76,0.000E+00,1.990E-02,0.000E+00,6.139E-03,0.000E+00,0.000E+00,0.000E+00,1.381E-02,4.987E-02,1.987E-02,2.961E-02,2.825E+00,1.293E+00,-7.447E-01,2.459E+01,3.453E+00,3.142E+00,1.200E-02,2.181E+00,2.345E+00,5.959E-02,4.805E+00,1.282E+00,-5.087E-01,1.480E+01,3.200E+00,3.142E+00,-1.669E-03,2.649E+00,2.622E+00,2.705E-01,1.418E+00,1.343E+00,-5.901E-01,1.573E+01,3.011E+00,3.142E+00,-1.008E-04,2.544E+00,2.543E+00,9.419E-02,3.667E+00,1.280E+00,-8.158E-01,2.965E+01,3.619E+00,3.142E+00,4.254E-03,2.368E+00,2.431E+00,4.721E-02,5.668E+00
77,0.000E+00,2.093E-02,0.000E+00,5.929E-03,0.000E+00,0.000E+00,0.000E+00,1.505E-02,5.317E-02,2.094E-02,3.060E-02,2.976E+00,1.254E+00,-7.425E-01,2.518E+01,3.758E+00,3.142E+00,1.538E-02,2.130E+00,2.337E+00,5.898E-02,4.844E+00,1.239E+00,-4.866E-01,1.396E+01,3.597E+00,3.142E+00,6.348E-03,2.432E+00,2.519E+00,2.726E-01,1.409E+00,1.306E+00,-5.795E-01,1.568E+01,3.269E+00,3.142E+00,1.741E-03,2.465E+00,2.491E+00,9.469E-02,3.651E+00,1.236E+00,-8.084E-01,2.972E+01,4.003E+00,3.142E+00,2.959E-03,2.339E+00,2.382E+00,4.636E-02,5.745E+00
78,0.000E+00,2.196E-02,0.000E+00,5.720E-03,0.000E+00,0.000E+00,0.000E+00,1.630E-02,5.647E-02,2.201E-02,3.159E-02,3.126E+00,1.219E+00,-7.402E-01,2.577E+01,4.063E+00,3.142E+00,1.876E-02,2.079E+00,2.329E+00,5.837E-02,4.882E+00,1.203E+00,-4.644E-01,1.311E+01,3.993E+00,3.142E+00,1.436E-02,2.214E+00,2.417E+00,2.747E-01,1.399E+00,1.272E+00,-5.690E-01,1.563E+01,3.526E+00,3.142E+00,3.583E-03,2.386E+00,2.439E+00,9.518E-02,3.635E+00,1.196E+00,-8.010E-01,2.979E+01,4.387E+00,3.142E+00,1.665E-03,2.309E+00,2.333E+00,4.551E-02,5.823E+00
79,0.000E+00,2.280E-02,0.000E+00,5.573E-03,0.000E+00,0.000E+00,0.000E+00,1.725E-02,5.921E-02,2.285E-02,3.212E-02,3.243E+00,1.139E+00,-7.225E-01,2.523E+01,4.986E+00,3.142E+00,1.833E-02,2.041E+00,2.280E+00,5.754E-02,4.936E+00,1.152E+00,-4.536E-01,1.303E+01,4.611E+00,3.142E+00,1.381E-02,2.143E+00,2.331E+00,2.694E-01,1.424E+00,1.241E+00,-5.636E-01,1.527E+01,3.860E+00,3.142E+00,6.001E-03,2.301E+00,2.386E+00,9.260E-02,3.722E+00,1.117E+00,-7.800E-01,2.770E+01,5.483E+00,3.142E+00,1.158E-02,2.163E+00,2.314E+00,4.341E-02,6.036E+00
80,0.000E+00,2.363E-02,0.000E+00,5.427E-03,0.000E+00,0.000E+00,0.000E+00,1.821E-02,6.195E-02,2.368E-02,3.264E-02,3.359E+00,1.077E+00,-7.047E-01,2.470E+01,5.908E+00,3.142E+00,1.790E-02,2.003E+00,2.230E+00,5.672E-02,4.989E+00,1.108E+00,-4.427E-01,1.295E+01,5.230E+00,3.142E+00,1.326E-02,2.072E+00,2.245E+00,2.640E-01,1.449E+00,1.214E+00,-5.583E-01,1.491E+01,4.195E+00,3.142E+00,8.419E-03,2.217E+00,2.333E+00,9.001E-02,3.808E+00,1.060E+00,-7.591E-01,2.562E+01,6.579E+00,3.142E+00,2.149E-02,2.016E+00,2.295E+00,4.131E-02,6.249E+00
81,0.000E+00,2.372E-02,0.000E+00,4.885E-03,0.000E+00,0.000E+00,0.000E+00,1.884E-02,6.264E-02,2.375E-02,3.209E-02,3.368E+00,1.027E+00,-6.904E-01,2.226E+01,7.191E+00,3.142E+00,5.346E-02,1.645E+00,2.223E+00,5.405E-02,5.182E+00,1.087E+00,-4.362E-01,1.247E+01,5.681E+00,3.142E+00,1.601E-02,1.966E+00,2.161E+00,2.739E-01,1.404E+00,1.148E+00,-5.424E-01,1.425E+01,5.118E+00,3.142E+00,2.245E-02,1.987E+00,2.261E+00,8.799E-02,3.882E+00,1.001E+00,-7.490E-01,2.507E+01,7.940E+00,3.142E+00,4.060E-02,1.788E+00,2.268E+00,4.047E-02,6.345E+00
82,0.000E+00,2.381E-02,0.000E+00,4.343E-03,0.000E+00,0.000E+00,0.000E+00,1.947E-02,6.333E-02,2.382E-02,3.155E-02,3.377E+00,9.943E-01,-6.761E-01,1.982E+01,8.474E+00,3.142E+00,8.901E-02,1.287E+00,2.215E+00,5.138E-02,5.374E+00,1.070E+00,-4.296E-01,1.200E+01,6.132E+00,3.142E+00,1.875E-02,1.859E+00,2.078E+00,2.838E-01,1.360E+00,1.098E+00,-5.265E-01,1.359E+01,6.041E+00,3.142E+00,3.649E-02,1.757E+00,2.188E+00,8.598E-02,3.956E+00,9.553E-01,-7.389E-01,2.452E+01,9.301E+00,3.142E+00,5.972E-02,1.560E+00,2.241E+00,3.963E-02,6.440E+00
83,0.000E+00,2.180E-02,0.000E+00,3.304E-03,0.000E+00,0.000E+00,0.000E+00,1.852E-02,5.890E-02,2.182E-02,2.810E-02,3.095E+00,9.034E-01,-6.485E-01,1.826E+01,1.223E+01,3.142E+00,8.901E-02,1.261E+00,2.170E+00,4.817E-02,5.655E+00,9.310E-01,-3.866E-01,1.157E+01,9.998E+00,3.142E+00,5.388E-02,1.503E+00,2.018E+00,2.686E-01,1.431E+00,1.028E+00,-5.091E-01,1.296E+01,7.772E+00,3.142E+00,6.275E-02,1.453E+00,2.074E+00,8.368E-02,4.047E+00,8.733E-01,-7.112E-01,2.107E+01,1.370E+01,3.142E+00,7.436E-02,1.382E+00,2.142E+00,3.520E-02,7.071E+00
84,0.000E+00,1.979E-02,0.000E+00,2.266E-03,0.000E+00,0.000E+00,0.000E+00,1.758E-02,5.447E-02,1.982E-02,2.466E-02,2.813E+00,8.507E-01,-6.210E-01,1.671E+01,1.599E+01,3.142E+00,8.901E-02,1.236E+00,2.124E+00,4.495E-02,5.935E+00,8.504E-01,-3.435E-01,1.114E+01,1.386E+01,3.142E+00,8.901E-02,1.147E+00,1.958E+00,2.534E-01,1.502E+00,9.786E-01,-4.918E-01,1.233E+01,9.503E+00,3.142E+00,8.901E-02,1.150E+00,1.960E+00,8.138E-02,4.139E+00,8.369E-01,-6.836E-01,1.761E+01,1.810E+01,3.142E+00,8.901E-02,1.204E+00,2.044E+00,3.077E-02,7.703E+00
85,0.000E+00,1.399E-02,0.000E+00,1.490E-03,0.000E+00,0.000E+00,0.000E+00,1.253E-02,3.856E-02,1.401E-02,1.731E-02,1.987E+00,7.337E-01,-5.860E-01,1.333E+01,3.912E+01,3.142E+00,8.901E-02,1.090E+00,1.849E+00,4.146E-02,6.323E+00,8.463E-01,-3.324E-01,9.396E+00,1.689E+01,3.142E+00,8.901E-02,1.046E+00,1.766E+00,2.340E-01,1.619E+00,9.003E-01,-4.678E-01,1.043E+01,1.524E+01,3.142E+00,8.901E-02,1.019E+00,1.726E+00,7.661E-02,4.362E+00,7.275E-01,-6.337E-01,1.342E+01,4.507E+01,3.142E+00,8.901E-02,1.095E+00,1.847E+00,2.794E-02,8.280E+00
86,0.000E+00,8.185E-03,0.000E+00,7.148E-04,0.000E+00,0.000E+00,0.000E+00,7.475E-03,2.266E-02,8.195E-03,9.955E-03,1.161E+00,7.321E-01,-5.509E-01,9.943E+00,6.225E+01,3.142E+00,8.901E-02,9.448E-01,1.573E+00,3.797E-02,6.711E+00,8.618E-01,-3.212E-01,7.654E+00,1.991E+01,3.142E+00,8.901E-02,9.448E-01,1.573E+00,2.145E-01,1.736E+00,8.788E-01,-4.438E-01,8.538E+00,2.097E+01,3.142E+00,8.901E-02,8.892E-01,1.491E+00,7.184E-02,4.584E+00,7.427E-01,-5.838E-01,9.221E+00,7.204E+01,3.142E+00,8.901E-02,9.868E-01,1.650E+00,2.510E-02,8.857E+00
87,0.000E+00,4.304E-03,0.000E+00,3.594E-04,0.000E+00,0.000E+00,0.000E+00,3.843E-03,1.167E-02,4.211E-03,5.144E-03,5.996E-01,7.872E-01,-5.532E-01,7.789E+00,6.336E+01,3.142E+00,-2.201E-01,5.752E+00,1.143E+00,2.885E-02,8.618E+00,9.636E-01,-3.998E-01,7.243E+00,1.482E+01,3.142E+00,-3.037E-01,1.041E+01,1.057E+00,1.836E-01,2.028E+00,9.578E-01,-5.105E-01,8.172E+00,1.663E+01,3.142E+00,8.898E-02,7.358E-01,1.252E+00,6.568E-02,4.960E+00,7.941E-01,-6.600E-01,8.951E+00,5.501E+01,3.142E+00,8.901E-02,8.954E-01,1.486E+00,1.909E-02,1.115E+01
88,0.000E+00,4.219E-04,0.000E+00,3.906E-06,0.000E+00,0.000E+00,0.000E+00,2.102E-04,6.766E-04,2.266E-04,3.320E-04,3.796E-02,8.606E-01,-5.555E-01,5.634E+00,6.447E+01,3.142E+00,-5.292E-01,1.056E+01,7.128E-01,1.973E-02,1.053E+01,1.105E+00,-4.783E-01,6.832E+00,9.728E+00,3.142E+00,-6.965E-01,1.987E+01,5.397E-01,1.527E-01,2.320E+00,1.057E+00,-5.772E-01,7.806E+00,1.228E+01,3.142E+00,8.895E-02,5.823E-01,1.013E+00,5.952E-02,5.336E+00,8.577E-01,-7.362E-01,8.680E+00,3.798E+01,3.142E+00,8.901E-02,8.041E-01,1.323E+00,1.308E-02,1.345E+01
89,0.000E+00,0.000E+00,0.000E+00,0.000E+00,0.000E+00,3.125E-06,7.812E-07,0.000E+00,6.250E-06,2.344E-06,4.688E-06,3.226E-04,3.142E+00,0.000E+00,0.000E+00,0.000E+00,0.000E+00,0.000E+00,0.000E+00,0.000E+00,0.000E+00,0.000E+00,3.142E+00,0.000E+00,0.000E+00,0.000E+00,0.000E+00,0.000E+00,0.000E+00,0.000E+00,0.000E+00,0.000E+00,3.142E+00,0.000E+00,0.000E+00,0.000E+00,0.000E+00,0.000E+00,0.000E+00,0.000E+00,0.000E+00,0.000E+00,3.142E+00,0.000E+00,0.000E+00,0.000E+00,0.000E+00,0.000E+00,0.000E+00,0.000E+00,0.000E+00,0.000E+00
