alpha,H,Ca,S,Ca_1,S_1,amu/ion,phiK_Ca,phiTilt_Ca,phiM_Ca,phiN_Ca,thetaK_Ca,thetaTilt_Ca,thetaM_Ca,thetaN_Ca,energyK_Ca,energyE_Ca,phiK_S,phiTilt_S,phiM_S,phiN_S,thetaK_S,thetaTilt_S,thetaM_S,thetaN_S,energyK_S,energyE_S
0,0.000E+00,0.000E+00,6.203E-04,4.071E-03,3.746E-03,3.032E-01,1.921E+00,-6.710E-02,1.589E+00,1.041E+00,3.142E+00,8.593E-04,2.153E+00,2.165E+00,1.126E-01,2.700E+00,1.914E+00,-3.619E-02,1.352E+00,1.118E+00,3.142E+00,-3.305E-03,2.260E+00,2.216E+00,1.078E-01,2.921E+00
1,0.000E+00,0.000E+00,6.034E-04,4.120E-03,3.797E-03,3.062E-01,1.913E+00,-8.401E-02,1.667E+00,1.077E+00,3.142E+00,1.101E-03,2.154E+00,2.169E+00,1.125E-01,2.702E+00,1.908E+00,-5.071E-02,1.403E+00,1.157E+00,3.142E+00,-3.186E-03,2.261E+00,2.218E+00,1.076E-01,2.926E+00
2,0.000E+00,0.000E+00,5.865E-04,4.168E-03,3.847E-03,3.092E-01,1.905E+00,-1.009E-01,1.744E+00,1.113E+00,3.142E+00,1.343E-03,2.155E+00,2.173E+00,1.124E-01,2.705E+00,1.902E+00,-6.524E-02,1.454E+00,1.196E+00,3.142E+00,-3.068E-03,2.261E+00,2.220E+00,1.074E-01,2.931E+00
3,0.000E+00,0.000E+00,5.696E-04,4.216E-03,3.898E-03,3.122E-01,1.899E+00,-1.178E-01,1.821E+00,1.149E+00,3.142E+00,1.585E-03,2.156E+00,2.177E+00,1.123E-01,2.707E+00,1.896E+00,-7.976E-02,1.505E+00,1.235E+00,3.142E+00,-2.949E-03,2.261E+00,2.222E+00,1.071E-01,2.936E+00
4,0.000E+00,0.000E+00,5.612E-04,4.241E-03,3.923E-03,3.137E-01,1.895E+00,-1.263E-01,1.860E+00,1.168E+00,3.142E+00,1.706E-03,2.157E+00,2.179E+00,1.122E-01,2.708E+00,1.893E+00,-8.702E-02,1.530E+00,1.255E+00,3.142E+00,-2.890E-03,2.262E+00,2.223E+00,1.070E-01,2.939E+00
5,0.000E+00,0.000E+00,5.527E-04,4.265E-03,3.948E-03,3.152E-01,1.892E+00,-1.347E-01,1.899E+00,1.186E+00,3.142E+00,1.827E-03,2.157E+00,2.181E+00,1.122E-01,2.709E+00,1.890E+00,-9.428E-02,1.556E+00,1.275E+00,3.142E+00,-2.831E-03,2.262E+00,2.224E+00,1.069E-01,2.941E+00
6,0.000E+00,0.000E+00,5.358E-04,4.313E-03,3.999E-03,3.182E-01,1.886E+00,-1.516E-01,1.976E+00,1.222E+00,3.142E+00,2.069E-03,2.158E+00,2.185E+00,1.120E-01,2.711E+00,1.884E+00,-1.088E-01,1.607E+00,1.314E+00,3.142E+00,-2.713E-03,2.262E+00,2.226E+00,1.067E-01,2.947E+00
7,0.000E+00,0.000E+00,5.189E-04,4.362E-03,4.049E-03,3.213E-01,1.880E+00,-1.685E-01,2.053E+00,1.258E+00,3.142E+00,2.311E-03,2.159E+00,2.190E+00,1.119E-01,2.714E+00,1.879E+00,-1.233E-01,1.658E+00,1.353E+00,3.142E+00,-2.594E-03,2.263E+00,2.228E+00,1.064E-01,2.952E+00
8,0.000E+00,0.000E+00,5.021E-04,4.410E-03,4.100E-03,3.243E-01,1.874E+00,-1.854E-01,2.131E+00,1.294E+00,3.142E+00,2.553E-03,2.160E+00,2.194E+00,1.118E-01,2.716E+00,1.873E+00,-1.379E-01,1.709E+00,1.392E+00,3.142E+00,-2.476E-03,2.263E+00,2.230E+00,1.062E-01,2.957E+00
9,0.000E+00,0.000E+00,4.936E-04,4.434E-03,4.125E-03,3.258E-01,1.872E+00,-1.939E-01,2.170E+00,1.312E+00,3.142E+00,2.673E-03,2.161E+00,2.196E+00,1.117E-01,2.717E+00,1.871E+00,-1.451E-01,1.734E+00,1.411E+00,3.142E+00,-2.416E-03,2.263E+00,2.231E+00,1.061E-01,2.959E+00
10,0.000E+00,0.000E+00,4.852E-04,4.459E-03,4.150E-03,3.273E-01,1.869E+00,-2.023E-01,2.208E+00,1.330E+00,3.142E+00,2.794E-03,2.161E+00,2.198E+00,1.117E-01,2.718E+00,1.868E+00,-1.524E-01,1.760E+00,1.431E+00,3.142E+00,-2.357E-03,2.263E+00,2.232E+00,1.060E-01,2.962E+00
11,0.000E+00,0.000E+00,4.941E-04,4.571E-03,4.265E-03,3.358E-01,1.859E+00,-2.255E-01,2.438E+00,1.333E+00,3.142E+00,2.015E-03,2.171E+00,2.197E+00,1.113E-01,2.725E+00,1.856E+00,-1.816E-01,2.008E+00,1.424E+00,3.142E+00,-1.874E-03,2.255E+00,2.230E+00,1.053E-01,2.978E+00
12,0.000E+00,0.000E+00,5.031E-04,4.683E-03,4.380E-03,3.443E-01,1.852E+00,-2.487E-01,2.667E+00,1.335E+00,3.142E+00,1.235E-03,2.181E+00,2.197E+00,1.110E-01,2.732E+00,1.848E+00,-2.108E-01,2.256E+00,1.417E+00,3.142E+00,-1.392E-03,2.247E+00,2.228E+00,1.046E-01,2.995E+00
13,0.000E+00,0.000E+00,5.121E-04,4.796E-03,4.495E-03,3.527E-01,1.847E+00,-2.719E-01,2.897E+00,1.338E+00,3.142E+00,4.560E-04,2.191E+00,2.196E+00,1.106E-01,2.739E+00,1.844E+00,-2.401E-01,2.504E+00,1.410E+00,3.142E+00,-9.091E-04,2.239E+00,2.226E+00,1.039E-01,3.011E+00
14,0.000E+00,0.000E+00,5.166E-04,4.852E-03,4.552E-03,3.570E-01,1.845E+00,-2.835E-01,3.012E+00,1.339E+00,3.142E+00,6.625E-05,2.196E+00,2.196E+00,1.104E-01,2.742E+00,1.843E+00,-2.547E-01,2.627E+00,1.406E+00,3.142E+00,-6.677E-04,2.234E+00,2.225E+00,1.035E-01,3.019E+00
15,0.000E+00,0.000E+00,5.211E-04,4.908E-03,4.610E-03,3.612E-01,1.843E+00,-2.951E-01,3.127E+00,1.340E+00,3.142E+00,-3.235E-04,2.201E+00,2.196E+00,1.103E-01,2.746E+00,1.842E+00,-2.693E-01,2.751E+00,1.402E+00,3.142E+00,-4.264E-04,2.230E+00,2.224E+00,1.032E-01,3.028E+00
16,0.000E+00,0.000E+00,5.301E-04,5.020E-03,4.725E-03,3.697E-01,1.842E+00,-3.182E-01,3.356E+00,1.343E+00,3.142E+00,-1.103E-03,2.210E+00,2.195E+00,1.099E-01,2.753E+00,1.843E+00,-2.985E-01,2.999E+00,1.395E+00,3.142E+00,5.625E-05,2.222E+00,2.222E+00,1.025E-01,3.044E+00
17,0.000E+00,0.000E+00,5.391E-04,5.132E-03,4.840E-03,3.781E-01,1.841E+00,-3.414E-01,3.586E+00,1.345E+00,3.142E+00,-1.882E-03,2.220E+00,2.195E+00,1.096E-01,2.760E+00,1.846E+00,-3.278E-01,3.247E+00,1.388E+00,3.142E+00,5.389E-04,2.214E+00,2.221E+00,1.017E-01,3.060E+00
18,0.000E+00,0.000E+00,5.480E-04,5.245E-03,4.955E-03,3.866E-01,1.842E+00,-3.646E-01,3.815E+00,1.348E+00,3.142E+00,-2.662E-03,2.230E+00,2.194E+00,1.092E-01,2.766E+00,1.850E+00,-3.570E-01,3.495E+00,1.381E+00,3.142E+00,1.022E-03,2.205E+00,2.219E+00,1.010E-01,3.077E+00
19,0.000E+00,0.000E+00,5.525E-04,5.301E-03,5.012E-03,3.909E-01,1.842E+00,-3.762E-01,3.930E+00,1.349E+00,3.142E+00,-3.052E-03,2.235E+00,2.194E+00,1.090E-01,2.770E+00,1.853E+00,-3.716E-01,3.619E+00,1.378E+00,3.142E+00,1.263E-03,2.201E+00,2.218E+00,1.007E-01,3.085E+00
20,0.000E+00,0.000E+00,5.570E-04,5.357E-03,5.070E-03,3.951E-01,1.843E+00,-3.878E-01,4.045E+00,1.350E+00,3.142E+00,-3.441E-03,2.240E+00,2.194E+00,1.088E-01,2.773E+00,1.856E+00,-3.862E-01,3.743E+00,1.374E+00,3.142E+00,1.504E-03,2.197E+00,2.217E+00,1.003E-01,3.093E+00
21,0.000E+00,0.000E+00,5.860E-04,5.545E-03,5.224E-03,4.085E-01,1.840E+00,-3.943E-01,4.084E+00,1.370E+00,3.142E+00,-2.049E-03,2.226E+00,2.198E+00,1.084E-01,2.783E+00,1.845E+00,-3.905E-01,3.813E+00,1.404E+00,3.142E+00,1.150E-03,2.210E+00,2.225E+00,9.960E-02,3.112E+00
22,0.000E+00,0.000E+00,6.150E-04,5.732E-03,5.379E-03,4.219E-01,1.836E+00,-4.009E-01,4.123E+00,1.390E+00,3.142E+00,-6.571E-04,2.211E+00,2.202E+00,1.079E-01,2.794E+00,1.836E+00,-3.948E-01,3.883E+00,1.434E+00,3.142E+00,7.952E-04,2.223E+00,2.233E+00,9.887E-02,3.131E+00
23,0.000E+00,0.000E+00,6.440E-04,5.920E-03,5.533E-03,4.353E-01,1.833E+00,-4.074E-01,4.163E+00,1.410E+00,3.142E+00,7.351E-04,2.197E+00,2.206E+00,1.074E-01,2.804E+00,1.826E+00,-3.991E-01,3.953E+00,1.464E+00,3.142E+00,4.406E-04,2.236E+00,2.242E+00,9.813E-02,3.150E+00
24,0.000E+00,0.000E+00,6.585E-04,6.013E-03,5.610E-03,4.420E-01,1.831E+00,-4.107E-01,4.182E+00,1.420E+00,3.142E+00,1.431E-03,2.190E+00,2.208E+00,1.071E-01,2.809E+00,1.821E+00,-4.013E-01,3.989E+00,1.479E+00,3.142E+00,2.634E-04,2.243E+00,2.246E+00,9.776E-02,3.159E+00
25,0.000E+00,0.000E+00,6.730E-04,6.107E-03,5.687E-03,4.487E-01,1.830E+00,-4.140E-01,4.202E+00,1.430E+00,3.142E+00,2.127E-03,2.183E+00,2.210E+00,1.069E-01,2.814E+00,1.816E+00,-4.034E-01,4.024E+00,1.493E+00,3.142E+00,8.612E-05,2.249E+00,2.250E+00,9.740E-02,3.169E+00
26,0.000E+00,0.000E+00,7.021E-04,6.295E-03,5.842E-03,4.621E-01,1.827E+00,-4.205E-01,4.241E+00,1.450E+00,3.142E+00,3.519E-03,2.168E+00,2.214E+00,1.064E-01,2.824E+00,1.807E+00,-4.077E-01,4.094E+00,1.523E+00,3.142E+00,-2.684E-04,2.262E+00,2.258E+00,9.666E-02,3.188E+00
27,0.000E+00,0.000E+00,7.311E-04,6.482E-03,5.996E-03,4.755E-01,1.823E+00,-4.271E-01,4.280E+00,1.470E+00,3.142E+00,4.912E-03,2.154E+00,2.218E+00,1.059E-01,2.834E+00,1.798E+00,-4.120E-01,4.164E+00,1.553E+00,3.142E+00,-6.229E-04,2.275E+00,2.266E+00,9.593E-02,3.206E+00
28,0.000E+00,0.000E+00,7.601E-04,6.670E-03,6.151E-03,4.889E-01,1.820E+00,-4.337E-01,4.319E+00,1.490E+00,3.142E+00,6.304E-03,2.140E+00,2.222E+00,1.054E-01,2.844E+00,1.789E+00,-4.163E-01,4.234E+00,1.583E+00,3.142E+00,-9.774E-04,2.288E+00,2.274E+00,9.519E-02,3.225E+00
29,0.000E+00,0.000E+00,7.746E-04,6.763E-03,6.228E-03,4.956E-01,1.819E+00,-4.369E-01,4.339E+00,1.500E+00,3.142E+00,7.000E-03,2.133E+00,2.224E+00,1.051E-01,2.850E+00,1.785E+00,-4.185E-01,4.269E+00,1.598E+00,3.142E+00,-1.155E-03,2.295E+00,2.278E+00,9.482E-02,3.235E+00
30,0.000E+00,0.000E+00,7.891E-04,6.857E-03,6.305E-03,5.023E-01,1.817E+00,-4.402E-01,4.358E+00,1.510E+00,3.142E+00,7.696E-03,2.125E+00,2.226E+00,1.049E-01,2.855E+00,1.781E+00,-4.206E-01,4.304E+00,1.613E+00,3.142E+00,-1.332E-03,2.301E+00,2.283E+00,9.446E-02,3.244E+00
31,0.000E+00,0.000E+00,8.473E-04,7.382E-03,6.774E-03,5.402E-01,1.809E+00,-4.393E-01,4.300E+00,1.553E+00,3.142E+00,6.464E-03,2.157E+00,2.241E+00,1.045E-01,2.863E+00,1.770E+00,-4.118E-01,4.148E+00,1.672E+00,3.142E+00,-9.911E-04,2.305E+00,2.291E+00,9.423E-02,3.250E+00
32,0.000E+00,0.000E+00,8.764E-04,7.645E-03,7.009E-03,5.592E-01,1.805E+00,-4.388E-01,4.270E+00,1.574E+00,3.142E+00,5.848E-03,2.172E+00,2.248E+00,1.043E-01,2.868E+00,1.765E+00,-4.074E-01,4.070E+00,1.702E+00,3.142E+00,-8.206E-04,2.307E+00,2.295E+00,9.412E-02,3.253E+00
33,0.000E+00,0.000E+00,9.055E-04,7.907E-03,7.243E-03,5.782E-01,1.801E+00,-4.383E-01,4.241E+00,1.595E+00,3.142E+00,5.231E-03,2.188E+00,2.256E+00,1.041E-01,2.872E+00,1.761E+00,-4.030E-01,3.993E+00,1.732E+00,3.142E+00,-6.502E-04,2.309E+00,2.300E+00,9.401E-02,3.256E+00
34,0.000E+00,0.000E+00,9.346E-04,8.170E-03,7.478E-03,5.971E-01,1.797E+00,-4.379E-01,4.211E+00,1.616E+00,3.142E+00,4.615E-03,2.204E+00,2.263E+00,1.039E-01,2.877E+00,1.756E+00,-3.986E-01,3.915E+00,1.761E+00,3.142E+00,-4.797E-04,2.310E+00,2.304E+00,9.390E-02,3.259E+00
35,0.000E+00,0.000E+00,9.637E-04,8.432E-03,7.712E-03,6.161E-01,1.794E+00,-4.374E-01,4.182E+00,1.637E+00,3.142E+00,3.999E-03,2.219E+00,2.270E+00,1.037E-01,2.881E+00,1.752E+00,-3.943E-01,3.837E+00,1.791E+00,3.142E+00,-3.093E-04,2.312E+00,2.308E+00,9.379E-02,3.262E+00
36,0.000E+00,0.000E+00,9.928E-04,8.695E-03,7.947E-03,6.351E-01,1.790E+00,-4.369E-01,4.152E+00,1.658E+00,3.142E+00,3.383E-03,2.235E+00,2.278E+00,1.035E-01,2.886E+00,1.748E+00,-3.899E-01,3.759E+00,1.821E+00,3.142E+00,-1.388E-04,2.314E+00,2.312E+00,9.368E-02,3.266E+00
37,0.000E+00,0.000E+00,1.022E-03,8.957E-03,8.181E-03,6.540E-01,1.787E+00,-4.364E-01,4.123E+00,1.679E+00,3.142E+00,2.767E-03,2.250E+00,2.285E+00,1.033E-01,2.890E+00,1.745E+00,-3.855E-01,3.681E+00,1.850E+00,3.142E+00,3.165E-05,2.316E+00,2.317E+00,9.357E-02,3.269E+00
38,0.000E+00,0.000E+00,1.051E-03,9.220E-03,8.416E-03,6.730E-01,1.783E+00,-4.360E-01,4.093E+00,1.701E+00,3.142E+00,2.151E-03,2.266E+00,2.293E+00,1.031E-01,2.894E+00,1.741E+00,-3.811E-01,3.603E+00,1.880E+00,3.142E+00,2.021E-04,2.318E+00,2.321E+00,9.346E-02,3.272E+00
39,0.000E+00,0.000E+00,1.080E-03,9.482E-03,8.650E-03,6.920E-01,1.780E+00,-4.355E-01,4.064E+00,1.722E+00,3.142E+00,1.535E-03,2.282E+00,2.300E+00,1.028E-01,2.899E+00,1.738E+00,-3.767E-01,3.526E+00,1.909E+00,3.142E+00,3.726E-04,2.320E+00,2.325E+00,9.334E-02,3.275E+00
40,0.000E+00,0.000E+00,1.109E-03,9.745E-03,8.885E-03,7.110E-01,1.777E+00,-4.350E-01,4.035E+00,1.743E+00,3.142E+00,9.185E-04,2.297E+00,2.307E+00,1.026E-01,2.903E+00,1.735E+00,-3.723E-01,3.448E+00,1.939E+00,3.142E+00,5.430E-04,2.322E+00,2.330E+00,9.323E-02,3.278E+00
41,0.000E+00,0.000E+00,1.138E-03,1.001E-02,9.119E-03,7.299E-01,1.773E+00,-4.346E-01,4.005E+00,1.764E+00,3.142E+00,3.024E-04,2.313E+00,2.315E+00,1.024E-01,2.908E+00,1.733E+00,-3.679E-01,3.370E+00,1.969E+00,3.142E+00,7.135E-04,2.324E+00,2.334E+00,9.312E-02,3.281E+00
42,0.000E+00,0.000E+00,1.167E-03,1.027E-02,9.354E-03,7.489E-01,1.770E+00,-4.341E-01,3.976E+00,1.785E+00,3.142E+00,-3.138E-04,2.329E+00,2.322E+00,1.022E-01,2.912E+00,1.730E+00,-3.635E-01,3.292E+00,1.998E+00,3.142E+00,8.839E-04,2.325E+00,2.338E+00,9.301E-02,3.284E+00
43,0.000E+00,0.000E+00,1.196E-03,1.053E-02,9.588E-03,7.679E-01,1.767E+00,-4.336E-01,3.946E+00,1.806E+00,3.142E+00,-9.299E-04,2.344E+00,2.330E+00,1.020E-01,2.917E+00,1.728E+00,-3.591E-01,3.214E+00,2.028E+00,3.142E+00,1.054E-03,2.327E+00,2.342E+00,9.290E-02,3.287E+00
44,0.000E+00,0.000E+00,1.226E-03,1.079E-02,9.823E-03,7.868E-01,1.764E+00,-4.332E-01,3.917E+00,1.827E+00,3.142E+00,-1.546E-03,2.360E+00,2.337E+00,1.018E-01,2.921E+00,1.727E+00,-3.547E-01,3.136E+00,2.058E+00,3.142E+00,1.225E-03,2.329E+00,2.347E+00,9.279E-02,3.290E+00
45,0.000E+00,0.000E+00,1.255E-03,1.106E-02,1.006E-02,8.058E-01,1.761E+00,-4.327E-01,3.887E+00,1.848E+00,3.142E+00,-2.162E-03,2.375E+00,2.344E+00,1.016E-01,2.925E+00,1.725E+00,-3.503E-01,3.059E+00,2.087E+00,3.142E+00,1.395E-03,2.331E+00,2.351E+00,9.268E-02,3.293E+00
46,0.000E+00,0.000E+00,1.277E-03,1.169E-02,1.062E-02,8.502E-01,1.753E+00,-4.396E-01,4.070E+00,1.854E+00,3.142E+00,-1.146E-03,2.365E+00,2.349E+00,1.011E-01,2.938E+00,1.731E+00,-3.574E-01,3.121E+00,2.051E+00,3.142E+00,6.539E-04,2.350E+00,2.359E+00,9.183E-02,3.317E+00
47,0.000E+00,0.000E+00,1.299E-03,1.233E-02,1.119E-02,8.947E-01,1.745E+00,-4.466E-01,4.252E+00,1.860E+00,3.142E+00,-1.289E-04,2.355E+00,2.353E+00,1.005E-01,2.951E+00,1.737E+00,-3.645E-01,3.184E+00,2.016E+00,3.142E+00,-8.756E-05,2.369E+00,2.367E+00,9.099E-02,3.342E+00
48,0.000E+00,0.000E+00,1.321E-03,1.297E-02,1.176E-02,9.391E-01,1.738E+00,-4.536E-01,4.435E+00,1.865E+00,3.142E+00,8.878E-04,2.345E+00,2.357E+00,9.993E-02,2.964E+00,1.743E+00,-3.716E-01,3.246E+00,1.980E+00,3.142E+00,-8.290E-04,2.388E+00,2.376E+00,9.014E-02,3.366E+00
49,0.000E+00,0.000E+00,1.332E-03,1.328E-02,1.204E-02,9.613E-01,1.735E+00,-4.571E-01,4.526E+00,1.868E+00,3.142E+00,1.396E-03,2.340E+00,2.360E+00,9.964E-02,2.971E+00,1.746E+00,-3.751E-01,3.277E+00,1.962E+00,3.142E+00,-1.200E-03,2.397E+00,2.380E+00,8.972E-02,3.378E+00
50,0.000E+00,0.000E+00,1.343E-03,1.360E-02,1.233E-02,9.835E-01,1.731E+00,-4.605E-01,4.617E+00,1.871E+00,3.142E+00,1.904E-03,2.334E+00,2.362E+00,9.936E-02,2.977E+00,1.749E+00,-3.787E-01,3.308E+00,1.944E+00,3.142E+00,-1.570E-03,2.407E+00,2.384E+00,8.930E-02,3.390E+00
51,0.000E+00,0.000E+00,1.412E-03,1.447E-02,1.312E-02,1.046E+00,1.677E+00,-4.932E-01,6.582E+00,1.814E+00,3.142E+00,2.135E-03,2.329E+00,2.359E+00,9.917E-02,2.981E+00,1.659E+00,-4.224E-01,5.540E+00,1.867E+00,3.142E+00,-8.273E-04,2.390E+00,2.378E+00,8.912E-02,3.395E+00
52,0.000E+00,0.000E+00,1.482E-03,1.535E-02,1.391E-02,1.109E+00,1.650E+00,-5.260E-01,8.547E+00,1.757E+00,3.142E+00,2.365E-03,2.323E+00,2.356E+00,9.898E-02,2.986E+00,1.622E+00,-4.660E-01,7.773E+00,1.789E+00,3.142E+00,-8.422E-05,2.374E+00,2.372E+00,8.894E-02,3.401E+00
53,0.000E+00,0.000E+00,1.551E-03,1.622E-02,1.471E-02,1.171E+00,1.639E+00,-5.587E-01,1.051E+01,1.700E+00,3.142E+00,2.596E-03,2.317E+00,2.354E+00,9.879E-02,2.990E+00,1.612E+00,-5.097E-01,1.000E+01,1.712E+00,3.142E+00,6.588E-04,2.358E+00,2.366E+00,8.877E-02,3.406E+00
54,0.000E+00,0.000E+00,1.586E-03,1.665E-02,1.510E-02,1.203E+00,1.638E+00,-5.750E-01,1.150E+01,1.672E+00,3.142E+00,2.711E-03,2.314E+00,2.352E+00,9.869E-02,2.993E+00,1.614E+00,-5.316E-01,1.112E+01,1.674E+00,3.142E+00,1.030E-03,2.349E+00,2.363E+00,8.868E-02,3.409E+00
55,0.000E+00,0.000E+00,1.621E-03,1.709E-02,1.550E-02,1.234E+00,1.639E+00,-5.914E-01,1.248E+01,1.643E+00,3.142E+00,2.826E-03,2.311E+00,2.351E+00,9.860E-02,2.995E+00,1.618E+00,-5.534E-01,1.224E+01,1.635E+00,3.142E+00,1.402E-03,2.341E+00,2.360E+00,8.859E-02,3.412E+00
56,0.000E+00,0.000E+00,1.690E-03,1.796E-02,1.629E-02,1.296E+00,1.647E+00,-6.241E-01,1.444E+01,1.587E+00,3.142E+00,3.057E-03,2.305E+00,2.349E+00,9.841E-02,2.999E+00,1.635E+00,-5.971E-01,1.447E+01,1.558E+00,3.142E+00,2.145E-03,2.325E+00,2.355E+00,8.841E-02,3.417E+00
57,0.000E+00,0.000E+00,1.760E-03,1.883E-02,1.709E-02,1.359E+00,1.660E+00,-6.568E-01,1.641E+01,1.530E+00,3.142E+00,3.287E-03,2.300E+00,2.346E+00,9.822E-02,3.004E+00,1.660E+00,-6.408E-01,1.670E+01,1.481E+00,3.142E+00,2.888E-03,2.309E+00,2.349E+00,8.823E-02,3.422E+00
58,0.000E+00,0.000E+00,1.829E-03,1.970E-02,1.788E-02,1.422E+00,1.678E+00,-6.896E-01,1.837E+01,1.473E+00,3.142E+00,3.517E-03,2.294E+00,2.343E+00,9.803E-02,3.008E+00,1.691E+00,-6.844E-01,1.893E+01,1.404E+00,3.142E+00,3.631E-03,2.292E+00,2.343E+00,8.805E-02,3.428E+00
59,0.000E+00,0.000E+00,1.864E-03,2.014E-02,1.828E-02,1.453E+00,1.689E+00,-7.059E-01,1.936E+01,1.445E+00,3.142E+00,3.633E-03,2.291E+00,2.342E+00,9.793E-02,3.011E+00,1.708E+00,-7.063E-01,2.005E+01,1.365E+00,3.142E+00,4.003E-03,2.284E+00,2.340E+00,8.796E-02,3.430E+00
60,0.000E+00,0.000E+00,1.898E-03,2.057E-02,1.867E-02,1.484E+00,1.700E+00,-7.223E-01,2.034E+01,1.416E+00,3.142E+00,3.748E-03,2.288E+00,2.341E+00,9.784E-02,3.013E+00,1.727E+00,-7.281E-01,2.116E+01,1.327E+00,3.142E+00,4.374E-03,2.276E+00,2.337E+00,8.787E-02,3.433E+00
61,0.000E+00,0.000E+00,2.035E-03,2.205E-02,2.002E-02,1.591E+00,1.679E+00,-7.077E-01,1.954E+01,1.474E+00,3.142E+00,3.803E-03,2.288E+00,2.341E+00,9.772E-02,3.015E+00,1.710E+00,-7.162E-01,2.061E+01,1.365E+00,3.142E+00,4.191E-03,2.282E+00,2.341E+00,8.796E-02,3.430E+00
62,0.000E+00,0.000E+00,2.172E-03,2.352E-02,2.136E-02,1.697E+00,1.660E+00,-6.932E-01,1.875E+01,1.531E+00,3.142E+00,3.857E-03,2.288E+00,2.342E+00,9.761E-02,3.018E+00,1.694E+00,-7.042E-01,2.006E+01,1.404E+00,3.142E+00,4.007E-03,2.288E+00,2.344E+00,8.806E-02,3.428E+00
63,0.000E+00,0.000E+00,2.309E-03,2.500E-02,2.270E-02,1.804E+00,1.642E+00,-6.787E-01,1.795E+01,1.589E+00,3.142E+00,3.912E-03,2.287E+00,2.342E+00,9.749E-02,3.021E+00,1.678E+00,-6.923E-01,1.951E+01,1.443E+00,3.142E+00,3.824E-03,2.294E+00,2.348E+00,8.815E-02,3.425E+00
64,0.000E+00,0.000E+00,2.378E-03,2.574E-02,2.337E-02,1.857E+00,1.633E+00,-6.714E-01,1.755E+01,1.617E+00,3.142E+00,3.939E-03,2.287E+00,2.342E+00,9.744E-02,3.022E+00,1.671E+00,-6.863E-01,1.924E+01,1.462E+00,3.142E+00,3.732E-03,2.297E+00,2.350E+00,8.819E-02,3.423E+00
65,0.000E+00,0.000E+00,2.446E-03,2.647E-02,2.404E-02,1.910E+00,1.625E+00,-6.642E-01,1.716E+01,1.646E+00,3.142E+00,3.967E-03,2.287E+00,2.343E+00,9.738E-02,3.024E+00,1.663E+00,-6.803E-01,1.896E+01,1.482E+00,3.142E+00,3.641E-03,2.300E+00,2.351E+00,8.824E-02,3.422E+00
66,0.000E+00,0.000E+00,2.806E-03,2.856E-02,2.573E-02,2.060E+00,1.607E+00,-6.498E-01,1.665E+01,1.696E+00,3.142E+00,3.280E-03,2.292E+00,2.338E+00,9.711E-02,3.030E+00,1.639E+00,-6.597E-01,1.785E+01,1.554E+00,3.142E+00,3.415E-03,2.297E+00,2.345E+00,8.919E-02,3.394E+00
67,0.000E+00,0.000E+00,3.167E-03,3.065E-02,2.743E-02,2.209E+00,1.591E+00,-6.354E-01,1.614E+01,1.746E+00,3.142E+00,2.594E-03,2.296E+00,2.332E+00,9.684E-02,3.037E+00,1.617E+00,-6.391E-01,1.673E+01,1.627E+00,3.142E+00,3.190E-03,2.294E+00,2.339E+00,9.015E-02,3.366E+00
68,0.000E+00,0.000E+00,3.527E-03,3.274E-02,2.912E-02,2.359E+00,1.575E+00,-6.210E-01,1.563E+01,1.795E+00,3.142E+00,1.907E-03,2.301E+00,2.327E+00,9.657E-02,3.043E+00,1.598E+00,-6.184E-01,1.561E+01,1.699E+00,3.142E+00,2.965E-03,2.291E+00,2.332E+00,9.111E-02,3.338E+00
69,0.000E+00,0.000E+00,3.707E-03,3.379E-02,2.997E-02,2.434E+00,1.568E+00,-6.138E-01,1.538E+01,1.820E+00,3.142E+00,1.564E-03,2.303E+00,2.325E+00,9.644E-02,3.046E+00,1.589E+00,-6.081E-01,1.505E+01,1.735E+00,3.142E+00,2.852E-03,2.289E+00,2.329E+00,9.159E-02,3.324E+00
70,0.000E+00,0.000E+00,3.887E-03,3.483E-02,3.081E-02,2.509E+00,1.560E+00,-6.066E-01,1.512E+01,1.845E+00,3.142E+00,1.221E-03,2.305E+00,2.322E+00,9.631E-02,3.050E+00,1.580E+00,-5.978E-01,1.449E+01,1.771E+00,3.142E+00,2.739E-03,2.287E+00,2.326E+00,9.207E-02,3.310E+00
71,0.000E+00,0.000E+00,3.640E-03,3.707E-02,3.339E-02,2.673E+00,1.542E+00,-5.892E-01,1.443E+01,1.917E+00,3.142E+00,1.641E-03,2.317E+00,2.340E+00,9.858E-02,2.996E+00,1.566E+00,-5.815E-01,1.369E+01,1.832E+00,3.142E+00,1.260E-03,2.323E+00,2.340E+00,9.114E-02,3.337E+00
72,0.000E+00,0.000E+00,3.392E-03,3.930E-02,3.597E-02,2.837E+00,1.525E+00,-5.718E-01,1.373E+01,1.990E+00,3.142E+00,2.061E-03,2.328E+00,2.358E+00,1.009E-01,2.943E+00,1.554E+00,-5.652E-01,1.290E+01,1.893E+00,3.142E+00,-2.198E-04,2.358E+00,2.355E+00,9.022E-02,3.363E+00
73,0.000E+00,0.000E+00,3.777E-03,4.196E-02,3.820E-02,3.028E+00,1.508E+00,-5.627E-01,1.341E+01,2.065E+00,3.142E+00,3.636E-03,2.274E+00,2.324E+00,9.904E-02,2.985E+00,1.534E+00,-5.473E-01,1.211E+01,1.991E+00,3.142E+00,1.388E-03,2.307E+00,2.326E+00,9.060E-02,3.352E+00
74,0.000E+00,0.000E+00,4.161E-03,4.462E-02,4.044E-02,3.218E+00,1.493E+00,-5.537E-01,1.309E+01,2.140E+00,3.142E+00,5.211E-03,2.220E+00,2.291E+00,9.723E-02,3.027E+00,1.517E+00,-5.294E-01,1.133E+01,2.089E+00,3.142E+00,2.995E-03,2.256E+00,2.297E+00,9.099E-02,3.341E+00
75,0.000E+00,0.000E+00,4.814E-03,4.817E-02,4.341E-02,3.477E+00,1.462E+00,-5.331E-01,1.254E+01,2.283E+00,3.142E+00,6.449E-03,2.166E+00,2.252E+00,9.822E-02,3.004E+00,1.494E+00,-5.156E-01,1.115E+01,2.179E+00,3.142E+00,1.417E-03,2.277E+00,2.296E+00,9.171E-02,3.320E+00
76,0.000E+00,0.000E+00,5.466E-03,5.172E-02,4.639E-02,3.736E+00,1.434E+00,-5.124E-01,1.198E+01,2.425E+00,3.142E+00,7.686E-03,2.113E+00,2.213E+00,9.921E-02,2.980E+00,1.472E+00,-5.018E-01,1.097E+01,2.270E+00,3.142E+00,-1.603E-04,2.298E+00,2.296E+00,9.244E-02,3.300E+00
77,0.000E+00,0.000E+00,5.696E-03,5.602E-02,5.040E-02,4.044E+00,1.415E+00,-4.984E-01,1.153E+01,2.543E+00,3.142E+00,7.996E-03,2.138E+00,2.243E+00,1.004E-01,2.953E+00,1.444E+00,-4.762E-01,1.007E+01,2.458E+00,3.142E+00,1.455E-03,2.235E+00,2.254E+00,9.167E-02,3.322E+00
78,0.000E+00,0.000E+00,5.927E-03,6.033E-02,5.442E-02,4.353E+00,1.397E+00,-4.844E-01,1.109E+01,2.661E+00,3.142E+00,8.307E-03,2.162E+00,2.273E+00,1.016E-01,2.925E+00,1.421E+00,-4.506E-01,9.163E+00,2.646E+00,3.142E+00,3.070E-03,2.172E+00,2.212E+00,9.090E-02,3.343E+00
79,0.000E+00,0.000E+00,6.348E-03,6.611E-02,5.976E-02,4.769E+00,1.365E+00,-4.618E-01,1.041E+01,2.896E+00,3.142E+00,5.215E-03,2.205E+00,2.275E+00,1.002E-01,2.958E+00,1.404E+00,-4.376E-01,8.869E+00,2.761E+00,3.142E+00,3.852E-03,2.171E+00,2.222E+00,9.136E-02,3.330E+00
80,0.000E+00,0.000E+00,6.770E-03,7.189E-02,6.510E-02,5.186E+00,1.338E+00,-4.391E-01,9.740E+00,3.131E+00,3.142E+00,2.122E-03,2.248E+00,2.277E+00,9.875E-02,2.991E+00,1.389E+00,-4.247E-01,8.575E+00,2.876E+00,3.142E+00,4.634E-03,2.170E+00,2.231E+00,9.183E-02,3.317E+00
81,0.000E+00,0.000E+00,7.503E-03,7.821E-02,7.066E-02,5.640E+00,1.325E+00,-4.223E-01,9.074E+00,3.299E+00,3.142E+00,9.505E-04,2.231E+00,2.244E+00,9.869E-02,2.993E+00,1.368E+00,-4.140E-01,8.215E+00,3.077E+00,3.142E+00,3.134E-03,2.139E+00,2.179E+00,9.011E-02,3.367E+00
82,0.000E+00,0.000E+00,8.236E-03,8.453E-02,7.621E-02,6.095E+00,1.315E+00,-4.055E-01,8.408E+00,3.467E+00,3.142E+00,-2.215E-04,2.214E+00,2.211E+00,9.863E-02,2.994E+00,1.350E+00,-4.033E-01,7.854E+00,3.279E+00,3.142E+00,1.633E-03,2.107E+00,2.128E+00,8.840E-02,3.417E+00
83,0.000E+00,0.000E+00,9.021E-03,9.118E-02,8.215E-02,6.578E+00,1.270E+00,-3.961E-01,8.371E+00,3.914E+00,3.142E+00,2.058E-02,1.917E+00,2.143E+00,9.712E-02,3.030E+00,1.312E+00,-3.890E-01,7.700E+00,3.615E+00,3.142E+00,1.476E-02,1.914E+00,2.079E+00,8.841E-02,3.417E+00
84,0.000E+00,0.000E+00,9.805E-03,9.784E-02,8.810E-02,7.060E+00,1.231E+00,-3.867E-01,8.334E+00,4.361E+00,3.142E+00,4.139E-02,1.620E+00,2.074E+00,9.561E-02,3.067E+00,1.279E+00,-3.747E-01,7.546E+00,3.952E+00,3.142E+00,2.788E-02,1.721E+00,2.030E+00,8.843E-02,3.416E+00
85,0.000E+00,0.000E+00,1.011E-02,9.992E-02,8.984E-02,7.209E+00,1.130E+00,-3.711E-01,8.521E+00,5.817E+00,3.142E+00,5.732E-02,1.409E+00,1.968E+00,9.109E-02,3.188E+00,1.181E+00,-3.563E-01,7.571E+00,5.232E+00,3.142E+00,4.790E-02,1.463E+00,1.919E+00,8.546E-02,3.511E+00
86,0.000E+00,0.000E+00,1.042E-02,1.020E-01,9.158E-02,7.359E+00,1.056E+00,-3.555E-01,8.708E+00,7.273E+00,3.142E+00,7.326E-02,1.199E+00,1.861E+00,8.658E-02,3.309E+00,1.108E+00,-3.380E-01,7.596E+00,6.513E+00,3.142E+00,6.792E-02,1.206E+00,1.808E+00,8.248E-02,3.606E+00
87,0.000E+00,0.000E+00,8.099E-03,7.580E-02,6.775E-02,5.470E+00,7.088E-01,-2.999E-01,8.456E+00,4.973E+01,3.142E+00,8.111E-02,9.414E-01,1.521E+00,7.987E-02,3.533E+00,7.246E-01,-2.883E-01,8.262E+00,4.336E+01,3.142E+00,7.843E-02,9.606E-01,1.519E+00,7.644E-02,3.840E+00
88,0.000E+00,0.000E+00,5.776E-03,4.959E-02,4.391E-02,3.581E+00,6.409E-01,-2.443E-01,8.204E+00,9.218E+01,3.142E+00,8.896E-02,6.838E-01,1.181E+00,7.317E-02,3.756E+00,6.305E-01,-2.387E-01,8.928E+00,8.021E+01,3.142E+00,8.894E-02,7.150E-01,1.230E+00,7.041E-02,4.073E+00
89,0.000E+00,0.000E+00,1.578E-04,1.974E-03,1.830E-03,1.428E-01,3.142E+00,0.000E+00,0.000E+00,0.000E+00,0.000E+00,0.000E+00,0.000E+00,0.000E+00,0.000E+00,0.000E+00,3.142E+00,0.000E+00,0.000E+00,0.000E+00,0.000E+00,0.000E+00,0.000E+00,0.000E+00,0.000E+00,0.000E+00
