alpha,H,K,Al,Si,O,K_1,O_1,Si_2,O_2,Al_3,O_3,amu/ion,phiK_Al,phiTilt_Al,phiM_Al,phiN_Al,thetaK_Al,thetaTilt_Al,thetaM_Al,thetaN_Al,energyK_Al,energyE_Al,phiK_K,phiTilt_K,phiM_K,phiN_K,thetaK_K,thetaTilt_K,thetaM_K,thetaN_K,energyK_K,energyE_K,phiK_O,phiTilt_O,phiM_O,phiN_O,thetaK_O,thetaTilt_O,thetaM_O,thetaN_O,energyK_O,energyE_O,phiK_Si,phiTilt_Si,phiM_Si,phiN_Si,thetaK_Si,thetaTilt_Si,thetaM_Si,thetaN_Si,energyK_Si,energyE_Si
0,0.000E+00,8.234E-04,0.000E+00,1.574E-03,0.000E+00,0.000E+00,0.000E+00,9.117E-04,4.369E-03,8.172E-04,2.054E-03,2.268E-01,1.733E+00,1.823E-02,1.490E+00,1.585E+00,1.737E+00,-3.311E-03,2.467E+00,2.417E+00,8.022E-02,3.818E+00,1.794E+00,3.954E-02,1.222E+00,1.595E+00,1.793E+00,7.885E-03,2.276E+00,2.387E+00,3.348E-01,1.104E+00,1.726E+00,1.011E-02,1.508E+00,1.600E+00,1.730E+00,-3.294E-03,2.648E+00,2.594E+00,1.151E-01,3.098E+00,1.821E+00,1.364E-02,1.290E+00,1.382E+00,1.827E+00,-5.145E-03,2.452E+00,2.376E+00,6.623E-02,4.394E+00
1,0.000E+00,8.371E-04,0.000E+00,1.582E-03,0.000E+00,0.000E+00,0.000E+00,9.213E-04,4.415E-03,8.287E-04,2.066E-03,2.291E-01,1.721E+00,3.012E-03,1.557E+00,1.574E+00,1.727E+00,-3.552E-03,2.475E+00,2.421E+00,8.015E-02,3.821E+00,1.760E+00,1.584E-02,1.377E+00,1.576E+00,1.771E+00,6.525E-03,2.324E+00,2.415E+00,3.348E-01,1.104E+00,1.713E+00,2.901E-04,1.541E+00,1.635E+00,1.718E+00,-3.262E-03,2.646E+00,2.592E+00,1.150E-01,3.101E+00,1.811E+00,7.902E-03,1.302E+00,1.413E+00,1.817E+00,-5.214E-03,2.462E+00,2.385E+00,6.587E-02,4.413E+00
2,0.000E+00,8.508E-04,0.000E+00,1.591E-03,0.000E+00,0.000E+00,0.000E+00,9.309E-04,4.462E-03,8.402E-04,2.078E-03,2.314E-01,1.724E+00,-1.221E-02,1.625E+00,1.563E+00,1.718E+00,-3.794E-03,2.483E+00,2.426E+00,8.008E-02,3.823E+00,1.738E+00,-7.862E-03,1.532E+00,1.558E+00,1.748E+00,5.166E-03,2.373E+00,2.444E+00,3.349E-01,1.104E+00,1.710E+00,-9.527E-03,1.573E+00,1.669E+00,1.705E+00,-3.229E-03,2.644E+00,2.591E+00,1.149E-01,3.103E+00,1.801E+00,2.160E-03,1.314E+00,1.444E+00,1.808E+00,-5.282E-03,2.471E+00,2.393E+00,6.552E-02,4.432E+00
3,0.000E+00,8.645E-04,0.000E+00,1.599E-03,0.000E+00,0.000E+00,0.000E+00,9.404E-04,4.509E-03,8.518E-04,2.090E-03,2.337E-01,1.729E+00,-2.743E-02,1.693E+00,1.553E+00,1.708E+00,-4.035E-03,2.491E+00,2.430E+00,8.001E-02,3.826E+00,1.737E+00,-3.156E-02,1.688E+00,1.539E+00,1.725E+00,3.807E-03,2.421E+00,2.473E+00,3.350E-01,1.104E+00,1.708E+00,-1.934E-02,1.605E+00,1.704E+00,1.693E+00,-3.196E-03,2.642E+00,2.590E+00,1.148E-01,3.106E+00,1.796E+00,-3.581E-03,1.325E+00,1.475E+00,1.799E+00,-5.350E-03,2.481E+00,2.401E+00,6.516E-02,4.450E+00
4,0.000E+00,8.713E-04,0.000E+00,1.603E-03,0.000E+00,0.000E+00,0.000E+00,9.452E-04,4.532E-03,8.575E-04,2.096E-03,2.348E-01,1.732E+00,-3.504E-02,1.727E+00,1.547E+00,1.703E+00,-4.156E-03,2.495E+00,2.432E+00,7.998E-02,3.827E+00,1.738E+00,-4.341E-02,1.765E+00,1.530E+00,1.714E+00,3.127E-03,2.446E+00,2.487E+00,3.351E-01,1.103E+00,1.707E+00,-2.425E-02,1.622E+00,1.721E+00,1.687E+00,-3.180E-03,2.641E+00,2.589E+00,1.147E-01,3.108E+00,1.795E+00,-6.451E-03,1.331E+00,1.491E+00,1.795E+00,-5.385E-03,2.486E+00,2.405E+00,6.498E-02,4.460E+00
5,0.000E+00,8.781E-04,0.000E+00,1.607E-03,0.000E+00,0.000E+00,0.000E+00,9.500E-04,4.555E-03,8.633E-04,2.102E-03,2.360E-01,1.735E+00,-4.265E-02,1.761E+00,1.542E+00,1.699E+00,-4.277E-03,2.500E+00,2.435E+00,7.994E-02,3.828E+00,1.739E+00,-5.526E-02,1.843E+00,1.521E+00,1.702E+00,2.448E-03,2.470E+00,2.501E+00,3.351E-01,1.103E+00,1.706E+00,-2.916E-02,1.638E+00,1.738E+00,1.681E+00,-3.164E-03,2.640E+00,2.589E+00,1.147E-01,3.109E+00,1.793E+00,-9.322E-03,1.337E+00,1.506E+00,1.790E+00,-5.419E-03,2.490E+00,2.409E+00,6.481E-02,4.469E+00
6,0.000E+00,8.918E-04,0.000E+00,1.615E-03,0.000E+00,0.000E+00,0.000E+00,9.596E-04,4.602E-03,8.748E-04,2.114E-03,2.382E-01,1.742E+00,-5.788E-02,1.828E+00,1.531E+00,1.689E+00,-4.518E-03,2.508E+00,2.439E+00,7.988E-02,3.831E+00,1.741E+00,-7.896E-02,1.998E+00,1.502E+00,1.680E+00,1.089E-03,2.519E+00,2.530E+00,3.352E-01,1.103E+00,1.704E+00,-3.898E-02,1.670E+00,1.773E+00,1.668E+00,-3.131E-03,2.639E+00,2.588E+00,1.145E-01,3.112E+00,1.790E+00,-1.506E-02,1.348E+00,1.538E+00,1.781E+00,-5.487E-03,2.500E+00,2.417E+00,6.445E-02,4.488E+00
7,0.000E+00,9.055E-04,0.000E+00,1.623E-03,0.000E+00,0.000E+00,0.000E+00,9.691E-04,4.649E-03,8.863E-04,2.126E-03,2.405E-01,1.748E+00,-7.310E-02,1.896E+00,1.521E+00,1.679E+00,-4.759E-03,2.516E+00,2.443E+00,7.981E-02,3.833E+00,1.746E+00,-1.027E-01,2.154E+00,1.484E+00,1.657E+00,-2.704E-04,2.567E+00,2.558E+00,3.353E-01,1.103E+00,1.702E+00,-4.880E-02,1.703E+00,1.807E+00,1.656E+00,-3.098E-03,2.637E+00,2.586E+00,1.144E-01,3.114E+00,1.788E+00,-2.080E-02,1.360E+00,1.569E+00,1.772E+00,-5.556E-03,2.509E+00,2.425E+00,6.410E-02,4.507E+00
8,0.000E+00,9.191E-04,0.000E+00,1.632E-03,0.000E+00,0.000E+00,0.000E+00,9.787E-04,4.696E-03,8.979E-04,2.138E-03,2.428E-01,1.755E+00,-8.832E-02,1.964E+00,1.510E+00,1.670E+00,-5.001E-03,2.524E+00,2.448E+00,7.974E-02,3.836E+00,1.752E+00,-1.264E-01,2.309E+00,1.466E+00,1.634E+00,-1.630E-03,2.616E+00,2.587E+00,3.354E-01,1.103E+00,1.700E+00,-5.861E-02,1.735E+00,1.842E+00,1.644E+00,-3.066E-03,2.635E+00,2.585E+00,1.143E-01,3.117E+00,1.785E+00,-2.655E-02,1.372E+00,1.600E+00,1.763E+00,-5.624E-03,2.519E+00,2.433E+00,6.374E-02,4.525E+00
9,0.000E+00,9.260E-04,0.000E+00,1.636E-03,0.000E+00,0.000E+00,0.000E+00,9.835E-04,4.719E-03,9.036E-04,2.144E-03,2.439E-01,1.758E+00,-9.593E-02,1.998E+00,1.505E+00,1.665E+00,-5.121E-03,2.528E+00,2.450E+00,7.971E-02,3.837E+00,1.755E+00,-1.382E-01,2.387E+00,1.456E+00,1.623E+00,-2.309E-03,2.640E+00,2.601E+00,3.354E-01,1.102E+00,1.699E+00,-6.352E-02,1.751E+00,1.859E+00,1.637E+00,-3.049E-03,2.634E+00,2.584E+00,1.143E-01,3.118E+00,1.784E+00,-2.942E-02,1.378E+00,1.616E+00,1.758E+00,-5.658E-03,2.524E+00,2.437E+00,6.356E-02,4.535E+00
10,0.000E+00,9.328E-04,0.000E+00,1.640E-03,0.000E+00,0.000E+00,0.000E+00,9.883E-04,4.742E-03,9.094E-04,2.150E-03,2.451E-01,1.761E+00,-1.035E-01,2.032E+00,1.499E+00,1.660E+00,-5.242E-03,2.532E+00,2.452E+00,7.967E-02,3.839E+00,1.758E+00,-1.501E-01,2.464E+00,1.447E+00,1.611E+00,-2.989E-03,2.664E+00,2.615E+00,3.355E-01,1.102E+00,1.698E+00,-6.843E-02,1.767E+00,1.876E+00,1.631E+00,-3.033E-03,2.633E+00,2.584E+00,1.142E-01,3.120E+00,1.783E+00,-3.229E-02,1.383E+00,1.631E+00,1.754E+00,-5.692E-03,2.529E+00,2.441E+00,6.339E-02,4.544E+00
11,0.000E+00,9.404E-04,0.000E+00,1.679E-03,0.000E+00,0.000E+00,0.000E+00,1.010E-03,4.816E-03,9.289E-04,2.203E-03,2.497E-01,1.770E+00,-1.179E-01,2.077E+00,1.495E+00,1.655E+00,-5.248E-03,2.523E+00,2.443E+00,7.914E-02,3.860E+00,1.757E+00,-1.523E-01,2.439E+00,1.474E+00,1.609E+00,-3.385E-03,2.664E+00,2.608E+00,3.343E-01,1.106E+00,1.701E+00,-8.111E-02,1.824E+00,1.872E+00,1.623E+00,-2.863E-03,2.630E+00,2.583E+00,1.137E-01,3.131E+00,1.783E+00,-4.740E-02,1.446E+00,1.638E+00,1.740E+00,-5.689E-03,2.526E+00,2.439E+00,6.329E-02,4.550E+00
12,0.000E+00,9.480E-04,0.000E+00,1.719E-03,0.000E+00,0.000E+00,0.000E+00,1.033E-03,4.889E-03,9.484E-04,2.256E-03,2.543E-01,1.778E+00,-1.322E-01,2.122E+00,1.490E+00,1.650E+00,-5.253E-03,2.513E+00,2.433E+00,7.861E-02,3.880E+00,1.756E+00,-1.546E-01,2.414E+00,1.502E+00,1.607E+00,-3.782E-03,2.663E+00,2.601E+00,3.331E-01,1.109E+00,1.704E+00,-9.379E-02,1.880E+00,1.867E+00,1.615E+00,-2.694E-03,2.626E+00,2.582E+00,1.133E-01,3.142E+00,1.784E+00,-6.251E-02,1.509E+00,1.644E+00,1.727E+00,-5.685E-03,2.523E+00,2.436E+00,6.319E-02,4.555E+00
13,0.000E+00,9.557E-04,0.000E+00,1.758E-03,0.000E+00,0.000E+00,0.000E+00,1.055E-03,4.962E-03,9.680E-04,2.309E-03,2.588E-01,1.786E+00,-1.465E-01,2.167E+00,1.485E+00,1.645E+00,-5.259E-03,2.503E+00,2.424E+00,7.809E-02,3.901E+00,1.755E+00,-1.568E-01,2.389E+00,1.529E+00,1.606E+00,-4.179E-03,2.662E+00,2.594E+00,3.319E-01,1.113E+00,1.708E+00,-1.065E-01,1.937E+00,1.863E+00,1.607E+00,-2.524E-03,2.623E+00,2.582E+00,1.128E-01,3.152E+00,1.785E+00,-7.762E-02,1.572E+00,1.651E+00,1.714E+00,-5.681E-03,2.521E+00,2.434E+00,6.309E-02,4.561E+00
14,0.000E+00,9.595E-04,0.000E+00,1.778E-03,0.000E+00,0.000E+00,0.000E+00,1.066E-03,4.999E-03,9.777E-04,2.336E-03,2.611E-01,1.790E+00,-1.537E-01,2.189E+00,1.483E+00,1.642E+00,-5.262E-03,2.498E+00,2.419E+00,7.782E-02,3.912E+00,1.755E+00,-1.580E-01,2.377E+00,1.543E+00,1.605E+00,-4.377E-03,2.662E+00,2.590E+00,3.313E-01,1.115E+00,1.709E+00,-1.128E-01,1.965E+00,1.860E+00,1.603E+00,-2.440E-03,2.621E+00,2.581E+00,1.126E-01,3.158E+00,1.785E+00,-8.517E-02,1.604E+00,1.654E+00,1.707E+00,-5.679E-03,2.519E+00,2.433E+00,6.304E-02,4.563E+00
15,0.000E+00,9.633E-04,0.000E+00,1.798E-03,0.000E+00,0.000E+00,0.000E+00,1.077E-03,5.036E-03,9.875E-04,2.362E-03,2.634E-01,1.794E+00,-1.608E-01,2.212E+00,1.481E+00,1.640E+00,-5.265E-03,2.493E+00,2.414E+00,7.756E-02,3.922E+00,1.755E+00,-1.591E-01,2.364E+00,1.556E+00,1.604E+00,-4.575E-03,2.661E+00,2.587E+00,3.307E-01,1.116E+00,1.711E+00,-1.192E-01,1.993E+00,1.858E+00,1.599E+00,-2.355E-03,2.619E+00,2.581E+00,1.124E-01,3.163E+00,1.786E+00,-9.273E-02,1.635E+00,1.657E+00,1.700E+00,-5.677E-03,2.518E+00,2.431E+00,6.299E-02,4.566E+00
16,0.000E+00,9.709E-04,0.000E+00,1.838E-03,0.000E+00,0.000E+00,0.000E+00,1.099E-03,5.109E-03,1.007E-03,2.416E-03,2.680E-01,1.802E+00,-1.751E-01,2.257E+00,1.476E+00,1.635E+00,-5.271E-03,2.484E+00,2.404E+00,7.703E-02,3.943E+00,1.754E+00,-1.614E-01,2.339E+00,1.584E+00,1.602E+00,-4.972E-03,2.660E+00,2.580E+00,3.294E-01,1.120E+00,1.715E+00,-1.318E-01,2.050E+00,1.853E+00,1.591E+00,-2.186E-03,2.616E+00,2.580E+00,1.119E-01,3.174E+00,1.787E+00,-1.078E-01,1.698E+00,1.664E+00,1.687E+00,-5.673E-03,2.515E+00,2.429E+00,6.289E-02,4.572E+00
17,0.000E+00,9.785E-04,0.000E+00,1.877E-03,0.000E+00,0.000E+00,0.000E+00,1.121E-03,5.182E-03,1.027E-03,2.469E-03,2.726E-01,1.810E+00,-1.894E-01,2.302E+00,1.471E+00,1.630E+00,-5.276E-03,2.474E+00,2.395E+00,7.650E-02,3.964E+00,1.754E+00,-1.636E-01,2.315E+00,1.611E+00,1.600E+00,-5.368E-03,2.659E+00,2.573E+00,3.282E-01,1.123E+00,1.719E+00,-1.445E-01,2.106E+00,1.849E+00,1.583E+00,-2.016E-03,2.612E+00,2.579E+00,1.114E-01,3.185E+00,1.789E+00,-1.229E-01,1.761E+00,1.671E+00,1.674E+00,-5.670E-03,2.513E+00,2.426E+00,6.279E-02,4.577E+00
18,0.000E+00,9.861E-04,0.000E+00,1.917E-03,0.000E+00,0.000E+00,0.000E+00,1.143E-03,5.256E-03,1.046E-03,2.522E-03,2.772E-01,1.818E+00,-2.038E-01,2.347E+00,1.467E+00,1.624E+00,-5.282E-03,2.464E+00,2.385E+00,7.597E-02,3.985E+00,1.753E+00,-1.659E-01,2.290E+00,1.638E+00,1.598E+00,-5.765E-03,2.659E+00,2.566E+00,3.270E-01,1.127E+00,1.723E+00,-1.572E-01,2.163E+00,1.844E+00,1.575E+00,-1.847E-03,2.609E+00,2.579E+00,1.110E-01,3.196E+00,1.790E+00,-1.381E-01,1.824E+00,1.677E+00,1.661E+00,-5.666E-03,2.510E+00,2.424E+00,6.269E-02,4.583E+00
19,0.000E+00,9.899E-04,0.000E+00,1.936E-03,0.000E+00,0.000E+00,0.000E+00,1.155E-03,5.292E-03,1.056E-03,2.548E-03,2.795E-01,1.822E+00,-2.109E-01,2.370E+00,1.464E+00,1.622E+00,-5.285E-03,2.459E+00,2.381E+00,7.571E-02,3.996E+00,1.753E+00,-1.670E-01,2.277E+00,1.652E+00,1.597E+00,-5.963E-03,2.658E+00,2.562E+00,3.264E-01,1.129E+00,1.725E+00,-1.635E-01,2.191E+00,1.842E+00,1.571E+00,-1.762E-03,2.607E+00,2.578E+00,1.108E-01,3.201E+00,1.791E+00,-1.456E-01,1.855E+00,1.680E+00,1.654E+00,-5.664E-03,2.509E+00,2.423E+00,6.264E-02,4.586E+00
20,0.000E+00,9.938E-04,0.000E+00,1.956E-03,0.000E+00,0.000E+00,0.000E+00,1.166E-03,5.329E-03,1.066E-03,2.575E-03,2.817E-01,1.825E+00,-2.181E-01,2.392E+00,1.462E+00,1.619E+00,-5.288E-03,2.454E+00,2.376E+00,7.544E-02,4.006E+00,1.753E+00,-1.682E-01,2.265E+00,1.665E+00,1.596E+00,-6.162E-03,2.658E+00,2.558E+00,3.258E-01,1.130E+00,1.727E+00,-1.699E-01,2.219E+00,1.840E+00,1.567E+00,-1.677E-03,2.605E+00,2.578E+00,1.105E-01,3.207E+00,1.792E+00,-1.532E-01,1.887E+00,1.684E+00,1.647E+00,-5.662E-03,2.507E+00,2.421E+00,6.259E-02,4.588E+00
21,0.000E+00,1.030E-03,0.000E+00,2.016E-03,0.000E+00,0.000E+00,0.000E+00,1.206E-03,5.521E-03,1.099E-03,2.677E-03,2.916E-01,1.821E+00,-2.244E-01,2.366E+00,1.516E+00,1.612E+00,-4.669E-03,2.447E+00,2.377E+00,7.570E-02,3.996E+00,1.742E+00,-1.897E-01,2.492E+00,1.671E+00,1.574E+00,-5.889E-03,2.651E+00,2.556E+00,3.247E-01,1.134E+00,1.725E+00,-1.873E-01,2.356E+00,1.830E+00,1.554E+00,-1.922E-03,2.612E+00,2.581E+00,1.101E-01,3.218E+00,1.797E+00,-1.749E-01,2.007E+00,1.658E+00,1.637E+00,-5.707E-03,2.508E+00,2.422E+00,6.242E-02,4.598E+00
22,0.000E+00,1.067E-03,0.000E+00,2.075E-03,0.000E+00,0.000E+00,0.000E+00,1.247E-03,5.713E-03,1.132E-03,2.779E-03,3.015E-01,1.817E+00,-2.308E-01,2.339E+00,1.569E+00,1.605E+00,-4.049E-03,2.439E+00,2.379E+00,7.596E-02,3.985E+00,1.733E+00,-2.112E-01,2.719E+00,1.677E+00,1.552E+00,-5.617E-03,2.644E+00,2.554E+00,3.236E-01,1.137E+00,1.725E+00,-2.048E-01,2.493E+00,1.820E+00,1.542E+00,-2.166E-03,2.619E+00,2.584E+00,1.096E-01,3.230E+00,1.804E+00,-1.967E-01,2.128E+00,1.632E+00,1.627E+00,-5.752E-03,2.509E+00,2.422E+00,6.226E-02,4.607E+00
23,0.000E+00,1.104E-03,0.000E+00,2.135E-03,0.000E+00,0.000E+00,0.000E+00,1.288E-03,5.906E-03,1.165E-03,2.881E-03,3.113E-01,1.814E+00,-2.371E-01,2.313E+00,1.623E+00,1.598E+00,-3.430E-03,2.431E+00,2.380E+00,7.621E-02,3.975E+00,1.726E+00,-2.328E-01,2.947E+00,1.683E+00,1.530E+00,-5.344E-03,2.637E+00,2.551E+00,3.225E-01,1.141E+00,1.725E+00,-2.223E-01,2.630E+00,1.810E+00,1.529E+00,-2.411E-03,2.626E+00,2.586E+00,1.092E-01,3.241E+00,1.811E+00,-2.184E-01,2.249E+00,1.605E+00,1.617E+00,-5.797E-03,2.510E+00,2.422E+00,6.210E-02,4.616E+00
24,0.000E+00,1.122E-03,0.000E+00,2.165E-03,0.000E+00,0.000E+00,0.000E+00,1.308E-03,6.002E-03,1.182E-03,2.932E-03,3.162E-01,1.812E+00,-2.403E-01,2.300E+00,1.650E+00,1.594E+00,-3.120E-03,2.427E+00,2.381E+00,7.634E-02,3.970E+00,1.723E+00,-2.436E-01,3.060E+00,1.686E+00,1.519E+00,-5.208E-03,2.634E+00,2.550E+00,3.219E-01,1.142E+00,1.726E+00,-2.310E-01,2.699E+00,1.804E+00,1.523E+00,-2.533E-03,2.629E+00,2.588E+00,1.089E-01,3.247E+00,1.815E+00,-2.293E-01,2.309E+00,1.592E+00,1.612E+00,-5.819E-03,2.510E+00,2.422E+00,6.202E-02,4.621E+00
25,0.000E+00,1.140E-03,0.000E+00,2.195E-03,0.000E+00,0.000E+00,0.000E+00,1.329E-03,6.098E-03,1.198E-03,2.983E-03,3.212E-01,1.811E+00,-2.435E-01,2.286E+00,1.677E+00,1.591E+00,-2.810E-03,2.424E+00,2.382E+00,7.647E-02,3.965E+00,1.721E+00,-2.543E-01,3.174E+00,1.689E+00,1.508E+00,-5.072E-03,2.630E+00,2.549E+00,3.214E-01,1.144E+00,1.727E+00,-2.397E-01,2.767E+00,1.799E+00,1.517E+00,-2.655E-03,2.633E+00,2.589E+00,1.087E-01,3.253E+00,1.819E+00,-2.401E-01,2.369E+00,1.579E+00,1.607E+00,-5.842E-03,2.510E+00,2.422E+00,6.194E-02,4.625E+00
26,0.000E+00,1.177E-03,0.000E+00,2.254E-03,0.000E+00,0.000E+00,0.000E+00,1.370E-03,6.290E-03,1.232E-03,3.085E-03,3.310E-01,1.807E+00,-2.498E-01,2.260E+00,1.730E+00,1.584E+00,-2.191E-03,2.416E+00,2.383E+00,7.672E-02,3.954E+00,1.717E+00,-2.759E-01,3.401E+00,1.695E+00,1.486E+00,-4.800E-03,2.623E+00,2.546E+00,3.202E-01,1.147E+00,1.728E+00,-2.572E-01,2.904E+00,1.789E+00,1.504E+00,-2.900E-03,2.640E+00,2.592E+00,1.083E-01,3.264E+00,1.828E+00,-2.619E-01,2.490E+00,1.553E+00,1.597E+00,-5.887E-03,2.511E+00,2.422E+00,6.177E-02,4.635E+00
27,0.000E+00,1.213E-03,0.000E+00,2.314E-03,0.000E+00,0.000E+00,0.000E+00,1.411E-03,6.483E-03,1.265E-03,3.187E-03,3.409E-01,1.805E+00,-2.562E-01,2.233E+00,1.784E+00,1.576E+00,-1.572E-03,2.408E+00,2.385E+00,7.698E-02,3.944E+00,1.715E+00,-2.974E-01,3.629E+00,1.701E+00,1.464E+00,-4.527E-03,2.616E+00,2.544E+00,3.191E-01,1.151E+00,1.731E+00,-2.746E-01,3.041E+00,1.779E+00,1.492E+00,-3.144E-03,2.646E+00,2.595E+00,1.078E-01,3.275E+00,1.837E+00,-2.836E-01,2.610E+00,1.527E+00,1.586E+00,-5.932E-03,2.512E+00,2.422E+00,6.161E-02,4.644E+00
28,0.000E+00,1.250E-03,0.000E+00,2.373E-03,0.000E+00,0.000E+00,0.000E+00,1.451E-03,6.675E-03,1.298E-03,3.289E-03,3.507E-01,1.802E+00,-2.625E-01,2.207E+00,1.838E+00,1.569E+00,-9.522E-04,2.401E+00,2.386E+00,7.724E-02,3.933E+00,1.713E+00,-3.190E-01,3.856E+00,1.707E+00,1.442E+00,-4.255E-03,2.609E+00,2.541E+00,3.180E-01,1.154E+00,1.734E+00,-2.921E-01,3.178E+00,1.769E+00,1.479E+00,-3.389E-03,2.653E+00,2.598E+00,1.074E-01,3.287E+00,1.847E+00,-3.054E-01,2.731E+00,1.501E+00,1.576E+00,-5.977E-03,2.513E+00,2.422E+00,6.145E-02,4.653E+00
29,0.000E+00,1.268E-03,0.000E+00,2.403E-03,0.000E+00,0.000E+00,0.000E+00,1.472E-03,6.771E-03,1.315E-03,3.340E-03,3.557E-01,1.801E+00,-2.657E-01,2.194E+00,1.865E+00,1.566E+00,-6.425E-04,2.397E+00,2.387E+00,7.736E-02,3.928E+00,1.713E+00,-3.297E-01,3.970E+00,1.710E+00,1.431E+00,-4.119E-03,2.606E+00,2.540E+00,3.174E-01,1.156E+00,1.736E+00,-3.008E-01,3.246E+00,1.764E+00,1.473E+00,-3.511E-03,2.657E+00,2.599E+00,1.071E-01,3.293E+00,1.853E+00,-3.162E-01,2.791E+00,1.488E+00,1.571E+00,-5.999E-03,2.513E+00,2.422E+00,6.137E-02,4.658E+00
30,0.000E+00,1.287E-03,0.000E+00,2.433E-03,0.000E+00,0.000E+00,0.000E+00,1.492E-03,6.867E-03,1.331E-03,3.391E-03,3.606E-01,1.799E+00,-2.689E-01,2.181E+00,1.892E+00,1.562E+00,-3.328E-04,2.393E+00,2.388E+00,7.749E-02,3.923E+00,1.713E+00,-3.405E-01,4.083E+00,1.713E+00,1.420E+00,-3.983E-03,2.603E+00,2.539E+00,3.169E-01,1.158E+00,1.738E+00,-3.095E-01,3.315E+00,1.759E+00,1.467E+00,-3.633E-03,2.660E+00,2.601E+00,1.069E-01,3.298E+00,1.858E+00,-3.271E-01,2.852E+00,1.475E+00,1.566E+00,-6.022E-03,2.514E+00,2.422E+00,6.128E-02,4.662E+00
31,0.000E+00,1.392E-03,0.000E+00,2.586E-03,0.000E+00,0.000E+00,0.000E+00,1.638E-03,7.494E-03,1.424E-03,3.578E-03,3.886E-01,1.769E+00,-3.060E-01,2.678E+00,1.889E+00,1.529E+00,-8.868E-04,2.416E+00,2.403E+00,7.592E-02,3.995E+00,1.723E+00,-3.487E-01,4.070E+00,1.700E+00,1.424E+00,-4.535E-03,2.624E+00,2.551E+00,3.151E-01,1.164E+00,1.733E+00,-3.205E-01,3.412E+00,1.781E+00,1.456E+00,-3.642E-03,2.663E+00,2.604E+00,1.063E-01,3.315E+00,1.837E+00,-3.656E-01,3.383E+00,1.486E+00,1.535E+00,-5.746E-03,2.506E+00,2.419E+00,6.060E-02,4.705E+00
32,0.000E+00,1.445E-03,0.000E+00,2.662E-03,0.000E+00,0.000E+00,0.000E+00,1.711E-03,7.808E-03,1.471E-03,3.671E-03,4.026E-01,1.757E+00,-3.246E-01,2.927E+00,1.888E+00,1.512E+00,-1.164E-03,2.428E+00,2.410E+00,7.514E-02,4.031E+00,1.728E+00,-3.527E-01,4.064E+00,1.694E+00,1.426E+00,-4.812E-03,2.635E+00,2.557E+00,3.142E-01,1.167E+00,1.731E+00,-3.259E-01,3.461E+00,1.792E+00,1.451E+00,-3.646E-03,2.665E+00,2.605E+00,1.060E-01,3.324E+00,1.829E+00,-3.848E-01,3.649E+00,1.492E+00,1.520E+00,-5.609E-03,2.502E+00,2.417E+00,6.026E-02,4.726E+00
33,0.000E+00,1.497E-03,0.000E+00,2.738E-03,0.000E+00,0.000E+00,0.000E+00,1.785E-03,8.121E-03,1.517E-03,3.764E-03,4.167E-01,1.748E+00,-3.432E-01,3.175E+00,1.887E+00,1.495E+00,-1.441E-03,2.440E+00,2.417E+00,7.435E-02,4.067E+00,1.733E+00,-3.568E-01,4.058E+00,1.687E+00,1.428E+00,-5.088E-03,2.646E+00,2.563E+00,3.132E-01,1.170E+00,1.729E+00,-3.314E-01,3.510E+00,1.803E+00,1.446E+00,-3.650E-03,2.667E+00,2.606E+00,1.057E-01,3.332E+00,1.823E+00,-4.040E-01,3.914E+00,1.498E+00,1.504E+00,-5.471E-03,2.498E+00,2.415E+00,5.992E-02,4.747E+00
34,0.000E+00,1.550E-03,0.000E+00,2.815E-03,0.000E+00,0.000E+00,0.000E+00,1.858E-03,8.435E-03,1.564E-03,3.857E-03,4.307E-01,1.740E+00,-3.617E-01,3.424E+00,1.886E+00,1.478E+00,-1.718E-03,2.451E+00,2.425E+00,7.357E-02,4.103E+00,1.738E+00,-3.609E-01,4.051E+00,1.680E+00,1.430E+00,-5.365E-03,2.657E+00,2.569E+00,3.123E-01,1.173E+00,1.727E+00,-3.369E-01,3.559E+00,1.814E+00,1.440E+00,-3.654E-03,2.668E+00,2.608E+00,1.053E-01,3.341E+00,1.818E+00,-4.233E-01,4.180E+00,1.503E+00,1.489E+00,-5.334E-03,2.494E+00,2.413E+00,5.958E-02,4.769E+00
35,0.000E+00,1.603E-03,0.000E+00,2.891E-03,0.000E+00,0.000E+00,0.000E+00,1.931E-03,8.748E-03,1.610E-03,3.951E-03,4.447E-01,1.735E+00,-3.803E-01,3.673E+00,1.885E+00,1.462E+00,-1.995E-03,2.463E+00,2.432E+00,7.279E-02,4.139E+00,1.743E+00,-3.650E-01,4.045E+00,1.674E+00,1.431E+00,-5.641E-03,2.668E+00,2.575E+00,3.114E-01,1.176E+00,1.725E+00,-3.423E-01,3.608E+00,1.824E+00,1.435E+00,-3.658E-03,2.670E+00,2.609E+00,1.050E-01,3.349E+00,1.814E+00,-4.425E-01,4.446E+00,1.509E+00,1.473E+00,-5.196E-03,2.490E+00,2.411E+00,5.924E-02,4.790E+00
36,0.000E+00,1.655E-03,0.000E+00,2.967E-03,0.000E+00,0.000E+00,0.000E+00,2.004E-03,9.062E-03,1.657E-03,4.044E-03,4.587E-01,1.730E+00,-3.989E-01,3.921E+00,1.884E+00,1.445E+00,-2.272E-03,2.475E+00,2.439E+00,7.200E-02,4.175E+00,1.748E+00,-3.690E-01,4.039E+00,1.667E+00,1.433E+00,-5.917E-03,2.679E+00,2.581E+00,3.105E-01,1.179E+00,1.723E+00,-3.478E-01,3.657E+00,1.835E+00,1.430E+00,-3.662E-03,2.671E+00,2.611E+00,1.047E-01,3.358E+00,1.811E+00,-4.617E-01,4.712E+00,1.514E+00,1.458E+00,-5.058E-03,2.486E+00,2.409E+00,5.890E-02,4.811E+00
37,0.000E+00,1.708E-03,0.000E+00,3.044E-03,0.000E+00,0.000E+00,0.000E+00,2.077E-03,9.375E-03,1.704E-03,4.137E-03,4.727E-01,1.727E+00,-4.175E-01,4.170E+00,1.883E+00,1.428E+00,-2.549E-03,2.487E+00,2.447E+00,7.122E-02,4.211E+00,1.753E+00,-3.731E-01,4.032E+00,1.661E+00,1.435E+00,-6.194E-03,2.690E+00,2.587E+00,3.096E-01,1.182E+00,1.721E+00,-3.533E-01,3.706E+00,1.846E+00,1.424E+00,-3.667E-03,2.673E+00,2.612E+00,1.044E-01,3.366E+00,1.809E+00,-4.810E-01,4.977E+00,1.520E+00,1.442E+00,-4.921E-03,2.482E+00,2.408E+00,5.856E-02,4.832E+00
38,0.000E+00,1.760E-03,0.000E+00,3.120E-03,0.000E+00,0.000E+00,0.000E+00,2.150E-03,9.688E-03,1.750E-03,4.230E-03,4.868E-01,1.724E+00,-4.360E-01,4.419E+00,1.882E+00,1.411E+00,-2.826E-03,2.498E+00,2.454E+00,7.043E-02,4.247E+00,1.758E+00,-3.772E-01,4.026E+00,1.654E+00,1.437E+00,-6.470E-03,2.701E+00,2.593E+00,3.087E-01,1.185E+00,1.719E+00,-3.587E-01,3.755E+00,1.857E+00,1.419E+00,-3.671E-03,2.674E+00,2.614E+00,1.041E-01,3.375E+00,1.808E+00,-5.002E-01,5.243E+00,1.526E+00,1.427E+00,-4.783E-03,2.478E+00,2.406E+00,5.822E-02,4.854E+00
39,0.000E+00,1.813E-03,0.000E+00,3.196E-03,0.000E+00,0.000E+00,0.000E+00,2.223E-03,1.000E-02,1.797E-03,4.324E-03,5.008E-01,1.723E+00,-4.546E-01,4.667E+00,1.881E+00,1.395E+00,-3.103E-03,2.510E+00,2.461E+00,6.965E-02,4.283E+00,1.763E+00,-3.813E-01,4.020E+00,1.647E+00,1.439E+00,-6.746E-03,2.712E+00,2.599E+00,3.078E-01,1.187E+00,1.717E+00,-3.642E-01,3.804E+00,1.868E+00,1.414E+00,-3.675E-03,2.676E+00,2.615E+00,1.038E-01,3.383E+00,1.807E+00,-5.194E-01,5.509E+00,1.531E+00,1.411E+00,-4.646E-03,2.474E+00,2.404E+00,5.788E-02,4.875E+00
40,0.000E+00,1.866E-03,0.000E+00,3.273E-03,0.000E+00,0.000E+00,0.000E+00,2.296E-03,1.032E-02,1.843E-03,4.417E-03,5.148E-01,1.722E+00,-4.732E-01,4.916E+00,1.880E+00,1.378E+00,-3.380E-03,2.522E+00,2.469E+00,6.886E-02,4.319E+00,1.768E+00,-3.854E-01,4.013E+00,1.641E+00,1.441E+00,-7.023E-03,2.723E+00,2.605E+00,3.069E-01,1.190E+00,1.716E+00,-3.697E-01,3.852E+00,1.879E+00,1.408E+00,-3.679E-03,2.678E+00,2.617E+00,1.035E-01,3.392E+00,1.807E+00,-5.387E-01,5.774E+00,1.537E+00,1.396E+00,-4.508E-03,2.470E+00,2.402E+00,5.754E-02,4.896E+00
41,0.000E+00,1.918E-03,0.000E+00,3.349E-03,0.000E+00,0.000E+00,0.000E+00,2.369E-03,1.063E-02,1.890E-03,4.510E-03,5.288E-01,1.722E+00,-4.917E-01,5.165E+00,1.879E+00,1.361E+00,-3.657E-03,2.533E+00,2.476E+00,6.808E-02,4.355E+00,1.772E+00,-3.894E-01,4.007E+00,1.634E+00,1.443E+00,-7.299E-03,2.734E+00,2.611E+00,3.060E-01,1.193E+00,1.714E+00,-3.751E-01,3.901E+00,1.890E+00,1.403E+00,-3.683E-03,2.679E+00,2.618E+00,1.032E-01,3.400E+00,1.807E+00,-5.579E-01,6.040E+00,1.543E+00,1.380E+00,-4.370E-03,2.466E+00,2.400E+00,5.720E-02,4.917E+00
42,0.000E+00,1.971E-03,0.000E+00,3.426E-03,0.000E+00,0.000E+00,0.000E+00,2.442E-03,1.094E-02,1.936E-03,4.603E-03,5.428E-01,1.722E+00,-5.103E-01,5.414E+00,1.878E+00,1.344E+00,-3.934E-03,2.545E+00,2.483E+00,6.729E-02,4.392E+00,1.777E+00,-3.935E-01,4.000E+00,1.628E+00,1.445E+00,-7.576E-03,2.745E+00,2.616E+00,3.051E-01,1.196E+00,1.712E+00,-3.806E-01,3.950E+00,1.900E+00,1.398E+00,-3.687E-03,2.681E+00,2.620E+00,1.028E-01,3.408E+00,1.808E+00,-5.771E-01,6.306E+00,1.548E+00,1.365E+00,-4.233E-03,2.462E+00,2.399E+00,5.686E-02,4.938E+00
43,0.000E+00,2.024E-03,0.000E+00,3.502E-03,0.000E+00,0.000E+00,0.000E+00,2.516E-03,1.126E-02,1.983E-03,4.696E-03,5.568E-01,1.723E+00,-5.289E-01,5.662E+00,1.877E+00,1.328E+00,-4.211E-03,2.557E+00,2.491E+00,6.651E-02,4.428E+00,1.782E+00,-3.976E-01,3.994E+00,1.621E+00,1.447E+00,-7.852E-03,2.756E+00,2.622E+00,3.041E-01,1.199E+00,1.711E+00,-3.860E-01,3.999E+00,1.911E+00,1.393E+00,-3.691E-03,2.682E+00,2.621E+00,1.025E-01,3.417E+00,1.809E+00,-5.964E-01,6.571E+00,1.554E+00,1.349E+00,-4.095E-03,2.458E+00,2.397E+00,5.652E-02,4.960E+00
44,0.000E+00,2.076E-03,0.000E+00,3.578E-03,0.000E+00,0.000E+00,0.000E+00,2.589E-03,1.157E-02,2.029E-03,4.790E-03,5.709E-01,1.724E+00,-5.475E-01,5.911E+00,1.876E+00,1.311E+00,-4.488E-03,2.569E+00,2.498E+00,6.572E-02,4.464E+00,1.787E+00,-4.017E-01,3.988E+00,1.615E+00,1.449E+00,-8.128E-03,2.767E+00,2.628E+00,3.032E-01,1.202E+00,1.709E+00,-3.915E-01,4.048E+00,1.922E+00,1.387E+00,-3.696E-03,2.684E+00,2.623E+00,1.022E-01,3.425E+00,1.810E+00,-6.156E-01,6.837E+00,1.560E+00,1.334E+00,-3.958E-03,2.454E+00,2.395E+00,5.618E-02,4.981E+00
45,0.000E+00,2.129E-03,0.000E+00,3.655E-03,0.000E+00,0.000E+00,0.000E+00,2.662E-03,1.188E-02,2.076E-03,4.883E-03,5.849E-01,1.726E+00,-5.660E-01,6.160E+00,1.874E+00,1.294E+00,-4.765E-03,2.580E+00,2.505E+00,6.494E-02,4.500E+00,1.792E+00,-4.057E-01,3.981E+00,1.608E+00,1.450E+00,-8.405E-03,2.778E+00,2.634E+00,3.023E-01,1.205E+00,1.707E+00,-3.970E-01,4.097E+00,1.933E+00,1.382E+00,-3.700E-03,2.685E+00,2.624E+00,1.019E-01,3.434E+00,1.811E+00,-6.348E-01,7.103E+00,1.565E+00,1.318E+00,-3.820E-03,2.450E+00,2.393E+00,5.584E-02,5.002E+00
46,0.000E+00,2.233E-03,0.000E+00,3.762E-03,0.000E+00,0.000E+00,0.000E+00,2.873E-03,1.268E-02,2.206E-03,5.113E-03,6.178E-01,1.743E+00,-5.552E-01,5.648E+00,1.858E+00,1.318E+00,-4.663E-03,2.625E+00,2.550E+00,6.706E-02,4.393E+00,1.772E+00,-4.463E-01,4.692E+00,1.631E+00,1.407E+00,-6.634E-03,2.698E+00,2.588E+00,2.951E-01,1.231E+00,1.693E+00,-4.002E-01,4.159E+00,1.998E+00,1.368E+00,-2.950E-03,2.679E+00,2.630E+00,1.012E-01,3.454E+00,1.801E+00,-6.488E-01,7.480E+00,1.591E+00,1.302E+00,-3.284E-03,2.432E+00,2.383E+00,5.563E-02,5.016E+00
47,0.000E+00,2.285E-03,0.000E+00,3.816E-03,0.000E+00,0.000E+00,0.000E+00,2.978E-03,1.308E-02,2.271E-03,5.228E-03,6.343E-01,1.752E+00,-5.498E-01,5.392E+00,1.850E+00,1.329E+00,-4.612E-03,2.648E+00,2.573E+00,6.812E-02,4.339E+00,1.765E+00,-4.665E-01,5.048E+00,1.643E+00,1.385E+00,-5.748E-03,2.659E+00,2.564E+00,2.915E-01,1.244E+00,1.686E+00,-4.018E-01,4.189E+00,2.030E+00,1.360E+00,-2.576E-03,2.676E+00,2.633E+00,1.008E-01,3.465E+00,1.797E+00,-6.558E-01,7.668E+00,1.603E+00,1.294E+00,-3.016E-03,2.423E+00,2.379E+00,5.553E-02,5.023E+00
48,0.000E+00,2.337E-03,0.000E+00,3.870E-03,0.000E+00,0.000E+00,0.000E+00,3.084E-03,1.348E-02,2.336E-03,5.343E-03,6.508E-01,1.762E+00,-5.444E-01,5.136E+00,1.842E+00,1.341E+00,-4.561E-03,2.671E+00,2.596E+00,6.918E-02,4.286E+00,1.759E+00,-4.868E-01,5.403E+00,1.654E+00,1.363E+00,-4.863E-03,2.619E+00,2.541E+00,2.879E-01,1.257E+00,1.679E+00,-4.035E-01,4.220E+00,2.063E+00,1.353E+00,-2.201E-03,2.673E+00,2.636E+00,1.005E-01,3.475E+00,1.792E+00,-6.628E-01,7.857E+00,1.616E+00,1.286E+00,-2.748E-03,2.414E+00,2.374E+00,5.542E-02,5.030E+00
49,0.000E+00,2.519E-03,0.000E+00,4.201E-03,0.000E+00,0.000E+00,0.000E+00,3.241E-03,1.418E-02,2.494E-03,5.838E-03,6.950E-01,1.716E+00,-5.484E-01,5.463E+00,2.003E+00,1.304E+00,-5.928E-03,2.665E+00,2.569E+00,6.683E-02,4.405E+00,1.733E+00,-4.590E-01,4.959E+00,1.775E+00,1.361E+00,-1.709E-03,2.586E+00,2.558E+00,2.961E-01,1.228E+00,1.669E+00,-4.129E-01,4.395E+00,2.094E+00,1.340E+00,-3.435E-03,2.706E+00,2.648E+00,9.992E-02,3.491E+00,1.751E+00,-6.540E-01,7.603E+00,1.780E+00,1.265E+00,-3.400E-03,2.461E+00,2.410E+00,5.522E-02,5.045E+00
50,0.000E+00,2.609E-03,0.000E+00,4.366E-03,0.000E+00,0.000E+00,0.000E+00,3.319E-03,1.453E-02,2.573E-03,6.086E-03,7.171E-01,1.694E+00,-5.504E-01,5.626E+00,2.084E+00,1.285E+00,-6.612E-03,2.663E+00,2.556E+00,6.565E-02,4.465E+00,1.722E+00,-4.451E-01,4.737E+00,1.836E+00,1.361E+00,-1.326E-04,2.569E+00,2.567E+00,3.001E-01,1.213E+00,1.664E+00,-4.176E-01,4.483E+00,2.110E+00,1.333E+00,-4.051E-03,2.723E+00,2.654E+00,9.965E-02,3.499E+00,1.733E+00,-6.495E-01,7.476E+00,1.862E+00,1.255E+00,-3.726E-03,2.485E+00,2.429E+00,5.511E-02,5.052E+00
51,0.000E+00,2.700E-03,0.000E+00,4.532E-03,0.000E+00,0.000E+00,0.000E+00,3.398E-03,1.488E-02,2.652E-03,6.334E-03,7.393E-01,1.673E+00,-5.524E-01,5.790E+00,2.164E+00,1.266E+00,-7.296E-03,2.660E+00,2.542E+00,6.448E-02,4.525E+00,1.713E+00,-4.313E-01,4.515E+00,1.896E+00,1.360E+00,1.444E-03,2.552E+00,2.575E+00,3.042E-01,1.199E+00,1.659E+00,-4.223E-01,4.570E+00,2.126E+00,1.326E+00,-4.668E-03,2.740E+00,2.660E+00,9.938E-02,3.506E+00,1.716E+00,-6.451E-01,7.349E+00,1.944E+00,1.244E+00,-4.052E-03,2.509E+00,2.447E+00,5.501E-02,5.059E+00
52,0.000E+00,2.873E-03,0.000E+00,4.706E-03,0.000E+00,0.000E+00,0.000E+00,3.731E-03,1.605E-02,2.850E-03,6.639E-03,7.893E-01,1.680E+00,-5.654E-01,5.908E+00,2.139E+00,1.263E+00,-4.223E-03,2.594E+00,2.526E+00,6.433E-02,4.532E+00,1.707E+00,-4.928E-01,5.864E+00,1.805E+00,1.323E+00,-1.185E-03,2.601E+00,2.582E+00,3.030E-01,1.203E+00,1.655E+00,-4.265E-01,4.608E+00,2.156E+00,1.319E+00,-4.008E-03,2.727E+00,2.660E+00,9.858E-02,3.530E+00,1.697E+00,-6.479E-01,7.507E+00,2.014E+00,1.229E+00,-3.732E-03,2.512E+00,2.455E+00,5.407E-02,5.126E+00
53,0.000E+00,2.960E-03,0.000E+00,4.793E-03,0.000E+00,0.000E+00,0.000E+00,3.897E-03,1.664E-02,2.950E-03,6.792E-03,8.143E-01,1.684E+00,-5.719E-01,5.967E+00,2.126E+00,1.261E+00,-2.687E-03,2.560E+00,2.518E+00,6.426E-02,4.536E+00,1.712E+00,-5.236E-01,6.538E+00,1.759E+00,1.305E+00,-2.500E-03,2.626E+00,2.585E+00,3.024E-01,1.205E+00,1.652E+00,-4.286E-01,4.627E+00,2.171E+00,1.316E+00,-3.678E-03,2.721E+00,2.659E+00,9.818E-02,3.542E+00,1.689E+00,-6.493E-01,7.586E+00,2.049E+00,1.221E+00,-3.571E-03,2.513E+00,2.458E+00,5.360E-02,5.159E+00
54,0.000E+00,3.047E-03,0.000E+00,4.880E-03,0.000E+00,0.000E+00,0.000E+00,4.064E-03,1.723E-02,3.049E-03,6.945E-03,8.393E-01,1.688E+00,-5.784E-01,6.026E+00,2.113E+00,1.260E+00,-1.151E-03,2.527E+00,2.509E+00,6.419E-02,4.540E+00,1.720E+00,-5.543E-01,7.213E+00,1.714E+00,1.287E+00,-3.815E-03,2.651E+00,2.588E+00,3.018E-01,1.207E+00,1.650E+00,-4.308E-01,4.645E+00,2.187E+00,1.313E+00,-3.348E-03,2.715E+00,2.659E+00,9.778E-02,3.554E+00,1.680E+00,-6.507E-01,7.666E+00,2.084E+00,1.214E+00,-3.411E-03,2.514E+00,2.462E+00,5.313E-02,5.192E+00
55,0.000E+00,3.205E-03,0.000E+00,5.196E-03,0.000E+00,0.000E+00,0.000E+00,4.432E-03,1.854E-02,3.236E-03,7.317E-03,8.968E-01,1.652E+00,-6.304E-01,8.085E+00,2.112E+00,1.208E+00,-3.062E-03,2.600E+00,2.550E+00,6.460E-02,4.518E+00,1.709E+00,-5.846E-01,8.805E+00,1.656E+00,1.262E+00,-3.813E-03,2.673E+00,2.610E+00,2.990E-01,1.217E+00,1.649E+00,-4.479E-01,5.013E+00,2.142E+00,1.301E+00,-2.683E-03,2.676E+00,2.631E+00,9.790E-02,3.551E+00,1.688E+00,-6.785E-01,7.958E+00,2.075E+00,1.208E+00,-3.451E-03,2.524E+00,2.471E+00,5.281E-02,5.216E+00
56,0.000E+00,3.284E-03,0.000E+00,5.354E-03,0.000E+00,0.000E+00,0.000E+00,4.617E-03,1.920E-02,3.330E-03,7.504E-03,9.256E-01,1.642E+00,-6.565E-01,9.114E+00,2.112E+00,1.182E+00,-4.018E-03,2.636E+00,2.570E+00,6.481E-02,4.507E+00,1.707E+00,-5.998E-01,9.601E+00,1.628E+00,1.249E+00,-3.813E-03,2.684E+00,2.621E+00,2.976E-01,1.222E+00,1.650E+00,-4.565E-01,5.197E+00,2.120E+00,1.294E+00,-2.350E-03,2.657E+00,2.618E+00,9.796E-02,3.549E+00,1.692E+00,-6.924E-01,8.104E+00,2.070E+00,1.205E+00,-3.471E-03,2.529E+00,2.476E+00,5.264E-02,5.228E+00
57,0.000E+00,3.363E-03,0.000E+00,5.513E-03,0.000E+00,0.000E+00,0.000E+00,4.801E-03,1.986E-02,3.423E-03,7.690E-03,9.543E-01,1.634E+00,-6.825E-01,1.014E+01,2.112E+00,1.157E+00,-4.974E-03,2.672E+00,2.591E+00,6.502E-02,4.496E+00,1.707E+00,-6.149E-01,1.040E+01,1.599E+00,1.237E+00,-3.812E-03,2.695E+00,2.632E+00,2.962E-01,1.227E+00,1.651E+00,-4.650E-01,5.380E+00,2.098E+00,1.288E+00,-2.018E-03,2.637E+00,2.604E+00,9.802E-02,3.547E+00,1.696E+00,-7.062E-01,8.250E+00,2.066E+00,1.202E+00,-3.491E-03,2.534E+00,2.480E+00,5.248E-02,5.240E+00
58,0.000E+00,3.611E-03,0.000E+00,5.830E-03,0.000E+00,0.000E+00,0.000E+00,5.148E-03,2.126E-02,3.632E-03,8.039E-03,1.016E+00,1.652E+00,-7.110E-01,1.129E+01,2.000E+00,1.157E+00,-6.341E-03,2.748E+00,2.640E+00,6.337E-02,4.587E+00,1.665E+00,-6.073E-01,1.043E+01,1.741E+00,1.210E+00,-2.252E-03,2.604E+00,2.567E+00,3.034E-01,1.202E+00,1.634E+00,-4.934E-01,6.180E+00,2.100E+00,1.259E+00,-1.613E-03,2.633E+00,2.606E+00,9.757E-02,3.561E+00,1.685E+00,-7.242E-01,9.094E+00,2.073E+00,1.183E+00,-4.217E-03,2.551E+00,2.485E+00,5.138E-02,5.326E+00
59,0.000E+00,3.734E-03,0.000E+00,5.989E-03,0.000E+00,0.000E+00,0.000E+00,5.322E-03,2.196E-02,3.736E-03,8.213E-03,1.047E+00,1.663E+00,-7.253E-01,1.187E+01,1.944E+00,1.157E+00,-7.025E-03,2.786E+00,2.665E+00,6.254E-02,4.633E+00,1.645E+00,-6.034E-01,1.044E+01,1.812E+00,1.196E+00,-1.472E-03,2.559E+00,2.535E+00,3.070E-01,1.190E+00,1.628E+00,-5.076E-01,6.580E+00,2.100E+00,1.244E+00,-1.411E-03,2.631E+00,2.608E+00,9.735E-02,3.568E+00,1.680E+00,-7.332E-01,9.515E+00,2.076E+00,1.174E+00,-4.580E-03,2.559E+00,2.487E+00,5.082E-02,5.368E+00
60,0.000E+00,3.858E-03,0.000E+00,6.148E-03,0.000E+00,0.000E+00,0.000E+00,5.496E-03,2.265E-02,3.841E-03,8.388E-03,1.078E+00,1.675E+00,-7.395E-01,1.244E+01,1.888E+00,1.157E+00,-7.709E-03,2.824E+00,2.690E+00,6.172E-02,4.679E+00,1.626E+00,-5.996E-01,1.046E+01,1.883E+00,1.183E+00,-6.925E-04,2.514E+00,2.503E+00,3.106E-01,1.178E+00,1.623E+00,-5.219E-01,6.980E+00,2.101E+00,1.229E+00,-1.208E-03,2.629E+00,2.609E+00,9.713E-02,3.575E+00,1.675E+00,-7.421E-01,9.937E+00,2.080E+00,1.165E+00,-4.943E-03,2.567E+00,2.490E+00,5.027E-02,5.411E+00
61,0.000E+00,4.188E-03,0.000E+00,6.529E-03,0.000E+00,0.000E+00,0.000E+00,6.074E-03,2.439E-02,4.181E-03,9.091E-03,1.166E+00,1.607E+00,-8.168E-01,2.346E+01,1.879E+00,1.087E+00,-3.571E-03,2.653E+00,2.591E+00,6.142E-02,4.696E+00,1.583E+00,-6.798E-01,1.957E+01,1.751E+00,1.134E+00,-2.213E-03,2.548E+00,2.513E+00,3.025E-01,1.206E+00,1.604E+00,-5.827E-01,9.894E+00,1.989E+00,1.189E+00,-4.644E-04,2.619E+00,2.612E+00,9.631E-02,3.600E+00,1.658E+00,-7.438E-01,9.996E+00,2.158E+00,1.153E+00,-4.960E-03,2.596E+00,2.517E+00,4.975E-02,5.453E+00
62,0.000E+00,4.353E-03,0.000E+00,6.720E-03,0.000E+00,0.000E+00,0.000E+00,6.363E-03,2.526E-02,4.352E-03,9.443E-03,1.210E+00,1.597E+00,-8.555E-01,2.897E+01,1.874E+00,1.053E+00,-1.503E-03,2.568E+00,2.541E+00,6.127E-02,4.705E+00,1.589E+00,-7.200E-01,2.412E+01,1.685E+00,1.109E+00,-2.974E-03,2.565E+00,2.518E+00,2.984E-01,1.219E+00,1.606E+00,-6.132E-01,1.135E+01,1.933E+00,1.168E+00,-9.244E-05,2.615E+00,2.613E+00,9.590E-02,3.613E+00,1.650E+00,-7.446E-01,1.003E+01,2.198E+00,1.147E+00,-4.969E-03,2.610E+00,2.531E+00,4.949E-02,5.474E+00
63,0.000E+00,4.518E-03,0.000E+00,6.910E-03,0.000E+00,0.000E+00,0.000E+00,6.652E-03,2.613E-02,4.522E-03,9.795E-03,1.254E+00,1.594E+00,-8.941E-01,3.448E+01,1.869E+00,1.018E+00,5.657E-04,2.483E+00,2.492E+00,6.112E-02,4.713E+00,1.605E+00,-7.601E-01,2.868E+01,1.619E+00,1.085E+00,-3.734E-03,2.582E+00,2.523E+00,2.943E-01,1.233E+00,1.613E+00,-6.436E-01,1.281E+01,1.877E+00,1.148E+00,2.795E-04,2.610E+00,2.614E+00,9.549E-02,3.625E+00,1.642E+00,-7.455E-01,1.006E+01,2.237E+00,1.141E+00,-4.977E-03,2.624E+00,2.545E+00,4.923E-02,5.495E+00
64,0.000E+00,4.862E-03,0.000E+00,7.471E-03,0.000E+00,0.000E+00,0.000E+00,7.252E-03,2.841E-02,4.867E-03,1.039E-02,1.356E+00,1.556E+00,-8.829E-01,3.334E+01,2.018E+00,1.001E+00,-2.567E-03,2.563E+00,2.521E+00,6.188E-02,4.670E+00,1.533E+00,-7.289E-01,2.613E+01,1.878E+00,1.052E+00,1.496E-03,2.477E+00,2.497E+00,3.013E-01,1.209E+00,1.586E+00,-6.809E-01,1.723E+01,1.838E+00,1.116E+00,4.907E-04,2.604E+00,2.611E+00,9.658E-02,3.592E+00,1.546E+00,-8.458E-01,2.564E+01,2.153E+00,1.056E+00,-4.152E-03,2.603E+00,2.537E+00,4.858E-02,5.550E+00
65,0.000E+00,5.034E-03,0.000E+00,7.751E-03,0.000E+00,0.000E+00,0.000E+00,7.552E-03,2.955E-02,5.039E-03,1.068E-02,1.406E+00,1.538E+00,-8.773E-01,3.277E+01,2.092E+00,9.924E-01,-4.133E-03,2.603E+00,2.536E+00,6.225E-02,4.648E+00,1.501E+00,-7.133E-01,2.485E+01,2.008E+00,1.035E+00,4.111E-03,2.424E+00,2.484E+00,3.048E-01,1.197E+00,1.580E+00,-6.995E-01,1.945E+01,1.819E+00,1.100E+00,5.962E-04,2.600E+00,2.610E+00,9.713E-02,3.575E+00,1.542E+00,-8.960E-01,3.343E+01,2.111E+00,1.014E+00,-3.740E-03,2.593E+00,2.533E+00,4.826E-02,5.577E+00
66,0.000E+00,5.206E-03,0.000E+00,8.031E-03,0.000E+00,0.000E+00,0.000E+00,7.852E-03,3.069E-02,5.212E-03,1.098E-02,1.457E+00,1.521E+00,-8.716E-01,3.220E+01,2.167E+00,9.840E-01,-5.699E-03,2.643E+00,2.551E+00,6.263E-02,4.626E+00,1.473E+00,-6.977E-01,2.358E+01,2.137E+00,1.019E+00,6.725E-03,2.372E+00,2.472E+00,3.082E-01,1.186E+00,1.578E+00,-7.181E-01,2.166E+01,1.799E+00,1.084E+00,7.018E-04,2.597E+00,2.608E+00,9.767E-02,3.558E+00,1.550E+00,-9.462E-01,4.123E+01,2.068E+00,9.713E-01,-3.327E-03,2.582E+00,2.529E+00,4.794E-02,5.605E+00
67,0.000E+00,5.661E-03,0.000E+00,8.465E-03,0.000E+00,0.000E+00,0.000E+00,8.673E-03,3.344E-02,5.669E-03,1.186E-02,1.580E+00,1.488E+00,-8.595E-01,3.254E+01,2.288E+00,9.655E-01,-3.295E-03,2.565E+00,2.512E+00,6.260E-02,4.628E+00,1.466E+00,-6.930E-01,2.340E+01,2.164E+00,1.017E+00,4.237E-03,2.424E+00,2.487E+00,3.104E-01,1.178E+00,1.540E+00,-6.972E-01,2.038E+01,1.949E+00,1.069E+00,-2.196E-04,2.597E+00,2.593E+00,9.770E-02,3.557E+00,1.510E+00,-9.253E-01,3.843E+01,2.238E+00,9.553E-01,-2.436E-03,2.536E+00,2.498E+00,4.903E-02,5.514E+00
68,0.000E+00,5.888E-03,0.000E+00,8.682E-03,0.000E+00,0.000E+00,0.000E+00,9.083E-03,3.482E-02,5.897E-03,1.230E-02,1.642E+00,1.471E+00,-8.535E-01,3.271E+01,2.349E+00,9.563E-01,-2.094E-03,2.526E+00,2.493E+00,6.258E-02,4.629E+00,1.463E+00,-6.907E-01,2.331E+01,2.177E+00,1.016E+00,2.992E-03,2.450E+00,2.495E+00,3.115E-01,1.175E+00,1.522E+00,-6.868E-01,1.975E+01,2.024E+00,1.062E+00,-6.803E-04,2.596E+00,2.585E+00,9.772E-02,3.556E+00,1.492E+00,-9.148E-01,3.703E+01,2.323E+00,9.472E-01,-1.990E-03,2.513E+00,2.482E+00,4.957E-02,5.469E+00
69,0.000E+00,6.115E-03,0.000E+00,8.898E-03,0.000E+00,0.000E+00,0.000E+00,9.493E-03,3.619E-02,6.126E-03,1.275E-02,1.704E+00,1.455E+00,-8.474E-01,3.288E+01,2.410E+00,9.471E-01,-8.918E-04,2.487E+00,2.473E+00,6.257E-02,4.630E+00,1.459E+00,-6.884E-01,2.322E+01,2.190E+00,1.015E+00,1.748E-03,2.476E+00,2.503E+00,3.126E-01,1.171E+00,1.506E+00,-6.764E-01,1.911E+01,2.099E+00,1.054E+00,-1.141E-03,2.596E+00,2.578E+00,9.774E-02,3.556E+00,1.475E+00,-9.044E-01,3.564E+01,2.408E+00,9.392E-01,-1.545E-03,2.490E+00,2.466E+00,5.012E-02,5.423E+00
70,0.000E+00,6.740E-03,0.000E+00,9.522E-03,0.000E+00,0.000E+00,0.000E+00,1.071E-02,3.996E-02,6.729E-03,1.375E-02,1.873E+00,1.406E+00,-8.175E-01,2.951E+01,2.695E+00,9.294E-01,-6.408E-04,2.519E+00,2.509E+00,6.122E-02,4.709E+00,1.411E+00,-6.527E-01,2.121E+01,2.421E+00,9.996E-01,5.652E-04,2.546E+00,2.554E+00,3.110E-01,1.177E+00,1.477E+00,-6.660E-01,1.904E+01,2.214E+00,1.039E+00,9.921E-04,2.534E+00,2.549E+00,9.683E-02,3.584E+00,1.442E+00,-8.922E-01,3.566E+01,2.551E+00,9.224E-01,-8.181E-04,2.452E+00,2.440E+00,4.877E-02,5.537E+00
71,0.000E+00,7.053E-03,0.000E+00,9.834E-03,0.000E+00,0.000E+00,0.000E+00,1.132E-02,4.185E-02,7.030E-03,1.425E-02,1.957E+00,1.385E+00,-8.026E-01,2.782E+01,2.838E+00,9.205E-01,-5.153E-04,2.535E+00,2.527E+00,6.055E-02,4.748E+00,1.390E+00,-6.348E-01,2.021E+01,2.536E+00,9.921E-01,-2.610E-05,2.581E+00,2.580E+00,3.101E-01,1.179E+00,1.463E+00,-6.608E-01,1.900E+01,2.271E+00,1.031E+00,2.059E-03,2.503E+00,2.535E+00,9.638E-02,3.598E+00,1.426E+00,-8.861E-01,3.568E+01,2.623E+00,9.140E-01,-4.549E-04,2.433E+00,2.426E+00,4.809E-02,5.593E+00
72,0.000E+00,7.366E-03,0.000E+00,1.015E-02,0.000E+00,0.000E+00,0.000E+00,1.193E-02,4.374E-02,7.332E-03,1.475E-02,2.042E+00,1.366E+00,-7.876E-01,2.613E+01,2.980E+00,9.116E-01,-3.897E-04,2.551E+00,2.545E+00,5.988E-02,4.788E+00,1.370E+00,-6.169E-01,1.921E+01,2.651E+00,9.845E-01,-6.174E-04,2.616E+00,2.605E+00,3.093E-01,1.182E+00,1.450E+00,-6.556E-01,1.897E+01,2.328E+00,1.023E+00,3.125E-03,2.472E+00,2.520E+00,9.593E-02,3.612E+00,1.411E+00,-8.800E-01,3.569E+01,2.694E+00,9.056E-01,-9.161E-05,2.414E+00,2.413E+00,4.742E-02,5.650E+00
73,0.000E+00,7.782E-03,0.000E+00,1.043E-02,0.000E+00,0.000E+00,0.000E+00,1.300E-02,4.743E-02,7.760E-03,1.471E-02,2.166E+00,1.347E+00,-7.866E-01,2.674E+01,3.085E+00,8.995E-01,-5.669E-04,2.511E+00,2.502E+00,6.030E-02,4.763E+00,1.338E+00,-6.180E-01,1.974E+01,2.839E+00,9.617E-01,4.343E-04,2.504E+00,2.509E+00,2.946E-01,1.235E+00,1.426E+00,-6.383E-01,1.798E+01,2.464E+00,1.014E+00,3.468E-03,2.449E+00,2.502E+00,9.548E-02,3.626E+00,1.364E+00,-8.605E-01,3.307E+01,3.005E+00,8.842E-01,2.628E-03,2.379E+00,2.417E+00,4.713E-02,5.676E+00
74,0.000E+00,8.198E-03,0.000E+00,1.071E-02,0.000E+00,0.000E+00,0.000E+00,1.407E-02,5.111E-02,8.187E-03,1.467E-02,2.290E+00,1.329E+00,-7.855E-01,2.735E+01,3.190E+00,8.875E-01,-7.441E-04,2.471E+00,2.460E+00,6.071E-02,4.738E+00,1.309E+00,-6.190E-01,2.026E+01,3.026E+00,9.389E-01,1.486E-03,2.392E+00,2.413E+00,2.798E-01,1.287E+00,1.404E+00,-6.210E-01,1.700E+01,2.600E+00,1.006E+00,3.811E-03,2.427E+00,2.484E+00,9.502E-02,3.640E+00,1.325E+00,-8.410E-01,3.046E+01,3.315E+00,8.628E-01,5.348E-03,2.343E+00,2.422E+00,4.684E-02,5.701E+00
75,0.000E+00,8.764E-03,0.000E+00,1.123E-02,0.000E+00,0.000E+00,0.000E+00,1.504E-02,5.424E-02,8.740E-03,1.563E-02,2.434E+00,1.309E+00,-7.817E-01,2.747E+01,3.328E+00,8.761E-01,-1.623E-03,2.507E+00,2.482E+00,5.988E-02,4.788E+00,1.279E+00,-5.843E-01,1.813E+01,3.277E+00,9.346E-01,1.660E-03,2.393E+00,2.417E+00,2.965E-01,1.229E+00,1.375E+00,-6.079E-01,1.644E+01,2.782E+00,9.927E-01,2.313E-03,2.413E+00,2.448E+00,9.518E-02,3.635E+00,1.288E+00,-8.334E-01,3.153E+01,3.542E+00,8.425E-01,3.500E-03,2.358E+00,2.409E+00,4.695E-02,5.691E+00
76,0.000E+00,9.331E-03,0.000E+00,1.176E-02,0.000E+00,0.000E+00,0.000E+00,1.600E-02,5.736E-02,9.292E-03,1.658E-02,2.578E+00,1.290E+00,-7.780E-01,2.759E+01,3.465E+00,8.648E-01,-2.503E-03,2.543E+00,2.504E+00,5.905E-02,4.839E+00,1.256E+00,-5.495E-01,1.600E+01,3.528E+00,9.302E-01,1.835E-03,2.394E+00,2.421E+00,3.131E-01,1.170E+00,1.349E+00,-5.949E-01,1.589E+01,2.964E+00,9.794E-01,8.160E-04,2.399E+00,2.411E+00,9.534E-02,3.630E+00,1.253E+00,-8.258E-01,3.260E+01,3.768E+00,8.221E-01,1.652E-03,2.373E+00,2.397E+00,4.706E-02,5.682E+00
77,0.000E+00,9.848E-03,0.000E+00,1.200E-02,0.000E+00,0.000E+00,0.000E+00,1.755E-02,6.203E-02,9.902E-03,1.660E-02,2.740E+00,1.242E+00,-7.676E-01,2.772E+01,3.844E+00,8.372E-01,8.276E-04,2.482E+00,2.494E+00,5.818E-02,4.894E+00,1.228E+00,-5.333E-01,1.489E+01,3.864E+00,9.191E-01,1.570E-03,2.392E+00,2.415E+00,3.079E-01,1.187E+00,1.321E+00,-5.859E-01,1.543E+01,3.193E+00,9.636E-01,3.338E-03,2.365E+00,2.414E+00,9.369E-02,3.684E+00,1.219E+00,-8.061E-01,2.972E+01,4.170E+00,8.072E-01,7.037E-03,2.252E+00,2.347E+00,4.552E-02,5.826E+00
78,0.000E+00,1.036E-02,0.000E+00,1.224E-02,0.000E+00,0.000E+00,0.000E+00,1.909E-02,6.670E-02,1.051E-02,1.661E-02,2.902E+00,1.200E+00,-7.573E-01,2.785E+01,4.222E+00,8.096E-01,4.158E-03,2.421E+00,2.484E+00,5.731E-02,4.950E+00,1.207E+00,-5.170E-01,1.377E+01,4.199E+00,9.080E-01,1.305E-03,2.389E+00,2.408E+00,3.028E-01,1.204E+00,1.296E+00,-5.769E-01,1.497E+01,3.422E+00,9.479E-01,5.859E-03,2.332E+00,2.417E+00,9.205E-02,3.738E+00,1.191E+00,-7.863E-01,2.685E+01,4.572E+00,7.923E-01,1.242E-02,2.131E+00,2.298E+00,4.398E-02,5.971E+00
79,0.000E+00,1.091E-02,0.000E+00,1.222E-02,0.000E+00,0.000E+00,0.000E+00,2.052E-02,7.033E-02,1.097E-02,1.692E-02,3.038E+00,1.164E+00,-7.338E-01,2.427E+01,4.817E+00,7.971E-01,9.588E-03,2.232E+00,2.360E+00,5.670E-02,4.990E+00,1.139E+00,-5.046E-01,1.412E+01,4.972E+00,8.638E-01,2.343E-02,2.031E+00,2.306E+00,2.913E-01,1.246E+00,1.259E+00,-5.646E-01,1.461E+01,3.770E+00,9.264E-01,1.154E-02,2.196E+00,2.351E+00,9.114E-02,3.769E+00,1.139E+00,-7.749E-01,2.590E+01,5.294E+00,7.644E-01,1.348E-02,2.112E+00,2.291E+00,4.304E-02,6.067E+00
80,0.000E+00,1.145E-02,0.000E+00,1.221E-02,0.000E+00,0.000E+00,0.000E+00,2.196E-02,7.397E-02,1.143E-02,1.722E-02,3.175E+00,1.141E+00,-7.103E-01,2.068E+01,5.413E+00,7.845E-01,1.502E-02,2.044E+00,2.237E+00,5.609E-02,5.031E+00,1.083E+00,-4.922E-01,1.446E+01,5.745E+00,8.196E-01,4.556E-02,1.673E+00,2.204E+00,2.799E-01,1.287E+00,1.226E+00,-5.523E-01,1.426E+01,4.118E+00,9.049E-01,1.722E-02,2.060E+00,2.286E+00,9.023E-02,3.801E+00,1.096E+00,-7.635E-01,2.494E+01,6.017E+00,7.365E-01,1.455E-02,2.093E+00,2.285E+00,4.210E-02,6.164E+00
81,0.000E+00,1.162E-02,0.000E+00,1.187E-02,0.000E+00,0.000E+00,0.000E+00,2.291E-02,7.594E-02,1.160E-02,1.677E-02,3.228E+00,1.083E+00,-6.846E-01,1.941E+01,6.448E+00,7.552E-01,4.559E-02,1.732E+00,2.252E+00,5.363E-02,5.211E+00,1.036E+00,-4.761E-01,1.358E+01,6.861E+00,7.958E-01,4.966E-02,1.586E+00,2.136E+00,2.851E-01,1.268E+00,1.171E+00,-5.404E-01,1.410E+01,4.787E+00,8.713E-01,2.905E-02,1.870E+00,2.217E+00,8.847E-02,3.864E+00,1.024E+00,-7.428E-01,2.341E+01,7.588E+00,7.007E-01,2.365E-02,1.949E+00,2.242E+00,4.137E-02,6.244E+00
82,0.000E+00,1.180E-02,0.000E+00,1.154E-02,0.000E+00,0.000E+00,0.000E+00,2.387E-02,7.790E-02,1.177E-02,1.631E-02,3.281E+00,1.039E+00,-6.588E-01,1.814E+01,7.483E+00,7.260E-01,7.617E-02,1.421E+00,2.267E+00,5.117E-02,5.391E+00,1.002E+00,-4.600E-01,1.269E+01,7.978E+00,7.721E-01,5.376E-02,1.500E+00,2.069E+00,2.903E-01,1.248E+00,1.125E+00,-5.286E-01,1.394E+01,5.456E+00,8.377E-01,4.087E-02,1.680E+00,2.147E+00,8.670E-02,3.928E+00,9.732E-01,-7.221E-01,2.188E+01,9.160E+00,6.650E-01,3.276E-02,1.805E+00,2.198E+00,4.064E-02,6.324E+00
83,0.000E+00,1.100E-02,0.000E+00,1.014E-02,0.000E+00,0.000E+00,0.000E+00,2.294E-02,7.322E-02,1.104E-02,1.488E-02,3.066E+00,9.356E-01,-6.429E-01,1.676E+01,1.137E+01,6.780E-01,8.758E-02,1.273E+00,2.159E+00,4.783E-02,5.685E+00,8.811E-01,-4.239E-01,1.185E+01,1.328E+01,7.168E-01,7.638E-02,1.243E+00,1.933E+00,2.783E-01,1.295E+00,1.054E+00,-5.113E-01,1.287E+01,7.140E+00,8.009E-01,6.994E-02,1.379E+00,2.058E+00,8.462E-02,4.010E+00,8.704E-01,-6.908E-01,1.944E+01,1.434E+01,6.229E-01,6.588E-02,1.473E+00,2.142E+00,3.746E-02,6.732E+00
84,0.000E+00,1.020E-02,0.000E+00,8.736E-03,0.000E+00,0.000E+00,0.000E+00,2.201E-02,6.855E-02,1.030E-02,1.344E-02,2.852E+00,8.793E-01,-6.269E-01,1.538E+01,1.526E+01,6.300E-01,9.900E-02,1.125E+00,2.050E+00,4.450E-02,5.979E+00,8.180E-01,-3.879E-01,1.100E+01,1.858E+01,6.614E-01,9.900E-02,9.870E-01,1.798E+00,2.663E-01,1.343E+00,1.008E+00,-4.941E-01,1.180E+01,8.824E+00,7.640E-01,9.900E-02,1.078E+00,1.968E+00,8.254E-02,4.091E+00,8.207E-01,-6.595E-01,1.700E+01,1.952E+01,5.808E-01,9.900E-02,1.141E+00,2.086E+00,3.428E-02,7.141E+00
85,0.000E+00,7.509E-03,0.000E+00,6.345E-03,0.000E+00,0.000E+00,0.000E+00,1.643E-02,5.064E-02,7.608E-03,1.006E-02,2.110E+00,7.752E-01,-5.871E-01,1.255E+01,3.200E+01,6.068E-01,9.900E-02,9.953E-01,1.817E+00,4.013E-02,6.492E+00,7.891E-01,-3.625E-01,8.901E+00,2.842E+01,6.713E-01,9.897E-02,8.536E-01,1.562E+00,2.451E-01,1.449E+00,9.194E-01,-4.703E-01,1.019E+01,1.431E+01,7.332E-01,9.896E-02,9.476E-01,1.732E+00,7.709E-02,4.343E+00,7.350E-01,-6.248E-01,1.371E+01,4.039E+01,5.667E-01,9.900E-02,1.070E+00,1.937E+00,3.027E-02,7.866E+00
86,0.000E+00,4.816E-03,0.000E+00,3.954E-03,0.000E+00,0.000E+00,0.000E+00,1.084E-02,3.273E-02,4.912E-03,6.671E-03,1.367E+00,7.635E-01,-5.472E-01,9.728E+00,4.873E+01,5.837E-01,9.900E-02,8.660E-01,1.583E+00,3.577E-02,7.004E+00,8.062E-01,-3.372E-01,6.799E+00,3.826E+01,6.812E-01,9.893E-02,7.201E-01,1.327E+00,2.238E-01,1.555E+00,8.887E-01,-4.466E-01,8.581E+00,1.980E+01,7.024E-01,9.892E-02,8.170E-01,1.495E+00,7.163E-02,4.595E+00,7.340E-01,-5.901E-01,1.041E+01,6.125E+01,5.525E-01,9.900E-02,9.994E-01,1.788E+00,2.626E-02,8.590E+00
87,0.000E+00,2.557E-03,0.000E+00,2.009E-03,0.000E+00,0.000E+00,0.000E+00,5.641E-03,1.709E-02,2.552E-03,3.439E-03,7.121E-01,7.882E-01,-6.153E-01,1.095E+01,3.811E+01,5.897E-01,9.547E-02,8.096E-01,1.447E+00,2.717E-02,8.978E+00,9.015E-01,-4.601E-01,7.061E+00,2.526E+01,8.934E-01,-3.175E-01,1.356E+01,9.344E-01,1.975E-01,1.748E+00,9.426E-01,-4.715E-01,7.431E+00,1.882E+01,7.437E-01,9.887E-02,6.994E-01,1.292E+00,6.533E-02,4.983E+00,7.949E-01,-6.263E-01,8.582E+00,5.606E+01,6.053E-01,9.899E-02,9.149E-01,1.652E+00,1.935E-02,1.123E+01
88,0.000E+00,2.992E-04,0.000E+00,6.328E-05,0.000E+00,0.000E+00,0.000E+00,4.375E-04,1.446E-03,1.922E-04,2.070E-04,5.740E-02,8.337E-01,-6.835E-01,1.216E+01,2.749E+01,5.956E-01,9.195E-02,7.533E-01,1.311E+00,1.856E-02,1.095E+01,1.074E+00,-5.829E-01,7.324E+00,1.227E+01,1.106E+00,-7.338E-01,2.639E+01,5.414E-01,1.711E-01,1.941E+00,1.003E+00,-4.964E-01,6.281E+00,1.785E+01,7.850E-01,9.881E-02,5.818E-01,1.089E+00,5.903E-02,5.371E+00,8.610E-01,-6.624E-01,6.750E+00,5.086E+01,6.581E-01,9.899E-02,8.303E-01,1.515E+00,1.244E-02,1.386E+01
89,0.000E+00,7.812E-07,0.000E+00,0.000E+00,0.000E+00,1.562E-06,7.812E-07,3.125E-06,1.250E-05,7.812E-07,1.562E-06,4.380E-04,3.142E+00,0.000E+00,0.000E+00,0.000E+00,0.000E+00,0.000E+00,0.000E+00,0.000E+00,0.000E+00,0.000E+00,3.142E+00,0.000E+00,0.000E+00,0.000E+00,0.000E+00,0.000E+00,0.000E+00,0.000E+00,0.000E+00,0.000E+00,3.142E+00,0.000E+00,0.000E+00,0.000E+00,0.000E+00,0.000E+00,0.000E+00,0.000E+00,0.000E+00,0.000E+00,3.142E+00,0.000E+00,0.000E+00,0.000E+00,0.000E+00,0.000E+00,0.000E+00,0.000E+00,0.000E+00,0.000E+00
