alpha,H,Fe,S,Fe_1,S_1,amu/ion,phiK_Fe,phiTilt_Fe,phiM_Fe,phiN_Fe,thetaK_Fe,thetaTilt_Fe,thetaM_Fe,thetaN_Fe,energyK_Fe,energyE_Fe,phiK_S,phiTilt_S,phiM_S,phiN_S,thetaK_S,thetaTilt_S,thetaM_S,thetaN_S,energyK_S,energyE_S
0,0.000E+00,4.615E-03,0.000E+00,3.804E-03,7.755E-03,7.188E-01,1.763E+00,-1.464E-02,1.531E+00,1.474E+00,3.142E+00,-5.715E-03,2.545E+00,2.457E+00,7.191E-02,3.493E+00,1.699E+00,-2.978E-02,1.809E+00,1.611E+00,3.142E+00,-9.575E-04,2.498E+00,2.483E+00,1.412E-01,2.350E+00
1,0.000E+00,4.658E-03,0.000E+00,3.812E-03,7.807E-03,7.233E-01,1.762E+00,-2.084E-02,1.563E+00,1.481E+00,3.142E+00,-5.468E-03,2.533E+00,2.449E+00,7.175E-02,3.498E+00,1.699E+00,-2.944E-02,1.780E+00,1.638E+00,3.142E+00,-1.672E-03,2.524E+00,2.497E+00,1.408E-01,2.356E+00
2,0.000E+00,4.701E-03,0.000E+00,3.820E-03,7.859E-03,7.278E-01,1.761E+00,-2.705E-02,1.595E+00,1.488E+00,3.142E+00,-5.220E-03,2.522E+00,2.442E+00,7.158E-02,3.504E+00,1.699E+00,-2.910E-02,1.750E+00,1.666E+00,3.142E+00,-2.387E-03,2.549E+00,2.511E+00,1.403E-01,2.363E+00
3,0.000E+00,4.743E-03,0.000E+00,3.828E-03,7.911E-03,7.323E-01,1.760E+00,-3.325E-02,1.627E+00,1.496E+00,3.142E+00,-4.973E-03,2.510E+00,2.434E+00,7.142E-02,3.510E+00,1.698E+00,-2.877E-02,1.721E+00,1.693E+00,3.142E+00,-3.102E-03,2.575E+00,2.525E+00,1.398E-01,2.370E+00
4,0.000E+00,4.765E-03,0.000E+00,3.832E-03,7.937E-03,7.346E-01,1.759E+00,-3.635E-02,1.643E+00,1.499E+00,3.142E+00,-4.849E-03,2.504E+00,2.430E+00,7.134E-02,3.512E+00,1.698E+00,-2.860E-02,1.706E+00,1.706E+00,3.142E+00,-3.460E-03,2.588E+00,2.531E+00,1.395E-01,2.373E+00
5,0.000E+00,4.786E-03,0.000E+00,3.836E-03,7.963E-03,7.368E-01,1.759E+00,-3.945E-02,1.659E+00,1.503E+00,3.142E+00,-4.725E-03,2.498E+00,2.426E+00,7.126E-02,3.515E+00,1.698E+00,-2.843E-02,1.691E+00,1.720E+00,3.142E+00,-3.817E-03,2.601E+00,2.538E+00,1.393E-01,2.376E+00
6,0.000E+00,4.829E-03,0.000E+00,3.844E-03,8.015E-03,7.414E-01,1.758E+00,-4.566E-02,1.691E+00,1.510E+00,3.142E+00,-4.478E-03,2.486E+00,2.419E+00,7.110E-02,3.521E+00,1.699E+00,-2.810E-02,1.662E+00,1.747E+00,3.142E+00,-4.532E-03,2.627E+00,2.552E+00,1.388E-01,2.383E+00
7,0.000E+00,4.872E-03,0.000E+00,3.853E-03,8.067E-03,7.459E-01,1.757E+00,-5.186E-02,1.723E+00,1.518E+00,3.142E+00,-4.230E-03,2.475E+00,2.411E+00,7.094E-02,3.527E+00,1.699E+00,-2.776E-02,1.633E+00,1.774E+00,3.142E+00,-5.247E-03,2.653E+00,2.566E+00,1.383E-01,2.390E+00
8,0.000E+00,4.915E-03,0.000E+00,3.861E-03,8.119E-03,7.504E-01,1.756E+00,-5.806E-02,1.755E+00,1.525E+00,3.142E+00,-3.983E-03,2.463E+00,2.404E+00,7.077E-02,3.532E+00,1.700E+00,-2.742E-02,1.603E+00,1.801E+00,3.142E+00,-5.962E-03,2.678E+00,2.580E+00,1.379E-01,2.396E+00
9,0.000E+00,4.936E-03,0.000E+00,3.865E-03,8.145E-03,7.526E-01,1.756E+00,-6.117E-02,1.771E+00,1.529E+00,3.142E+00,-3.859E-03,2.457E+00,2.400E+00,7.069E-02,3.535E+00,1.700E+00,-2.726E-02,1.589E+00,1.815E+00,3.142E+00,-6.320E-03,2.691E+00,2.587E+00,1.376E-01,2.400E+00
10,0.000E+00,4.958E-03,0.000E+00,3.869E-03,8.171E-03,7.549E-01,1.755E+00,-6.427E-02,1.787E+00,1.533E+00,3.142E+00,-3.735E-03,2.451E+00,2.396E+00,7.061E-02,3.538E+00,1.700E+00,-2.709E-02,1.574E+00,1.829E+00,3.142E+00,-6.677E-03,2.704E+00,2.594E+00,1.374E-01,2.403E+00
11,0.000E+00,5.009E-03,0.000E+00,3.926E-03,8.296E-03,7.649E-01,1.754E+00,-6.037E-02,1.732E+00,1.568E+00,3.142E+00,-3.769E-03,2.450E+00,2.394E+00,7.074E-02,3.533E+00,1.701E+00,-3.317E-02,1.598E+00,1.834E+00,3.142E+00,-6.296E-03,2.699E+00,2.595E+00,1.375E-01,2.402E+00
12,0.000E+00,5.060E-03,0.000E+00,3.983E-03,8.420E-03,7.750E-01,1.752E+00,-5.647E-02,1.676E+00,1.604E+00,3.142E+00,-3.802E-03,2.448E+00,2.392E+00,7.088E-02,3.529E+00,1.702E+00,-3.926E-02,1.622E+00,1.839E+00,3.142E+00,-5.915E-03,2.694E+00,2.596E+00,1.375E-01,2.401E+00
13,0.000E+00,5.111E-03,0.000E+00,4.040E-03,8.545E-03,7.850E-01,1.752E+00,-5.256E-02,1.621E+00,1.640E+00,3.142E+00,-3.835E-03,2.446E+00,2.389E+00,7.101E-02,3.524E+00,1.703E+00,-4.535E-02,1.646E+00,1.844E+00,3.142E+00,-5.533E-03,2.689E+00,2.597E+00,1.376E-01,2.400E+00
14,0.000E+00,5.137E-03,0.000E+00,4.068E-03,8.607E-03,7.900E-01,1.752E+00,-5.061E-02,1.593E+00,1.658E+00,3.142E+00,-3.852E-03,2.445E+00,2.388E+00,7.108E-02,3.522E+00,1.703E+00,-4.839E-02,1.658E+00,1.847E+00,3.142E+00,-5.343E-03,2.686E+00,2.598E+00,1.376E-01,2.400E+00
15,0.000E+00,5.162E-03,0.000E+00,4.096E-03,8.670E-03,7.950E-01,1.752E+00,-4.866E-02,1.566E+00,1.676E+00,3.142E+00,-3.869E-03,2.444E+00,2.387E+00,7.114E-02,3.519E+00,1.703E+00,-5.143E-02,1.669E+00,1.849E+00,3.142E+00,-5.152E-03,2.684E+00,2.598E+00,1.377E-01,2.399E+00
16,0.000E+00,5.214E-03,0.000E+00,4.153E-03,8.794E-03,8.051E-01,1.753E+00,-4.476E-02,1.511E+00,1.712E+00,3.142E+00,-3.902E-03,2.442E+00,2.385E+00,7.128E-02,3.515E+00,1.704E+00,-5.752E-02,1.693E+00,1.854E+00,3.142E+00,-4.771E-03,2.678E+00,2.600E+00,1.377E-01,2.398E+00
17,0.000E+00,5.265E-03,0.000E+00,4.210E-03,8.919E-03,8.151E-01,1.754E+00,-4.086E-02,1.455E+00,1.747E+00,3.142E+00,-3.935E-03,2.441E+00,2.382E+00,7.141E-02,3.510E+00,1.705E+00,-6.360E-02,1.717E+00,1.860E+00,3.142E+00,-4.390E-03,2.673E+00,2.601E+00,1.378E-01,2.397E+00
18,0.000E+00,5.316E-03,0.000E+00,4.267E-03,9.043E-03,8.251E-01,1.756E+00,-3.696E-02,1.400E+00,1.783E+00,3.142E+00,-3.969E-03,2.439E+00,2.380E+00,7.154E-02,3.505E+00,1.706E+00,-6.969E-02,1.741E+00,1.865E+00,3.142E+00,-4.009E-03,2.668E+00,2.602E+00,1.379E-01,2.396E+00
19,0.000E+00,5.342E-03,0.000E+00,4.296E-03,9.106E-03,8.301E-01,1.757E+00,-3.501E-02,1.372E+00,1.801E+00,3.142E+00,-3.985E-03,2.438E+00,2.379E+00,7.161E-02,3.503E+00,1.706E+00,-7.273E-02,1.753E+00,1.867E+00,3.142E+00,-3.818E-03,2.666E+00,2.603E+00,1.379E-01,2.396E+00
20,0.000E+00,5.367E-03,0.000E+00,4.324E-03,9.168E-03,8.352E-01,1.758E+00,-3.306E-02,1.345E+00,1.819E+00,3.142E+00,-4.002E-03,2.437E+00,2.378E+00,7.167E-02,3.501E+00,1.706E+00,-7.578E-02,1.765E+00,1.870E+00,3.142E+00,-3.627E-03,2.663E+00,2.603E+00,1.379E-01,2.395E+00
21,0.000E+00,5.473E-03,0.000E+00,4.418E-03,9.383E-03,8.532E-01,1.758E+00,-6.031E-02,1.516E+00,1.762E+00,3.142E+00,-4.239E-03,2.452E+00,2.389E+00,7.133E-02,3.513E+00,1.706E+00,-8.280E-02,1.790E+00,1.887E+00,3.142E+00,-3.464E-03,2.655E+00,2.598E+00,1.376E-01,2.401E+00
22,0.000E+00,5.578E-03,0.000E+00,4.512E-03,9.598E-03,8.712E-01,1.762E+00,-8.757E-02,1.687E+00,1.706E+00,3.142E+00,-4.475E-03,2.466E+00,2.399E+00,7.100E-02,3.525E+00,1.705E+00,-8.982E-02,1.815E+00,1.903E+00,3.142E+00,-3.300E-03,2.647E+00,2.593E+00,1.372E-01,2.406E+00
23,0.000E+00,5.684E-03,0.000E+00,4.606E-03,9.813E-03,8.893E-01,1.769E+00,-1.148E-01,1.858E+00,1.649E+00,3.142E+00,-4.712E-03,2.481E+00,2.410E+00,7.066E-02,3.537E+00,1.705E+00,-9.685E-02,1.840E+00,1.920E+00,3.142E+00,-3.136E-03,2.639E+00,2.588E+00,1.368E-01,2.412E+00
24,0.000E+00,5.736E-03,0.000E+00,4.653E-03,9.920E-03,8.983E-01,1.773E+00,-1.285E-01,1.943E+00,1.621E+00,3.142E+00,-4.830E-03,2.488E+00,2.415E+00,7.049E-02,3.543E+00,1.705E+00,-1.004E-01,1.852E+00,1.929E+00,3.142E+00,-3.054E-03,2.635E+00,2.585E+00,1.366E-01,2.414E+00
25,0.000E+00,5.789E-03,0.000E+00,4.700E-03,1.003E-02,9.073E-01,1.778E+00,-1.421E-01,2.029E+00,1.593E+00,3.142E+00,-4.948E-03,2.496E+00,2.420E+00,7.032E-02,3.550E+00,1.704E+00,-1.039E-01,1.865E+00,1.937E+00,3.142E+00,-2.972E-03,2.631E+00,2.582E+00,1.364E-01,2.417E+00
26,0.000E+00,5.895E-03,0.000E+00,4.794E-03,1.024E-02,9.253E-01,1.791E+00,-1.693E-01,2.200E+00,1.536E+00,3.142E+00,-5.185E-03,2.510E+00,2.431E+00,6.998E-02,3.562E+00,1.704E+00,-1.109E-01,1.890E+00,1.954E+00,3.142E+00,-2.808E-03,2.623E+00,2.577E+00,1.360E-01,2.423E+00
27,0.000E+00,6.000E-03,0.000E+00,4.888E-03,1.046E-02,9.433E-01,1.805E+00,-1.966E-01,2.371E+00,1.479E+00,3.142E+00,-5.422E-03,2.525E+00,2.442E+00,6.964E-02,3.574E+00,1.703E+00,-1.179E-01,1.914E+00,1.970E+00,3.142E+00,-2.644E-03,2.614E+00,2.572E+00,1.357E-01,2.428E+00
28,0.000E+00,6.105E-03,0.000E+00,4.983E-03,1.067E-02,9.614E-01,1.822E+00,-2.238E-01,2.542E+00,1.423E+00,3.142E+00,-5.658E-03,2.540E+00,2.452E+00,6.930E-02,3.586E+00,1.703E+00,-1.249E-01,1.939E+00,1.987E+00,3.142E+00,-2.480E-03,2.606E+00,2.566E+00,1.353E-01,2.434E+00
29,0.000E+00,6.158E-03,0.000E+00,5.030E-03,1.078E-02,9.704E-01,1.831E+00,-2.375E-01,2.628E+00,1.394E+00,3.142E+00,-5.777E-03,2.547E+00,2.458E+00,6.913E-02,3.592E+00,1.703E+00,-1.285E-01,1.952E+00,1.996E+00,3.142E+00,-2.398E-03,2.602E+00,2.564E+00,1.351E-01,2.436E+00
30,0.000E+00,6.211E-03,0.000E+00,5.077E-03,1.089E-02,9.794E-01,1.841E+00,-2.511E-01,2.713E+00,1.366E+00,3.142E+00,-5.895E-03,2.554E+00,2.463E+00,6.896E-02,3.598E+00,1.703E+00,-1.320E-01,1.964E+00,2.004E+00,3.142E+00,-2.317E-03,2.598E+00,2.561E+00,1.349E-01,2.439E+00
31,0.000E+00,6.535E-03,0.000E+00,5.377E-03,1.157E-02,1.036E+00,1.836E+00,-2.715E-01,2.857E+00,1.393E+00,3.142E+00,-5.861E-03,2.549E+00,2.459E+00,6.877E-02,3.605E+00,1.702E+00,-1.559E-01,2.128E+00,1.987E+00,3.142E+00,-2.808E-03,2.602E+00,2.557E+00,1.343E-01,2.447E+00
32,0.000E+00,6.696E-03,0.000E+00,5.528E-03,1.191E-02,1.064E+00,1.833E+00,-2.818E-01,2.928E+00,1.407E+00,3.142E+00,-5.845E-03,2.546E+00,2.456E+00,6.868E-02,3.609E+00,1.702E+00,-1.679E-01,2.210E+00,1.979E+00,3.142E+00,-3.054E-03,2.603E+00,2.554E+00,1.341E-01,2.452E+00
33,0.000E+00,6.858E-03,0.000E+00,5.678E-03,1.225E-02,1.093E+00,1.831E+00,-2.920E-01,3.000E+00,1.420E+00,3.142E+00,-5.828E-03,2.544E+00,2.454E+00,6.858E-02,3.613E+00,1.702E+00,-1.799E-01,2.291E+00,1.970E+00,3.142E+00,-3.300E-03,2.605E+00,2.552E+00,1.338E-01,2.456E+00
34,0.000E+00,7.020E-03,0.000E+00,5.829E-03,1.259E-02,1.121E+00,1.829E+00,-3.022E-01,3.072E+00,1.434E+00,3.142E+00,-5.811E-03,2.541E+00,2.452E+00,6.849E-02,3.616E+00,1.703E+00,-1.919E-01,2.373E+00,1.962E+00,3.142E+00,-3.546E-03,2.607E+00,2.550E+00,1.335E-01,2.460E+00
35,0.000E+00,7.182E-03,0.000E+00,5.979E-03,1.293E-02,1.150E+00,1.827E+00,-3.124E-01,3.143E+00,1.447E+00,3.142E+00,-5.794E-03,2.539E+00,2.449E+00,6.839E-02,3.620E+00,1.704E+00,-2.039E-01,2.455E+00,1.953E+00,3.142E+00,-3.792E-03,2.609E+00,2.548E+00,1.332E-01,2.464E+00
36,0.000E+00,7.344E-03,0.000E+00,6.130E-03,1.327E-02,1.178E+00,1.825E+00,-3.226E-01,3.215E+00,1.461E+00,3.142E+00,-5.777E-03,2.536E+00,2.447E+00,6.830E-02,3.623E+00,1.706E+00,-2.159E-01,2.536E+00,1.945E+00,3.142E+00,-4.038E-03,2.610E+00,2.546E+00,1.330E-01,2.469E+00
37,0.000E+00,7.505E-03,0.000E+00,6.280E-03,1.361E-02,1.206E+00,1.824E+00,-3.329E-01,3.287E+00,1.474E+00,3.142E+00,-5.760E-03,2.533E+00,2.445E+00,6.820E-02,3.627E+00,1.708E+00,-2.278E-01,2.618E+00,1.937E+00,3.142E+00,-4.284E-03,2.612E+00,2.543E+00,1.327E-01,2.473E+00
38,0.000E+00,7.667E-03,0.000E+00,6.431E-03,1.395E-02,1.235E+00,1.822E+00,-3.431E-01,3.359E+00,1.488E+00,3.142E+00,-5.743E-03,2.531E+00,2.443E+00,6.811E-02,3.630E+00,1.710E+00,-2.398E-01,2.700E+00,1.928E+00,3.142E+00,-4.530E-03,2.614E+00,2.541E+00,1.324E-01,2.477E+00
39,0.000E+00,7.829E-03,0.000E+00,6.581E-03,1.429E-02,1.263E+00,1.820E+00,-3.533E-01,3.430E+00,1.502E+00,3.142E+00,-5.726E-03,2.528E+00,2.440E+00,6.802E-02,3.634E+00,1.712E+00,-2.518E-01,2.782E+00,1.920E+00,3.142E+00,-4.776E-03,2.616E+00,2.539E+00,1.321E-01,2.481E+00
40,0.000E+00,7.991E-03,0.000E+00,6.731E-03,1.463E-02,1.291E+00,1.819E+00,-3.635E-01,3.502E+00,1.515E+00,3.142E+00,-5.710E-03,2.525E+00,2.438E+00,6.792E-02,3.638E+00,1.714E+00,-2.638E-01,2.863E+00,1.911E+00,3.142E+00,-5.022E-03,2.617E+00,2.537E+00,1.318E-01,2.485E+00
41,0.000E+00,8.153E-03,0.000E+00,6.882E-03,1.497E-02,1.320E+00,1.817E+00,-3.737E-01,3.574E+00,1.529E+00,3.142E+00,-5.693E-03,2.523E+00,2.436E+00,6.783E-02,3.641E+00,1.717E+00,-2.758E-01,2.945E+00,1.903E+00,3.142E+00,-5.268E-03,2.619E+00,2.535E+00,1.316E-01,2.490E+00
42,0.000E+00,8.315E-03,0.000E+00,7.032E-03,1.532E-02,1.348E+00,1.816E+00,-3.840E-01,3.645E+00,1.542E+00,3.142E+00,-5.676E-03,2.520E+00,2.434E+00,6.773E-02,3.645E+00,1.720E+00,-2.878E-01,3.027E+00,1.895E+00,3.142E+00,-5.514E-03,2.621E+00,2.532E+00,1.313E-01,2.494E+00
43,0.000E+00,8.476E-03,0.000E+00,7.183E-03,1.566E-02,1.376E+00,1.815E+00,-3.942E-01,3.717E+00,1.556E+00,3.142E+00,-5.659E-03,2.518E+00,2.431E+00,6.764E-02,3.648E+00,1.723E+00,-2.997E-01,3.109E+00,1.886E+00,3.142E+00,-5.760E-03,2.622E+00,2.530E+00,1.310E-01,2.498E+00
44,0.000E+00,8.638E-03,0.000E+00,7.333E-03,1.600E-02,1.405E+00,1.813E+00,-4.044E-01,3.789E+00,1.569E+00,3.142E+00,-5.642E-03,2.515E+00,2.429E+00,6.754E-02,3.652E+00,1.726E+00,-3.117E-01,3.190E+00,1.878E+00,3.142E+00,-6.006E-03,2.624E+00,2.528E+00,1.307E-01,2.502E+00
45,0.000E+00,8.800E-03,0.000E+00,7.484E-03,1.634E-02,1.433E+00,1.812E+00,-4.146E-01,3.860E+00,1.583E+00,3.142E+00,-5.625E-03,2.512E+00,2.427E+00,6.745E-02,3.655E+00,1.729E+00,-3.237E-01,3.272E+00,1.869E+00,3.142E+00,-6.252E-03,2.626E+00,2.526E+00,1.304E-01,2.507E+00
46,0.000E+00,9.146E-03,0.000E+00,7.794E-03,1.697E-02,1.490E+00,1.806E+00,-4.542E-01,4.436E+00,1.573E+00,3.142E+00,-5.652E-03,2.511E+00,2.425E+00,6.674E-02,3.684E+00,1.720E+00,-3.282E-01,3.316E+00,1.914E+00,3.142E+00,-5.560E-03,2.631E+00,2.542E+00,1.282E-01,2.544E+00
47,0.000E+00,9.493E-03,0.000E+00,8.104E-03,1.760E-02,1.547E+00,1.805E+00,-4.938E-01,5.011E+00,1.563E+00,3.142E+00,-5.679E-03,2.510E+00,2.424E+00,6.603E-02,3.712E+00,1.711E+00,-3.327E-01,3.359E+00,1.958E+00,3.142E+00,-4.869E-03,2.636E+00,2.557E+00,1.260E-01,2.581E+00
48,0.000E+00,9.839E-03,0.000E+00,8.413E-03,1.824E-02,1.604E+00,1.807E+00,-5.335E-01,5.586E+00,1.552E+00,3.142E+00,-5.706E-03,2.509E+00,2.423E+00,6.532E-02,3.740E+00,1.703E+00,-3.371E-01,3.403E+00,2.002E+00,3.142E+00,-4.177E-03,2.641E+00,2.573E+00,1.237E-01,2.618E+00
49,0.000E+00,1.001E-02,0.000E+00,8.568E-03,1.855E-02,1.632E+00,1.809E+00,-5.533E-01,5.873E+00,1.547E+00,3.142E+00,-5.720E-03,2.509E+00,2.422E+00,6.497E-02,3.754E+00,1.699E+00,-3.394E-01,3.424E+00,2.024E+00,3.142E+00,-3.831E-03,2.643E+00,2.581E+00,1.226E-01,2.637E+00
50,0.000E+00,1.019E-02,0.000E+00,8.723E-03,1.887E-02,1.661E+00,1.812E+00,-5.731E-01,6.161E+00,1.542E+00,3.142E+00,-5.733E-03,2.508E+00,2.421E+00,6.461E-02,3.768E+00,1.694E+00,-3.416E-01,3.446E+00,2.047E+00,3.142E+00,-3.486E-03,2.646E+00,2.589E+00,1.215E-01,2.655E+00
51,0.000E+00,1.068E-02,0.000E+00,9.311E-03,1.999E-02,1.757E+00,1.791E+00,-5.843E-01,6.536E+00,1.596E+00,3.142E+00,-5.880E-03,2.519E+00,2.429E+00,6.423E-02,3.784E+00,1.689E+00,-3.564E-01,3.627E+00,2.053E+00,3.142E+00,-3.468E-03,2.640E+00,2.583E+00,1.212E-01,2.661E+00
52,0.000E+00,1.118E-02,0.000E+00,9.899E-03,2.110E-02,1.854E+00,1.771E+00,-5.956E-01,6.910E+00,1.651E+00,3.142E+00,-6.028E-03,2.530E+00,2.438E+00,6.385E-02,3.801E+00,1.685E+00,-3.712E-01,3.807E+00,2.060E+00,3.142E+00,-3.451E-03,2.634E+00,2.578E+00,1.209E-01,2.666E+00
53,0.000E+00,1.168E-02,0.000E+00,1.049E-02,2.222E-02,1.950E+00,1.753E+00,-6.068E-01,7.285E+00,1.705E+00,3.142E+00,-6.175E-03,2.541E+00,2.446E+00,6.347E-02,3.817E+00,1.682E+00,-3.860E-01,3.988E+00,2.067E+00,3.142E+00,-3.433E-03,2.628E+00,2.572E+00,1.206E-01,2.671E+00
54,0.000E+00,1.192E-02,0.000E+00,1.078E-02,2.278E-02,1.998E+00,1.744E+00,-6.124E-01,7.472E+00,1.732E+00,3.142E+00,-6.249E-03,2.546E+00,2.450E+00,6.327E-02,3.825E+00,1.680E+00,-3.934E-01,4.078E+00,2.070E+00,3.142E+00,-3.424E-03,2.625E+00,2.569E+00,1.204E-01,2.674E+00
55,0.000E+00,1.217E-02,0.000E+00,1.108E-02,2.334E-02,2.047E+00,1.735E+00,-6.181E-01,7.660E+00,1.759E+00,3.142E+00,-6.323E-03,2.552E+00,2.454E+00,6.308E-02,3.833E+00,1.679E+00,-4.008E-01,4.168E+00,2.074E+00,3.142E+00,-3.416E-03,2.622E+00,2.567E+00,1.203E-01,2.677E+00
56,0.000E+00,1.267E-02,0.000E+00,1.166E-02,2.446E-02,2.143E+00,1.718E+00,-6.293E-01,8.035E+00,1.813E+00,3.142E+00,-6.470E-03,2.562E+00,2.462E+00,6.270E-02,3.850E+00,1.676E+00,-4.156E-01,4.349E+00,2.081E+00,3.142E+00,-3.398E-03,2.616E+00,2.561E+00,1.200E-01,2.682E+00
57,0.000E+00,1.316E-02,0.000E+00,1.225E-02,2.557E-02,2.239E+00,1.702E+00,-6.406E-01,8.409E+00,1.867E+00,3.142E+00,-6.618E-03,2.573E+00,2.470E+00,6.232E-02,3.866E+00,1.674E+00,-4.304E-01,4.529E+00,2.087E+00,3.142E+00,-3.381E-03,2.610E+00,2.556E+00,1.197E-01,2.688E+00
58,0.000E+00,1.366E-02,0.000E+00,1.284E-02,2.669E-02,2.336E+00,1.687E+00,-6.518E-01,8.784E+00,1.922E+00,3.142E+00,-6.765E-03,2.584E+00,2.478E+00,6.194E-02,3.882E+00,1.672E+00,-4.451E-01,4.709E+00,2.094E+00,3.142E+00,-3.363E-03,2.604E+00,2.550E+00,1.194E-01,2.693E+00
59,0.000E+00,1.391E-02,0.000E+00,1.313E-02,2.725E-02,2.384E+00,1.680E+00,-6.574E-01,8.972E+00,1.949E+00,3.142E+00,-6.839E-03,2.590E+00,2.483E+00,6.175E-02,3.890E+00,1.672E+00,-4.525E-01,4.800E+00,2.097E+00,3.142E+00,-3.354E-03,2.601E+00,2.547E+00,1.192E-01,2.696E+00
60,0.000E+00,1.416E-02,0.000E+00,1.343E-02,2.781E-02,2.432E+00,1.673E+00,-6.631E-01,9.159E+00,1.976E+00,3.142E+00,-6.913E-03,2.595E+00,2.487E+00,6.155E-02,3.899E+00,1.671E+00,-4.599E-01,4.890E+00,2.101E+00,3.142E+00,-3.346E-03,2.598E+00,2.545E+00,1.191E-01,2.698E+00
61,0.000E+00,1.493E-02,0.000E+00,1.436E-02,2.945E-02,2.580E+00,1.657E+00,-6.641E-01,8.803E+00,2.093E+00,3.142E+00,-6.937E-03,2.597E+00,2.488E+00,6.045E-02,3.950E+00,1.659E+00,-4.787E-01,5.279E+00,2.124E+00,3.142E+00,-2.543E-03,2.587E+00,2.547E+00,1.181E-01,2.717E+00
62,0.000E+00,1.570E-02,0.000E+00,1.528E-02,3.110E-02,2.727E+00,1.643E+00,-6.651E-01,8.448E+00,2.210E+00,3.142E+00,-6.962E-03,2.599E+00,2.490E+00,5.935E-02,4.002E+00,1.649E+00,-4.974E-01,5.669E+00,2.147E+00,3.142E+00,-1.741E-03,2.576E+00,2.549E+00,1.171E-01,2.735E+00
63,0.000E+00,1.647E-02,0.000E+00,1.621E-02,3.274E-02,2.875E+00,1.630E+00,-6.661E-01,8.093E+00,2.326E+00,3.142E+00,-6.987E-03,2.602E+00,2.491E+00,5.825E-02,4.054E+00,1.640E+00,-5.161E-01,6.058E+00,2.171E+00,3.142E+00,-9.385E-04,2.566E+00,2.551E+00,1.161E-01,2.753E+00
64,0.000E+00,1.685E-02,0.000E+00,1.668E-02,3.356E-02,2.949E+00,1.624E+00,-6.666E-01,7.915E+00,2.385E+00,3.142E+00,-7.000E-03,2.603E+00,2.492E+00,5.770E-02,4.079E+00,1.636E+00,-5.255E-01,6.253E+00,2.182E+00,3.142E+00,-5.373E-04,2.560E+00,2.552E+00,1.156E-01,2.763E+00
65,0.000E+00,1.724E-02,0.000E+00,1.714E-02,3.438E-02,3.022E+00,1.619E+00,-6.671E-01,7.737E+00,2.443E+00,3.142E+00,-7.012E-03,2.604E+00,2.493E+00,5.715E-02,4.105E+00,1.633E+00,-5.349E-01,6.447E+00,2.194E+00,3.142E+00,-1.361E-04,2.555E+00,2.553E+00,1.152E-01,2.772E+00
66,0.000E+00,1.824E-02,0.000E+00,1.840E-02,3.663E-02,3.221E+00,1.582E+00,-7.132E-01,1.052E+01,2.434E+00,3.142E+00,-6.511E-03,2.623E+00,2.519E+00,5.656E-02,4.136E+00,1.575E+00,-5.797E-01,9.464E+00,2.174E+00,3.142E+00,-1.887E-04,2.549E+00,2.546E+00,1.140E-01,2.796E+00
67,0.000E+00,1.924E-02,0.000E+00,1.966E-02,3.889E-02,3.419E+00,1.562E+00,-7.594E-01,1.330E+01,2.425E+00,3.142E+00,-6.010E-03,2.642E+00,2.545E+00,5.598E-02,4.166E+00,1.547E+00,-6.244E-01,1.248E+01,2.155E+00,3.142E+00,-2.414E-04,2.543E+00,2.539E+00,1.128E-01,2.820E+00
68,0.000E+00,2.024E-02,0.000E+00,2.092E-02,4.114E-02,3.618E+00,1.552E+00,-8.055E-01,1.609E+01,2.416E+00,3.142E+00,-5.509E-03,2.661E+00,2.571E+00,5.539E-02,4.196E+00,1.535E+00,-6.692E-01,1.550E+01,2.135E+00,3.142E+00,-2.941E-04,2.537E+00,2.532E+00,1.116E-01,2.844E+00
69,0.000E+00,2.074E-02,0.000E+00,2.155E-02,4.227E-02,3.717E+00,1.550E+00,-8.285E-01,1.748E+01,2.411E+00,3.142E+00,-5.258E-03,2.670E+00,2.584E+00,5.509E-02,4.211E+00,1.533E+00,-6.916E-01,1.701E+01,2.125E+00,3.142E+00,-3.204E-04,2.534E+00,2.529E+00,1.110E-01,2.856E+00
70,0.000E+00,2.124E-02,0.000E+00,2.218E-02,4.339E-02,3.816E+00,1.549E+00,-8.516E-01,1.887E+01,2.406E+00,3.142E+00,-5.008E-03,2.679E+00,2.597E+00,5.480E-02,4.226E+00,1.532E+00,-7.140E-01,1.852E+01,2.116E+00,3.142E+00,-3.468E-04,2.531E+00,2.525E+00,1.104E-01,2.868E+00
71,0.000E+00,2.201E-02,0.000E+00,2.364E-02,4.562E-02,4.012E+00,1.511E+00,-8.823E-01,2.430E+01,2.469E+00,3.142E+00,-3.327E-03,2.585E+00,2.531E+00,5.417E-02,4.260E+00,1.510E+00,-7.186E-01,1.982E+01,2.179E+00,3.142E+00,-6.013E-04,2.500E+00,2.491E+00,1.096E-01,2.883E+00
72,0.000E+00,2.278E-02,0.000E+00,2.511E-02,4.785E-02,4.209E+00,1.484E+00,-9.131E-01,2.973E+01,2.531E+00,3.142E+00,-1.647E-03,2.491E+00,2.466E+00,5.355E-02,4.294E+00,1.488E+00,-7.232E-01,2.113E+01,2.242E+00,3.142E+00,-8.559E-04,2.470E+00,2.457E+00,1.089E-01,2.898E+00
73,0.000E+00,2.383E-02,0.000E+00,2.636E-02,5.022E-02,4.413E+00,1.439E+00,-9.230E-01,3.379E+01,2.706E+00,3.142E+00,-3.217E-03,2.555E+00,2.503E+00,5.152E-02,4.412E+00,1.449E+00,-7.254E-01,2.240E+01,2.403E+00,3.142E+00,9.661E-04,2.454E+00,2.469E+00,1.076E-01,2.927E+00
74,0.000E+00,2.487E-02,0.000E+00,2.762E-02,5.260E-02,4.618E+00,1.399E+00,-9.328E-01,3.786E+01,2.881E+00,3.142E+00,-4.787E-03,2.618E+00,2.541E+00,4.949E-02,4.531E+00,1.413E+00,-7.276E-01,2.367E+01,2.564E+00,3.142E+00,2.788E-03,2.438E+00,2.480E+00,1.063E-01,2.955E+00
75,0.000E+00,2.584E-02,0.000E+00,2.902E-02,5.498E-02,4.826E+00,1.354E+00,-9.308E-01,3.935E+01,3.142E+00,3.142E+00,-2.305E-03,2.574E+00,2.537E+00,4.948E-02,4.531E+00,1.381E+00,-7.132E-01,2.272E+01,2.759E+00,3.142E+00,9.440E-03,2.296E+00,2.428E+00,1.051E-01,2.981E+00
76,0.000E+00,2.680E-02,0.000E+00,3.041E-02,5.736E-02,5.034E+00,1.313E+00,-9.287E-01,4.085E+01,3.403E+00,3.142E+00,1.783E-04,2.530E+00,2.532E+00,4.948E-02,4.532E+00,1.352E+00,-6.989E-01,2.178E+01,2.955E+00,3.142E+00,1.609E-02,2.154E+00,2.376E+00,1.040E-01,3.006E+00
77,0.000E+00,2.749E-02,0.000E+00,3.198E-02,5.954E-02,5.230E+00,1.259E+00,-9.128E-01,3.871E+01,3.867E+00,3.142E+00,3.206E-03,2.439E+00,2.486E+00,4.713E-02,4.689E+00,1.315E+00,-6.886E-01,2.095E+01,3.249E+00,3.142E+00,1.080E-02,2.205E+00,2.355E+00,1.015E-01,3.066E+00
78,0.000E+00,2.817E-02,0.000E+00,3.355E-02,6.172E-02,5.425E+00,1.214E+00,-8.969E-01,3.658E+01,4.332E+00,3.142E+00,6.234E-03,2.348E+00,2.440E+00,4.478E-02,4.846E+00,1.283E+00,-6.784E-01,2.012E+01,3.542E+00,3.142E+00,5.503E-03,2.257E+00,2.334E+00,9.903E-02,3.126E+00
79,0.000E+00,2.870E-02,0.000E+00,3.446E-02,6.314E-02,5.552E+00,1.152E+00,-8.939E-01,3.690E+01,5.054E+00,3.142E+00,8.864E-03,2.276E+00,2.402E+00,4.267E-02,5.010E+00,1.242E+00,-6.610E-01,1.870E+01,3.997E+00,3.142E+00,1.014E-02,2.157E+00,2.291E+00,9.807E-02,3.150E+00
80,0.000E+00,2.924E-02,0.000E+00,3.537E-02,6.457E-02,5.678E+00,1.100E+00,-8.909E-01,3.722E+01,5.777E+00,3.142E+00,1.149E-02,2.203E+00,2.364E+00,4.057E-02,5.173E+00,1.209E+00,-6.437E-01,1.728E+01,4.452E+00,3.142E+00,1.477E-02,2.057E+00,2.248E+00,9.711E-02,3.174E+00
81,0.000E+00,2.849E-02,0.000E+00,3.559E-02,6.404E-02,5.632E+00,1.013E+00,-8.717E-01,3.471E+01,7.541E+00,3.142E+00,1.571E-02,2.153E+00,2.369E+00,3.894E-02,5.320E+00,1.154E+00,-6.326E-01,1.712E+01,5.177E+00,3.142E+00,3.531E-02,1.795E+00,2.198E+00,9.373E-02,3.267E+00
82,0.000E+00,2.775E-02,0.000E+00,3.582E-02,6.351E-02,5.586E+00,9.530E-01,-8.526E-01,3.219E+01,9.304E+00,3.142E+00,1.994E-02,2.103E+00,2.374E+00,3.730E-02,5.466E+00,1.107E+00,-6.215E-01,1.697E+01,5.903E+00,3.142E+00,5.586E-02,1.533E+00,2.148E+00,9.034E-02,3.360E+00
83,0.000E+00,2.458E-02,0.000E+00,3.293E-02,5.742E-02,5.053E+00,8.462E-01,-8.222E-01,2.855E+01,1.441E+01,3.142E+00,5.136E-02,1.774E+00,2.391E+00,3.447E-02,5.769E+00,1.016E+00,-6.005E-01,1.571E+01,8.199E+00,3.142E+00,7.037E-02,1.354E+00,2.057E+00,8.727E-02,3.454E+00
84,0.000E+00,2.142E-02,0.000E+00,3.004E-02,5.133E-02,4.520E+00,7.925E-01,-7.917E-01,2.490E+01,1.951E+01,3.142E+00,8.279E-02,1.445E+00,2.409E+00,3.164E-02,6.072E+00,9.593E-01,-5.795E-01,1.445E+01,1.049E+01,3.142E+00,8.489E-02,1.176E+00,1.966E+00,8.420E-02,3.549E+00
85,0.000E+00,1.527E-02,0.000E+00,2.121E-02,3.644E-02,3.206E+00,7.122E-01,-7.530E-01,1.957E+01,3.696E+01,3.142E+00,8.590E-02,1.357E+00,2.276E+00,2.719E-02,6.753E+00,9.079E-01,-5.623E-01,1.248E+01,1.460E+01,3.142E+00,8.695E-02,1.074E+00,1.801E+00,7.607E-02,3.867E+00
86,0.000E+00,9.120E-03,0.000E+00,1.239E-02,2.154E-02,1.892E+00,7.115E-01,-7.142E-01,1.423E+01,5.440E+01,3.142E+00,8.901E-02,1.269E+00,2.143E+00,2.273E-02,7.434E+00,8.901E-01,-5.451E-01,1.051E+01,1.870E+01,3.142E+00,8.901E-02,9.733E-01,1.635E+00,6.794E-02,4.185E+00
87,0.000E+00,4.655E-03,0.000E+00,6.402E-03,1.112E-02,9.741E-01,7.599E-01,-7.446E-01,1.185E+01,5.121E+01,3.142E+00,8.901E-02,1.187E+00,2.008E+00,1.713E-02,9.139E+00,9.623E-01,-6.139E-01,1.062E+01,1.460E+01,3.142E+00,8.901E-02,1.039E+00,1.754E+00,6.015E-02,4.634E+00
88,0.000E+00,1.906E-04,0.000E+00,4.148E-04,7.016E-04,5.631E-02,8.112E-01,-7.751E-01,9.470E+00,4.802E+01,3.142E+00,8.901E-02,1.105E+00,1.874E+00,1.152E-02,1.084E+01,1.061E+00,-6.827E-01,1.074E+01,1.051E+01,3.142E+00,8.901E-02,1.105E+00,1.874E+00,5.237E-02,5.083E+00
89,0.000E+00,0.000E+00,0.000E+00,1.563E-05,2.812E-05,1.774E-03,3.142E+00,0.000E+00,0.000E+00,0.000E+00,0.000E+00,0.000E+00,0.000E+00,0.000E+00,0.000E+00,0.000E+00,3.142E+00,0.000E+00,0.000E+00,0.000E+00,0.000E+00,0.000E+00,0.000E+00,0.000E+00,0.000E+00,0.000E+00
