alpha,H,Ti,S,Ti_1,S_1,amu/ion,phiK_S,phiTilt_S,phiM_S,phiN_S,thetaK_S,thetaTilt_S,thetaM_S,thetaN_S,energyK_S,energyE_S,phiK_Ti,phiTilt_Ti,phiM_Ti,phiN_Ti,thetaK_Ti,thetaTilt_Ti,thetaM_Ti,thetaN_Ti,energyK_Ti,energyE_Ti
0,0.000E+00,1.807E-03,0.000E+00,1.196E-03,3.414E-03,2.533E-01,1.828E+00,1.299E-02,1.253E+00,1.389E+00,3.142E+00,-4.464E-04,2.313E+00,2.307E+00,1.164E-01,2.748E+00,1.924E+00,-1.565E-02,1.278E+00,1.062E+00,3.142E+00,-4.032E-07,2.147E+00,2.147E+00,4.269E-02,5.252E+00
1,0.000E+00,1.823E-03,0.000E+00,1.207E-03,3.433E-03,2.552E-01,1.812E+00,-7.439E-03,1.356E+00,1.391E+00,3.142E+00,-1.110E-04,2.308E+00,2.306E+00,1.161E-01,2.755E+00,1.918E+00,-3.370E-02,1.352E+00,1.094E+00,3.142E+00,-2.943E-04,2.166E+00,2.162E+00,4.261E-02,5.259E+00
2,0.000E+00,1.839E-03,0.000E+00,1.218E-03,3.452E-03,2.571E-01,1.811E+00,-2.787E-02,1.459E+00,1.393E+00,3.142E+00,2.244E-04,2.302E+00,2.305E+00,1.157E-01,2.761E+00,1.913E+00,-5.175E-02,1.425E+00,1.127E+00,3.142E+00,-5.881E-04,2.184E+00,2.176E+00,4.253E-02,5.266E+00
3,0.000E+00,1.855E-03,0.000E+00,1.228E-03,3.470E-03,2.590E-01,1.811E+00,-4.829E-02,1.562E+00,1.395E+00,3.142E+00,5.597E-04,2.296E+00,2.304E+00,1.154E-01,2.768E+00,1.907E+00,-6.981E-02,1.499E+00,1.159E+00,3.142E+00,-8.820E-04,2.202E+00,2.190E+00,4.245E-02,5.273E+00
4,0.000E+00,1.863E-03,0.000E+00,1.234E-03,3.480E-03,2.599E-01,1.812E+00,-5.851E-02,1.613E+00,1.396E+00,3.142E+00,7.274E-04,2.294E+00,2.304E+00,1.152E-01,2.772E+00,1.905E+00,-7.884E-02,1.536E+00,1.175E+00,3.142E+00,-1.029E-03,2.211E+00,2.197E+00,4.241E-02,5.276E+00
5,0.000E+00,1.871E-03,0.000E+00,1.239E-03,3.489E-03,2.608E-01,1.812E+00,-6.872E-02,1.665E+00,1.397E+00,3.142E+00,8.951E-04,2.291E+00,2.303E+00,1.150E-01,2.775E+00,1.902E+00,-8.786E-02,1.572E+00,1.192E+00,3.142E+00,-1.176E-03,2.220E+00,2.204E+00,4.237E-02,5.280E+00
6,0.000E+00,1.887E-03,0.000E+00,1.250E-03,3.508E-03,2.627E-01,1.814E+00,-8.915E-02,1.768E+00,1.399E+00,3.142E+00,1.230E-03,2.285E+00,2.302E+00,1.146E-01,2.782E+00,1.897E+00,-1.059E-01,1.646E+00,1.224E+00,3.142E+00,-1.470E-03,2.238E+00,2.218E+00,4.228E-02,5.286E+00
7,0.000E+00,1.903E-03,0.000E+00,1.261E-03,3.527E-03,2.646E-01,1.816E+00,-1.096E-01,1.871E+00,1.401E+00,3.142E+00,1.566E-03,2.279E+00,2.301E+00,1.143E-01,2.789E+00,1.893E+00,-1.240E-01,1.719E+00,1.257E+00,3.142E+00,-1.764E-03,2.256E+00,2.232E+00,4.220E-02,5.293E+00
8,0.000E+00,1.919E-03,0.000E+00,1.271E-03,3.545E-03,2.665E-01,1.818E+00,-1.300E-01,1.974E+00,1.403E+00,3.142E+00,1.901E-03,2.274E+00,2.300E+00,1.139E-01,2.796E+00,1.888E+00,-1.420E-01,1.793E+00,1.289E+00,3.142E+00,-2.057E-03,2.274E+00,2.246E+00,4.212E-02,5.300E+00
9,0.000E+00,1.927E-03,0.000E+00,1.277E-03,3.555E-03,2.674E-01,1.820E+00,-1.402E-01,2.025E+00,1.404E+00,3.142E+00,2.069E-03,2.271E+00,2.300E+00,1.138E-01,2.799E+00,1.886E+00,-1.511E-01,1.830E+00,1.306E+00,3.142E+00,-2.204E-03,2.283E+00,2.253E+00,4.208E-02,5.304E+00
10,0.000E+00,1.935E-03,0.000E+00,1.282E-03,3.564E-03,2.684E-01,1.822E+00,-1.504E-01,2.077E+00,1.405E+00,3.142E+00,2.236E-03,2.268E+00,2.299E+00,1.136E-01,2.803E+00,1.884E+00,-1.601E-01,1.866E+00,1.322E+00,3.142E+00,-2.351E-03,2.292E+00,2.260E+00,4.204E-02,5.307E+00
11,0.000E+00,1.992E-03,0.000E+00,1.318E-03,3.650E-03,2.755E-01,1.813E+00,-1.758E-01,2.305E+00,1.405E+00,3.142E+00,1.857E-03,2.279E+00,2.304E+00,1.133E-01,2.809E+00,1.877E+00,-1.938E-01,2.133E+00,1.310E+00,3.142E+00,-2.109E-03,2.283E+00,2.254E+00,4.174E-02,5.334E+00
12,0.000E+00,2.048E-03,0.000E+00,1.353E-03,3.735E-03,2.827E-01,1.808E+00,-2.012E-01,2.533E+00,1.404E+00,3.142E+00,1.478E-03,2.289E+00,2.310E+00,1.130E-01,2.815E+00,1.875E+00,-2.276E-01,2.400E+00,1.299E+00,3.142E+00,-1.866E-03,2.274E+00,2.249E+00,4.144E-02,5.361E+00
13,0.000E+00,2.104E-03,0.000E+00,1.389E-03,3.821E-03,2.898E-01,1.804E+00,-2.266E-01,2.762E+00,1.404E+00,3.142E+00,1.099E-03,2.300E+00,2.315E+00,1.127E-01,2.821E+00,1.876E+00,-2.613E-01,2.666E+00,1.288E+00,3.142E+00,-1.623E-03,2.266E+00,2.243E+00,4.113E-02,5.388E+00
14,0.000E+00,2.132E-03,0.000E+00,1.407E-03,3.864E-03,2.934E-01,1.804E+00,-2.393E-01,2.876E+00,1.404E+00,3.142E+00,9.097E-04,2.305E+00,2.317E+00,1.125E-01,2.824E+00,1.877E+00,-2.782E-01,2.800E+00,1.282E+00,3.142E+00,-1.502E-03,2.261E+00,2.241E+00,4.098E-02,5.401E+00
15,0.000E+00,2.161E-03,0.000E+00,1.425E-03,3.907E-03,2.970E-01,1.803E+00,-2.519E-01,2.990E+00,1.404E+00,3.142E+00,7.201E-04,2.310E+00,2.320E+00,1.124E-01,2.827E+00,1.880E+00,-2.951E-01,2.933E+00,1.276E+00,3.142E+00,-1.380E-03,2.257E+00,2.238E+00,4.083E-02,5.415E+00
16,0.000E+00,2.217E-03,0.000E+00,1.460E-03,3.992E-03,3.041E-01,1.803E+00,-2.773E-01,3.218E+00,1.403E+00,3.142E+00,3.410E-04,2.321E+00,2.325E+00,1.121E-01,2.833E+00,1.886E+00,-3.288E-01,3.200E+00,1.265E+00,3.142E+00,-1.138E-03,2.248E+00,2.233E+00,4.053E-02,5.442E+00
17,0.000E+00,2.273E-03,0.000E+00,1.496E-03,4.078E-03,3.113E-01,1.805E+00,-3.027E-01,3.447E+00,1.403E+00,3.142E+00,-3.806E-05,2.331E+00,2.330E+00,1.118E-01,2.839E+00,1.894E+00,-3.626E-01,3.466E+00,1.253E+00,3.142E+00,-8.948E-04,2.239E+00,2.227E+00,4.023E-02,5.469E+00
18,0.000E+00,2.330E-03,0.000E+00,1.532E-03,4.164E-03,3.184E-01,1.808E+00,-3.281E-01,3.675E+00,1.402E+00,3.142E+00,-4.172E-04,2.342E+00,2.336E+00,1.115E-01,2.845E+00,1.903E+00,-3.964E-01,3.733E+00,1.242E+00,3.142E+00,-6.520E-04,2.230E+00,2.222E+00,3.993E-02,5.496E+00
19,0.000E+00,2.358E-03,0.000E+00,1.549E-03,4.206E-03,3.220E-01,1.810E+00,-3.408E-01,3.789E+00,1.402E+00,3.142E+00,-6.067E-04,2.347E+00,2.338E+00,1.113E-01,2.848E+00,1.908E+00,-4.132E-01,3.866E+00,1.236E+00,3.142E+00,-5.306E-04,2.226E+00,2.219E+00,3.978E-02,5.509E+00
20,0.000E+00,2.386E-03,0.000E+00,1.567E-03,4.249E-03,3.256E-01,1.811E+00,-3.535E-01,3.903E+00,1.402E+00,3.142E+00,-7.962E-04,2.352E+00,2.341E+00,1.112E-01,2.851E+00,1.914E+00,-4.301E-01,4.000E+00,1.230E+00,3.142E+00,-4.093E-04,2.222E+00,2.216E+00,3.963E-02,5.522E+00
21,0.000E+00,2.452E-03,0.000E+00,1.629E-03,4.381E-03,3.360E-01,1.802E+00,-3.524E-01,3.881E+00,1.439E+00,3.142E+00,-9.487E-04,2.364E+00,2.350E+00,1.106E-01,2.862E+00,1.904E+00,-4.444E-01,4.241E+00,1.247E+00,3.142E+00,-7.161E-04,2.227E+00,2.218E+00,3.931E-02,5.554E+00
22,0.000E+00,2.518E-03,0.000E+00,1.692E-03,4.513E-03,3.464E-01,1.793E+00,-3.513E-01,3.858E+00,1.475E+00,3.142E+00,-1.101E-03,2.376E+00,2.359E+00,1.101E-01,2.874E+00,1.895E+00,-4.588E-01,4.482E+00,1.263E+00,3.142E+00,-1.023E-03,2.233E+00,2.219E+00,3.899E-02,5.585E+00
23,0.000E+00,2.584E-03,0.000E+00,1.754E-03,4.646E-03,3.567E-01,1.785E+00,-3.503E-01,3.835E+00,1.512E+00,3.142E+00,-1.254E-03,2.387E+00,2.369E+00,1.096E-01,2.885E+00,1.887E+00,-4.731E-01,4.723E+00,1.279E+00,3.142E+00,-1.330E-03,2.239E+00,2.221E+00,3.867E-02,5.616E+00
24,0.000E+00,2.617E-03,0.000E+00,1.785E-03,4.712E-03,3.619E-01,1.781E+00,-3.497E-01,3.824E+00,1.531E+00,3.142E+00,-1.330E-03,2.393E+00,2.373E+00,1.093E-01,2.891E+00,1.883E+00,-4.803E-01,4.844E+00,1.288E+00,3.142E+00,-1.483E-03,2.242E+00,2.222E+00,3.851E-02,5.632E+00
25,0.000E+00,2.650E-03,0.000E+00,1.816E-03,4.778E-03,3.671E-01,1.777E+00,-3.492E-01,3.813E+00,1.549E+00,3.142E+00,-1.406E-03,2.399E+00,2.378E+00,1.090E-01,2.896E+00,1.879E+00,-4.874E-01,4.964E+00,1.296E+00,3.142E+00,-1.637E-03,2.245E+00,2.223E+00,3.835E-02,5.648E+00
26,0.000E+00,2.717E-03,0.000E+00,1.879E-03,4.910E-03,3.775E-01,1.768E+00,-3.481E-01,3.790E+00,1.586E+00,3.142E+00,-1.559E-03,2.410E+00,2.387E+00,1.085E-01,2.908E+00,1.873E+00,-5.017E-01,5.205E+00,1.312E+00,3.142E+00,-1.943E-03,2.251E+00,2.224E+00,3.804E-02,5.679E+00
27,0.000E+00,2.783E-03,0.000E+00,1.941E-03,5.042E-03,3.879E-01,1.761E+00,-3.471E-01,3.768E+00,1.623E+00,3.142E+00,-1.711E-03,2.422E+00,2.397E+00,1.080E-01,2.919E+00,1.867E+00,-5.161E-01,5.446E+00,1.328E+00,3.142E+00,-2.250E-03,2.257E+00,2.226E+00,3.772E-02,5.710E+00
28,0.000E+00,2.849E-03,0.000E+00,2.003E-03,5.174E-03,3.983E-01,1.753E+00,-3.460E-01,3.745E+00,1.659E+00,3.142E+00,-1.864E-03,2.433E+00,2.406E+00,1.074E-01,2.930E+00,1.861E+00,-5.304E-01,5.687E+00,1.345E+00,3.142E+00,-2.557E-03,2.262E+00,2.228E+00,3.740E-02,5.741E+00
29,0.000E+00,2.882E-03,0.000E+00,2.034E-03,5.240E-03,4.035E-01,1.749E+00,-3.455E-01,3.734E+00,1.678E+00,3.142E+00,-1.940E-03,2.439E+00,2.410E+00,1.072E-01,2.936E+00,1.858E+00,-5.376E-01,5.808E+00,1.353E+00,3.142E+00,-2.710E-03,2.265E+00,2.229E+00,3.724E-02,5.757E+00
30,0.000E+00,2.915E-03,0.000E+00,2.066E-03,5.306E-03,4.087E-01,1.746E+00,-3.449E-01,3.722E+00,1.696E+00,3.142E+00,-2.016E-03,2.445E+00,2.415E+00,1.069E-01,2.942E+00,1.856E+00,-5.447E-01,5.929E+00,1.361E+00,3.142E+00,-2.864E-03,2.268E+00,2.229E+00,3.708E-02,5.773E+00
31,0.000E+00,3.143E-03,0.000E+00,2.277E-03,5.724E-03,4.431E-01,1.741E+00,-3.411E-01,3.654E+00,1.726E+00,3.142E+00,-1.151E-03,2.428E+00,2.410E+00,1.064E-01,2.953E+00,1.847E+00,-5.535E-01,6.072E+00,1.389E+00,3.142E+00,-2.784E-03,2.271E+00,2.234E+00,3.669E-02,5.816E+00
32,0.000E+00,3.257E-03,0.000E+00,2.382E-03,5.933E-03,4.604E-01,1.739E+00,-3.392E-01,3.619E+00,1.741E+00,3.142E+00,-7.186E-04,2.419E+00,2.408E+00,1.061E-01,2.959E+00,1.843E+00,-5.578E-01,6.144E+00,1.403E+00,3.142E+00,-2.744E-03,2.273E+00,2.236E+00,3.649E-02,5.837E+00
33,0.000E+00,3.371E-03,0.000E+00,2.488E-03,6.143E-03,4.776E-01,1.737E+00,-3.373E-01,3.585E+00,1.756E+00,3.142E+00,-2.861E-04,2.411E+00,2.406E+00,1.059E-01,2.965E+00,1.839E+00,-5.622E-01,6.216E+00,1.417E+00,3.142E+00,-2.704E-03,2.275E+00,2.238E+00,3.630E-02,5.859E+00
34,0.000E+00,3.485E-03,0.000E+00,2.594E-03,6.352E-03,4.948E-01,1.735E+00,-3.354E-01,3.550E+00,1.771E+00,3.142E+00,1.464E-04,2.402E+00,2.403E+00,1.056E-01,2.971E+00,1.835E+00,-5.666E-01,6.288E+00,1.431E+00,3.142E+00,-2.664E-03,2.276E+00,2.240E+00,3.610E-02,5.880E+00
35,0.000E+00,3.600E-03,0.000E+00,2.699E-03,6.561E-03,5.121E-01,1.733E+00,-3.335E-01,3.516E+00,1.786E+00,3.142E+00,5.789E-04,2.394E+00,2.401E+00,1.054E-01,2.976E+00,1.831E+00,-5.709E-01,6.360E+00,1.445E+00,3.142E+00,-2.624E-03,2.278E+00,2.242E+00,3.591E-02,5.902E+00
36,0.000E+00,3.714E-03,0.000E+00,2.805E-03,6.770E-03,5.293E-01,1.732E+00,-3.316E-01,3.481E+00,1.802E+00,3.142E+00,1.011E-03,2.385E+00,2.399E+00,1.051E-01,2.982E+00,1.827E+00,-5.753E-01,6.431E+00,1.459E+00,3.142E+00,-2.584E-03,2.280E+00,2.244E+00,3.571E-02,5.923E+00
37,0.000E+00,3.828E-03,0.000E+00,2.911E-03,6.979E-03,5.465E-01,1.730E+00,-3.297E-01,3.447E+00,1.817E+00,3.142E+00,1.444E-03,2.376E+00,2.396E+00,1.049E-01,2.988E+00,1.824E+00,-5.797E-01,6.503E+00,1.473E+00,3.142E+00,-2.544E-03,2.281E+00,2.247E+00,3.552E-02,5.945E+00
38,0.000E+00,3.942E-03,0.000E+00,3.016E-03,7.188E-03,5.637E-01,1.728E+00,-3.278E-01,3.413E+00,1.832E+00,3.142E+00,1.876E-03,2.368E+00,2.394E+00,1.046E-01,2.994E+00,1.820E+00,-5.841E-01,6.575E+00,1.487E+00,3.142E+00,-2.504E-03,2.283E+00,2.249E+00,3.532E-02,5.966E+00
39,0.000E+00,4.056E-03,0.000E+00,3.122E-03,7.397E-03,5.810E-01,1.727E+00,-3.259E-01,3.378E+00,1.847E+00,3.142E+00,2.309E-03,2.359E+00,2.392E+00,1.043E-01,2.999E+00,1.816E+00,-5.884E-01,6.647E+00,1.501E+00,3.142E+00,-2.464E-03,2.285E+00,2.251E+00,3.513E-02,5.988E+00
40,0.000E+00,4.170E-03,0.000E+00,3.227E-03,7.606E-03,5.982E-01,1.725E+00,-3.240E-01,3.344E+00,1.862E+00,3.142E+00,2.741E-03,2.351E+00,2.390E+00,1.041E-01,3.005E+00,1.813E+00,-5.928E-01,6.719E+00,1.515E+00,3.142E+00,-2.424E-03,2.286E+00,2.253E+00,3.493E-02,6.009E+00
41,0.000E+00,4.284E-03,0.000E+00,3.333E-03,7.815E-03,6.154E-01,1.724E+00,-3.221E-01,3.309E+00,1.877E+00,3.142E+00,3.174E-03,2.342E+00,2.387E+00,1.038E-01,3.011E+00,1.809E+00,-5.972E-01,6.790E+00,1.529E+00,3.142E+00,-2.384E-03,2.288E+00,2.255E+00,3.474E-02,6.031E+00
42,0.000E+00,4.398E-03,0.000E+00,3.439E-03,8.024E-03,6.326E-01,1.722E+00,-3.202E-01,3.275E+00,1.892E+00,3.142E+00,3.606E-03,2.334E+00,2.385E+00,1.036E-01,3.017E+00,1.805E+00,-6.015E-01,6.862E+00,1.542E+00,3.142E+00,-2.344E-03,2.289E+00,2.257E+00,3.454E-02,6.052E+00
43,0.000E+00,4.512E-03,0.000E+00,3.544E-03,8.233E-03,6.499E-01,1.721E+00,-3.183E-01,3.240E+00,1.907E+00,3.142E+00,4.039E-03,2.325E+00,2.383E+00,1.033E-01,3.022E+00,1.802E+00,-6.059E-01,6.934E+00,1.556E+00,3.142E+00,-2.304E-03,2.291E+00,2.259E+00,3.435E-02,6.074E+00
44,0.000E+00,4.627E-03,0.000E+00,3.650E-03,8.442E-03,6.671E-01,1.719E+00,-3.164E-01,3.206E+00,1.922E+00,3.142E+00,4.471E-03,2.316E+00,2.380E+00,1.031E-01,3.028E+00,1.798E+00,-6.103E-01,7.006E+00,1.570E+00,3.142E+00,-2.264E-03,2.293E+00,2.262E+00,3.415E-02,6.095E+00
45,0.000E+00,4.741E-03,0.000E+00,3.755E-03,8.652E-03,6.843E-01,1.718E+00,-3.145E-01,3.172E+00,1.937E+00,3.142E+00,4.904E-03,2.308E+00,2.378E+00,1.028E-01,3.034E+00,1.795E+00,-6.146E-01,7.078E+00,1.584E+00,3.142E+00,-2.224E-03,2.294E+00,2.264E+00,3.396E-02,6.117E+00
46,0.000E+00,5.024E-03,0.000E+00,3.977E-03,9.125E-03,7.237E-01,1.713E+00,-3.110E-01,3.118E+00,1.979E+00,3.142E+00,3.967E-03,2.335E+00,2.391E+00,1.022E-01,3.048E+00,1.784E+00,-5.936E-01,6.439E+00,1.656E+00,3.142E+00,-1.401E-03,2.292E+00,2.273E+00,3.413E-02,6.097E+00
47,0.000E+00,5.307E-03,0.000E+00,4.199E-03,9.599E-03,7.631E-01,1.707E+00,-3.075E-01,3.064E+00,2.021E+00,3.142E+00,3.030E-03,2.361E+00,2.405E+00,1.016E-01,3.062E+00,1.777E+00,-5.726E-01,5.801E+00,1.728E+00,3.142E+00,-5.772E-04,2.290E+00,2.282E+00,3.430E-02,6.077E+00
48,0.000E+00,5.590E-03,0.000E+00,4.421E-03,1.007E-02,8.024E-01,1.702E+00,-3.040E-01,3.010E+00,2.063E+00,3.142E+00,2.094E-03,2.388E+00,2.418E+00,1.010E-01,3.076E+00,1.774E+00,-5.516E-01,5.163E+00,1.799E+00,3.142E+00,2.464E-04,2.287E+00,2.291E+00,3.448E-02,6.057E+00
49,0.000E+00,5.731E-03,0.000E+00,4.532E-03,1.031E-02,8.221E-01,1.700E+00,-3.023E-01,2.983E+00,2.084E+00,3.142E+00,1.625E-03,2.401E+00,2.425E+00,1.008E-01,3.083E+00,1.775E+00,-5.411E-01,4.844E+00,1.835E+00,3.142E+00,6.582E-04,2.286E+00,2.295E+00,3.456E-02,6.047E+00
50,0.000E+00,5.873E-03,0.000E+00,4.643E-03,1.055E-02,8.418E-01,1.698E+00,-3.006E-01,2.956E+00,2.105E+00,3.142E+00,1.157E-03,2.415E+00,2.432E+00,1.005E-01,3.090E+00,1.777E+00,-5.306E-01,4.525E+00,1.871E+00,3.142E+00,1.070E-03,2.285E+00,2.300E+00,3.465E-02,6.037E+00
51,0.000E+00,6.234E-03,0.000E+00,5.003E-03,1.126E-02,8.991E-01,1.673E+00,-3.275E-01,3.577E+00,2.049E+00,3.142E+00,8.148E-04,2.429E+00,2.441E+00,1.005E-01,3.089E+00,1.762E+00,-5.488E-01,5.170E+00,1.847E+00,3.142E+00,1.212E-03,2.287E+00,2.304E+00,3.447E-02,6.058E+00
52,0.000E+00,6.596E-03,0.000E+00,5.363E-03,1.197E-02,9.564E-01,1.659E+00,-3.544E-01,4.198E+00,1.993E+00,3.142E+00,4.725E-04,2.444E+00,2.451E+00,1.006E-01,3.087E+00,1.751E+00,-5.670E-01,5.815E+00,1.824E+00,3.142E+00,1.353E-03,2.288E+00,2.307E+00,3.429E-02,6.080E+00
53,0.000E+00,6.957E-03,0.000E+00,5.723E-03,1.268E-02,1.014E+00,1.652E+00,-3.813E-01,4.819E+00,1.936E+00,3.142E+00,1.302E-04,2.459E+00,2.461E+00,1.007E-01,3.085E+00,1.743E+00,-5.852E-01,6.459E+00,1.800E+00,3.142E+00,1.494E-03,2.290E+00,2.311E+00,3.410E-02,6.101E+00
54,0.000E+00,7.138E-03,0.000E+00,5.904E-03,1.303E-02,1.042E+00,1.651E+00,-3.948E-01,5.130E+00,1.908E+00,3.142E+00,-4.099E-05,2.466E+00,2.465E+00,1.007E-01,3.084E+00,1.740E+00,-5.942E-01,6.782E+00,1.789E+00,3.142E+00,1.565E-03,2.291E+00,2.313E+00,3.401E-02,6.112E+00
55,0.000E+00,7.319E-03,0.000E+00,6.084E-03,1.338E-02,1.071E+00,1.651E+00,-4.082E-01,5.440E+00,1.880E+00,3.142E+00,-2.121E-04,2.474E+00,2.470E+00,1.007E-01,3.084E+00,1.738E+00,-6.033E-01,7.104E+00,1.777E+00,3.142E+00,1.636E-03,2.292E+00,2.315E+00,3.392E-02,6.123E+00
56,0.000E+00,7.680E-03,0.000E+00,6.444E-03,1.409E-02,1.128E+00,1.655E+00,-4.352E-01,6.061E+00,1.824E+00,3.142E+00,-5.544E-04,2.489E+00,2.480E+00,1.008E-01,3.082E+00,1.736E+00,-6.215E-01,7.749E+00,1.753E+00,3.142E+00,1.777E-03,2.294E+00,2.319E+00,3.374E-02,6.144E+00
57,0.000E+00,8.042E-03,0.000E+00,6.804E-03,1.480E-02,1.186E+00,1.662E+00,-4.621E-01,6.682E+00,1.767E+00,3.142E+00,-8.967E-04,2.504E+00,2.489E+00,1.009E-01,3.080E+00,1.735E+00,-6.397E-01,8.394E+00,1.730E+00,3.142E+00,1.919E-03,2.295E+00,2.322E+00,3.355E-02,6.166E+00
58,0.000E+00,8.403E-03,0.000E+00,7.164E-03,1.551E-02,1.243E+00,1.672E+00,-4.890E-01,7.303E+00,1.711E+00,3.142E+00,-1.239E-03,2.518E+00,2.499E+00,1.009E-01,3.079E+00,1.736E+00,-6.579E-01,9.039E+00,1.706E+00,3.142E+00,2.060E-03,2.297E+00,2.326E+00,3.337E-02,6.187E+00
59,0.000E+00,8.584E-03,0.000E+00,7.344E-03,1.587E-02,1.272E+00,1.679E+00,-5.025E-01,7.614E+00,1.683E+00,3.142E+00,-1.410E-03,2.526E+00,2.504E+00,1.010E-01,3.078E+00,1.738E+00,-6.670E-01,9.362E+00,1.694E+00,3.142E+00,2.131E-03,2.298E+00,2.328E+00,3.328E-02,6.198E+00
60,0.000E+00,8.765E-03,0.000E+00,7.524E-03,1.622E-02,1.300E+00,1.686E+00,-5.159E-01,7.924E+00,1.655E+00,3.142E+00,-1.581E-03,2.533E+00,2.509E+00,1.010E-01,3.077E+00,1.739E+00,-6.761E-01,9.684E+00,1.683E+00,3.142E+00,2.202E-03,2.299E+00,2.330E+00,3.319E-02,6.209E+00
61,0.000E+00,9.315E-03,0.000E+00,8.128E-03,1.736E-02,1.392E+00,1.660E+00,-5.465E-01,1.013E+01,1.616E+00,3.142E+00,-7.641E-04,2.513E+00,2.501E+00,1.008E-01,3.082E+00,1.680E+00,-7.181E-01,1.550E+01,1.649E+00,3.142E+00,2.500E-03,2.295E+00,2.330E+00,3.327E-02,6.199E+00
62,0.000E+00,9.865E-03,0.000E+00,8.732E-03,1.849E-02,1.484E+00,1.649E+00,-5.771E-01,1.233E+01,1.577E+00,3.142E+00,5.318E-05,2.492E+00,2.493E+00,1.006E-01,3.088E+00,1.657E+00,-7.600E-01,2.132E+01,1.615E+00,3.142E+00,2.799E-03,2.290E+00,2.330E+00,3.335E-02,6.190E+00
63,0.000E+00,1.041E-02,0.000E+00,9.335E-03,1.963E-02,1.575E+00,1.647E+00,-6.076E-01,1.454E+01,1.539E+00,3.142E+00,8.704E-04,2.471E+00,2.485E+00,1.003E-01,3.093E+00,1.653E+00,-8.019E-01,2.713E+01,1.581E+00,3.142E+00,3.097E-03,2.286E+00,2.330E+00,3.343E-02,6.180E+00
64,0.000E+00,1.069E-02,0.000E+00,9.637E-03,2.019E-02,1.621E+00,1.649E+00,-6.229E-01,1.564E+01,1.519E+00,3.142E+00,1.279E-03,2.461E+00,2.481E+00,1.002E-01,3.096E+00,1.656E+00,-8.229E-01,3.004E+01,1.564E+00,3.142E+00,3.246E-03,2.284E+00,2.329E+00,3.347E-02,6.176E+00
65,0.000E+00,1.096E-02,0.000E+00,9.939E-03,2.076E-02,1.667E+00,1.652E+00,-6.382E-01,1.674E+01,1.500E+00,3.142E+00,1.688E-03,2.451E+00,2.477E+00,1.001E-01,3.099E+00,1.660E+00,-8.439E-01,3.295E+01,1.548E+00,3.142E+00,3.395E-03,2.282E+00,2.329E+00,3.350E-02,6.171E+00
66,0.000E+00,1.179E-02,0.000E+00,1.081E-02,2.251E-02,1.804E+00,1.622E+00,-6.187E-01,1.587E+01,1.595E+00,3.142E+00,1.211E-03,2.457E+00,2.475E+00,1.005E-01,3.089E+00,1.622E+00,-8.162E-01,2.974E+01,1.671E+00,3.142E+00,2.548E-03,2.282E+00,2.318E+00,3.330E-02,6.196E+00
67,0.000E+00,1.262E-02,0.000E+00,1.169E-02,2.426E-02,1.942E+00,1.594E+00,-5.993E-01,1.501E+01,1.690E+00,3.142E+00,7.340E-04,2.463E+00,2.474E+00,1.009E-01,3.079E+00,1.589E+00,-7.886E-01,2.653E+01,1.794E+00,3.142E+00,1.700E-03,2.282E+00,2.306E+00,3.310E-02,6.221E+00
68,0.000E+00,1.344E-02,0.000E+00,1.256E-02,2.602E-02,2.080E+00,1.570E+00,-5.798E-01,1.414E+01,1.784E+00,3.142E+00,2.572E-04,2.469E+00,2.473E+00,1.013E-01,3.070E+00,1.564E+00,-7.610E-01,2.333E+01,1.918E+00,3.142E+00,8.529E-04,2.282E+00,2.294E+00,3.289E-02,6.246E+00
69,0.000E+00,1.386E-02,0.000E+00,1.300E-02,2.689E-02,2.148E+00,1.558E+00,-5.700E-01,1.371E+01,1.832E+00,3.142E+00,1.883E-05,2.472E+00,2.472E+00,1.015E-01,3.065E+00,1.553E+00,-7.471E-01,2.172E+01,1.980E+00,3.142E+00,4.292E-04,2.282E+00,2.288E+00,3.279E-02,6.258E+00
70,0.000E+00,1.427E-02,0.000E+00,1.344E-02,2.777E-02,2.217E+00,1.548E+00,-5.603E-01,1.327E+01,1.879E+00,3.142E+00,-2.196E-04,2.475E+00,2.471E+00,1.017E-01,3.060E+00,1.545E+00,-7.333E-01,2.012E+01,2.041E+00,3.142E+00,5.410E-06,2.282E+00,2.282E+00,3.269E-02,6.271E+00
71,0.000E+00,1.516E-02,0.000E+00,1.426E-02,2.936E-02,2.350E+00,1.546E+00,-5.462E-01,1.276E+01,1.878E+00,3.142E+00,-1.530E-03,2.481E+00,2.458E+00,1.023E-01,3.046E+00,1.539E+00,-7.259E-01,1.998E+01,2.053E+00,3.142E+00,4.738E-03,2.189E+00,2.251E+00,3.289E-02,6.246E+00
72,0.000E+00,1.604E-02,0.000E+00,1.509E-02,3.095E-02,2.484E+00,1.545E+00,-5.321E-01,1.226E+01,1.877E+00,3.142E+00,-2.841E-03,2.488E+00,2.445E+00,1.029E-01,3.031E+00,1.533E+00,-7.185E-01,1.984E+01,2.064E+00,3.142E+00,9.470E-03,2.096E+00,2.219E+00,3.309E-02,6.221E+00
73,0.000E+00,1.709E-02,0.000E+00,1.643E-02,3.335E-02,2.675E+00,1.511E+00,-5.149E-01,1.170E+01,2.035E+00,3.142E+00,-1.379E-03,2.480E+00,2.459E+00,1.020E-01,3.053E+00,1.489E+00,-7.006E-01,1.943E+01,2.244E+00,3.142E+00,1.003E-02,2.111E+00,2.243E+00,3.330E-02,6.195E+00
74,0.000E+00,1.814E-02,0.000E+00,1.777E-02,3.574E-02,2.866E+00,1.480E+00,-4.976E-01,1.114E+01,2.193E+00,3.142E+00,8.225E-05,2.472E+00,2.473E+00,1.011E-01,3.075E+00,1.449E+00,-6.827E-01,1.902E+01,2.424E+00,3.142E+00,1.059E-02,2.126E+00,2.266E+00,3.352E-02,6.169E+00
75,0.000E+00,1.949E-02,0.000E+00,1.916E-02,3.868E-02,3.092E+00,1.478E+00,-4.861E-01,1.064E+01,2.218E+00,3.142E+00,1.966E-03,2.392E+00,2.420E+00,1.022E-01,3.049E+00,1.440E+00,-6.643E-01,1.743E+01,2.512E+00,3.142E+00,5.873E-03,2.180E+00,2.258E+00,3.401E-02,6.111E+00
76,0.000E+00,2.085E-02,0.000E+00,2.055E-02,4.162E-02,3.317E+00,1.477E+00,-4.746E-01,1.013E+01,2.242E+00,3.142E+00,3.849E-03,2.313E+00,2.368E+00,1.033E-01,3.023E+00,1.433E+00,-6.459E-01,1.584E+01,2.599E+00,3.142E+00,1.157E-03,2.235E+00,2.250E+00,3.451E-02,6.053E+00
77,0.000E+00,2.240E-02,0.000E+00,2.250E-02,4.507E-02,3.596E+00,1.451E+00,-4.512E-01,9.541E+00,2.379E+00,3.142E+00,1.785E-03,2.378E+00,2.403E+00,1.021E-01,3.052E+00,1.404E+00,-6.316E-01,1.540E+01,2.776E+00,3.142E+00,3.076E-03,2.176E+00,2.216E+00,3.447E-02,6.058E+00
78,0.000E+00,2.396E-02,0.000E+00,2.445E-02,4.851E-02,3.874E+00,1.429E+00,-4.277E-01,8.948E+00,2.517E+00,3.142E+00,-2.785E-04,2.443E+00,2.438E+00,1.008E-01,3.081E+00,1.377E+00,-6.173E-01,1.496E+01,2.954E+00,3.142E+00,4.994E-03,2.118E+00,2.182E+00,3.442E-02,6.063E+00
79,0.000E+00,2.618E-02,0.000E+00,2.675E-02,5.299E-02,4.235E+00,1.397E+00,-4.104E-01,8.600E+00,2.728E+00,3.142E+00,3.331E-03,2.341E+00,2.387E+00,1.015E-01,3.066E+00,1.342E+00,-5.951E-01,1.420E+01,3.207E+00,3.142E+00,8.110E-03,2.058E+00,2.159E+00,3.409E-02,6.102E+00
80,0.000E+00,2.841E-02,0.000E+00,2.906E-02,5.747E-02,4.595E+00,1.369E+00,-3.931E-01,8.253E+00,2.939E+00,3.142E+00,6.940E-03,2.239E+00,2.335E+00,1.021E-01,3.050E+00,1.312E+00,-5.728E-01,1.344E+01,3.461E+00,3.142E+00,1.123E-02,1.999E+00,2.137E+00,3.375E-02,6.141E+00
81,0.000E+00,3.035E-02,0.000E+00,3.211E-02,6.250E-02,4.996E+00,1.337E+00,-3.879E-01,8.171E+00,3.209E+00,3.142E+00,9.772E-03,2.146E+00,2.276E+00,9.801E-02,3.155E+00,1.277E+00,-5.584E-01,1.302E+01,3.797E+00,3.142E+00,1.239E-02,1.965E+00,2.115E+00,3.292E-02,6.245E+00
82,0.000E+00,3.229E-02,0.000E+00,3.517E-02,6.754E-02,5.397E+00,1.309E+00,-3.827E-01,8.089E+00,3.479E+00,3.142E+00,1.260E-02,2.054E+00,2.216E+00,9.391E-02,3.259E+00,1.246E+00,-5.441E-01,1.259E+01,4.133E+00,3.142E+00,1.355E-02,1.930E+00,2.092E+00,3.208E-02,6.348E+00
83,0.000E+00,3.399E-02,0.000E+00,3.790E-02,7.187E-02,5.748E+00,1.256E+00,-3.680E-01,8.010E+00,3.994E+00,3.142E+00,1.157E-02,2.017E+00,2.162E+00,9.243E-02,3.301E+00,1.171E+00,-5.278E-01,1.243E+01,5.085E+00,3.142E+00,2.308E-02,1.788E+00,2.045E+00,3.144E-02,6.432E+00
84,0.000E+00,3.570E-02,0.000E+00,4.063E-02,7.620E-02,6.099E+00,1.212E+00,-3.533E-01,7.930E+00,4.508E+00,3.142E+00,1.055E-02,1.980E+00,2.109E+00,9.095E-02,3.342E+00,1.113E+00,-5.116E-01,1.227E+01,6.037E+00,3.142E+00,3.261E-02,1.646E+00,1.997E+00,3.081E-02,6.515E+00
85,0.000E+00,3.436E-02,0.000E+00,4.084E-02,7.514E-02,6.011E+00,1.110E+00,-3.400E-01,8.166E+00,6.101E+00,3.142E+00,4.006E-02,1.598E+00,1.975E+00,8.926E-02,3.392E+00,9.818E-01,-4.797E-01,1.140E+01,9.836E+00,3.142E+00,6.081E-02,1.338E+00,1.878E+00,2.949E-02,6.707E+00
86,0.000E+00,3.303E-02,0.000E+00,4.104E-02,7.407E-02,5.923E+00,1.035E+00,-3.267E-01,8.401E+00,7.695E+00,3.142E+00,6.958E-02,1.215E+00,1.840E+00,8.758E-02,3.442E+00,9.123E-01,-4.478E-01,1.052E+01,1.363E+01,3.142E+00,8.901E-02,1.030E+00,1.760E+00,2.817E-02,6.899E+00
87,0.000E+00,2.093E-02,0.000E+00,2.637E-02,4.727E-02,3.781E+00,1.298E+00,-1.633E-01,4.200E+00,3.847E+00,1.571E+00,3.479E-02,6.077E-01,9.202E-01,4.379E-02,1.721E+00,1.124E+00,-2.239E-01,5.260E+00,6.817E+00,1.571E+00,4.451E-02,5.151E-01,8.799E-01,1.409E-02,3.449E+00
88,0.000E+00,8.835E-03,0.000E+00,1.169E-02,2.046E-02,1.639E+00,3.142E+00,0.000E+00,0.000E+00,0.000E+00,0.000E+00,0.000E+00,0.000E+00,0.000E+00,0.000E+00,0.000E+00,3.142E+00,0.000E+00,0.000E+00,0.000E+00,0.000E+00,0.000E+00,0.000E+00,0.000E+00,0.000E+00,0.000E+00
89,0.000E+00,1.875E-05,0.000E+00,9.062E-05,1.734E-04,1.080E-02,3.142E+00,0.000E+00,0.000E+00,0.000E+00,0.000E+00,0.000E+00,0.000E+00,0.000E+00,0.000E+00,0.000E+00,3.142E+00,0.000E+00,0.000E+00,0.000E+00,0.000E+00,0.000E+00,0.000E+00,0.000E+00,0.000E+00,0.000E+00
