alpha,He,Na,Al,Si,O,Na_1,O_1,Si_2,O_2,Al_3,O_3,amu/ion,phiK_Al,phiTilt_Al,phiM_Al,phiN_Al,thetaK_Al,thetaTilt_Al,thetaM_Al,thetaN_Al,energyK_Al,energyE_Al,phiK_Na,phiTilt_Na,phiM_Na,phiN_Na,thetaK_Na,thetaTilt_Na,thetaM_Na,thetaN_Na,energyK_Na,energyE_Na,phiK_O,phiTilt_O,phiM_O,phiN_O,thetaK_O,thetaTilt_O,thetaM_O,thetaN_O,energyK_O,energyE_O,phiK_Si,phiTilt_Si,phiM_Si,phiN_Si,thetaK_Si,thetaTilt_Si,thetaM_Si,thetaN_Si,energyK_Si,energyE_Si
0,0.000E+00,6.523E-03,0.000E+00,9.349E-03,0.000E+00,0.000E+00,0.000E+00,9.861E-03,3.724E-02,6.418E-03,1.402E-02,1.683E+00,1.806E+00,-1.137E-01,2.312E+00,1.200E+00,3.142E+00,4.191E-03,2.224E+00,2.281E+00,1.086E-01,4.044E+00,1.750E+00,-9.937E-02,2.472E+00,1.275E+00,3.142E+00,2.506E-02,2.213E+00,2.587E+00,3.299E-01,1.411E+00,1.760E+00,1.724E-02,1.414E+00,1.535E+00,3.142E+00,6.053E-03,2.361E+00,2.450E+00,1.315E-01,3.442E+00,1.949E+00,6.265E-02,8.733E-01,1.322E+00,3.142E+00,7.443E-04,2.206E+00,2.216E+00,8.948E-02,4.835E+00
1,0.000E+00,6.550E-03,0.000E+00,9.376E-03,0.000E+00,0.000E+00,1.221E-07,9.971E-03,3.752E-02,6.466E-03,1.412E-02,1.695E+00,1.805E+00,-1.358E-01,2.474E+00,1.209E+00,3.142E+00,8.141E-03,2.172E+00,2.276E+00,1.084E-01,4.051E+00,1.735E+00,-9.893E-02,2.440E+00,1.348E+00,3.142E+00,2.196E-02,2.262E+00,2.590E+00,3.311E-01,1.406E+00,1.735E+00,-3.902E-03,1.553E+00,1.534E+00,3.142E+00,5.686E-03,2.371E+00,2.455E+00,1.319E-01,3.432E+00,1.901E+00,2.673E-02,1.064E+00,1.295E+00,3.142E+00,7.823E-04,2.199E+00,2.210E+00,8.919E-02,4.850E+00
2,0.000E+00,6.576E-03,0.000E+00,9.403E-03,0.000E+00,0.000E+00,2.441E-07,1.008E-02,3.779E-02,6.514E-03,1.422E-02,1.706E+00,1.804E+00,-1.579E-01,2.636E+00,1.218E+00,3.142E+00,1.209E-02,2.120E+00,2.272E+00,1.082E-01,4.058E+00,1.721E+00,-9.850E-02,2.409E+00,1.421E+00,3.142E+00,1.886E-02,2.311E+00,2.593E+00,3.323E-01,1.401E+00,1.731E+00,-2.504E-02,1.691E+00,1.532E+00,3.142E+00,5.318E-03,2.381E+00,2.460E+00,1.323E-01,3.422E+00,1.867E+00,-9.193E-03,1.255E+00,1.268E+00,3.142E+00,8.202E-04,2.193E+00,2.204E+00,8.890E-02,4.865E+00
3,0.000E+00,6.603E-03,0.000E+00,9.431E-03,0.000E+00,0.000E+00,3.662E-07,1.019E-02,3.807E-02,6.562E-03,1.431E-02,1.718E+00,1.805E+00,-1.800E-01,2.798E+00,1.227E+00,3.142E+00,1.604E-02,2.069E+00,2.267E+00,1.080E-01,4.065E+00,1.708E+00,-9.807E-02,2.377E+00,1.494E+00,3.142E+00,1.576E-02,2.360E+00,2.595E+00,3.334E-01,1.397E+00,1.729E+00,-4.618E-02,1.830E+00,1.531E+00,3.142E+00,4.950E-03,2.391E+00,2.465E+00,1.327E-01,3.413E+00,1.870E+00,-4.511E-02,1.446E+00,1.241E+00,3.142E+00,8.582E-04,2.187E+00,2.198E+00,8.861E-02,4.880E+00
4,0.000E+00,6.616E-03,0.000E+00,9.444E-03,0.000E+00,0.000E+00,4.272E-07,1.024E-02,3.821E-02,6.585E-03,1.436E-02,1.724E+00,1.806E+00,-1.910E-01,2.879E+00,1.232E+00,3.142E+00,1.802E-02,2.043E+00,2.265E+00,1.079E-01,4.069E+00,1.702E+00,-9.785E-02,2.362E+00,1.530E+00,3.142E+00,1.421E-02,2.385E+00,2.597E+00,3.340E-01,1.394E+00,1.728E+00,-5.675E-02,1.900E+00,1.531E+00,3.142E+00,4.766E-03,2.397E+00,2.467E+00,1.329E-01,3.408E+00,1.872E+00,-6.307E-02,1.542E+00,1.227E+00,3.142E+00,8.772E-04,2.184E+00,2.195E+00,8.846E-02,4.887E+00
5,0.000E+00,6.629E-03,0.000E+00,9.458E-03,0.000E+00,0.000E+00,4.883E-07,1.030E-02,3.834E-02,6.609E-03,1.441E-02,1.730E+00,1.806E+00,-2.020E-01,2.960E+00,1.236E+00,3.142E+00,1.999E-02,2.017E+00,2.262E+00,1.078E-01,4.073E+00,1.696E+00,-9.764E-02,2.346E+00,1.566E+00,3.142E+00,1.266E-02,2.409E+00,2.598E+00,3.346E-01,1.392E+00,1.728E+00,-6.732E-02,1.969E+00,1.530E+00,3.142E+00,4.582E-03,2.402E+00,2.470E+00,1.331E-01,3.403E+00,1.876E+00,-8.103E-02,1.637E+00,1.214E+00,3.142E+00,8.962E-04,2.180E+00,2.192E+00,8.831E-02,4.895E+00
6,0.000E+00,6.655E-03,0.000E+00,9.485E-03,0.000E+00,0.000E+00,6.104E-07,1.041E-02,3.862E-02,6.657E-03,1.451E-02,1.741E+00,1.809E+00,-2.241E-01,3.122E+00,1.245E+00,3.142E+00,2.394E-02,1.965E+00,2.258E+00,1.075E-01,4.080E+00,1.685E+00,-9.721E-02,2.314E+00,1.639E+00,3.142E+00,9.557E-03,2.459E+00,2.601E+00,3.358E-01,1.387E+00,1.728E+00,-8.845E-02,2.108E+00,1.529E+00,3.142E+00,4.214E-03,2.412E+00,2.475E+00,1.335E-01,3.393E+00,1.886E+00,-1.170E-01,1.828E+00,1.187E+00,3.142E+00,9.342E-04,2.174E+00,2.186E+00,8.802E-02,4.910E+00
7,0.000E+00,6.682E-03,0.000E+00,9.513E-03,0.000E+00,0.000E+00,7.324E-07,1.052E-02,3.889E-02,6.705E-03,1.461E-02,1.753E+00,1.811E+00,-2.462E-01,3.284E+00,1.254E+00,3.142E+00,2.789E-02,1.913E+00,2.253E+00,1.073E-01,4.087E+00,1.675E+00,-9.677E-02,2.283E+00,1.712E+00,3.142E+00,6.457E-03,2.508E+00,2.604E+00,3.369E-01,1.383E+00,1.730E+00,-1.096E-01,2.247E+00,1.528E+00,3.142E+00,3.846E-03,2.422E+00,2.480E+00,1.339E-01,3.384E+00,1.898E+00,-1.529E-01,2.019E+00,1.160E+00,3.142E+00,9.722E-04,2.168E+00,2.180E+00,8.773E-02,4.925E+00
8,0.000E+00,6.708E-03,0.000E+00,9.540E-03,0.000E+00,0.000E+00,8.545E-07,1.063E-02,3.917E-02,6.753E-03,1.471E-02,1.765E+00,1.814E+00,-2.683E-01,3.446E+00,1.264E+00,3.142E+00,3.184E-02,1.861E+00,2.248E+00,1.071E-01,4.095E+00,1.665E+00,-9.634E-02,2.252E+00,1.785E+00,3.142E+00,3.357E-03,2.557E+00,2.607E+00,3.381E-01,1.378E+00,1.732E+00,-1.307E-01,2.386E+00,1.527E+00,3.142E+00,3.479E-03,2.433E+00,2.485E+00,1.343E-01,3.374E+00,1.913E+00,-1.888E-01,2.210E+00,1.133E+00,3.142E+00,1.010E-03,2.161E+00,2.175E+00,8.744E-02,4.940E+00
9,0.000E+00,6.721E-03,0.000E+00,9.554E-03,0.000E+00,0.000E+00,9.155E-07,1.068E-02,3.931E-02,6.777E-03,1.476E-02,1.771E+00,1.816E+00,-2.793E-01,3.527E+00,1.268E+00,3.142E+00,3.382E-02,1.835E+00,2.246E+00,1.070E-01,4.098E+00,1.660E+00,-9.612E-02,2.236E+00,1.821E+00,3.142E+00,1.807E-03,2.581E+00,2.609E+00,3.387E-01,1.376E+00,1.733E+00,-1.413E-01,2.455E+00,1.526E+00,3.142E+00,3.295E-03,2.438E+00,2.488E+00,1.344E-01,3.369E+00,1.921E+00,-2.068E-01,2.306E+00,1.119E+00,3.142E+00,1.029E-03,2.158E+00,2.172E+00,8.729E-02,4.948E+00
10,0.000E+00,6.734E-03,0.000E+00,9.567E-03,0.000E+00,0.000E+00,9.766E-07,1.074E-02,3.944E-02,6.801E-03,1.481E-02,1.777E+00,1.818E+00,-2.904E-01,3.608E+00,1.273E+00,3.142E+00,3.579E-02,1.809E+00,2.244E+00,1.069E-01,4.102E+00,1.656E+00,-9.591E-02,2.220E+00,1.858E+00,3.142E+00,2.565E-04,2.606E+00,2.610E+00,3.393E-01,1.373E+00,1.735E+00,-1.519E-01,2.525E+00,1.525E+00,3.142E+00,3.111E-03,2.443E+00,2.490E+00,1.346E-01,3.364E+00,1.929E+00,-2.247E-01,2.401E+00,1.106E+00,3.142E+00,1.048E-03,2.155E+00,2.169E+00,8.715E-02,4.955E+00
11,0.000E+00,6.876E-03,0.000E+00,9.753E-03,0.000E+00,0.000E+00,8.545E-07,1.095E-02,4.016E-02,6.939E-03,1.504E-02,1.810E+00,1.824E+00,-3.009E-01,3.676E+00,1.265E+00,3.142E+00,3.185E-02,1.869E+00,2.257E+00,1.074E-01,4.087E+00,1.653E+00,-9.548E-02,2.186E+00,1.902E+00,3.142E+00,-6.760E-04,2.657E+00,2.644E+00,3.395E-01,1.372E+00,1.733E+00,-1.610E-01,2.594E+00,1.532E+00,3.142E+00,2.825E-03,2.450E+00,2.493E+00,1.342E-01,3.374E+00,1.918E+00,-2.346E-01,2.457E+00,1.149E+00,3.142E+00,9.905E-04,2.180E+00,2.193E+00,8.693E-02,4.967E+00
12,0.000E+00,7.019E-03,0.000E+00,9.938E-03,0.000E+00,0.000E+00,7.324E-07,1.117E-02,4.088E-02,7.078E-03,1.528E-02,1.844E+00,1.830E+00,-3.115E-01,3.744E+00,1.258E+00,3.142E+00,2.790E-02,1.928E+00,2.270E+00,1.078E-01,4.071E+00,1.650E+00,-9.505E-02,2.151E+00,1.947E+00,3.142E+00,-1.609E-03,2.708E+00,2.677E+00,3.397E-01,1.372E+00,1.732E+00,-1.702E-01,2.663E+00,1.539E+00,3.142E+00,2.539E-03,2.457E+00,2.496E+00,1.338E-01,3.384E+00,1.907E+00,-2.445E-01,2.513E+00,1.191E+00,3.142E+00,9.328E-04,2.205E+00,2.217E+00,8.671E-02,4.979E+00
13,0.000E+00,7.161E-03,0.000E+00,1.012E-02,0.000E+00,0.000E+00,6.104E-07,1.139E-02,4.160E-02,7.217E-03,1.552E-02,1.877E+00,1.836E+00,-3.221E-01,3.811E+00,1.250E+00,3.142E+00,2.395E-02,1.988E+00,2.282E+00,1.082E-01,4.056E+00,1.647E+00,-9.462E-02,2.117E+00,1.991E+00,3.142E+00,-2.541E-03,2.760E+00,2.711E+00,3.399E-01,1.371E+00,1.732E+00,-1.794E-01,2.731E+00,1.546E+00,3.142E+00,2.253E-03,2.465E+00,2.499E+00,1.334E-01,3.394E+00,1.896E+00,-2.544E-01,2.569E+00,1.234E+00,3.142E+00,8.751E-04,2.230E+00,2.242E+00,8.649E-02,4.990E+00
14,0.000E+00,7.232E-03,0.000E+00,1.022E-02,0.000E+00,0.000E+00,5.493E-07,1.149E-02,4.196E-02,7.286E-03,1.564E-02,1.894E+00,1.839E+00,-3.273E-01,3.845E+00,1.247E+00,3.142E+00,2.198E-02,2.018E+00,2.289E+00,1.085E-01,4.048E+00,1.646E+00,-9.440E-02,2.100E+00,2.013E+00,3.142E+00,-3.007E-03,2.785E+00,2.728E+00,3.400E-01,1.370E+00,1.731E+00,-1.840E-01,2.766E+00,1.550E+00,3.142E+00,2.110E-03,2.468E+00,2.500E+00,1.332E-01,3.399E+00,1.891E+00,-2.594E-01,2.597E+00,1.255E+00,3.142E+00,8.463E-04,2.243E+00,2.254E+00,8.638E-02,4.996E+00
15,0.000E+00,7.303E-03,0.000E+00,1.031E-02,0.000E+00,0.000E+00,4.883E-07,1.160E-02,4.232E-02,7.355E-03,1.576E-02,1.911E+00,1.842E+00,-3.326E-01,3.879E+00,1.243E+00,3.142E+00,2.000E-02,2.048E+00,2.295E+00,1.087E-01,4.041E+00,1.645E+00,-9.419E-02,2.083E+00,2.036E+00,3.142E+00,-3.474E-03,2.811E+00,2.744E+00,3.402E-01,1.370E+00,1.731E+00,-1.886E-01,2.800E+00,1.553E+00,3.142E+00,1.967E-03,2.472E+00,2.502E+00,1.330E-01,3.405E+00,1.886E+00,-2.643E-01,2.625E+00,1.277E+00,3.142E+00,8.175E-04,2.255E+00,2.266E+00,8.627E-02,5.002E+00
16,0.000E+00,7.445E-03,0.000E+00,1.049E-02,0.000E+00,0.000E+00,3.662E-07,1.182E-02,4.304E-02,7.494E-03,1.600E-02,1.945E+00,1.848E+00,-3.432E-01,3.946E+00,1.235E+00,3.142E+00,1.606E-02,2.108E+00,2.308E+00,1.091E-01,4.025E+00,1.643E+00,-9.376E-02,2.049E+00,2.080E+00,3.142E+00,-4.406E-03,2.862E+00,2.778E+00,3.404E-01,1.369E+00,1.730E+00,-1.978E-01,2.869E+00,1.560E+00,3.142E+00,1.681E-03,2.479E+00,2.505E+00,1.326E-01,3.415E+00,1.876E+00,-2.742E-01,2.681E+00,1.320E+00,3.142E+00,7.598E-04,2.280E+00,2.290E+00,8.606E-02,5.014E+00
17,0.000E+00,7.587E-03,0.000E+00,1.068E-02,0.000E+00,0.000E+00,2.441E-07,1.203E-02,4.376E-02,7.633E-03,1.623E-02,1.978E+00,1.855E+00,-3.538E-01,4.014E+00,1.228E+00,3.142E+00,1.211E-02,2.168E+00,2.321E+00,1.096E-01,4.010E+00,1.641E+00,-9.333E-02,2.014E+00,2.125E+00,3.142E+00,-5.339E-03,2.913E+00,2.812E+00,3.406E-01,1.368E+00,1.730E+00,-2.069E-01,2.938E+00,1.567E+00,3.142E+00,1.395E-03,2.487E+00,2.508E+00,1.322E-01,3.425E+00,1.866E+00,-2.841E-01,2.737E+00,1.362E+00,3.142E+00,7.021E-04,2.305E+00,2.315E+00,8.584E-02,5.026E+00
18,0.000E+00,7.729E-03,0.000E+00,1.086E-02,0.000E+00,0.000E+00,1.221E-07,1.225E-02,4.448E-02,7.771E-03,1.647E-02,2.012E+00,1.861E+00,-3.643E-01,4.081E+00,1.220E+00,3.142E+00,8.164E-03,2.228E+00,2.334E+00,1.100E-01,3.995E+00,1.639E+00,-9.290E-02,1.980E+00,2.169E+00,3.142E+00,-6.271E-03,2.965E+00,2.845E+00,3.408E-01,1.367E+00,1.729E+00,-2.161E-01,3.007E+00,1.574E+00,3.142E+00,1.109E-03,2.494E+00,2.511E+00,1.318E-01,3.435E+00,1.857E+00,-2.940E-01,2.792E+00,1.405E+00,3.142E+00,6.445E-04,2.330E+00,2.339E+00,8.562E-02,5.037E+00
19,0.000E+00,7.800E-03,0.000E+00,1.096E-02,0.000E+00,0.000E+00,6.104E-08,1.236E-02,4.484E-02,7.841E-03,1.659E-02,2.029E+00,1.864E+00,-3.696E-01,4.115E+00,1.217E+00,3.142E+00,6.190E-03,2.258E+00,2.340E+00,1.102E-01,3.987E+00,1.638E+00,-9.268E-02,1.963E+00,2.191E+00,3.142E+00,-6.738E-03,2.990E+00,2.862E+00,3.409E-01,1.367E+00,1.729E+00,-2.207E-01,3.041E+00,1.577E+00,3.142E+00,9.658E-04,2.498E+00,2.512E+00,1.315E-01,3.440E+00,1.853E+00,-2.989E-01,2.820E+00,1.427E+00,3.142E+00,6.156E-04,2.342E+00,2.351E+00,8.551E-02,5.043E+00
20,0.000E+00,7.871E-03,0.000E+00,1.105E-02,0.000E+00,0.000E+00,0.000E+00,1.247E-02,4.520E-02,7.910E-03,1.671E-02,2.045E+00,1.868E+00,-3.749E-01,4.149E+00,1.213E+00,3.142E+00,4.217E-03,2.287E+00,2.347E+00,1.105E-01,3.979E+00,1.638E+00,-9.247E-02,1.946E+00,2.213E+00,3.142E+00,-7.204E-03,3.016E+00,2.879E+00,3.410E-01,1.366E+00,1.729E+00,-2.253E-01,3.075E+00,1.581E+00,3.142E+00,8.228E-04,2.501E+00,2.514E+00,1.313E-01,3.445E+00,1.848E+00,-3.039E-01,2.848E+00,1.448E+00,3.142E+00,5.868E-04,2.355E+00,2.363E+00,8.540E-02,5.049E+00
21,0.000E+00,8.111E-03,0.000E+00,1.127E-02,0.000E+00,0.000E+00,9.766E-08,1.299E-02,4.683E-02,8.151E-03,1.716E-02,2.112E+00,1.844E+00,-3.671E-01,4.037E+00,1.295E+00,3.142E+00,3.657E-03,2.301E+00,2.352E+00,1.086E-01,4.052E+00,1.635E+00,-9.367E-02,1.964E+00,2.219E+00,3.142E+00,-5.722E-03,2.969E+00,2.859E+00,3.397E-01,1.372E+00,1.728E+00,-2.314E-01,3.122E+00,1.590E+00,3.142E+00,8.708E-04,2.503E+00,2.517E+00,1.313E-01,3.445E+00,1.839E+00,-3.129E-01,2.929E+00,1.482E+00,3.142E+00,1.639E-04,2.373E+00,2.375E+00,8.501E-02,5.072E+00
22,0.000E+00,8.352E-03,0.000E+00,1.149E-02,0.000E+00,0.000E+00,1.953E-07,1.352E-02,4.846E-02,8.392E-03,1.761E-02,2.178E+00,1.822E+00,-3.593E-01,3.925E+00,1.377E+00,3.142E+00,3.097E-03,2.314E+00,2.357E+00,1.067E-01,4.124E+00,1.632E+00,-9.487E-02,1.982E+00,2.225E+00,3.142E+00,-4.241E-03,2.922E+00,2.839E+00,3.384E-01,1.377E+00,1.727E+00,-2.374E-01,3.169E+00,1.599E+00,3.142E+00,9.188E-04,2.505E+00,2.519E+00,1.313E-01,3.446E+00,1.829E+00,-3.220E-01,3.010E+00,1.516E+00,3.142E+00,-2.589E-04,2.392E+00,2.387E+00,8.461E-02,5.094E+00
23,0.000E+00,8.592E-03,0.000E+00,1.172E-02,0.000E+00,0.000E+00,2.930E-07,1.404E-02,5.008E-02,8.632E-03,1.805E-02,2.244E+00,1.801E+00,-3.515E-01,3.812E+00,1.458E+00,3.142E+00,2.537E-03,2.327E+00,2.363E+00,1.049E-01,4.196E+00,1.630E+00,-9.607E-02,2.000E+00,2.231E+00,3.142E+00,-2.759E-03,2.875E+00,2.819E+00,3.371E-01,1.382E+00,1.726E+00,-2.435E-01,3.215E+00,1.608E+00,3.142E+00,9.668E-04,2.507E+00,2.522E+00,1.313E-01,3.446E+00,1.820E+00,-3.310E-01,3.091E+00,1.550E+00,3.142E+00,-6.818E-04,2.410E+00,2.399E+00,8.422E-02,5.117E+00
24,0.000E+00,8.712E-03,0.000E+00,1.183E-02,0.000E+00,0.000E+00,3.418E-07,1.431E-02,5.090E-02,8.753E-03,1.828E-02,2.277E+00,1.792E+00,-3.476E-01,3.756E+00,1.499E+00,3.142E+00,2.257E-03,2.334E+00,2.365E+00,1.039E-01,4.232E+00,1.629E+00,-9.667E-02,2.009E+00,2.234E+00,3.142E+00,-2.018E-03,2.852E+00,2.809E+00,3.364E-01,1.385E+00,1.725E+00,-2.465E-01,3.238E+00,1.612E+00,3.142E+00,9.908E-04,2.508E+00,2.523E+00,1.313E-01,3.446E+00,1.816E+00,-3.356E-01,3.132E+00,1.567E+00,3.142E+00,-8.932E-04,2.419E+00,2.405E+00,8.402E-02,5.128E+00
25,0.000E+00,8.832E-03,0.000E+00,1.194E-02,0.000E+00,0.000E+00,3.906E-07,1.457E-02,5.171E-02,8.873E-03,1.850E-02,2.310E+00,1.783E+00,-3.437E-01,3.700E+00,1.540E+00,3.142E+00,1.977E-03,2.340E+00,2.368E+00,1.030E-01,4.268E+00,1.627E+00,-9.728E-02,2.018E+00,2.236E+00,3.142E+00,-1.278E-03,2.828E+00,2.799E+00,3.357E-01,1.388E+00,1.725E+00,-2.495E-01,3.262E+00,1.617E+00,3.142E+00,1.015E-03,2.509E+00,2.524E+00,1.313E-01,3.446E+00,1.812E+00,-3.401E-01,3.172E+00,1.584E+00,3.142E+00,-1.105E-03,2.428E+00,2.411E+00,8.382E-02,5.139E+00
26,0.000E+00,9.073E-03,0.000E+00,1.216E-02,0.000E+00,0.000E+00,4.883E-07,1.509E-02,5.334E-02,9.114E-03,1.895E-02,2.376E+00,1.766E+00,-3.359E-01,3.588E+00,1.622E+00,3.142E+00,1.418E-03,2.354E+00,2.374E+00,1.011E-01,4.341E+00,1.625E+00,-9.848E-02,2.036E+00,2.242E+00,3.142E+00,2.038E-04,2.781E+00,2.779E+00,3.344E-01,1.393E+00,1.724E+00,-2.556E-01,3.308E+00,1.626E+00,3.142E+00,1.063E-03,2.510E+00,2.527E+00,1.313E-01,3.447E+00,1.803E+00,-3.491E-01,3.253E+00,1.618E+00,3.142E+00,-1.527E-03,2.446E+00,2.423E+00,8.342E-02,5.162E+00
27,0.000E+00,9.313E-03,0.000E+00,1.238E-02,0.000E+00,0.000E+00,5.859E-07,1.562E-02,5.496E-02,9.354E-03,1.940E-02,2.443E+00,1.750E+00,-3.281E-01,3.476E+00,1.704E+00,3.142E+00,8.577E-04,2.367E+00,2.379E+00,9.927E-02,4.413E+00,1.622E+00,-9.968E-02,2.054E+00,2.248E+00,3.142E+00,1.685E-03,2.734E+00,2.759E+00,3.331E-01,1.398E+00,1.723E+00,-2.616E-01,3.355E+00,1.635E+00,3.142E+00,1.111E-03,2.512E+00,2.530E+00,1.313E-01,3.447E+00,1.795E+00,-3.582E-01,3.334E+00,1.652E+00,3.142E+00,-1.950E-03,2.465E+00,2.435E+00,8.303E-02,5.184E+00
28,0.000E+00,9.553E-03,0.000E+00,1.261E-02,0.000E+00,0.000E+00,6.836E-07,1.614E-02,5.659E-02,9.595E-03,1.984E-02,2.509E+00,1.736E+00,-3.203E-01,3.364E+00,1.785E+00,3.142E+00,2.979E-04,2.380E+00,2.384E+00,9.741E-02,4.485E+00,1.620E+00,-1.009E-01,2.073E+00,2.254E+00,3.142E+00,3.167E-03,2.687E+00,2.739E+00,3.318E-01,1.403E+00,1.722E+00,-2.677E-01,3.401E+00,1.643E+00,3.142E+00,1.159E-03,2.514E+00,2.532E+00,1.312E-01,3.447E+00,1.788E+00,-3.672E-01,3.415E+00,1.685E+00,3.142E+00,-2.373E-03,2.483E+00,2.447E+00,8.263E-02,5.207E+00
29,0.000E+00,9.674E-03,0.000E+00,1.272E-02,0.000E+00,0.000E+00,7.324E-07,1.641E-02,5.741E-02,9.716E-03,2.007E-02,2.542E+00,1.729E+00,-3.164E-01,3.308E+00,1.826E+00,3.142E+00,1.800E-05,2.387E+00,2.387E+00,9.647E-02,4.521E+00,1.619E+00,-1.015E-01,2.082E+00,2.257E+00,3.142E+00,3.908E-03,2.664E+00,2.729E+00,3.311E-01,1.406E+00,1.721E+00,-2.707E-01,3.425E+00,1.648E+00,3.142E+00,1.183E-03,2.515E+00,2.533E+00,1.312E-01,3.447E+00,1.784E+00,-3.718E-01,3.455E+00,1.702E+00,3.142E+00,-2.585E-03,2.492E+00,2.453E+00,8.244E-02,5.218E+00
30,0.000E+00,9.794E-03,0.000E+00,1.283E-02,0.000E+00,0.000E+00,7.812E-07,1.667E-02,5.822E-02,9.836E-03,2.029E-02,2.575E+00,1.723E+00,-3.125E-01,3.252E+00,1.867E+00,3.142E+00,-2.619E-04,2.393E+00,2.390E+00,9.554E-02,4.558E+00,1.617E+00,-1.021E-01,2.091E+00,2.259E+00,3.142E+00,4.648E-03,2.640E+00,2.719E+00,3.304E-01,1.409E+00,1.721E+00,-2.737E-01,3.448E+00,1.652E+00,3.142E+00,1.207E-03,2.516E+00,2.535E+00,1.312E-01,3.448E+00,1.780E+00,-3.763E-01,3.496E+00,1.719E+00,3.142E+00,-2.796E-03,2.501E+00,2.459E+00,8.224E-02,5.229E+00
31,0.000E+00,1.052E-02,0.000E+00,1.352E-02,0.000E+00,1.953E-07,7.812E-07,1.810E-02,6.255E-02,1.058E-02,2.167E-02,2.763E+00,1.721E+00,-3.247E-01,3.467E+00,1.833E+00,3.142E+00,7.512E-04,2.385E+00,2.396E+00,9.620E-02,4.530E+00,1.619E+00,-9.681E-02,2.044E+00,2.267E+00,3.142E+00,4.653E-03,2.643E+00,2.721E+00,3.310E-01,1.407E+00,1.713E+00,-2.676E-01,3.367E+00,1.697E+00,3.142E+00,1.380E-03,2.521E+00,2.543E+00,1.306E-01,3.464E+00,1.778E+00,-3.773E-01,3.495E+00,1.734E+00,3.142E+00,-2.372E-03,2.479E+00,2.443E+00,8.191E-02,5.249E+00
32,0.000E+00,1.088E-02,0.000E+00,1.387E-02,0.000E+00,2.930E-07,7.812E-07,1.881E-02,6.471E-02,1.096E-02,2.236E-02,2.857E+00,1.721E+00,-3.309E-01,3.574E+00,1.816E+00,3.142E+00,1.258E-03,2.381E+00,2.400E+00,9.653E-02,4.516E+00,1.619E+00,-9.417E-02,2.020E+00,2.270E+00,3.142E+00,4.655E-03,2.644E+00,2.723E+00,3.312E-01,1.406E+00,1.709E+00,-2.646E-01,3.327E+00,1.719E+00,3.142E+00,1.466E-03,2.524E+00,2.547E+00,1.303E-01,3.472E+00,1.776E+00,-3.779E-01,3.495E+00,1.741E+00,3.142E+00,-2.160E-03,2.468E+00,2.436E+00,8.175E-02,5.259E+00
33,0.000E+00,1.124E-02,0.000E+00,1.422E-02,0.000E+00,3.906E-07,7.812E-07,1.952E-02,6.688E-02,1.133E-02,2.304E-02,2.950E+00,1.721E+00,-3.370E-01,3.681E+00,1.799E+00,3.142E+00,1.764E-03,2.377E+00,2.403E+00,9.686E-02,4.502E+00,1.620E+00,-9.154E-02,1.997E+00,2.274E+00,3.142E+00,4.658E-03,2.645E+00,2.724E+00,3.315E-01,1.405E+00,1.706E+00,-2.615E-01,3.287E+00,1.741E+00,3.142E+00,1.553E-03,2.527E+00,2.551E+00,1.300E-01,3.479E+00,1.775E+00,-3.784E-01,3.495E+00,1.748E+00,3.142E+00,-1.949E-03,2.458E+00,2.428E+00,8.158E-02,5.269E+00
34,0.000E+00,1.160E-02,0.000E+00,1.457E-02,0.000E+00,4.883E-07,7.812E-07,2.024E-02,6.904E-02,1.170E-02,2.373E-02,3.044E+00,1.721E+00,-3.431E-01,3.788E+00,1.782E+00,3.142E+00,2.271E-03,2.373E+00,2.406E+00,9.719E-02,4.488E+00,1.621E+00,-8.890E-02,1.973E+00,2.278E+00,3.142E+00,4.660E-03,2.646E+00,2.725E+00,3.317E-01,1.404E+00,1.702E+00,-2.585E-01,3.247E+00,1.764E+00,3.142E+00,1.639E-03,2.530E+00,2.556E+00,1.297E-01,3.487E+00,1.774E+00,-3.789E-01,3.494E+00,1.755E+00,3.142E+00,-1.737E-03,2.447E+00,2.420E+00,8.142E-02,5.279E+00
35,0.000E+00,1.197E-02,0.000E+00,1.491E-02,0.000E+00,5.859E-07,7.812E-07,2.095E-02,7.120E-02,1.207E-02,2.442E-02,3.138E+00,1.721E+00,-3.492E-01,3.895E+00,1.765E+00,3.142E+00,2.777E-03,2.369E+00,2.410E+00,9.751E-02,4.474E+00,1.622E+00,-8.626E-02,1.949E+00,2.282E+00,3.142E+00,4.662E-03,2.647E+00,2.726E+00,3.320E-01,1.402E+00,1.699E+00,-2.554E-01,3.207E+00,1.786E+00,3.142E+00,1.725E-03,2.532E+00,2.560E+00,1.294E-01,3.495E+00,1.773E+00,-3.794E-01,3.494E+00,1.762E+00,3.142E+00,-1.525E-03,2.436E+00,2.412E+00,8.126E-02,5.289E+00
36,0.000E+00,1.233E-02,0.000E+00,1.526E-02,0.000E+00,6.836E-07,7.812E-07,2.167E-02,7.337E-02,1.245E-02,2.511E-02,3.232E+00,1.722E+00,-3.553E-01,4.002E+00,1.748E+00,3.142E+00,3.284E-03,2.365E+00,2.413E+00,9.784E-02,4.460E+00,1.623E+00,-8.363E-02,1.926E+00,2.285E+00,3.142E+00,4.665E-03,2.648E+00,2.727E+00,3.322E-01,1.401E+00,1.696E+00,-2.524E-01,3.166E+00,1.808E+00,3.142E+00,1.812E-03,2.535E+00,2.564E+00,1.291E-01,3.503E+00,1.772E+00,-3.800E-01,3.493E+00,1.769E+00,3.142E+00,-1.313E-03,2.425E+00,2.405E+00,8.109E-02,5.299E+00
37,0.000E+00,1.269E-02,0.000E+00,1.561E-02,0.000E+00,7.812E-07,7.812E-07,2.238E-02,7.553E-02,1.282E-02,2.580E-02,3.326E+00,1.723E+00,-3.614E-01,4.109E+00,1.731E+00,3.142E+00,3.790E-03,2.361E+00,2.416E+00,9.817E-02,4.446E+00,1.624E+00,-8.099E-02,1.902E+00,2.289E+00,3.142E+00,4.667E-03,2.649E+00,2.728E+00,3.325E-01,1.400E+00,1.692E+00,-2.493E-01,3.126E+00,1.830E+00,3.142E+00,1.898E-03,2.538E+00,2.568E+00,1.288E-01,3.511E+00,1.771E+00,-3.805E-01,3.493E+00,1.776E+00,3.142E+00,-1.101E-03,2.414E+00,2.397E+00,8.093E-02,5.309E+00
38,0.000E+00,1.305E-02,0.000E+00,1.596E-02,0.000E+00,8.789E-07,7.812E-07,2.309E-02,7.770E-02,1.319E-02,2.648E-02,3.420E+00,1.725E+00,-3.675E-01,4.216E+00,1.714E+00,3.142E+00,4.297E-03,2.357E+00,2.420E+00,9.850E-02,4.432E+00,1.625E+00,-7.835E-02,1.879E+00,2.293E+00,3.142E+00,4.669E-03,2.650E+00,2.730E+00,3.327E-01,1.399E+00,1.689E+00,-2.463E-01,3.086E+00,1.853E+00,3.142E+00,1.985E-03,2.541E+00,2.572E+00,1.285E-01,3.519E+00,1.769E+00,-3.810E-01,3.493E+00,1.783E+00,3.142E+00,-8.893E-04,2.403E+00,2.389E+00,8.077E-02,5.319E+00
39,0.000E+00,1.341E-02,0.000E+00,1.630E-02,0.000E+00,9.766E-07,7.812E-07,2.381E-02,7.986E-02,1.357E-02,2.717E-02,3.513E+00,1.726E+00,-3.736E-01,4.323E+00,1.696E+00,3.142E+00,4.803E-03,2.353E+00,2.423E+00,9.883E-02,4.418E+00,1.626E+00,-7.572E-02,1.855E+00,2.296E+00,3.142E+00,4.672E-03,2.652E+00,2.731E+00,3.330E-01,1.398E+00,1.687E+00,-2.432E-01,3.046E+00,1.875E+00,3.142E+00,2.071E-03,2.544E+00,2.577E+00,1.282E-01,3.527E+00,1.768E+00,-3.815E-01,3.492E+00,1.790E+00,3.142E+00,-6.774E-04,2.392E+00,2.381E+00,8.060E-02,5.329E+00
40,0.000E+00,1.378E-02,0.000E+00,1.665E-02,0.000E+00,1.074E-06,7.812E-07,2.452E-02,8.203E-02,1.394E-02,2.786E-02,3.607E+00,1.728E+00,-3.797E-01,4.430E+00,1.679E+00,3.142E+00,5.310E-03,2.348E+00,2.427E+00,9.916E-02,4.404E+00,1.627E+00,-7.308E-02,1.832E+00,2.300E+00,3.142E+00,4.674E-03,2.653E+00,2.732E+00,3.332E-01,1.397E+00,1.684E+00,-2.402E-01,3.006E+00,1.897E+00,3.142E+00,2.158E-03,2.546E+00,2.581E+00,1.278E-01,3.535E+00,1.767E+00,-3.820E-01,3.492E+00,1.797E+00,3.142E+00,-4.655E-04,2.381E+00,2.374E+00,8.044E-02,5.339E+00
41,0.000E+00,1.414E-02,0.000E+00,1.700E-02,0.000E+00,1.172E-06,7.812E-07,2.523E-02,8.419E-02,1.431E-02,2.855E-02,3.701E+00,1.730E+00,-3.859E-01,4.537E+00,1.662E+00,3.142E+00,5.816E-03,2.344E+00,2.430E+00,9.949E-02,4.391E+00,1.628E+00,-7.044E-02,1.808E+00,2.304E+00,3.142E+00,4.676E-03,2.654E+00,2.733E+00,3.335E-01,1.396E+00,1.681E+00,-2.371E-01,2.965E+00,1.919E+00,3.142E+00,2.244E-03,2.549E+00,2.585E+00,1.275E-01,3.543E+00,1.766E+00,-3.826E-01,3.492E+00,1.804E+00,3.142E+00,-2.537E-04,2.370E+00,2.366E+00,8.028E-02,5.349E+00
42,0.000E+00,1.450E-02,0.000E+00,1.735E-02,0.000E+00,1.270E-06,7.812E-07,2.595E-02,8.635E-02,1.469E-02,2.924E-02,3.795E+00,1.732E+00,-3.920E-01,4.644E+00,1.645E+00,3.142E+00,6.323E-03,2.340E+00,2.433E+00,9.982E-02,4.377E+00,1.629E+00,-6.781E-02,1.785E+00,2.307E+00,3.142E+00,4.679E-03,2.655E+00,2.734E+00,3.337E-01,1.395E+00,1.679E+00,-2.340E-01,2.925E+00,1.941E+00,3.142E+00,2.331E-03,2.552E+00,2.589E+00,1.272E-01,3.551E+00,1.765E+00,-3.831E-01,3.491E+00,1.811E+00,3.142E+00,-4.183E-05,2.359E+00,2.358E+00,8.011E-02,5.359E+00
43,0.000E+00,1.486E-02,0.000E+00,1.769E-02,0.000E+00,1.367E-06,7.812E-07,2.666E-02,8.852E-02,1.506E-02,2.992E-02,3.889E+00,1.735E+00,-3.981E-01,4.752E+00,1.628E+00,3.142E+00,6.830E-03,2.336E+00,2.437E+00,1.001E-01,4.363E+00,1.630E+00,-6.517E-02,1.761E+00,2.311E+00,3.142E+00,4.681E-03,2.656E+00,2.735E+00,3.340E-01,1.394E+00,1.676E+00,-2.310E-01,2.885E+00,1.964E+00,3.142E+00,2.417E-03,2.555E+00,2.593E+00,1.269E-01,3.559E+00,1.764E+00,-3.836E-01,3.491E+00,1.819E+00,3.142E+00,1.700E-04,2.348E+00,2.350E+00,7.995E-02,5.368E+00
44,0.000E+00,1.523E-02,0.000E+00,1.804E-02,0.000E+00,1.465E-06,7.812E-07,2.738E-02,9.068E-02,1.543E-02,3.061E-02,3.983E+00,1.738E+00,-4.042E-01,4.859E+00,1.611E+00,3.142E+00,7.336E-03,2.332E+00,2.440E+00,1.005E-01,4.349E+00,1.631E+00,-6.253E-02,1.738E+00,2.315E+00,3.142E+00,4.683E-03,2.657E+00,2.736E+00,3.343E-01,1.393E+00,1.674E+00,-2.279E-01,2.845E+00,1.986E+00,3.142E+00,2.503E-03,2.557E+00,2.598E+00,1.266E-01,3.567E+00,1.763E+00,-3.841E-01,3.491E+00,1.826E+00,3.142E+00,3.819E-04,2.337E+00,2.343E+00,7.979E-02,5.378E+00
45,0.000E+00,1.559E-02,0.000E+00,1.839E-02,0.000E+00,1.562E-06,7.812E-07,2.809E-02,9.285E-02,1.580E-02,3.130E-02,4.076E+00,1.741E+00,-4.103E-01,4.966E+00,1.594E+00,3.142E+00,7.843E-03,2.328E+00,2.443E+00,1.008E-01,4.335E+00,1.633E+00,-5.990E-02,1.714E+00,2.318E+00,3.142E+00,4.686E-03,2.658E+00,2.738E+00,3.345E-01,1.392E+00,1.672E+00,-2.249E-01,2.805E+00,2.008E+00,3.142E+00,2.590E-03,2.560E+00,2.602E+00,1.263E-01,3.575E+00,1.762E+00,-3.846E-01,3.490E+00,1.833E+00,3.142E+00,5.938E-04,2.327E+00,2.335E+00,7.962E-02,5.388E+00
46,0.000E+00,1.644E-02,0.000E+00,1.913E-02,0.000E+00,7.812E-07,1.562E-06,3.008E-02,9.859E-02,1.653E-02,3.275E-02,4.308E+00,1.718E+00,-4.481E-01,5.884E+00,1.620E+00,3.142E+00,2.088E-03,2.509E+00,2.537E+00,9.632E-02,4.532E+00,1.589E+00,-2.031E-01,3.640E+00,1.940E+00,3.142E+00,2.386E-03,2.715E+00,2.755E+00,3.268E-01,1.425E+00,1.658E+00,-2.118E-01,2.696E+00,2.098E+00,3.142E+00,2.641E-03,2.573E+00,2.616E+00,1.269E-01,3.561E+00,1.740E+00,-4.407E-01,4.882E+00,1.706E+00,3.142E+00,4.063E-03,2.292E+00,2.350E+00,7.888E-02,5.436E+00
47,0.000E+00,1.687E-02,0.000E+00,1.950E-02,0.000E+00,3.906E-07,1.953E-06,3.108E-02,1.015E-01,1.690E-02,3.348E-02,4.423E+00,1.710E+00,-4.669E-01,6.344E+00,1.633E+00,3.142E+00,-7.896E-04,2.600E+00,2.583E+00,9.408E-02,4.630E+00,1.618E+00,-2.747E-01,4.603E+00,1.751E+00,3.142E+00,1.236E-03,2.743E+00,2.764E+00,3.229E-01,1.441E+00,1.652E+00,-2.053E-01,2.642E+00,2.143E+00,3.142E+00,2.667E-03,2.580E+00,2.623E+00,1.271E-01,3.554E+00,1.741E+00,-4.688E-01,5.579E+00,1.643E+00,3.142E+00,5.797E-03,2.275E+00,2.357E+00,7.851E-02,5.459E+00
48,0.000E+00,1.730E-02,0.000E+00,1.987E-02,0.000E+00,0.000E+00,2.344E-06,3.207E-02,1.043E-01,1.726E-02,3.421E-02,4.539E+00,1.703E+00,-4.858E-01,6.803E+00,1.646E+00,3.142E+00,-3.667E-03,2.691E+00,2.630E+00,9.184E-02,4.729E+00,1.668E+00,-3.462E-01,5.566E+00,1.562E+00,3.142E+00,8.610E-05,2.771E+00,2.773E+00,3.191E-01,1.457E+00,1.646E+00,-1.988E-01,2.588E+00,2.188E+00,3.142E+00,2.693E-03,2.587E+00,2.631E+00,1.274E-01,3.546E+00,1.748E+00,-4.968E-01,6.275E+00,1.580E+00,3.142E+00,7.531E-03,2.258E+00,2.365E+00,7.814E-02,5.483E+00
49,0.000E+00,1.821E-02,0.000E+00,2.095E-02,0.000E+00,0.000E+00,4.297E-06,3.393E-02,1.103E-01,1.828E-02,3.587E-02,4.791E+00,1.704E+00,-4.514E-01,6.057E+00,1.660E+00,3.142E+00,2.249E-03,2.511E+00,2.541E+00,9.419E-02,4.621E+00,1.642E+00,-2.593E-01,4.145E+00,1.716E+00,3.142E+00,2.057E-03,2.713E+00,2.747E+00,3.249E-01,1.432E+00,1.656E+00,-2.617E-01,3.472E+00,1.917E+00,3.142E+00,2.424E-03,2.597E+00,2.636E+00,1.279E-01,3.534E+00,1.743E+00,-5.449E-01,7.924E+00,1.514E+00,3.142E+00,8.324E-03,2.240E+00,2.357E+00,7.701E-02,5.559E+00
50,0.000E+00,1.867E-02,0.000E+00,2.149E-02,0.000E+00,0.000E+00,5.273E-06,3.486E-02,1.132E-01,1.879E-02,3.670E-02,4.917E+00,1.706E+00,-4.342E-01,5.683E+00,1.667E+00,3.142E+00,5.207E-03,2.422E+00,2.496E+00,9.536E-02,4.567E+00,1.644E+00,-2.158E-01,3.435E+00,1.793E+00,3.142E+00,3.042E-03,2.684E+00,2.735E+00,3.278E-01,1.420E+00,1.673E+00,-2.932E-01,3.914E+00,1.781E+00,3.142E+00,2.289E-03,2.602E+00,2.639E+00,1.281E-01,3.527E+00,1.747E+00,-5.690E-01,8.749E+00,1.481E+00,3.142E+00,8.721E-03,2.232E+00,2.353E+00,7.644E-02,5.597E+00
51,0.000E+00,1.913E-02,0.000E+00,2.202E-02,0.000E+00,0.000E+00,6.250E-06,3.578E-02,1.162E-01,1.930E-02,3.753E-02,5.043E+00,1.709E+00,-4.170E-01,5.310E+00,1.674E+00,3.142E+00,8.165E-03,2.332E+00,2.451E+00,9.654E-02,4.514E+00,1.661E+00,-1.723E-01,2.725E+00,1.870E+00,3.142E+00,4.028E-03,2.654E+00,2.722E+00,3.307E-01,1.408E+00,1.698E+00,-3.247E-01,4.356E+00,1.645E+00,3.142E+00,2.155E-03,2.607E+00,2.642E+00,1.284E-01,3.521E+00,1.753E+00,-5.930E-01,9.573E+00,1.448E+00,3.142E+00,9.118E-03,2.223E+00,2.350E+00,7.587E-02,5.635E+00
52,0.000E+00,2.050E-02,0.000E+00,2.321E-02,0.000E+00,7.812E-07,6.250E-06,3.839E-02,1.238E-01,2.052E-02,4.014E-02,5.378E+00,1.690E+00,-5.035E-01,8.591E+00,1.527E+00,3.142E+00,2.468E-04,2.566E+00,2.559E+00,9.150E-02,4.758E+00,1.648E+00,-2.117E-01,3.372E+00,1.782E+00,3.142E+00,2.666E-03,2.729E+00,2.774E+00,3.281E-01,1.418E+00,1.680E+00,-3.441E-01,4.879E+00,1.652E+00,3.142E+00,1.624E-03,2.628E+00,2.655E+00,1.270E-01,3.556E+00,1.722E+00,-5.674E-01,8.945E+00,1.546E+00,3.142E+00,6.717E-03,2.262E+00,2.356E+00,7.604E-02,5.623E+00
53,0.000E+00,2.119E-02,0.000E+00,2.380E-02,0.000E+00,1.172E-06,6.250E-06,3.969E-02,1.276E-01,2.113E-02,4.144E-02,5.545E+00,1.703E+00,-5.468E-01,1.023E+01,1.453E+00,3.142E+00,-3.712E-03,2.682E+00,2.613E+00,8.898E-02,4.880E+00,1.647E+00,-2.314E-01,3.695E+00,1.739E+00,3.142E+00,1.985E-03,2.766E+00,2.800E+00,3.269E-01,1.424E+00,1.673E+00,-3.537E-01,5.140E+00,1.655E+00,3.142E+00,1.359E-03,2.639E+00,2.661E+00,1.264E-01,3.574E+00,1.708E+00,-5.546E-01,8.631E+00,1.595E+00,3.142E+00,5.516E-03,2.282E+00,2.360E+00,7.613E-02,5.617E+00
54,0.000E+00,2.187E-02,0.000E+00,2.439E-02,0.000E+00,1.562E-06,6.250E-06,4.099E-02,1.314E-01,2.174E-02,4.274E-02,5.712E+00,1.724E+00,-5.901E-01,1.187E+01,1.379E+00,3.142E+00,-7.671E-03,2.799E+00,2.666E+00,8.645E-02,5.002E+00,1.648E+00,-2.511E-01,4.018E+00,1.695E+00,3.142E+00,1.304E-03,2.803E+00,2.827E+00,3.256E-01,1.429E+00,1.667E+00,-3.634E-01,5.402E+00,1.659E+00,3.142E+00,1.093E-03,2.649E+00,2.668E+00,1.257E-01,3.591E+00,1.695E+00,-5.417E-01,8.317E+00,1.645E+00,3.142E+00,4.316E-03,2.302E+00,2.363E+00,7.622E-02,5.611E+00
55,0.000E+00,2.319E-02,0.000E+00,2.598E-02,0.000E+00,1.953E-06,8.984E-06,4.360E-02,1.399E-01,2.319E-02,4.530E-02,6.077E+00,1.699E+00,-6.187E-01,1.456E+01,1.390E+00,3.142E+00,-1.100E-03,2.632E+00,2.608E+00,8.928E-02,4.859E+00,1.622E+00,-2.875E-01,4.764E+00,1.738E+00,3.142E+00,-9.621E-04,2.845E+00,2.828E+00,3.204E-01,1.452E+00,1.666E+00,-3.857E-01,5.992E+00,1.621E+00,3.142E+00,5.866E-04,2.642E+00,2.652E+00,1.253E-01,3.603E+00,1.670E+00,-6.095E-01,1.329E+01,1.527E+00,3.142E+00,1.026E-03,2.351E+00,2.365E+00,7.637E-02,5.600E+00
56,0.000E+00,2.385E-02,0.000E+00,2.677E-02,0.000E+00,2.148E-06,1.035E-05,4.490E-02,1.442E-01,2.391E-02,4.658E-02,6.260E+00,1.690E+00,-6.330E-01,1.591E+01,1.395E+00,3.142E+00,2.185E-03,2.548E+00,2.578E+00,9.069E-02,4.788E+00,1.612E+00,-3.058E-01,5.137E+00,1.759E+00,3.142E+00,-2.095E-03,2.866E+00,2.828E+00,3.178E-01,1.463E+00,1.667E+00,-3.968E-01,6.287E+00,1.601E+00,3.142E+00,3.333E-04,2.638E+00,2.644E+00,1.251E-01,3.608E+00,1.677E+00,-6.433E-01,1.577E+01,1.469E+00,3.142E+00,-6.187E-04,2.375E+00,2.366E+00,7.645E-02,5.595E+00
57,0.000E+00,2.451E-02,0.000E+00,2.756E-02,0.000E+00,2.344E-06,1.172E-05,4.620E-02,1.485E-01,2.464E-02,4.786E-02,6.442E+00,1.683E+00,-6.473E-01,1.725E+01,1.400E+00,3.142E+00,5.471E-03,2.464E+00,2.549E+00,9.210E-02,4.716E+00,1.603E+00,-3.240E-01,5.509E+00,1.781E+00,3.142E+00,-3.228E-03,2.887E+00,2.829E+00,3.152E-01,1.474E+00,1.668E+00,-4.079E-01,6.582E+00,1.582E+00,3.142E+00,7.998E-05,2.635E+00,2.636E+00,1.249E-01,3.614E+00,1.690E+00,-6.772E-01,1.826E+01,1.410E+00,3.142E+00,-2.263E-03,2.399E+00,2.366E+00,7.653E-02,5.590E+00
58,0.000E+00,2.626E-02,0.000E+00,2.897E-02,3.906E-07,2.734E-06,1.133E-05,4.989E-02,1.593E-01,2.633E-02,5.073E-02,6.890E+00,1.645E+00,-6.129E-01,1.584E+01,1.499E+00,3.142E+00,5.945E-03,2.375E+00,2.463E+00,9.090E-02,4.775E+00,1.576E+00,-2.728E-01,4.692E+00,1.933E+00,3.142E+00,-1.189E-03,2.782E+00,2.760E+00,3.316E-01,1.407E+00,1.667E+00,-4.159E-01,7.022E+00,1.548E+00,3.142E+00,4.818E-04,2.620E+00,2.628E+00,1.250E-01,3.610E+00,1.689E+00,-6.503E-01,1.623E+01,1.424E+00,3.142E+00,-1.387E-03,2.402E+00,2.382E+00,7.604E-02,5.623E+00
59,0.000E+00,2.714E-02,0.000E+00,2.968E-02,5.859E-07,2.930E-06,1.113E-05,5.173E-02,1.647E-01,2.717E-02,5.217E-02,7.113E+00,1.628E+00,-5.956E-01,1.514E+01,1.548E+00,3.142E+00,6.182E-03,2.331E+00,2.420E+00,9.030E-02,4.805E+00,1.567E+00,-2.472E-01,4.283E+00,2.009E+00,3.142E+00,-1.699E-04,2.730E+00,2.726E+00,3.398E-01,1.373E+00,1.666E+00,-4.199E-01,7.243E+00,1.532E+00,3.142E+00,6.827E-04,2.613E+00,2.624E+00,1.251E-01,3.608E+00,1.690E+00,-6.368E-01,1.521E+01,1.432E+00,3.142E+00,-9.495E-04,2.403E+00,2.389E+00,7.579E-02,5.640E+00
60,0.000E+00,2.801E-02,0.000E+00,3.038E-02,7.812E-07,3.125E-06,1.094E-05,5.358E-02,1.701E-01,2.801E-02,5.360E-02,7.337E+00,1.611E+00,-5.784E-01,1.443E+01,1.597E+00,3.142E+00,6.419E-03,2.286E+00,2.377E+00,8.970E-02,4.834E+00,1.561E+00,-2.216E-01,3.874E+00,2.086E+00,3.142E+00,8.495E-04,2.677E+00,2.692E+00,3.480E-01,1.340E+00,1.666E+00,-4.239E-01,7.463E+00,1.515E+00,3.142E+00,8.836E-04,2.605E+00,2.620E+00,1.252E-01,3.607E+00,1.693E+00,-6.234E-01,1.420E+01,1.439E+00,3.142E+00,-5.114E-04,2.404E+00,2.397E+00,7.555E-02,5.657E+00
61,0.000E+00,2.992E-02,0.000E+00,3.222E-02,3.906E-07,5.469E-06,1.367E-05,5.767E-02,1.820E-01,2.996E-02,5.737E-02,7.851E+00,1.633E+00,-5.335E-01,1.157E+01,1.571E+00,3.142E+00,8.745E-03,2.254E+00,2.377E+00,9.117E-02,4.762E+00,1.564E+00,-2.883E-01,5.417E+00,1.856E+00,3.142E+00,9.834E-05,2.727E+00,2.729E+00,3.390E-01,1.375E+00,1.650E+00,-4.188E-01,7.514E+00,1.556E+00,3.142E+00,1.020E-03,2.632E+00,2.649E+00,1.252E-01,3.605E+00,1.672E+00,-6.222E-01,1.461E+01,1.484E+00,3.142E+00,7.724E-03,2.274E+00,2.379E+00,7.562E-02,5.652E+00
62,0.000E+00,3.088E-02,0.000E+00,3.314E-02,1.953E-07,6.641E-06,1.504E-05,5.972E-02,1.879E-01,3.093E-02,5.926E-02,8.108E+00,1.649E+00,-5.111E-01,1.014E+01,1.558E+00,3.142E+00,9.907E-03,2.239E+00,2.377E+00,9.191E-02,4.726E+00,1.579E+00,-3.217E-01,6.189E+00,1.741E+00,3.142E+00,-2.773E-04,2.752E+00,2.747E+00,3.345E-01,1.393E+00,1.642E+00,-4.162E-01,7.539E+00,1.577E+00,3.142E+00,1.089E-03,2.646E+00,2.664E+00,1.252E-01,3.604E+00,1.662E+00,-6.216E-01,1.482E+01,1.507E+00,3.142E+00,1.184E-02,2.209E+00,2.371E+00,7.566E-02,5.649E+00
63,0.000E+00,3.183E-02,0.000E+00,3.406E-02,0.000E+00,7.813E-06,1.641E-05,6.177E-02,1.938E-01,3.190E-02,6.114E-02,8.364E+00,1.671E+00,-4.886E-01,8.703E+00,1.545E+00,3.142E+00,1.107E-02,2.223E+00,2.377E+00,9.265E-02,4.690E+00,1.601E+00,-3.551E-01,6.960E+00,1.627E+00,3.142E+00,-6.528E-04,2.777E+00,2.765E+00,3.299E-01,1.411E+00,1.634E+00,-4.137E-01,7.565E+00,1.598E+00,3.142E+00,1.157E-03,2.659E+00,2.679E+00,1.253E-01,3.603E+00,1.653E+00,-6.210E-01,1.502E+01,1.529E+00,3.142E+00,1.596E-02,2.143E+00,2.362E+00,7.570E-02,5.647E+00
64,0.000E+00,3.433E-02,0.000E+00,3.655E-02,0.000E+00,9.375E-06,1.914E-05,6.654E-02,2.086E-01,3.430E-02,6.572E-02,9.000E+00,1.631E+00,-5.128E-01,1.064E+01,1.588E+00,3.142E+00,1.043E-02,2.208E+00,2.352E+00,9.515E-02,4.578E+00,1.626E+00,-3.857E-01,8.068E+00,1.480E+00,3.142E+00,3.398E-03,2.649E+00,2.703E+00,3.329E-01,1.399E+00,1.617E+00,-4.286E-01,8.564E+00,1.591E+00,3.142E+00,-2.285E-04,2.699E+00,2.695E+00,1.241E-01,3.637E+00,1.654E+00,-6.214E-01,1.607E+01,1.478E+00,3.142E+00,9.649E-03,2.267E+00,2.401E+00,7.843E-02,5.470E+00
65,0.000E+00,3.559E-02,0.000E+00,3.780E-02,0.000E+00,1.016E-05,2.051E-05,6.892E-02,2.160E-01,3.550E-02,6.801E-02,9.318E+00,1.615E+00,-5.250E-01,1.161E+01,1.609E+00,3.142E+00,1.010E-02,2.201E+00,2.340E+00,9.640E-02,4.522E+00,1.642E+00,-4.010E-01,8.622E+00,1.406E+00,3.142E+00,5.423E-03,2.585E+00,2.672E+00,3.343E-01,1.393E+00,1.610E+00,-4.360E-01,9.064E+00,1.587E+00,3.142E+00,-9.212E-04,2.719E+00,2.703E+00,1.235E-01,3.653E+00,1.656E+00,-6.216E-01,1.660E+01,1.452E+00,3.142E+00,6.493E-03,2.328E+00,2.420E+00,7.979E-02,5.382E+00
66,0.000E+00,3.684E-02,0.000E+00,3.904E-02,0.000E+00,1.094E-05,2.187E-05,7.131E-02,2.234E-01,3.670E-02,7.030E-02,9.636E+00,1.601E+00,-5.371E-01,1.258E+01,1.631E+00,3.142E+00,9.782E-03,2.194E+00,2.327E+00,9.765E-02,4.466E+00,1.661E+00,-4.163E-01,9.175E+00,1.333E+00,3.142E+00,7.448E-03,2.522E+00,2.641E+00,3.358E-01,1.387E+00,1.604E+00,-4.435E-01,9.563E+00,1.583E+00,3.142E+00,-1.614E-03,2.739E+00,2.712E+00,1.229E-01,3.670E+00,1.657E+00,-6.218E-01,1.713E+01,1.426E+00,3.142E+00,3.337E-03,2.390E+00,2.440E+00,8.116E-02,5.294E+00
67,0.000E+00,3.981E-02,0.000E+00,4.150E-02,0.000E+00,1.719E-05,2.383E-05,7.785E-02,2.424E-01,3.975E-02,7.533E-02,1.042E+01,1.571E+00,-5.006E-01,1.084E+01,1.784E+00,3.142E+00,7.809E-03,2.259E+00,2.367E+00,9.492E-02,4.589E+00,1.572E+00,-3.762E-01,8.033E+00,1.671E+00,3.142E+00,4.711E-03,2.651E+00,2.728E+00,3.404E-01,1.369E+00,1.588E+00,-4.238E-01,9.018E+00,1.644E+00,3.142E+00,1.002E-03,2.637E+00,2.651E+00,1.232E-01,3.660E+00,1.591E+00,-5.894E-01,1.540E+01,1.654E+00,3.142E+00,4.286E-03,2.324E+00,2.385E+00,7.835E-02,5.475E+00
68,0.000E+00,4.129E-02,0.000E+00,4.273E-02,0.000E+00,2.031E-05,2.480E-05,8.112E-02,2.519E-01,4.127E-02,7.784E-02,1.082E+01,1.559E+00,-4.824E-01,9.965E+00,1.861E+00,3.142E+00,6.822E-03,2.291E+00,2.387E+00,9.356E-02,4.650E+00,1.538E+00,-3.562E-01,7.462E+00,1.841E+00,3.142E+00,3.343E-03,2.715E+00,2.771E+00,3.426E-01,1.360E+00,1.580E+00,-4.139E-01,8.746E+00,1.675E+00,3.142E+00,2.310E-03,2.585E+00,2.621E+00,1.234E-01,3.655E+00,1.563E+00,-5.731E-01,1.453E+01,1.768E+00,3.142E+00,4.760E-03,2.291E+00,2.358E+00,7.695E-02,5.566E+00
69,0.000E+00,4.278E-02,0.000E+00,4.397E-02,0.000E+00,2.344E-05,2.578E-05,8.440E-02,2.614E-01,4.280E-02,8.035E-02,1.121E+01,1.551E+00,-4.642E-01,9.093E+00,1.938E+00,3.142E+00,5.836E-03,2.324E+00,2.407E+00,9.219E-02,4.712E+00,1.510E+00,-3.362E-01,6.891E+00,2.010E+00,3.142E+00,1.975E-03,2.780E+00,2.815E+00,3.449E-01,1.352E+00,1.573E+00,-4.041E-01,8.473E+00,1.705E+00,3.142E+00,3.618E-03,2.534E+00,2.591E+00,1.236E-01,3.649E+00,1.538E+00,-5.569E-01,1.367E+01,1.882E+00,3.142E+00,5.234E-03,2.258E+00,2.331E+00,7.555E-02,5.657E+00
70,0.000E+00,4.632E-02,0.000E+00,4.724E-02,0.000E+00,2.617E-05,2.617E-05,9.186E-02,2.837E-01,4.636E-02,8.656E-02,1.215E+01,1.557E+00,-4.881E-01,1.056E+01,1.832E+00,3.142E+00,4.264E-03,2.328E+00,2.389E+00,9.540E-02,4.568E+00,1.530E+00,-3.593E-01,7.789E+00,1.840E+00,3.142E+00,2.660E-04,2.789E+00,2.794E+00,3.364E-01,1.386E+00,1.559E+00,-3.909E-01,8.062E+00,1.776E+00,3.142E+00,2.139E-03,2.557E+00,2.591E+00,1.241E-01,3.634E+00,1.522E+00,-5.405E-01,1.330E+01,1.930E+00,3.142E+00,7.799E-03,2.245E+00,2.354E+00,7.744E-02,5.532E+00
71,0.000E+00,4.808E-02,0.000E+00,4.888E-02,0.000E+00,2.754E-05,2.637E-05,9.559E-02,2.949E-01,4.814E-02,8.967E-02,1.262E+01,1.562E+00,-5.000E-01,1.129E+01,1.778E+00,3.142E+00,3.479E-03,2.329E+00,2.379E+00,9.701E-02,4.497E+00,1.543E+00,-3.709E-01,8.239E+00,1.755E+00,3.142E+00,-5.883E-04,2.794E+00,2.784E+00,3.321E-01,1.403E+00,1.553E+00,-3.843E-01,7.856E+00,1.811E+00,3.142E+00,1.400E-03,2.569E+00,2.591E+00,1.244E-01,3.627E+00,1.515E+00,-5.323E-01,1.311E+01,1.954E+00,3.142E+00,9.081E-03,2.238E+00,2.365E+00,7.839E-02,5.469E+00
72,0.000E+00,4.985E-02,0.000E+00,5.052E-02,0.000E+00,2.891E-05,2.656E-05,9.932E-02,3.061E-01,4.992E-02,9.277E-02,1.308E+01,1.570E+00,-5.119E-01,1.202E+01,1.725E+00,3.142E+00,2.693E-03,2.331E+00,2.370E+00,9.861E-02,4.425E+00,1.559E+00,-3.825E-01,8.688E+00,1.669E+00,3.142E+00,-1.443E-03,2.799E+00,2.774E+00,3.278E-01,1.420E+00,1.547E+00,-3.777E-01,7.650E+00,1.846E+00,3.142E+00,6.606E-04,2.581E+00,2.591E+00,1.247E-01,3.619E+00,1.507E+00,-5.241E-01,1.293E+01,1.978E+00,3.142E+00,1.036E-02,2.231E+00,2.377E+00,7.934E-02,5.406E+00
73,0.000E+00,5.278E-02,0.000E+00,5.249E-02,0.000E+00,2.812E-05,3.867E-05,1.059E-01,3.246E-01,5.276E-02,9.701E-02,1.383E+01,1.534E+00,-5.005E-01,1.198E+01,1.847E+00,3.142E+00,4.293E-03,2.384E+00,2.449E+00,9.638E-02,4.523E+00,1.533E+00,-3.481E-01,7.735E+00,1.792E+00,3.142E+00,-1.046E-03,2.742E+00,2.723E+00,3.357E-01,1.388E+00,1.541E+00,-3.727E-01,7.467E+00,1.885E+00,3.142E+00,4.271E-04,2.580E+00,2.587E+00,1.250E-01,3.610E+00,1.496E+00,-4.961E-01,1.130E+01,2.084E+00,3.142E+00,8.535E-03,2.228E+00,2.347E+00,7.942E-02,5.401E+00
74,0.000E+00,5.571E-02,0.000E+00,5.445E-02,0.000E+00,2.734E-05,5.078E-05,1.125E-01,3.432E-01,5.559E-02,1.012E-01,1.458E+01,1.501E+00,-4.890E-01,1.194E+01,1.968E+00,3.142E+00,5.892E-03,2.437E+00,2.527E+00,9.414E-02,4.621E+00,1.514E+00,-3.137E-01,6.783E+00,1.915E+00,3.142E+00,-6.501E-04,2.684E+00,2.673E+00,3.437E-01,1.356E+00,1.536E+00,-3.677E-01,7.284E+00,1.925E+00,3.142E+00,1.936E-04,2.580E+00,2.583E+00,1.254E-01,3.600E+00,1.492E+00,-4.681E-01,9.673E+00,2.189E+00,3.142E+00,6.706E-03,2.225E+00,2.317E+00,7.950E-02,5.396E+00
75,0.000E+00,5.887E-02,0.000E+00,5.671E-02,0.000E+00,3.359E-05,5.039E-05,1.198E-01,3.636E-01,5.878E-02,1.062E-01,1.542E+01,1.484E+00,-4.535E-01,1.028E+01,2.097E+00,3.142E+00,2.581E-03,2.401E+00,2.441E+00,9.466E-02,4.597E+00,1.501E+00,-2.681E-01,5.901E+00,1.981E+00,3.142E+00,-1.100E-04,2.745E+00,2.743E+00,3.318E-01,1.405E+00,1.524E+00,-3.528E-01,6.934E+00,1.992E+00,3.142E+00,2.504E-03,2.534E+00,2.573E+00,1.255E-01,3.597E+00,1.478E+00,-4.659E-01,9.830E+00,2.237E+00,3.142E+00,7.386E-03,2.208E+00,2.309E+00,7.791E-02,5.500E+00
76,0.000E+00,6.202E-02,0.000E+00,5.897E-02,0.000E+00,3.984E-05,5.000E-05,1.271E-01,3.841E-01,6.197E-02,1.112E-01,1.625E+01,1.477E+00,-4.180E-01,8.621E+00,2.226E+00,3.142E+00,-7.295E-04,2.365E+00,2.355E+00,9.517E-02,4.574E+00,1.496E+00,-2.226E-01,5.019E+00,2.046E+00,3.142E+00,4.301E-04,2.806E+00,2.814E+00,3.199E-01,1.453E+00,1.514E+00,-3.380E-01,6.584E+00,2.059E+00,3.142E+00,4.814E-03,2.488E+00,2.563E+00,1.256E-01,3.593E+00,1.465E+00,-4.637E-01,9.986E+00,2.285E+00,3.142E+00,8.067E-03,2.192E+00,2.302E+00,7.632E-02,5.604E+00
77,0.000E+00,6.519E-02,0.000E+00,6.076E-02,3.906E-07,4.922E-05,5.938E-05,1.350E-01,4.062E-01,6.521E-02,1.149E-01,1.710E+01,1.483E+00,-4.396E-01,9.128E+00,2.201E+00,3.142E+00,2.152E-02,2.072E+00,2.336E+00,9.798E-02,4.455E+00,1.490E+00,-2.621E-01,5.961E+00,2.001E+00,3.142E+00,-1.816E-04,2.634E+00,2.632E+00,3.329E-01,1.401E+00,1.497E+00,-3.250E-01,6.402E+00,2.138E+00,3.142E+00,2.810E-03,2.522E+00,2.566E+00,1.248E-01,3.616E+00,1.460E+00,-4.440E-01,9.136E+00,2.361E+00,3.142E+00,5.566E-03,2.261E+00,2.338E+00,7.503E-02,5.694E+00
78,0.000E+00,6.836E-02,0.000E+00,6.254E-02,7.812E-07,5.859E-05,6.875E-05,1.429E-01,4.284E-01,6.844E-02,1.186E-01,1.794E+01,1.490E+00,-4.613E-01,9.635E+00,2.176E+00,3.142E+00,4.376E-02,1.778E+00,2.318E+00,1.008E-01,4.335E+00,1.492E+00,-3.016E-01,6.903E+00,1.955E+00,3.142E+00,-7.933E-04,2.462E+00,2.450E+00,3.458E-01,1.348E+00,1.482E+00,-3.121E-01,6.221E+00,2.217E+00,3.142E+00,8.064E-04,2.557E+00,2.570E+00,1.240E-01,3.639E+00,1.457E+00,-4.244E-01,8.286E+00,2.437E+00,3.142E+00,3.064E-03,2.330E+00,2.374E+00,7.375E-02,5.784E+00
79,0.000E+00,7.157E-02,0.000E+00,6.288E-02,7.812E-07,6.484E-05,7.500E-05,1.520E-01,4.511E-01,7.164E-02,1.211E-01,1.877E+01,1.412E+00,-4.002E-01,8.262E+00,2.637E+00,3.142E+00,2.875E-02,1.976E+00,2.341E+00,1.009E-01,4.329E+00,1.473E+00,-2.793E-01,6.420E+00,2.069E+00,3.142E+00,-1.820E-03,2.532E+00,2.503E+00,3.378E-01,1.380E+00,1.470E+00,-3.087E-01,6.225E+00,2.271E+00,3.142E+00,2.069E-03,2.521E+00,2.553E+00,1.234E-01,3.656E+00,1.458E+00,-4.166E-01,7.812E+00,2.489E+00,3.142E+00,1.077E-03,2.304E+00,2.320E+00,7.448E-02,5.732E+00
80,0.000E+00,7.478E-02,0.000E+00,6.321E-02,7.812E-07,7.109E-05,8.125E-05,1.612E-01,4.738E-01,7.485E-02,1.237E-01,1.960E+01,1.358E+00,-3.391E-01,6.890E+00,3.098E+00,3.142E+00,1.373E-02,2.174E+00,2.364E+00,1.011E-01,4.324E+00,1.457E+00,-2.570E-01,5.936E+00,2.182E+00,3.142E+00,-2.846E-03,2.602E+00,2.556E+00,3.299E-01,1.411E+00,1.459E+00,-3.054E-01,6.229E+00,2.325E+00,3.142E+00,3.331E-03,2.484E+00,2.536E+00,1.228E-01,3.672E+00,1.461E+00,-4.088E-01,7.338E+00,2.542E+00,3.142E+00,-9.094E-04,2.278E+00,2.265E+00,7.522E-02,5.680E+00
81,0.000E+00,7.718E-02,0.000E+00,6.234E-02,1.172E-06,8.984E-05,9.375E-05,1.696E-01,4.956E-01,7.733E-02,1.218E-01,2.026E+01,1.367E+00,-3.437E-01,6.827E+00,3.072E+00,3.142E+00,1.650E-02,2.068E+00,2.283E+00,9.900E-02,4.410E+00,1.395E+00,-2.507E-01,6.027E+00,2.548E+00,3.142E+00,2.145E-03,2.522E+00,2.554E+00,3.296E-01,1.412E+00,1.424E+00,-2.930E-01,6.110E+00,2.544E+00,3.142E+00,2.504E-03,2.466E+00,2.505E+00,1.228E-01,3.672E+00,1.406E+00,-3.856E-01,7.229E+00,2.856E+00,3.142E+00,4.189E-03,2.131E+00,2.181E+00,7.488E-02,5.704E+00
82,0.000E+00,7.958E-02,0.000E+00,6.147E-02,1.562E-06,1.086E-04,1.063E-04,1.780E-01,5.175E-01,7.981E-02,1.198E-01,2.091E+01,1.375E+00,-3.482E-01,6.764E+00,3.047E+00,3.142E+00,1.927E-02,1.962E+00,2.202E+00,9.692E-02,4.497E+00,1.342E+00,-2.445E-01,6.118E+00,2.914E+00,3.142E+00,7.136E-03,2.442E+00,2.551E+00,3.293E-01,1.413E+00,1.391E+00,-2.806E-01,5.991E+00,2.764E+00,3.142E+00,1.676E-03,2.449E+00,2.474E+00,1.228E-01,3.672E+00,1.358E+00,-3.624E-01,7.120E+00,3.170E+00,3.142E+00,9.287E-03,1.984E+00,2.097E+00,7.454E-02,5.728E+00
83,0.000E+00,7.892E-02,0.000E+00,5.643E-02,1.172E-06,9.805E-05,1.031E-04,1.807E-01,5.179E-01,7.900E-02,1.132E-01,2.071E+01,1.360E+00,-3.381E-01,6.585E+00,3.184E+00,3.142E+00,1.892E-02,1.928E+00,2.159E+00,9.471E-02,4.597E+00,1.320E+00,-2.183E-01,5.598E+00,3.159E+00,3.142E+00,5.172E-03,2.415E+00,2.494E+00,3.138E-01,1.484E+00,1.366E+00,-2.674E-01,5.844E+00,2.952E+00,3.142E+00,6.859E-03,2.287E+00,2.379E+00,1.226E-01,3.679E+00,1.303E+00,-3.418E-01,7.008E+00,3.640E+00,3.142E+00,1.443E-02,1.878E+00,2.042E+00,7.314E-02,5.830E+00
84,0.000E+00,7.825E-02,0.000E+00,5.138E-02,7.812E-07,8.750E-05,1.000E-04,1.834E-01,5.184E-01,7.819E-02,1.065E-01,2.050E+01,1.346E+00,-3.279E-01,6.406E+00,3.321E+00,3.142E+00,1.857E-02,1.894E+00,2.116E+00,9.250E-02,4.697E+00,1.303E+00,-1.921E-01,5.079E+00,3.404E+00,3.142E+00,3.208E-03,2.388E+00,2.436E+00,2.982E-01,1.555E+00,1.343E+00,-2.541E-01,5.697E+00,3.139E+00,3.142E+00,1.204E-02,2.124E+00,2.285E+00,1.223E-01,3.685E+00,1.255E+00,-3.213E-01,6.896E+00,4.110E+00,3.142E+00,1.958E-02,1.771E+00,1.988E+00,7.175E-02,5.933E+00
85,0.000E+00,6.516E-02,0.000E+00,4.004E-02,3.906E-07,7.188E-05,7.227E-05,1.555E-01,4.345E-01,6.518E-02,8.624E-02,1.708E+01,1.248E+00,-2.982E-01,6.412E+00,4.255E+00,3.142E+00,2.447E-02,1.775E+00,2.049E+00,8.775E-02,4.947E+00,1.245E+00,-1.971E-01,5.761E+00,3.748E+00,3.142E+00,9.005E-03,2.137E+00,2.248E+00,3.078E-01,1.510E+00,1.276E+00,-2.365E-01,5.725E+00,3.725E+00,3.142E+00,1.544E-02,1.981E+00,2.170E+00,1.201E-01,3.751E+00,1.201E+00,-3.065E-01,6.685E+00,4.901E+00,3.142E+00,3.400E-02,1.586E+00,1.926E+00,7.176E-02,5.932E+00
86,0.000E+00,5.206E-02,0.000E+00,2.871E-02,0.000E+00,5.625E-05,4.453E-05,1.277E-01,3.506E-01,5.218E-02,6.597E-02,1.366E+01,1.171E+00,-2.685E-01,6.418E+00,5.188E+00,3.142E+00,3.037E-02,1.657E+00,1.982E+00,8.299E-02,5.197E+00,1.194E+00,-2.021E-01,6.442E+00,4.091E+00,3.142E+00,1.480E-02,1.886E+00,2.059E+00,3.175E-01,1.464E+00,1.219E+00,-2.190E-01,5.753E+00,4.311E+00,3.142E+00,1.884E-02,1.838E+00,2.055E+00,1.179E-01,3.817E+00,1.158E+00,-2.917E-01,6.473E+00,5.693E+00,3.142E+00,4.843E-02,1.400E+00,1.864E+00,7.178E-02,5.931E+00
87,0.000E+00,2.633E-02,0.000E+00,1.453E-02,0.000E+00,2.812E-05,2.227E-05,6.444E-02,1.772E-01,2.637E-02,3.333E-02,6.905E+00,1.471E+00,-1.343E-01,3.209E+00,2.594E+00,1.571E+00,1.518E-02,8.284E-01,9.910E-01,4.149E-02,2.598E+00,1.517E+00,-1.011E-01,3.221E+00,2.045E+00,1.571E+00,7.401E-03,9.432E-01,1.030E+00,1.587E-01,7.321E-01,1.541E+00,-1.095E-01,2.876E+00,2.156E+00,1.571E+00,9.422E-03,9.190E-01,1.027E+00,5.894E-02,1.909E+00,1.449E+00,-1.458E-01,3.237E+00,2.846E+00,1.571E+00,2.421E-02,7.001E-01,9.321E-01,3.589E-02,2.965E+00
88,0.000E+00,6.008E-04,0.000E+00,3.578E-04,0.000E+00,0.000E+00,0.000E+00,1.213E-03,3.803E-03,5.625E-04,6.922E-04,1.450E-01,3.142E+00,0.000E+00,0.000E+00,0.000E+00,0.000E+00,0.000E+00,0.000E+00,0.000E+00,0.000E+00,0.000E+00,3.142E+00,0.000E+00,0.000E+00,0.000E+00,0.000E+00,0.000E+00,0.000E+00,0.000E+00,0.000E+00,0.000E+00,3.142E+00,0.000E+00,0.000E+00,0.000E+00,0.000E+00,0.000E+00,0.000E+00,0.000E+00,0.000E+00,0.000E+00,3.142E+00,0.000E+00,0.000E+00,0.000E+00,0.000E+00,0.000E+00,0.000E+00,0.000E+00,0.000E+00,0.000E+00
89,0.000E+00,0.000E+00,0.000E+00,0.000E+00,0.000E+00,0.000E+00,0.000E+00,0.000E+00,0.000E+00,0.000E+00,0.000E+00,0.000E+00,3.142E+00,0.000E+00,0.000E+00,0.000E+00,0.000E+00,0.000E+00,0.000E+00,0.000E+00,0.000E+00,0.000E+00,3.142E+00,0.000E+00,0.000E+00,0.000E+00,0.000E+00,0.000E+00,0.000E+00,0.000E+00,0.000E+00,0.000E+00,3.142E+00,0.000E+00,0.000E+00,0.000E+00,0.000E+00,0.000E+00,0.000E+00,0.000E+00,0.000E+00,0.000E+00,3.142E+00,0.000E+00,0.000E+00,0.000E+00,0.000E+00,0.000E+00,0.000E+00,0.000E+00,0.000E+00,0.000E+00
