alpha,He,Mg,S,Mg_1,S_1,amu/ion,phiK_Mg,phiTilt_Mg,phiM_Mg,phiN_Mg,thetaK_Mg,thetaTilt_Mg,thetaM_Mg,thetaN_Mg,energyK_Mg,energyE_Mg,phiK_S,phiTilt_S,phiM_S,phiN_S,thetaK_S,thetaTilt_S,thetaM_S,thetaN_S,energyK_S,energyE_S
0,0.000E+00,0.000E+00,3.393E-02,7.677E-02,4.301E-02,4.333E+00,1.724E+00,-6.573E-03,1.625E+00,1.532E+00,3.142E+00,2.572E-03,2.525E+00,2.566E+00,2.708E-01,1.704E+00,1.838E+00,4.718E-03,1.305E+00,1.292E+00,3.142E+00,2.886E-03,2.322E+00,2.363E+00,1.637E-01,2.726E+00
1,0.000E+00,0.000E+00,3.395E-02,7.726E-02,4.343E-02,4.359E+00,1.723E+00,-1.017E-02,1.627E+00,1.553E+00,3.142E+00,2.444E-03,2.522E+00,2.561E+00,2.702E-01,1.707E+00,1.830E+00,-1.037E-02,1.382E+00,1.300E+00,3.142E+00,2.629E-03,2.322E+00,2.359E+00,1.634E-01,2.731E+00
2,0.000E+00,0.000E+00,3.398E-02,7.774E-02,4.386E-02,4.385E+00,1.722E+00,-1.378E-02,1.629E+00,1.575E+00,3.142E+00,2.315E-03,2.520E+00,2.556E+00,2.697E-01,1.711E+00,1.828E+00,-2.546E-02,1.459E+00,1.308E+00,3.142E+00,2.372E-03,2.322E+00,2.356E+00,1.631E-01,2.736E+00
3,0.000E+00,0.000E+00,3.400E-02,7.823E-02,4.428E-02,4.411E+00,1.721E+00,-1.738E-02,1.632E+00,1.596E+00,3.142E+00,2.187E-03,2.517E+00,2.551E+00,2.691E-01,1.714E+00,1.827E+00,-4.055E-02,1.535E+00,1.316E+00,3.142E+00,2.115E-03,2.322E+00,2.352E+00,1.628E-01,2.740E+00
4,0.000E+00,0.000E+00,3.401E-02,7.847E-02,4.449E-02,4.424E+00,1.721E+00,-1.918E-02,1.633E+00,1.607E+00,3.142E+00,2.123E-03,2.516E+00,2.549E+00,2.689E-01,1.716E+00,1.826E+00,-4.809E-02,1.574E+00,1.319E+00,3.142E+00,1.987E-03,2.322E+00,2.350E+00,1.627E-01,2.742E+00
5,0.000E+00,0.000E+00,3.402E-02,7.871E-02,4.470E-02,4.437E+00,1.721E+00,-2.098E-02,1.634E+00,1.617E+00,3.142E+00,2.058E-03,2.514E+00,2.547E+00,2.686E-01,1.717E+00,1.826E+00,-5.564E-02,1.612E+00,1.323E+00,3.142E+00,1.858E-03,2.322E+00,2.348E+00,1.626E-01,2.745E+00
6,0.000E+00,0.000E+00,3.405E-02,7.920E-02,4.512E-02,4.463E+00,1.720E+00,-2.458E-02,1.636E+00,1.639E+00,3.142E+00,1.930E-03,2.512E+00,2.542E+00,2.680E-01,1.721E+00,1.825E+00,-7.073E-02,1.689E+00,1.331E+00,3.142E+00,1.601E-03,2.322E+00,2.345E+00,1.623E-01,2.749E+00
7,0.000E+00,0.000E+00,3.407E-02,7.968E-02,4.554E-02,4.489E+00,1.719E+00,-2.819E-02,1.638E+00,1.660E+00,3.142E+00,1.801E-03,2.509E+00,2.537E+00,2.675E-01,1.724E+00,1.825E+00,-8.581E-02,1.766E+00,1.339E+00,3.142E+00,1.344E-03,2.322E+00,2.341E+00,1.620E-01,2.754E+00
8,0.000E+00,0.000E+00,3.409E-02,8.017E-02,4.596E-02,4.515E+00,1.719E+00,-3.179E-02,1.641E+00,1.682E+00,3.142E+00,1.673E-03,2.506E+00,2.532E+00,2.669E-01,1.728E+00,1.825E+00,-1.009E-01,1.843E+00,1.347E+00,3.142E+00,1.087E-03,2.322E+00,2.338E+00,1.617E-01,2.758E+00
9,0.000E+00,0.000E+00,3.410E-02,8.041E-02,4.617E-02,4.528E+00,1.718E+00,-3.359E-02,1.642E+00,1.693E+00,3.142E+00,1.609E-03,2.505E+00,2.530E+00,2.667E-01,1.729E+00,1.825E+00,-1.084E-01,1.881E+00,1.351E+00,3.142E+00,9.585E-04,2.322E+00,2.336E+00,1.616E-01,2.761E+00
10,0.000E+00,0.000E+00,3.411E-02,8.065E-02,4.638E-02,4.541E+00,1.718E+00,-3.539E-02,1.643E+00,1.703E+00,3.142E+00,1.544E-03,2.503E+00,2.528E+00,2.664E-01,1.731E+00,1.825E+00,-1.160E-01,1.919E+00,1.355E+00,3.142E+00,8.300E-04,2.322E+00,2.334E+00,1.614E-01,2.763E+00
11,0.000E+00,0.000E+00,3.456E-02,8.188E-02,4.719E-02,4.611E+00,1.715E+00,-4.688E-02,1.723E+00,1.700E+00,3.142E+00,1.233E-03,2.516E+00,2.536E+00,2.661E-01,1.732E+00,1.828E+00,-1.227E-01,1.930E+00,1.365E+00,3.142E+00,7.237E-04,2.332E+00,2.343E+00,1.619E-01,2.756E+00
12,0.000E+00,0.000E+00,3.501E-02,8.311E-02,4.800E-02,4.681E+00,1.713E+00,-5.837E-02,1.803E+00,1.697E+00,3.142E+00,9.221E-04,2.529E+00,2.544E+00,2.659E-01,1.734E+00,1.830E+00,-1.294E-01,1.941E+00,1.376E+00,3.142E+00,6.175E-04,2.342E+00,2.351E+00,1.623E-01,2.749E+00
13,0.000E+00,0.000E+00,3.545E-02,8.433E-02,4.881E-02,4.751E+00,1.712E+00,-6.986E-02,1.883E+00,1.694E+00,3.142E+00,6.110E-04,2.542E+00,2.552E+00,2.657E-01,1.735E+00,1.832E+00,-1.360E-01,1.952E+00,1.386E+00,3.142E+00,5.112E-04,2.353E+00,2.360E+00,1.627E-01,2.742E+00
14,0.000E+00,0.000E+00,3.568E-02,8.495E-02,4.921E-02,4.786E+00,1.711E+00,-7.561E-02,1.923E+00,1.692E+00,3.142E+00,4.555E-04,2.549E+00,2.556E+00,2.656E-01,1.736E+00,1.833E+00,-1.394E-01,1.957E+00,1.391E+00,3.142E+00,4.580E-04,2.358E+00,2.364E+00,1.630E-01,2.738E+00
15,0.000E+00,0.000E+00,3.590E-02,8.556E-02,4.961E-02,4.821E+00,1.711E+00,-8.135E-02,1.963E+00,1.691E+00,3.142E+00,3.000E-04,2.555E+00,2.560E+00,2.654E-01,1.737E+00,1.834E+00,-1.427E-01,1.963E+00,1.397E+00,3.142E+00,4.049E-04,2.363E+00,2.368E+00,1.632E-01,2.735E+00
16,0.000E+00,0.000E+00,3.635E-02,8.679E-02,5.042E-02,4.891E+00,1.710E+00,-9.285E-02,2.043E+00,1.688E+00,3.142E+00,-1.114E-05,2.568E+00,2.568E+00,2.652E-01,1.738E+00,1.836E+00,-1.494E-01,1.973E+00,1.407E+00,3.142E+00,2.986E-04,2.373E+00,2.377E+00,1.636E-01,2.728E+00
17,0.000E+00,0.000E+00,3.679E-02,8.802E-02,5.123E-02,4.961E+00,1.710E+00,-1.043E-01,2.123E+00,1.685E+00,3.142E+00,-3.222E-04,2.581E+00,2.576E+00,2.650E-01,1.740E+00,1.838E+00,-1.561E-01,1.984E+00,1.418E+00,3.142E+00,1.924E-04,2.383E+00,2.386E+00,1.641E-01,2.721E+00
18,0.000E+00,0.000E+00,3.724E-02,8.924E-02,5.204E-02,5.031E+00,1.710E+00,-1.158E-01,2.204E+00,1.682E+00,3.142E+00,-6.333E-04,2.594E+00,2.584E+00,2.647E-01,1.741E+00,1.840E+00,-1.628E-01,1.995E+00,1.428E+00,3.142E+00,8.608E-05,2.393E+00,2.394E+00,1.645E-01,2.714E+00
19,0.000E+00,0.000E+00,3.746E-02,8.986E-02,5.244E-02,5.066E+00,1.710E+00,-1.216E-01,2.244E+00,1.680E+00,3.142E+00,-7.889E-04,2.601E+00,2.588E+00,2.646E-01,1.742E+00,1.841E+00,-1.661E-01,2.000E+00,1.433E+00,3.142E+00,3.294E-05,2.398E+00,2.399E+00,1.647E-01,2.710E+00
20,0.000E+00,0.000E+00,3.768E-02,9.047E-02,5.285E-02,5.101E+00,1.710E+00,-1.273E-01,2.284E+00,1.678E+00,3.142E+00,-9.444E-04,2.607E+00,2.592E+00,2.645E-01,1.743E+00,1.842E+00,-1.694E-01,2.006E+00,1.438E+00,3.142E+00,-2.020E-05,2.403E+00,2.403E+00,1.650E-01,2.707E+00
21,0.000E+00,0.000E+00,3.862E-02,9.300E-02,5.443E-02,5.243E+00,1.705E+00,-1.254E-01,2.256E+00,1.713E+00,3.142E+00,-5.315E-04,2.600E+00,2.591E+00,2.632E-01,1.751E+00,1.830E+00,-1.717E-01,2.028E+00,1.482E+00,3.142E+00,-4.216E-05,2.396E+00,2.395E+00,1.640E-01,2.722E+00
22,0.000E+00,0.000E+00,3.956E-02,9.553E-02,5.600E-02,5.386E+00,1.701E+00,-1.234E-01,2.229E+00,1.747E+00,3.142E+00,-1.186E-04,2.593E+00,2.591E+00,2.619E-01,1.760E+00,1.819E+00,-1.739E-01,2.050E+00,1.525E+00,3.142E+00,-6.412E-05,2.388E+00,2.387E+00,1.631E-01,2.737E+00
23,0.000E+00,0.000E+00,4.050E-02,9.805E-02,5.758E-02,5.528E+00,1.696E+00,-1.215E-01,2.202E+00,1.782E+00,3.142E+00,2.943E-04,2.585E+00,2.590E+00,2.606E-01,1.769E+00,1.808E+00,-1.761E-01,2.073E+00,1.568E+00,3.142E+00,-8.609E-05,2.380E+00,2.379E+00,1.621E-01,2.753E+00
24,0.000E+00,0.000E+00,4.097E-02,9.932E-02,5.837E-02,5.599E+00,1.694E+00,-1.205E-01,2.188E+00,1.799E+00,3.142E+00,5.008E-04,2.582E+00,2.589E+00,2.599E-01,1.773E+00,1.802E+00,-1.772E-01,2.084E+00,1.589E+00,3.142E+00,-9.707E-05,2.376E+00,2.375E+00,1.617E-01,2.760E+00
25,0.000E+00,0.000E+00,4.144E-02,1.006E-01,5.915E-02,5.670E+00,1.692E+00,-1.195E-01,2.174E+00,1.816E+00,3.142E+00,7.073E-04,2.578E+00,2.589E+00,2.593E-01,1.777E+00,1.797E+00,-1.784E-01,2.095E+00,1.611E+00,3.142E+00,-1.080E-04,2.372E+00,2.371E+00,1.612E-01,2.768E+00
26,0.000E+00,0.000E+00,4.238E-02,1.031E-01,6.073E-02,5.812E+00,1.688E+00,-1.176E-01,2.147E+00,1.851E+00,3.142E+00,1.120E-03,2.571E+00,2.588E+00,2.580E-01,1.786E+00,1.787E+00,-1.806E-01,2.117E+00,1.654E+00,3.142E+00,-1.300E-04,2.364E+00,2.362E+00,1.602E-01,2.783E+00
27,0.000E+00,0.000E+00,4.332E-02,1.056E-01,6.231E-02,5.954E+00,1.684E+00,-1.156E-01,2.120E+00,1.885E+00,3.142E+00,1.533E-03,2.563E+00,2.588E+00,2.567E-01,1.794E+00,1.777E+00,-1.828E-01,2.139E+00,1.697E+00,3.142E+00,-1.520E-04,2.357E+00,2.354E+00,1.593E-01,2.799E+00
28,0.000E+00,0.000E+00,4.426E-02,1.082E-01,6.388E-02,6.096E+00,1.680E+00,-1.137E-01,2.092E+00,1.920E+00,3.142E+00,1.946E-03,2.556E+00,2.587E+00,2.554E-01,1.803E+00,1.767E+00,-1.850E-01,2.162E+00,1.740E+00,3.142E+00,-1.739E-04,2.349E+00,2.346E+00,1.583E-01,2.814E+00
29,0.000E+00,0.000E+00,4.473E-02,1.094E-01,6.467E-02,6.167E+00,1.679E+00,-1.127E-01,2.079E+00,1.937E+00,3.142E+00,2.152E-03,2.552E+00,2.586E+00,2.548E-01,1.807E+00,1.762E+00,-1.862E-01,2.173E+00,1.762E+00,3.142E+00,-1.849E-04,2.345E+00,2.342E+00,1.579E-01,2.822E+00
30,0.000E+00,0.000E+00,4.519E-02,1.107E-01,6.546E-02,6.238E+00,1.677E+00,-1.118E-01,2.065E+00,1.954E+00,3.142E+00,2.359E-03,2.549E+00,2.586E+00,2.541E-01,1.811E+00,1.757E+00,-1.873E-01,2.184E+00,1.783E+00,3.142E+00,-1.959E-04,2.341E+00,2.338E+00,1.574E-01,2.829E+00
31,0.000E+00,0.000E+00,4.751E-02,1.172E-01,6.970E-02,6.607E+00,1.672E+00,-1.155E-01,2.096E+00,1.978E+00,3.142E+00,2.163E-03,2.562E+00,2.596E+00,2.552E-01,1.804E+00,1.754E+00,-2.029E-01,2.339E+00,1.761E+00,3.142E+00,3.848E-04,2.342E+00,2.347E+00,1.569E-01,2.838E+00
32,0.000E+00,0.000E+00,4.867E-02,1.205E-01,7.182E-02,6.792E+00,1.669E+00,-1.173E-01,2.111E+00,1.991E+00,3.142E+00,2.065E-03,2.569E+00,2.602E+00,2.558E-01,1.800E+00,1.753E+00,-2.107E-01,2.417E+00,1.750E+00,3.142E+00,6.752E-04,2.342E+00,2.352E+00,1.567E-01,2.842E+00
33,0.000E+00,0.000E+00,4.983E-02,1.238E-01,7.394E-02,6.976E+00,1.667E+00,-1.191E-01,2.126E+00,2.003E+00,3.142E+00,1.967E-03,2.575E+00,2.607E+00,2.563E-01,1.797E+00,1.752E+00,-2.185E-01,2.494E+00,1.739E+00,3.142E+00,9.655E-04,2.342E+00,2.356E+00,1.564E-01,2.846E+00
34,0.000E+00,0.000E+00,5.099E-02,1.270E-01,7.606E-02,7.161E+00,1.664E+00,-1.210E-01,2.142E+00,2.015E+00,3.142E+00,1.869E-03,2.582E+00,2.612E+00,2.569E-01,1.793E+00,1.752E+00,-2.263E-01,2.572E+00,1.728E+00,3.142E+00,1.256E-03,2.343E+00,2.361E+00,1.562E-01,2.850E+00
35,0.000E+00,0.000E+00,5.215E-02,1.303E-01,7.818E-02,7.346E+00,1.662E+00,-1.228E-01,2.157E+00,2.027E+00,3.142E+00,1.770E-03,2.589E+00,2.617E+00,2.574E-01,1.789E+00,1.751E+00,-2.341E-01,2.650E+00,1.717E+00,3.142E+00,1.546E-03,2.343E+00,2.366E+00,1.560E-01,2.854E+00
36,0.000E+00,0.000E+00,5.331E-02,1.336E-01,8.030E-02,7.530E+00,1.659E+00,-1.247E-01,2.173E+00,2.039E+00,3.142E+00,1.672E-03,2.596E+00,2.622E+00,2.580E-01,1.786E+00,1.752E+00,-2.418E-01,2.727E+00,1.706E+00,3.142E+00,1.837E-03,2.343E+00,2.370E+00,1.557E-01,2.858E+00
37,0.000E+00,0.000E+00,5.447E-02,1.369E-01,8.242E-02,7.715E+00,1.657E+00,-1.265E-01,2.188E+00,2.051E+00,3.142E+00,1.574E-03,2.602E+00,2.628E+00,2.585E-01,1.782E+00,1.752E+00,-2.496E-01,2.805E+00,1.695E+00,3.142E+00,2.127E-03,2.344E+00,2.375E+00,1.555E-01,2.862E+00
38,0.000E+00,0.000E+00,5.563E-02,1.401E-01,8.454E-02,7.899E+00,1.654E+00,-1.284E-01,2.203E+00,2.063E+00,3.142E+00,1.476E-03,2.609E+00,2.633E+00,2.591E-01,1.778E+00,1.753E+00,-2.574E-01,2.882E+00,1.684E+00,3.142E+00,2.417E-03,2.344E+00,2.379E+00,1.553E-01,2.867E+00
39,0.000E+00,0.000E+00,5.678E-02,1.434E-01,8.666E-02,8.084E+00,1.652E+00,-1.302E-01,2.219E+00,2.075E+00,3.142E+00,1.378E-03,2.616E+00,2.638E+00,2.596E-01,1.775E+00,1.754E+00,-2.652E-01,2.960E+00,1.673E+00,3.142E+00,2.708E-03,2.344E+00,2.384E+00,1.550E-01,2.871E+00
40,0.000E+00,0.000E+00,5.794E-02,1.467E-01,8.878E-02,8.269E+00,1.649E+00,-1.321E-01,2.234E+00,2.087E+00,3.142E+00,1.280E-03,2.622E+00,2.643E+00,2.602E-01,1.771E+00,1.755E+00,-2.730E-01,3.038E+00,1.661E+00,3.142E+00,2.998E-03,2.345E+00,2.388E+00,1.548E-01,2.875E+00
41,0.000E+00,0.000E+00,5.910E-02,1.499E-01,9.090E-02,8.453E+00,1.647E+00,-1.339E-01,2.250E+00,2.099E+00,3.142E+00,1.182E-03,2.629E+00,2.648E+00,2.607E-01,1.767E+00,1.756E+00,-2.808E-01,3.115E+00,1.650E+00,3.142E+00,3.288E-03,2.345E+00,2.393E+00,1.545E-01,2.879E+00
42,0.000E+00,0.000E+00,6.026E-02,1.532E-01,9.302E-02,8.638E+00,1.645E+00,-1.358E-01,2.265E+00,2.111E+00,3.142E+00,1.084E-03,2.636E+00,2.654E+00,2.613E-01,1.764E+00,1.758E+00,-2.886E-01,3.193E+00,1.639E+00,3.142E+00,3.579E-03,2.345E+00,2.398E+00,1.543E-01,2.883E+00
43,0.000E+00,0.000E+00,6.142E-02,1.565E-01,9.513E-02,8.822E+00,1.642E+00,-1.376E-01,2.280E+00,2.123E+00,3.142E+00,9.860E-04,2.643E+00,2.659E+00,2.618E-01,1.760E+00,1.760E+00,-2.964E-01,3.270E+00,1.628E+00,3.142E+00,3.869E-03,2.346E+00,2.402E+00,1.541E-01,2.887E+00
44,0.000E+00,0.000E+00,6.258E-02,1.598E-01,9.725E-02,9.007E+00,1.640E+00,-1.395E-01,2.296E+00,2.135E+00,3.142E+00,8.879E-04,2.649E+00,2.664E+00,2.624E-01,1.756E+00,1.762E+00,-3.042E-01,3.348E+00,1.617E+00,3.142E+00,4.159E-03,2.346E+00,2.407E+00,1.538E-01,2.891E+00
45,0.000E+00,0.000E+00,6.374E-02,1.630E-01,9.937E-02,9.192E+00,1.638E+00,-1.413E-01,2.311E+00,2.147E+00,3.142E+00,7.898E-04,2.656E+00,2.669E+00,2.629E-01,1.753E+00,1.764E+00,-3.120E-01,3.426E+00,1.606E+00,3.142E+00,4.450E-03,2.346E+00,2.411E+00,1.536E-01,2.896E+00
46,0.000E+00,0.000E+00,6.640E-02,1.704E-01,1.041E-01,9.608E+00,1.643E+00,-1.503E-01,2.412E+00,2.080E+00,3.142E+00,2.931E-04,2.675E+00,2.680E+00,2.620E-01,1.759E+00,1.756E+00,-3.044E-01,3.375E+00,1.631E+00,3.142E+00,3.498E-03,2.381E+00,2.432E+00,1.541E-01,2.886E+00
47,0.000E+00,0.000E+00,6.906E-02,1.778E-01,1.089E-01,1.002E+01,1.649E+00,-1.593E-01,2.514E+00,2.014E+00,3.142E+00,-2.037E-04,2.695E+00,2.691E+00,2.610E-01,1.765E+00,1.749E+00,-2.968E-01,3.325E+00,1.656E+00,3.142E+00,2.546E-03,2.415E+00,2.453E+00,1.547E-01,2.876E+00
48,0.000E+00,0.000E+00,7.173E-02,1.851E-01,1.136E-01,1.044E+01,1.656E+00,-1.683E-01,2.615E+00,1.947E+00,3.142E+00,-7.004E-04,2.714E+00,2.702E+00,2.601E-01,1.771E+00,1.742E+00,-2.893E-01,3.275E+00,1.681E+00,3.142E+00,1.594E-03,2.450E+00,2.474E+00,1.552E-01,2.867E+00
49,0.000E+00,0.000E+00,7.306E-02,1.888E-01,1.160E-01,1.065E+01,1.660E+00,-1.728E-01,2.665E+00,1.914E+00,3.142E+00,-9.488E-04,2.724E+00,2.708E+00,2.596E-01,1.774E+00,1.738E+00,-2.855E-01,3.249E+00,1.694E+00,3.142E+00,1.118E-03,2.467E+00,2.484E+00,1.555E-01,2.862E+00
50,0.000E+00,0.000E+00,7.439E-02,1.925E-01,1.183E-01,1.086E+01,1.664E+00,-1.773E-01,2.716E+00,1.880E+00,3.142E+00,-1.197E-03,2.734E+00,2.713E+00,2.591E-01,1.777E+00,1.735E+00,-2.817E-01,3.224E+00,1.706E+00,3.142E+00,6.422E-04,2.485E+00,2.494E+00,1.558E-01,2.857E+00
51,0.000E+00,0.000E+00,7.812E-02,2.031E-01,1.252E-01,1.145E+01,1.656E+00,-1.882E-01,2.903E+00,1.869E+00,3.142E+00,-1.070E-03,2.722E+00,2.704E+00,2.590E-01,1.779E+00,1.714E+00,-3.059E-01,3.846E+00,1.661E+00,3.142E+00,1.149E-03,2.474E+00,2.492E+00,1.555E-01,2.862E+00
52,0.000E+00,0.000E+00,8.184E-02,2.137E-01,1.320E-01,1.205E+01,1.648E+00,-1.991E-01,3.091E+00,1.857E+00,3.142E+00,-9.437E-04,2.711E+00,2.694E+00,2.588E-01,1.780E+00,1.702E+00,-3.302E-01,4.469E+00,1.617E+00,3.142E+00,1.655E-03,2.464E+00,2.489E+00,1.552E-01,2.868E+00
53,0.000E+00,0.000E+00,8.557E-02,2.244E-01,1.388E-01,1.265E+01,1.643E+00,-2.101E-01,3.278E+00,1.846E+00,3.142E+00,-8.170E-04,2.699E+00,2.685E+00,2.586E-01,1.781E+00,1.696E+00,-3.545E-01,5.091E+00,1.572E+00,3.142E+00,2.162E-03,2.454E+00,2.486E+00,1.549E-01,2.873E+00
54,0.000E+00,0.000E+00,8.743E-02,2.297E-01,1.423E-01,1.295E+01,1.640E+00,-2.155E-01,3.372E+00,1.840E+00,3.142E+00,-7.536E-04,2.693E+00,2.680E+00,2.586E-01,1.781E+00,1.695E+00,-3.666E-01,5.402E+00,1.550E+00,3.142E+00,2.415E-03,2.449E+00,2.485E+00,1.547E-01,2.876E+00
55,0.000E+00,0.000E+00,8.929E-02,2.350E-01,1.457E-01,1.324E+01,1.638E+00,-2.210E-01,3.465E+00,1.834E+00,3.142E+00,-6.903E-04,2.688E+00,2.676E+00,2.585E-01,1.782E+00,1.696E+00,-3.787E-01,5.713E+00,1.527E+00,3.142E+00,2.668E-03,2.444E+00,2.484E+00,1.546E-01,2.879E+00
56,0.000E+00,0.000E+00,9.302E-02,2.456E-01,1.525E-01,1.384E+01,1.634E+00,-2.319E-01,3.653E+00,1.823E+00,3.142E+00,-5.635E-04,2.676E+00,2.666E+00,2.583E-01,1.783E+00,1.700E+00,-4.030E-01,6.335E+00,1.483E+00,3.142E+00,3.175E-03,2.433E+00,2.481E+00,1.542E-01,2.884E+00
57,0.000E+00,0.000E+00,9.675E-02,2.562E-01,1.594E-01,1.444E+01,1.631E+00,-2.428E-01,3.840E+00,1.812E+00,3.142E+00,-4.368E-04,2.664E+00,2.657E+00,2.582E-01,1.784E+00,1.707E+00,-4.272E-01,6.957E+00,1.438E+00,3.142E+00,3.681E-03,2.423E+00,2.479E+00,1.539E-01,2.890E+00
58,0.000E+00,0.000E+00,1.005E-01,2.669E-01,1.662E-01,1.504E+01,1.628E+00,-2.537E-01,4.027E+00,1.800E+00,3.142E+00,-3.101E-04,2.653E+00,2.648E+00,2.580E-01,1.785E+00,1.718E+00,-4.515E-01,7.579E+00,1.393E+00,3.142E+00,4.188E-03,2.413E+00,2.476E+00,1.536E-01,2.895E+00
59,0.000E+00,0.000E+00,1.023E-01,2.722E-01,1.696E-01,1.533E+01,1.628E+00,-2.592E-01,4.121E+00,1.794E+00,3.142E+00,-2.468E-04,2.647E+00,2.643E+00,2.579E-01,1.785E+00,1.724E+00,-4.636E-01,7.890E+00,1.371E+00,3.142E+00,4.441E-03,2.408E+00,2.475E+00,1.535E-01,2.898E+00
60,0.000E+00,0.000E+00,1.042E-01,2.775E-01,1.730E-01,1.563E+01,1.627E+00,-2.646E-01,4.214E+00,1.789E+00,3.142E+00,-1.834E-04,2.641E+00,2.638E+00,2.579E-01,1.786E+00,1.731E+00,-4.758E-01,8.202E+00,1.348E+00,3.142E+00,4.694E-03,2.403E+00,2.473E+00,1.533E-01,2.901E+00
61,0.000E+00,0.000E+00,1.097E-01,2.938E-01,1.839E-01,1.655E+01,1.625E+00,-2.800E-01,4.597E+00,1.741E+00,3.142E+00,-1.429E-04,2.651E+00,2.649E+00,2.575E-01,1.788E+00,1.715E+00,-4.615E-01,7.845E+00,1.400E+00,3.142E+00,3.086E-03,2.424E+00,2.471E+00,1.542E-01,2.885E+00
62,0.000E+00,0.000E+00,1.152E-01,3.100E-01,1.947E-01,1.747E+01,1.626E+00,-2.954E-01,4.980E+00,1.694E+00,3.142E+00,-1.023E-04,2.661E+00,2.659E+00,2.572E-01,1.790E+00,1.701E+00,-4.473E-01,7.488E+00,1.451E+00,3.142E+00,1.479E-03,2.446E+00,2.468E+00,1.551E-01,2.869E+00
63,0.000E+00,0.000E+00,1.207E-01,3.263E-01,2.055E-01,1.839E+01,1.629E+00,-3.107E-01,5.363E+00,1.646E+00,3.142E+00,-6.177E-05,2.671E+00,2.670E+00,2.568E-01,1.793E+00,1.688E+00,-4.331E-01,7.132E+00,1.502E+00,3.142E+00,-1.293E-04,2.467E+00,2.465E+00,1.560E-01,2.853E+00
64,0.000E+00,0.000E+00,1.235E-01,3.344E-01,2.109E-01,1.885E+01,1.631E+00,-3.184E-01,5.554E+00,1.623E+00,3.142E+00,-4.150E-05,2.676E+00,2.675E+00,2.567E-01,1.794E+00,1.682E+00,-4.260E-01,6.954E+00,1.527E+00,3.142E+00,-9.333E-04,2.478E+00,2.464E+00,1.565E-01,2.845E+00
65,0.000E+00,0.000E+00,1.262E-01,3.425E-01,2.163E-01,1.931E+01,1.634E+00,-3.261E-01,5.745E+00,1.599E+00,3.142E+00,-2.122E-05,2.681E+00,2.681E+00,2.565E-01,1.795E+00,1.677E+00,-4.189E-01,6.775E+00,1.553E+00,3.142E+00,-1.737E-03,2.489E+00,2.462E+00,1.569E-01,2.838E+00
66,0.000E+00,1.953E-07,1.343E-01,3.648E-01,2.306E-01,2.057E+01,1.629E+00,-3.285E-01,5.921E+00,1.596E+00,3.142E+00,5.282E-04,2.661E+00,2.670E+00,2.564E-01,1.796E+00,1.660E+00,-4.219E-01,7.134E+00,1.579E+00,3.142E+00,-5.402E-04,2.448E+00,2.439E+00,1.563E-01,2.848E+00
67,0.000E+00,3.906E-07,1.423E-01,3.871E-01,2.449E-01,2.182E+01,1.624E+00,-3.310E-01,6.096E+00,1.594E+00,3.142E+00,1.078E-03,2.642E+00,2.659E+00,2.562E-01,1.797E+00,1.643E+00,-4.249E-01,7.493E+00,1.606E+00,3.142E+00,6.568E-04,2.407E+00,2.415E+00,1.557E-01,2.858E+00
68,0.000E+00,5.859E-07,1.503E-01,4.094E-01,2.592E-01,2.308E+01,1.619E+00,-3.335E-01,6.272E+00,1.591E+00,3.142E+00,1.627E-03,2.622E+00,2.648E+00,2.561E-01,1.798E+00,1.627E+00,-4.279E-01,7.852E+00,1.632E+00,3.142E+00,1.854E-03,2.366E+00,2.392E+00,1.551E-01,2.869E+00
69,0.000E+00,6.836E-07,1.544E-01,4.206E-01,2.663E-01,2.371E+01,1.616E+00,-3.347E-01,6.360E+00,1.590E+00,3.142E+00,1.902E-03,2.612E+00,2.643E+00,2.560E-01,1.798E+00,1.620E+00,-4.294E-01,8.032E+00,1.645E+00,3.142E+00,2.452E-03,2.345E+00,2.380E+00,1.548E-01,2.874E+00
70,0.000E+00,7.812E-07,1.584E-01,4.317E-01,2.735E-01,2.434E+01,1.614E+00,-3.359E-01,6.447E+00,1.588E+00,3.142E+00,2.176E-03,2.602E+00,2.638E+00,2.560E-01,1.798E+00,1.613E+00,-4.309E-01,8.211E+00,1.658E+00,3.142E+00,3.051E-03,2.325E+00,2.368E+00,1.545E-01,2.879E+00
71,0.000E+00,7.812E-07,1.663E-01,4.534E-01,2.871E-01,2.556E+01,1.587E+00,-3.386E-01,6.701E+00,1.674E+00,3.142E+00,-2.906E-04,2.639E+00,2.634E+00,2.583E-01,1.783E+00,1.604E+00,-4.219E-01,7.929E+00,1.703E+00,3.142E+00,1.663E-03,2.384E+00,2.408E+00,1.542E-01,2.884E+00
72,0.000E+00,7.812E-07,1.743E-01,4.750E-01,3.008E-01,2.677E+01,1.561E+00,-3.412E-01,6.955E+00,1.759E+00,3.142E+00,-2.758E-03,2.676E+00,2.630E+00,2.606E-01,1.768E+00,1.595E+00,-4.130E-01,7.647E+00,1.749E+00,3.142E+00,2.745E-04,2.442E+00,2.447E+00,1.540E-01,2.889E+00
73,0.000E+00,7.812E-07,1.820E-01,4.994E-01,3.174E-01,2.815E+01,1.551E+00,-3.255E-01,6.556E+00,1.818E+00,3.142E+00,-1.652E-03,2.649E+00,2.622E+00,2.585E-01,1.781E+00,1.572E+00,-3.978E-01,7.417E+00,1.840E+00,3.142E+00,1.986E-03,2.362E+00,2.390E+00,1.540E-01,2.888E+00
74,0.000E+00,7.812E-07,1.897E-01,5.238E-01,3.340E-01,2.952E+01,1.543E+00,-3.098E-01,6.157E+00,1.877E+00,3.142E+00,-5.468E-04,2.622E+00,2.613E+00,2.565E-01,1.795E+00,1.549E+00,-3.825E-01,7.187E+00,1.931E+00,3.142E+00,3.697E-03,2.282E+00,2.334E+00,1.540E-01,2.888E+00
75,0.000E+00,7.812E-07,1.984E-01,5.505E-01,3.520E-01,3.103E+01,1.532E+00,-2.978E-01,5.896E+00,1.942E+00,3.142E+00,-1.461E-04,2.608E+00,2.606E+00,2.533E-01,1.817E+00,1.540E+00,-3.731E-01,6.974E+00,1.983E+00,3.142E+00,3.584E-03,2.292E+00,2.343E+00,1.522E-01,2.920E+00
76,0.000E+00,7.812E-07,2.072E-01,5.771E-01,3.700E-01,3.253E+01,1.523E+00,-2.858E-01,5.634E+00,2.008E+00,3.142E+00,2.545E-04,2.594E+00,2.598E+00,2.502E-01,1.839E+00,1.531E+00,-3.636E-01,6.760E+00,2.034E+00,3.142E+00,3.472E-03,2.302E+00,2.351E+00,1.504E-01,2.953E+00
77,0.000E+00,3.906E-07,2.152E-01,6.039E-01,3.887E-01,3.404E+01,1.509E+00,-2.717E-01,5.355E+00,2.103E+00,3.142E+00,1.862E-04,2.551E+00,2.554E+00,2.487E-01,1.849E+00,1.507E+00,-3.455E-01,6.339E+00,2.189E+00,3.142E+00,3.372E-03,2.236E+00,2.282E+00,1.501E-01,2.960E+00
78,0.000E+00,0.000E+00,2.233E-01,6.307E-01,4.073E-01,3.555E+01,1.497E+00,-2.576E-01,5.076E+00,2.198E+00,3.142E+00,1.178E-04,2.508E+00,2.510E+00,2.471E-01,1.860E+00,1.487E+00,-3.275E-01,5.917E+00,2.343E+00,3.142E+00,3.272E-03,2.170E+00,2.213E+00,1.497E-01,2.966E+00
79,0.000E+00,0.000E+00,2.311E-01,6.578E-01,4.266E-01,3.708E+01,1.475E+00,-2.478E-01,5.000E+00,2.312E+00,3.142E+00,-8.088E-04,2.516E+00,2.504E+00,2.461E-01,1.867E+00,1.459E+00,-3.189E-01,5.881E+00,2.499E+00,3.142E+00,5.079E-03,2.169E+00,2.237E+00,1.489E-01,2.983E+00
80,0.000E+00,0.000E+00,2.390E-01,6.850E-01,4.459E-01,3.861E+01,1.455E+00,-2.379E-01,4.925E+00,2.427E+00,3.142E+00,-1.735E-03,2.525E+00,2.498E+00,2.451E-01,1.875E+00,1.433E+00,-3.103E-01,5.845E+00,2.655E+00,3.142E+00,6.887E-03,2.169E+00,2.261E+00,1.480E-01,2.999E+00
81,0.000E+00,0.000E+00,2.414E-01,7.019E-01,4.605E-01,3.956E+01,1.420E+00,-2.360E-01,5.025E+00,2.636E+00,3.142E+00,3.105E-03,2.359E+00,2.399E+00,2.443E-01,1.880E+00,1.402E+00,-2.926E-01,5.588E+00,2.906E+00,3.142E+00,1.128E-02,2.028E+00,2.166E+00,1.484E-01,2.991E+00
82,0.000E+00,0.000E+00,2.438E-01,7.188E-01,4.751E-01,4.052E+01,1.388E+00,-2.341E-01,5.126E+00,2.845E+00,3.142E+00,7.945E-03,2.193E+00,2.301E+00,2.436E-01,1.886E+00,1.374E+00,-2.749E-01,5.331E+00,3.157E+00,3.142E+00,1.568E-02,1.887E+00,2.071E+00,1.488E-01,2.983E+00
83,0.000E+00,0.000E+00,2.377E-01,7.096E-01,4.720E-01,4.000E+01,1.350E+00,-2.183E-01,5.021E+00,3.150E+00,3.142E+00,8.468E-03,2.142E+00,2.254E+00,2.436E-01,1.886E+00,1.324E+00,-2.690E-01,5.493E+00,3.558E+00,3.142E+00,2.392E-02,1.756E+00,2.017E+00,1.453E-01,3.053E+00
84,0.000E+00,0.000E+00,2.316E-01,7.004E-01,4.688E-01,3.948E+01,1.315E+00,-2.025E-01,4.915E+00,3.454E+00,3.142E+00,8.991E-03,2.092E+00,2.208E+00,2.436E-01,1.886E+00,1.279E+00,-2.631E-01,5.655E+00,3.958E+00,3.142E+00,3.216E-02,1.624E+00,1.964E+00,1.418E-01,3.123E+00
85,0.000E+00,0.000E+00,1.984E-01,6.088E-01,4.104E-01,3.432E+01,1.252E+00,-1.944E-01,4.976E+00,4.142E+00,3.142E+00,2.857E-02,1.760E+00,2.053E+00,2.386E-01,1.925E+00,1.195E+00,-2.477E-01,5.703E+00,5.073E+00,3.142E+00,4.945E-02,1.372E+00,1.814E+00,1.368E-01,3.232E+00
86,0.000E+00,0.000E+00,1.652E-01,5.172E-01,3.521E-01,2.915E+01,1.200E+00,-1.863E-01,5.036E+00,4.831E+00,3.142E+00,4.814E-02,1.428E+00,1.899E+00,2.336E-01,1.963E+00,1.130E+00,-2.323E-01,5.750E+00,6.188E+00,3.142E+00,6.675E-02,1.121E+00,1.664E+00,1.319E-01,3.342E+00
87,0.000E+00,0.000E+00,8.673E-02,2.701E-01,1.834E-01,1.523E+01,1.531E+00,-9.315E-02,2.518E+00,2.415E+00,1.571E+00,2.407E-02,7.140E-01,9.493E-01,1.168E-01,9.816E-01,1.435E+00,-1.162E-01,2.875E+00,3.094E+00,1.571E+00,3.337E-02,5.604E-01,8.321E-01,6.594E-02,1.671E+00
88,0.000E+00,0.000E+00,8.293E-03,2.306E-02,1.469E-02,1.297E+00,3.142E+00,0.000E+00,0.000E+00,0.000E+00,0.000E+00,0.000E+00,0.000E+00,0.000E+00,0.000E+00,0.000E+00,3.142E+00,0.000E+00,0.000E+00,0.000E+00,0.000E+00,0.000E+00,0.000E+00,0.000E+00,0.000E+00,0.000E+00
89,0.000E+00,0.000E+00,0.000E+00,0.000E+00,0.000E+00,0.000E+00,3.142E+00,0.000E+00,0.000E+00,0.000E+00,0.000E+00,0.000E+00,0.000E+00,0.000E+00,0.000E+00,0.000E+00,3.142E+00,0.000E+00,0.000E+00,0.000E+00,0.000E+00,0.000E+00,0.000E+00,0.000E+00,0.000E+00,0.000E+00
