alpha,He,K,Al,Si,O,K_1,O_1,Si_2,O_2,Al_3,O_3,amu/ion,phiK_Al,phiTilt_Al,phiM_Al,phiN_Al,thetaK_Al,thetaTilt_Al,thetaM_Al,thetaN_Al,energyK_Al,energyE_Al,phiK_K,phiTilt_K,phiM_K,phiN_K,thetaK_K,thetaTilt_K,thetaM_K,thetaN_K,energyK_K,energyE_K,phiK_O,phiTilt_O,phiM_O,phiN_O,thetaK_O,thetaTilt_O,thetaM_O,thetaN_O,energyK_O,energyE_O,phiK_Si,phiTilt_Si,phiM_Si,phiN_Si,thetaK_Si,thetaTilt_Si,thetaM_Si,thetaN_Si,energyK_Si,energyE_Si
0,0.000E+00,6.318E-03,0.000E+00,8.851E-03,0.000E+00,0.000E+00,0.000E+00,9.849E-03,3.651E-02,6.347E-03,1.381E-02,1.749E+00,2.024E+00,7.312E-02,8.161E-01,1.087E+00,2.036E+00,3.787E-03,2.232E+00,2.284E+00,9.839E-02,4.434E+00,1.777E+00,5.041E-02,1.173E+00,1.758E+00,1.777E+00,1.876E-02,2.189E+00,2.457E+00,3.819E-01,1.207E+00,1.792E+00,7.610E-03,1.430E+00,1.367E+00,1.792E+00,9.508E-04,2.496E+00,2.511E+00,1.331E-01,3.401E+00,1.948E+00,-1.831E-02,1.271E+00,9.982E-01,1.926E+00,3.283E-03,2.130E+00,2.172E+00,8.612E-02,5.010E+00
1,0.000E+00,6.363E-03,0.000E+00,8.868E-03,0.000E+00,0.000E+00,0.000E+00,9.974E-03,3.685E-02,6.383E-03,1.384E-02,1.761E+00,1.963E+00,4.216E-02,9.913E-01,1.129E+00,1.987E+00,3.898E-03,2.238E+00,2.291E+00,9.855E-02,4.427E+00,1.751E+00,2.931E-02,1.292E+00,1.734E+00,1.758E+00,1.654E-02,2.225E+00,2.461E+00,3.836E-01,1.202E+00,1.773E+00,-1.293E-02,1.568E+00,1.387E+00,1.766E+00,1.061E-03,2.493E+00,2.509E+00,1.329E-01,3.406E+00,1.941E+00,-3.822E-02,1.358E+00,1.030E+00,1.900E+00,3.048E-03,2.136E+00,2.175E+00,8.565E-02,5.036E+00
2,0.000E+00,6.407E-03,0.000E+00,8.886E-03,0.000E+00,0.000E+00,0.000E+00,1.010E-02,3.720E-02,6.419E-03,1.386E-02,1.774E+00,1.904E+00,1.119E-02,1.166E+00,1.170E+00,1.938E+00,4.009E-03,2.243E+00,2.298E+00,9.872E-02,4.421E+00,1.727E+00,8.216E-03,1.411E+00,1.710E+00,1.739E+00,1.433E-02,2.260E+00,2.465E+00,3.854E-01,1.197E+00,1.765E+00,-3.347E-02,1.706E+00,1.407E+00,1.740E+00,1.172E-03,2.489E+00,2.507E+00,1.327E-01,3.410E+00,1.934E+00,-5.813E-02,1.445E+00,1.062E+00,1.875E+00,2.813E-03,2.141E+00,2.178E+00,8.519E-02,5.063E+00
3,0.000E+00,6.452E-03,0.000E+00,8.904E-03,0.000E+00,0.000E+00,0.000E+00,1.023E-02,3.755E-02,6.455E-03,1.388E-02,1.787E+00,1.873E+00,-1.978E-02,1.342E+00,1.211E+00,1.889E+00,4.121E-03,2.249E+00,2.306E+00,9.888E-02,4.414E+00,1.719E+00,-1.288E-02,1.530E+00,1.687E+00,1.721E+00,1.211E-02,2.295E+00,2.468E+00,3.872E-01,1.192E+00,1.757E+00,-5.401E-02,1.844E+00,1.428E+00,1.713E+00,1.283E-03,2.486E+00,2.506E+00,1.326E-01,3.415E+00,1.928E+00,-7.805E-02,1.532E+00,1.094E+00,1.849E+00,2.578E-03,2.147E+00,2.181E+00,8.472E-02,5.089E+00
4,0.000E+00,6.474E-03,0.000E+00,8.913E-03,0.000E+00,0.000E+00,0.000E+00,1.029E-02,3.772E-02,6.473E-03,1.389E-02,1.793E+00,1.865E+00,-3.526E-02,1.429E+00,1.232E+00,1.865E+00,4.176E-03,2.252E+00,2.309E+00,9.897E-02,4.410E+00,1.721E+00,-2.343E-02,1.590E+00,1.675E+00,1.711E+00,1.100E-02,2.313E+00,2.470E+00,3.880E-01,1.189E+00,1.754E+00,-6.428E-02,1.913E+00,1.438E+00,1.700E+00,1.338E-03,2.484E+00,2.505E+00,1.325E-01,3.417E+00,1.925E+00,-8.801E-02,1.575E+00,1.110E+00,1.836E+00,2.460E-03,2.150E+00,2.182E+00,8.448E-02,5.102E+00
5,0.000E+00,6.497E-03,0.000E+00,8.922E-03,0.000E+00,0.000E+00,0.000E+00,1.035E-02,3.789E-02,6.491E-03,1.390E-02,1.799E+00,1.858E+00,-5.074E-02,1.517E+00,1.252E+00,1.841E+00,4.232E-03,2.255E+00,2.313E+00,9.905E-02,4.407E+00,1.723E+00,-3.398E-02,1.649E+00,1.663E+00,1.702E+00,9.895E-03,2.330E+00,2.472E+00,3.889E-01,1.187E+00,1.751E+00,-7.455E-02,1.982E+00,1.448E+00,1.687E+00,1.393E-03,2.482E+00,2.504E+00,1.324E-01,3.419E+00,1.922E+00,-9.796E-02,1.618E+00,1.126E+00,1.823E+00,2.342E-03,2.153E+00,2.183E+00,8.425E-02,5.115E+00
6,0.000E+00,6.541E-03,0.000E+00,8.940E-03,0.000E+00,0.000E+00,0.000E+00,1.048E-02,3.824E-02,6.527E-03,1.392E-02,1.812E+00,1.846E+00,-8.171E-02,1.692E+00,1.294E+00,1.792E+00,4.343E-03,2.260E+00,2.321E+00,9.922E-02,4.400E+00,1.727E+00,-5.508E-02,1.768E+00,1.639E+00,1.683E+00,7.680E-03,2.365E+00,2.476E+00,3.907E-01,1.181E+00,1.747E+00,-9.509E-02,2.120E+00,1.469E+00,1.661E+00,1.504E-03,2.479E+00,2.502E+00,1.322E-01,3.423E+00,1.917E+00,-1.179E-01,1.705E+00,1.158E+00,1.798E+00,2.107E-03,2.159E+00,2.186E+00,8.378E-02,5.142E+00
7,0.000E+00,6.586E-03,0.000E+00,8.958E-03,0.000E+00,0.000E+00,0.000E+00,1.060E-02,3.859E-02,6.563E-03,1.395E-02,1.824E+00,1.836E+00,-1.127E-01,1.867E+00,1.335E+00,1.743E+00,4.455E-03,2.266E+00,2.328E+00,9.938E-02,4.393E+00,1.733E+00,-7.618E-02,1.888E+00,1.615E+00,1.665E+00,5.464E-03,2.400E+00,2.479E+00,3.924E-01,1.176E+00,1.743E+00,-1.156E-01,2.258E+00,1.489E+00,1.635E+00,1.614E-03,2.476E+00,2.500E+00,1.320E-01,3.428E+00,1.912E+00,-1.378E-01,1.792E+00,1.190E+00,1.772E+00,1.872E-03,2.165E+00,2.189E+00,8.331E-02,5.168E+00
8,0.000E+00,6.630E-03,0.000E+00,8.975E-03,0.000E+00,0.000E+00,0.000E+00,1.073E-02,3.893E-02,6.599E-03,1.397E-02,1.837E+00,1.828E+00,-1.436E-01,2.042E+00,1.376E+00,1.694E+00,4.566E-03,2.271E+00,2.335E+00,9.955E-02,4.386E+00,1.739E+00,-9.728E-02,2.007E+00,1.592E+00,1.646E+00,3.249E-03,2.436E+00,2.483E+00,3.942E-01,1.171E+00,1.740E+00,-1.362E-01,2.396E+00,1.509E+00,1.609E+00,1.725E-03,2.472E+00,2.499E+00,1.319E-01,3.432E+00,1.907E+00,-1.577E-01,1.879E+00,1.222E+00,1.746E+00,1.637E-03,2.170E+00,2.192E+00,8.285E-02,5.195E+00
9,0.000E+00,6.653E-03,0.000E+00,8.984E-03,0.000E+00,0.000E+00,0.000E+00,1.079E-02,3.911E-02,6.617E-03,1.398E-02,1.843E+00,1.824E+00,-1.591E-01,2.130E+00,1.397E+00,1.670E+00,4.622E-03,2.274E+00,2.339E+00,9.963E-02,4.383E+00,1.743E+00,-1.078E-01,2.066E+00,1.580E+00,1.637E+00,2.141E-03,2.453E+00,2.485E+00,3.951E-01,1.168E+00,1.738E+00,-1.464E-01,2.464E+00,1.520E+00,1.596E+00,1.780E-03,2.471E+00,2.498E+00,1.318E-01,3.434E+00,1.905E+00,-1.677E-01,1.922E+00,1.238E+00,1.733E+00,1.520E-03,2.173E+00,2.193E+00,8.261E-02,5.208E+00
10,0.000E+00,6.675E-03,0.000E+00,8.993E-03,0.000E+00,0.000E+00,0.000E+00,1.086E-02,3.928E-02,6.635E-03,1.399E-02,1.850E+00,1.821E+00,-1.746E-01,2.218E+00,1.417E+00,1.646E+00,4.677E-03,2.277E+00,2.343E+00,9.971E-02,4.379E+00,1.747E+00,-1.184E-01,2.126E+00,1.568E+00,1.627E+00,1.033E-03,2.471E+00,2.487E+00,3.960E-01,1.166E+00,1.737E+00,-1.567E-01,2.533E+00,1.530E+00,1.583E+00,1.836E-03,2.469E+00,2.497E+00,1.317E-01,3.436E+00,1.903E+00,-1.776E-01,1.966E+00,1.254E+00,1.720E+00,1.402E-03,2.176E+00,2.194E+00,8.238E-02,5.221E+00
11,0.000E+00,6.803E-03,0.000E+00,9.182E-03,0.000E+00,0.000E+00,0.000E+00,1.107E-02,4.005E-02,6.756E-03,1.423E-02,1.886E+00,1.819E+00,-1.962E-01,2.425E+00,1.395E+00,1.631E+00,4.069E-03,2.287E+00,2.344E+00,9.994E-02,4.370E+00,1.735E+00,-1.196E-01,2.132E+00,1.626E+00,1.616E+00,8.082E-04,2.470E+00,2.482E+00,3.946E-01,1.170E+00,1.735E+00,-1.613E-01,2.546E+00,1.553E+00,1.577E+00,1.545E-03,2.480E+00,2.503E+00,1.314E-01,3.443E+00,1.894E+00,-1.877E-01,2.027E+00,1.284E+00,1.705E+00,1.415E-03,2.178E+00,2.197E+00,8.218E-02,5.233E+00
12,0.000E+00,6.931E-03,0.000E+00,9.370E-03,0.000E+00,0.000E+00,0.000E+00,1.129E-02,4.082E-02,6.878E-03,1.448E-02,1.921E+00,1.819E+00,-2.178E-01,2.632E+00,1.373E+00,1.617E+00,3.461E-03,2.296E+00,2.345E+00,1.002E-01,4.361E+00,1.723E+00,-1.209E-01,2.139E+00,1.685E+00,1.605E+00,5.833E-04,2.469E+00,2.478E+00,3.932E-01,1.174E+00,1.732E+00,-1.659E-01,2.560E+00,1.576E+00,1.571E+00,1.255E-03,2.490E+00,2.509E+00,1.312E-01,3.449E+00,1.886E+00,-1.978E-01,2.089E+00,1.315E+00,1.690E+00,1.428E-03,2.181E+00,2.200E+00,8.197E-02,5.245E+00
13,0.000E+00,7.059E-03,0.000E+00,9.559E-03,0.000E+00,0.000E+00,0.000E+00,1.150E-02,4.159E-02,7.000E-03,1.472E-02,1.957E+00,1.821E+00,-2.394E-01,2.839E+00,1.350E+00,1.603E+00,2.852E-03,2.306E+00,2.346E+00,1.004E-01,4.352E+00,1.712E+00,-1.222E-01,2.146E+00,1.744E+00,1.595E+00,3.585E-04,2.468E+00,2.473E+00,3.918E-01,1.178E+00,1.730E+00,-1.705E-01,2.573E+00,1.599E+00,1.565E+00,9.641E-04,2.501E+00,2.516E+00,1.309E-01,3.455E+00,1.878E+00,-2.080E-01,2.150E+00,1.345E+00,1.675E+00,1.441E-03,2.183E+00,2.202E+00,8.177E-02,5.257E+00
14,0.000E+00,7.123E-03,0.000E+00,9.653E-03,0.000E+00,0.000E+00,0.000E+00,1.161E-02,4.197E-02,7.061E-03,1.484E-02,1.975E+00,1.823E+00,-2.502E-01,2.942E+00,1.339E+00,1.596E+00,2.548E-03,2.310E+00,2.346E+00,1.005E-01,4.347E+00,1.707E+00,-1.228E-01,2.149E+00,1.773E+00,1.589E+00,2.460E-04,2.467E+00,2.471E+00,3.910E-01,1.180E+00,1.729E+00,-1.728E-01,2.579E+00,1.611E+00,1.562E+00,8.189E-04,2.506E+00,2.519E+00,1.308E-01,3.458E+00,1.874E+00,-2.130E-01,2.181E+00,1.360E+00,1.667E+00,1.447E-03,2.185E+00,2.204E+00,8.167E-02,5.263E+00
15,0.000E+00,7.188E-03,0.000E+00,9.748E-03,0.000E+00,0.000E+00,0.000E+00,1.172E-02,4.235E-02,7.122E-03,1.496E-02,1.993E+00,1.826E+00,-2.610E-01,3.046E+00,1.328E+00,1.588E+00,2.244E-03,2.315E+00,2.347E+00,1.006E-01,4.343E+00,1.701E+00,-1.235E-01,2.152E+00,1.802E+00,1.584E+00,1.336E-04,2.467E+00,2.469E+00,3.903E-01,1.182E+00,1.728E+00,-1.751E-01,2.586E+00,1.623E+00,1.559E+00,6.736E-04,2.512E+00,2.522E+00,1.307E-01,3.461E+00,1.870E+00,-2.181E-01,2.212E+00,1.375E+00,1.659E+00,1.453E-03,2.186E+00,2.205E+00,8.157E-02,5.270E+00
16,0.000E+00,7.316E-03,0.000E+00,9.936E-03,0.000E+00,0.000E+00,0.000E+00,1.193E-02,4.312E-02,7.243E-03,1.520E-02,2.029E+00,1.831E+00,-2.826E-01,3.253E+00,1.306E+00,1.574E+00,1.635E-03,2.325E+00,2.347E+00,1.008E-01,4.333E+00,1.691E+00,-1.247E-01,2.159E+00,1.861E+00,1.573E+00,-9.126E-05,2.465E+00,2.464E+00,3.889E-01,1.186E+00,1.725E+00,-1.797E-01,2.599E+00,1.646E+00,1.554E+00,3.832E-04,2.522E+00,2.528E+00,1.305E-01,3.467E+00,1.863E+00,-2.282E-01,2.273E+00,1.406E+00,1.644E+00,1.466E-03,2.188E+00,2.207E+00,8.137E-02,5.282E+00
17,0.000E+00,7.444E-03,0.000E+00,1.012E-02,0.000E+00,0.000E+00,0.000E+00,1.215E-02,4.389E-02,7.365E-03,1.545E-02,2.065E+00,1.838E+00,-3.042E-01,3.460E+00,1.284E+00,1.560E+00,1.027E-03,2.334E+00,2.348E+00,1.011E-01,4.324E+00,1.681E+00,-1.260E-01,2.166E+00,1.920E+00,1.562E+00,-3.161E-04,2.464E+00,2.460E+00,3.875E-01,1.190E+00,1.723E+00,-1.842E-01,2.612E+00,1.669E+00,1.548E+00,9.267E-05,2.533E+00,2.534E+00,1.302E-01,3.473E+00,1.856E+00,-2.383E-01,2.335E+00,1.436E+00,1.629E+00,1.479E-03,2.191E+00,2.210E+00,8.116E-02,5.294E+00
18,0.000E+00,7.572E-03,0.000E+00,1.031E-02,0.000E+00,0.000E+00,0.000E+00,1.236E-02,4.466E-02,7.487E-03,1.569E-02,2.100E+00,1.846E+00,-3.258E-01,3.667E+00,1.261E+00,1.545E+00,4.187E-04,2.344E+00,2.349E+00,1.013E-01,4.315E+00,1.671E+00,-1.273E-01,2.173E+00,1.978E+00,1.551E+00,-5.410E-04,2.463E+00,2.455E+00,3.861E-01,1.195E+00,1.721E+00,-1.888E-01,2.625E+00,1.692E+00,1.542E+00,-1.978E-04,2.544E+00,2.541E+00,1.300E-01,3.480E+00,1.849E+00,-2.484E-01,2.396E+00,1.467E+00,1.614E+00,1.491E-03,2.193E+00,2.213E+00,8.096E-02,5.306E+00
19,0.000E+00,7.636E-03,0.000E+00,1.041E-02,0.000E+00,0.000E+00,0.000E+00,1.247E-02,4.504E-02,7.548E-03,1.581E-02,2.118E+00,1.851E+00,-3.366E-01,3.771E+00,1.250E+00,1.538E+00,1.145E-04,2.348E+00,2.350E+00,1.014E-01,4.311E+00,1.667E+00,-1.279E-01,2.176E+00,2.008E+00,1.546E+00,-6.534E-04,2.463E+00,2.453E+00,3.854E-01,1.197E+00,1.720E+00,-1.911E-01,2.632E+00,1.704E+00,1.539E+00,-3.430E-04,2.549E+00,2.544E+00,1.298E-01,3.483E+00,1.846E+00,-2.535E-01,2.427E+00,1.482E+00,1.606E+00,1.498E-03,2.194E+00,2.214E+00,8.086E-02,5.312E+00
20,0.000E+00,7.700E-03,0.000E+00,1.050E-02,0.000E+00,0.000E+00,0.000E+00,1.258E-02,4.543E-02,7.608E-03,1.593E-02,2.136E+00,1.856E+00,-3.474E-01,3.874E+00,1.239E+00,1.531E+00,-1.897E-04,2.353E+00,2.350E+00,1.015E-01,4.306E+00,1.662E+00,-1.286E-01,2.179E+00,2.037E+00,1.540E+00,-7.659E-04,2.462E+00,2.451E+00,3.847E-01,1.199E+00,1.719E+00,-1.934E-01,2.638E+00,1.716E+00,1.536E+00,-4.883E-04,2.555E+00,2.547E+00,1.297E-01,3.486E+00,1.842E+00,-2.585E-01,2.458E+00,1.497E+00,1.598E+00,1.504E-03,2.195E+00,2.215E+00,8.076E-02,5.318E+00
21,0.000E+00,7.926E-03,0.000E+00,1.076E-02,0.000E+00,9.766E-08,0.000E+00,1.305E-02,4.690E-02,7.854E-03,1.632E-02,2.202E+00,1.843E+00,-3.475E-01,3.809E+00,1.296E+00,1.524E+00,6.543E-04,2.345E+00,2.355E+00,1.008E-01,4.338E+00,1.668E+00,-1.258E-01,2.120E+00,2.038E+00,1.550E+00,-1.145E-03,2.487E+00,2.469E+00,3.836E-01,1.202E+00,1.716E+00,-1.970E-01,2.656E+00,1.733E+00,1.531E+00,-3.553E-04,2.553E+00,2.547E+00,1.294E-01,3.493E+00,1.839E+00,-2.782E-01,2.642E+00,1.489E+00,1.584E+00,7.897E-04,2.210E+00,2.220E+00,8.048E-02,5.336E+00
22,0.000E+00,8.152E-03,0.000E+00,1.101E-02,0.000E+00,1.953E-07,0.000E+00,1.352E-02,4.838E-02,8.099E-03,1.671E-02,2.268E+00,1.831E+00,-3.475E-01,3.745E+00,1.354E+00,1.516E+00,1.498E-03,2.338E+00,2.359E+00,1.000E-01,4.369E+00,1.674E+00,-1.231E-01,2.061E+00,2.039E+00,1.559E+00,-1.524E-03,2.512E+00,2.488E+00,3.824E-01,1.206E+00,1.714E+00,-2.006E-01,2.674E+00,1.749E+00,1.526E+00,-2.223E-04,2.551E+00,2.548E+00,1.291E-01,3.501E+00,1.837E+00,-2.979E-01,2.826E+00,1.482E+00,1.570E+00,7.537E-05,2.224E+00,2.225E+00,8.020E-02,5.353E+00
23,0.000E+00,8.378E-03,0.000E+00,1.127E-02,0.000E+00,2.930E-07,0.000E+00,1.399E-02,4.985E-02,8.345E-03,1.710E-02,2.333E+00,1.820E+00,-3.476E-01,3.680E+00,1.411E+00,1.508E+00,2.342E-03,2.330E+00,2.364E+00,9.926E-02,4.401E+00,1.680E+00,-1.204E-01,2.002E+00,2.040E+00,1.569E+00,-1.903E-03,2.537E+00,2.507E+00,3.813E-01,1.209E+00,1.712E+00,-2.042E-01,2.692E+00,1.766E+00,1.522E+00,-8.937E-05,2.550E+00,2.548E+00,1.289E-01,3.508E+00,1.836E+00,-3.177E-01,3.009E+00,1.474E+00,1.556E+00,-6.390E-04,2.239E+00,2.230E+00,7.992E-02,5.370E+00
24,0.000E+00,8.491E-03,0.000E+00,1.140E-02,0.000E+00,3.418E-07,0.000E+00,1.422E-02,5.059E-02,8.467E-03,1.730E-02,2.366E+00,1.815E+00,-3.476E-01,3.647E+00,1.440E+00,1.505E+00,2.764E-03,2.326E+00,2.366E+00,9.889E-02,4.417E+00,1.684E+00,-1.191E-01,1.972E+00,2.041E+00,1.573E+00,-2.093E-03,2.550E+00,2.516E+00,3.807E-01,1.211E+00,1.711E+00,-2.060E-01,2.701E+00,1.775E+00,1.519E+00,-2.289E-05,2.549E+00,2.549E+00,1.287E-01,3.512E+00,1.837E+00,-3.275E-01,3.101E+00,1.471E+00,1.549E+00,-9.962E-04,2.246E+00,2.232E+00,7.979E-02,5.379E+00
25,0.000E+00,8.604E-03,0.000E+00,1.153E-02,0.000E+00,3.906E-07,0.000E+00,1.446E-02,5.133E-02,8.590E-03,1.749E-02,2.399E+00,1.810E+00,-3.476E-01,3.615E+00,1.468E+00,1.501E+00,3.186E-03,2.322E+00,2.368E+00,9.851E-02,4.433E+00,1.687E+00,-1.177E-01,1.943E+00,2.041E+00,1.578E+00,-2.282E-03,2.562E+00,2.525E+00,3.801E-01,1.213E+00,1.710E+00,-2.078E-01,2.710E+00,1.783E+00,1.517E+00,4.360E-05,2.548E+00,2.549E+00,1.286E-01,3.516E+00,1.837E+00,-3.374E-01,3.193E+00,1.467E+00,1.542E+00,-1.353E-03,2.253E+00,2.234E+00,7.965E-02,5.388E+00
26,0.000E+00,8.829E-03,0.000E+00,1.178E-02,0.000E+00,4.883E-07,0.000E+00,1.493E-02,5.280E-02,8.836E-03,1.788E-02,2.465E+00,1.801E+00,-3.477E-01,3.550E+00,1.526E+00,1.493E+00,4.030E-03,2.315E+00,2.372E+00,9.775E-02,4.465E+00,1.694E+00,-1.150E-01,1.884E+00,2.043E+00,1.588E+00,-2.662E-03,2.587E+00,2.544E+00,3.790E-01,1.216E+00,1.707E+00,-2.114E-01,2.727E+00,1.800E+00,1.512E+00,1.766E-04,2.547E+00,2.549E+00,1.283E-01,3.523E+00,1.838E+00,-3.571E-01,3.377E+00,1.459E+00,1.528E+00,-2.068E-03,2.268E+00,2.239E+00,7.937E-02,5.405E+00
27,0.000E+00,9.055E-03,0.000E+00,1.204E-02,0.000E+00,5.859E-07,0.000E+00,1.540E-02,5.428E-02,9.081E-03,1.827E-02,2.531E+00,1.792E+00,-3.477E-01,3.486E+00,1.583E+00,1.486E+00,4.874E-03,2.307E+00,2.377E+00,9.700E-02,4.496E+00,1.701E+00,-1.123E-01,1.825E+00,2.044E+00,1.597E+00,-3.041E-03,2.612E+00,2.562E+00,3.779E-01,1.220E+00,1.705E+00,-2.150E-01,2.745E+00,1.817E+00,1.507E+00,3.095E-04,2.545E+00,2.550E+00,1.280E-01,3.531E+00,1.841E+00,-3.768E-01,3.561E+00,1.452E+00,1.513E+00,-2.782E-03,2.282E+00,2.244E+00,7.909E-02,5.422E+00
28,0.000E+00,9.281E-03,0.000E+00,1.229E-02,0.000E+00,6.836E-07,0.000E+00,1.587E-02,5.575E-02,9.326E-03,1.867E-02,2.596E+00,1.783E+00,-3.478E-01,3.421E+00,1.641E+00,1.478E+00,5.718E-03,2.299E+00,2.381E+00,9.624E-02,4.528E+00,1.709E+00,-1.096E-01,1.766E+00,2.045E+00,1.607E+00,-3.420E-03,2.637E+00,2.581E+00,3.767E-01,1.223E+00,1.703E+00,-2.186E-01,2.763E+00,1.833E+00,1.502E+00,4.425E-04,2.543E+00,2.550E+00,1.277E-01,3.538E+00,1.843E+00,-3.965E-01,3.745E+00,1.444E+00,1.499E+00,-3.496E-03,2.297E+00,2.248E+00,7.881E-02,5.440E+00
29,0.000E+00,9.394E-03,0.000E+00,1.242E-02,0.000E+00,7.324E-07,0.000E+00,1.611E-02,5.649E-02,9.449E-03,1.886E-02,2.629E+00,1.779E+00,-3.478E-01,3.388E+00,1.669E+00,1.474E+00,6.140E-03,2.295E+00,2.383E+00,9.587E-02,4.544E+00,1.713E+00,-1.082E-01,1.736E+00,2.046E+00,1.612E+00,-3.609E-03,2.650E+00,2.590E+00,3.762E-01,1.225E+00,1.702E+00,-2.204E-01,2.772E+00,1.842E+00,1.500E+00,5.090E-04,2.543E+00,2.551E+00,1.276E-01,3.542E+00,1.845E+00,-4.064E-01,3.837E+00,1.440E+00,1.492E+00,-3.854E-03,2.304E+00,2.251E+00,7.868E-02,5.449E+00
30,0.000E+00,9.507E-03,0.000E+00,1.255E-02,0.000E+00,7.812E-07,0.000E+00,1.634E-02,5.723E-02,9.572E-03,1.906E-02,2.662E+00,1.776E+00,-3.478E-01,3.356E+00,1.698E+00,1.470E+00,6.562E-03,2.292E+00,2.386E+00,9.549E-02,4.560E+00,1.717E+00,-1.068E-01,1.707E+00,2.046E+00,1.616E+00,-3.799E-03,2.662E+00,2.600E+00,3.756E-01,1.227E+00,1.701E+00,-2.222E-01,2.781E+00,1.850E+00,1.497E+00,5.755E-04,2.542E+00,2.551E+00,1.274E-01,3.546E+00,1.847E+00,-4.162E-01,3.929E+00,1.437E+00,1.485E+00,-4.211E-03,2.311E+00,2.253E+00,7.854E-02,5.457E+00
31,0.000E+00,1.022E-02,0.000E+00,1.316E-02,0.000E+00,6.836E-07,6.836E-07,1.777E-02,6.133E-02,1.027E-02,2.042E-02,2.853E+00,1.761E+00,-3.579E-01,3.573E+00,1.722E+00,1.453E+00,6.904E-03,2.293E+00,2.392E+00,9.463E-02,4.601E+00,1.701E+00,-1.326E-01,1.996E+00,1.987E+00,1.595E+00,-3.421E-03,2.658E+00,2.602E+00,3.748E-01,1.229E+00,1.700E+00,-2.263E-01,2.818E+00,1.855E+00,1.493E+00,6.699E-04,2.544E+00,2.555E+00,1.269E-01,3.560E+00,1.839E+00,-4.176E-01,3.963E+00,1.463E+00,1.478E+00,-4.403E-03,2.325E+00,2.264E+00,7.814E-02,5.484E+00
32,0.000E+00,1.058E-02,0.000E+00,1.347E-02,0.000E+00,6.348E-07,1.025E-06,1.848E-02,6.338E-02,1.061E-02,2.110E-02,2.949E+00,1.753E+00,-3.629E-01,3.682E+00,1.734E+00,1.444E+00,7.074E-03,2.293E+00,2.395E+00,9.420E-02,4.622E+00,1.696E+00,-1.455E-01,2.141E+00,1.957E+00,1.585E+00,-3.232E-03,2.656E+00,2.602E+00,3.743E-01,1.231E+00,1.699E+00,-2.283E-01,2.836E+00,1.857E+00,1.491E+00,7.171E-04,2.546E+00,2.557E+00,1.266E-01,3.568E+00,1.834E+00,-4.182E-01,3.981E+00,1.476E+00,1.474E+00,-4.499E-03,2.332E+00,2.269E+00,7.795E-02,5.497E+00
33,0.000E+00,1.093E-02,0.000E+00,1.378E-02,0.000E+00,5.859E-07,1.367E-06,1.919E-02,6.543E-02,1.096E-02,2.177E-02,3.044E+00,1.747E+00,-3.679E-01,3.791E+00,1.746E+00,1.435E+00,7.245E-03,2.294E+00,2.398E+00,9.377E-02,4.642E+00,1.692E+00,-1.584E-01,2.286E+00,1.928E+00,1.574E+00,-3.043E-03,2.653E+00,2.603E+00,3.739E-01,1.232E+00,1.698E+00,-2.304E-01,2.854E+00,1.860E+00,1.489E+00,7.644E-04,2.547E+00,2.559E+00,1.263E-01,3.575E+00,1.830E+00,-4.189E-01,3.998E+00,1.489E+00,1.471E+00,-4.595E-03,2.339E+00,2.274E+00,7.775E-02,5.510E+00
34,0.000E+00,1.129E-02,0.000E+00,1.409E-02,0.000E+00,5.371E-07,1.709E-06,1.990E-02,6.748E-02,1.131E-02,2.245E-02,3.140E+00,1.740E+00,-3.729E-01,3.899E+00,1.758E+00,1.426E+00,7.416E-03,2.295E+00,2.402E+00,9.334E-02,4.663E+00,1.690E+00,-1.713E-01,2.431E+00,1.898E+00,1.564E+00,-2.854E-03,2.651E+00,2.604E+00,3.735E-01,1.233E+00,1.697E+00,-2.324E-01,2.872E+00,1.862E+00,1.486E+00,8.116E-04,2.548E+00,2.561E+00,1.261E-01,3.582E+00,1.826E+00,-4.196E-01,4.015E+00,1.502E+00,1.467E+00,-4.691E-03,2.345E+00,2.279E+00,7.756E-02,5.523E+00
35,0.000E+00,1.165E-02,0.000E+00,1.439E-02,0.000E+00,4.883E-07,2.051E-06,2.062E-02,6.953E-02,1.165E-02,2.313E-02,3.236E+00,1.733E+00,-3.779E-01,4.008E+00,1.770E+00,1.418E+00,7.586E-03,2.295E+00,2.405E+00,9.291E-02,4.683E+00,1.688E+00,-1.841E-01,2.575E+00,1.868E+00,1.553E+00,-2.666E-03,2.649E+00,2.605E+00,3.731E-01,1.234E+00,1.697E+00,-2.345E-01,2.891E+00,1.864E+00,1.484E+00,8.588E-04,2.550E+00,2.563E+00,1.258E-01,3.590E+00,1.822E+00,-4.202E-01,4.033E+00,1.515E+00,1.463E+00,-4.787E-03,2.352E+00,2.285E+00,7.736E-02,5.536E+00
36,0.000E+00,1.200E-02,0.000E+00,1.470E-02,0.000E+00,4.395E-07,2.393E-06,2.133E-02,7.158E-02,1.200E-02,2.381E-02,3.331E+00,1.727E+00,-3.830E-01,4.116E+00,1.782E+00,1.409E+00,7.757E-03,2.296E+00,2.408E+00,9.248E-02,4.704E+00,1.688E+00,-1.970E-01,2.720E+00,1.839E+00,1.543E+00,-2.477E-03,2.647E+00,2.606E+00,3.727E-01,1.236E+00,1.696E+00,-2.365E-01,2.909E+00,1.867E+00,1.482E+00,9.060E-04,2.551E+00,2.565E+00,1.255E-01,3.597E+00,1.818E+00,-4.209E-01,4.050E+00,1.528E+00,1.460E+00,-4.883E-03,2.359E+00,2.290E+00,7.716E-02,5.549E+00
37,0.000E+00,1.236E-02,0.000E+00,1.501E-02,0.000E+00,3.906E-07,2.734E-06,2.204E-02,7.363E-02,1.235E-02,2.449E-02,3.427E+00,1.721E+00,-3.880E-01,4.225E+00,1.794E+00,1.400E+00,7.928E-03,2.297E+00,2.411E+00,9.205E-02,4.724E+00,1.690E+00,-2.099E-01,2.865E+00,1.809E+00,1.532E+00,-2.288E-03,2.645E+00,2.607E+00,3.723E-01,1.237E+00,1.696E+00,-2.385E-01,2.927E+00,1.869E+00,1.480E+00,9.532E-04,2.552E+00,2.567E+00,1.253E-01,3.604E+00,1.814E+00,-4.216E-01,4.067E+00,1.541E+00,1.456E+00,-4.979E-03,2.366E+00,2.295E+00,7.697E-02,5.562E+00
38,0.000E+00,1.272E-02,0.000E+00,1.531E-02,0.000E+00,3.418E-07,3.076E-06,2.275E-02,7.568E-02,1.269E-02,2.517E-02,3.522E+00,1.716E+00,-3.930E-01,4.334E+00,1.806E+00,1.391E+00,8.098E-03,2.297E+00,2.414E+00,9.162E-02,4.745E+00,1.692E+00,-2.228E-01,3.010E+00,1.779E+00,1.522E+00,-2.099E-03,2.643E+00,2.608E+00,3.719E-01,1.238E+00,1.695E+00,-2.406E-01,2.946E+00,1.872E+00,1.478E+00,1.000E-03,2.553E+00,2.569E+00,1.250E-01,3.612E+00,1.810E+00,-4.222E-01,4.085E+00,1.554E+00,1.452E+00,-5.075E-03,2.373E+00,2.300E+00,7.677E-02,5.575E+00
39,0.000E+00,1.307E-02,0.000E+00,1.562E-02,0.000E+00,2.930E-07,3.418E-06,2.346E-02,7.773E-02,1.304E-02,2.585E-02,3.618E+00,1.710E+00,-3.980E-01,4.442E+00,1.818E+00,1.383E+00,8.269E-03,2.298E+00,2.418E+00,9.119E-02,4.765E+00,1.694E+00,-2.357E-01,3.154E+00,1.750E+00,1.511E+00,-1.910E-03,2.641E+00,2.609E+00,3.715E-01,1.240E+00,1.694E+00,-2.426E-01,2.964E+00,1.874E+00,1.476E+00,1.048E-03,2.555E+00,2.571E+00,1.247E-01,3.619E+00,1.806E+00,-4.229E-01,4.102E+00,1.567E+00,1.449E+00,-5.171E-03,2.379E+00,2.306E+00,7.657E-02,5.589E+00
40,0.000E+00,1.343E-02,0.000E+00,1.593E-02,0.000E+00,2.441E-07,3.760E-06,2.418E-02,7.978E-02,1.339E-02,2.653E-02,3.713E+00,1.705E+00,-4.030E-01,4.551E+00,1.830E+00,1.374E+00,8.440E-03,2.298E+00,2.421E+00,9.076E-02,4.786E+00,1.698E+00,-2.486E-01,3.299E+00,1.720E+00,1.500E+00,-1.721E-03,2.638E+00,2.610E+00,3.710E-01,1.241E+00,1.694E+00,-2.447E-01,2.982E+00,1.876E+00,1.473E+00,1.095E-03,2.556E+00,2.573E+00,1.245E-01,3.626E+00,1.802E+00,-4.236E-01,4.119E+00,1.580E+00,1.445E+00,-5.267E-03,2.386E+00,2.311E+00,7.638E-02,5.602E+00
41,0.000E+00,1.378E-02,0.000E+00,1.623E-02,0.000E+00,1.953E-07,4.102E-06,2.489E-02,8.183E-02,1.373E-02,2.721E-02,3.809E+00,1.700E+00,-4.081E-01,4.660E+00,1.842E+00,1.365E+00,8.610E-03,2.299E+00,2.424E+00,9.033E-02,4.807E+00,1.703E+00,-2.614E-01,3.444E+00,1.690E+00,1.490E+00,-1.532E-03,2.636E+00,2.611E+00,3.706E-01,1.242E+00,1.693E+00,-2.467E-01,3.000E+00,1.879E+00,1.471E+00,1.142E-03,2.557E+00,2.576E+00,1.242E-01,3.634E+00,1.799E+00,-4.243E-01,4.137E+00,1.593E+00,1.441E+00,-5.363E-03,2.393E+00,2.316E+00,7.618E-02,5.615E+00
42,0.000E+00,1.414E-02,0.000E+00,1.654E-02,0.000E+00,1.465E-07,4.443E-06,2.560E-02,8.388E-02,1.408E-02,2.789E-02,3.905E+00,1.695E+00,-4.131E-01,4.768E+00,1.854E+00,1.356E+00,8.781E-03,2.300E+00,2.427E+00,8.990E-02,4.827E+00,1.708E+00,-2.743E-01,3.589E+00,1.661E+00,1.479E+00,-1.343E-03,2.634E+00,2.612E+00,3.702E-01,1.244E+00,1.693E+00,-2.487E-01,3.019E+00,1.881E+00,1.469E+00,1.189E-03,2.559E+00,2.578E+00,1.239E-01,3.641E+00,1.795E+00,-4.249E-01,4.154E+00,1.606E+00,1.438E+00,-5.459E-03,2.400E+00,2.321E+00,7.598E-02,5.628E+00
43,0.000E+00,1.450E-02,0.000E+00,1.685E-02,0.000E+00,9.766E-08,4.785E-06,2.631E-02,8.593E-02,1.443E-02,2.857E-02,4.000E+00,1.690E+00,-4.181E-01,4.877E+00,1.866E+00,1.347E+00,8.952E-03,2.300E+00,2.430E+00,8.947E-02,4.848E+00,1.714E+00,-2.872E-01,3.734E+00,1.631E+00,1.469E+00,-1.154E-03,2.632E+00,2.613E+00,3.698E-01,1.245E+00,1.692E+00,-2.508E-01,3.037E+00,1.884E+00,1.467E+00,1.237E-03,2.560E+00,2.580E+00,1.237E-01,3.648E+00,1.791E+00,-4.256E-01,4.171E+00,1.619E+00,1.434E+00,-5.555E-03,2.407E+00,2.327E+00,7.579E-02,5.641E+00
44,0.000E+00,1.485E-02,0.000E+00,1.716E-02,0.000E+00,4.883E-08,5.127E-06,2.703E-02,8.798E-02,1.477E-02,2.925E-02,4.096E+00,1.685E+00,-4.231E-01,4.986E+00,1.878E+00,1.339E+00,9.122E-03,2.301E+00,2.434E+00,8.905E-02,4.868E+00,1.720E+00,-3.001E-01,3.878E+00,1.601E+00,1.458E+00,-9.656E-04,2.630E+00,2.614E+00,3.694E-01,1.246E+00,1.691E+00,-2.528E-01,3.055E+00,1.886E+00,1.465E+00,1.284E-03,2.561E+00,2.582E+00,1.234E-01,3.656E+00,1.787E+00,-4.263E-01,4.188E+00,1.632E+00,1.430E+00,-5.651E-03,2.413E+00,2.332E+00,7.559E-02,5.654E+00
45,0.000E+00,1.521E-02,0.000E+00,1.746E-02,0.000E+00,0.000E+00,5.469E-06,2.774E-02,9.003E-02,1.512E-02,2.993E-02,4.191E+00,1.680E+00,-4.281E-01,5.094E+00,1.890E+00,1.330E+00,9.293E-03,2.302E+00,2.437E+00,8.862E-02,4.889E+00,1.727E+00,-3.130E-01,4.023E+00,1.572E+00,1.448E+00,-7.767E-04,2.628E+00,2.615E+00,3.690E-01,1.248E+00,1.691E+00,-2.549E-01,3.074E+00,1.888E+00,1.463E+00,1.331E-03,2.563E+00,2.584E+00,1.231E-01,3.663E+00,1.783E+00,-4.269E-01,4.206E+00,1.645E+00,1.427E+00,-5.747E-03,2.420E+00,2.337E+00,7.540E-02,5.667E+00
46,0.000E+00,1.596E-02,0.000E+00,1.814E-02,0.000E+00,0.000E+00,3.516E-06,2.952E-02,9.523E-02,1.588E-02,3.134E-02,4.416E+00,1.722E+00,-4.649E-01,5.902E+00,1.652E+00,1.345E+00,3.818E-03,2.373E+00,2.429E+00,9.012E-02,4.814E+00,1.679E+00,-2.898E-01,3.806E+00,1.776E+00,1.429E+00,-3.282E-03,2.723E+00,2.666E+00,3.676E-01,1.252E+00,1.683E+00,-2.508E-01,3.101E+00,1.898E+00,1.459E+00,1.756E-03,2.553E+00,2.581E+00,1.221E-01,3.693E+00,1.767E+00,-5.079E-01,6.626E+00,1.488E+00,1.371E+00,-1.493E-03,2.367E+00,2.345E+00,7.483E-02,5.707E+00
47,0.000E+00,1.633E-02,0.000E+00,1.847E-02,0.000E+00,0.000E+00,2.539E-06,3.040E-02,9.783E-02,1.626E-02,3.204E-02,4.528E+00,1.749E+00,-4.833E-01,6.307E+00,1.532E+00,1.353E+00,1.080E-03,2.409E+00,2.424E+00,9.087E-02,4.776E+00,1.658E+00,-2.782E-01,3.698E+00,1.878E+00,1.420E+00,-4.534E-03,2.771E+00,2.692E+00,3.670E-01,1.254E+00,1.679E+00,-2.488E-01,3.115E+00,1.902E+00,1.457E+00,1.968E-03,2.549E+00,2.580E+00,1.216E-01,3.708E+00,1.778E+00,-5.484E-01,7.836E+00,1.410E+00,1.343E+00,6.330E-04,2.341E+00,2.349E+00,7.455E-02,5.727E+00
48,0.000E+00,1.670E-02,0.000E+00,1.881E-02,0.000E+00,0.000E+00,1.562E-06,3.129E-02,1.004E-01,1.664E-02,3.275E-02,4.640E+00,1.780E+00,-5.017E-01,6.711E+00,1.413E+00,1.360E+00,-1.658E-03,2.445E+00,2.420E+00,9.163E-02,4.739E+00,1.638E+00,-2.666E-01,3.590E+00,1.980E+00,1.411E+00,-5.787E-03,2.819E+00,2.718E+00,3.663E-01,1.256E+00,1.676E+00,-2.468E-01,3.129E+00,1.907E+00,1.455E+00,2.181E-03,2.544E+00,2.579E+00,1.210E-01,3.723E+00,1.799E+00,-5.888E-01,9.046E+00,1.332E+00,1.316E+00,2.760E-03,2.314E+00,2.353E+00,7.427E-02,5.747E+00
49,0.000E+00,1.766E-02,0.000E+00,1.973E-02,0.000E+00,3.906E-07,5.859E-06,3.323E-02,1.063E-01,1.756E-02,3.458E-02,4.906E+00,1.736E+00,-5.464E-01,9.181E+00,1.422E+00,1.304E+00,1.583E-04,2.481E+00,2.484E+00,9.004E-02,4.818E+00,1.653E+00,-2.708E-01,3.623E+00,1.903E+00,1.418E+00,-2.153E-03,2.729E+00,2.691E+00,3.590E-01,1.281E+00,1.688E+00,-2.899E-01,3.704E+00,1.771E+00,1.437E+00,2.203E-03,2.534E+00,2.569E+00,1.207E-01,3.734E+00,1.777E+00,-5.862E-01,9.019E+00,1.396E+00,1.302E+00,4.142E-03,2.269E+00,2.327E+00,7.369E-02,5.789E+00
50,0.000E+00,1.814E-02,0.000E+00,2.018E-02,0.000E+00,5.859E-07,8.008E-06,3.420E-02,1.092E-01,1.801E-02,3.550E-02,5.039E+00,1.723E+00,-5.688E-01,1.042E+01,1.427E+00,1.275E+00,1.066E-03,2.499E+00,2.516E+00,8.925E-02,4.858E+00,1.661E+00,-2.729E-01,3.640E+00,1.865E+00,1.422E+00,-3.365E-04,2.685E+00,2.678E+00,3.554E-01,1.294E+00,1.699E+00,-3.115E-01,3.991E+00,1.704E+00,1.428E+00,2.215E-03,2.528E+00,2.563E+00,1.205E-01,3.739E+00,1.767E+00,-5.849E-01,9.006E+00,1.427E+00,1.294E+00,4.834E-03,2.247E+00,2.313E+00,7.340E-02,5.810E+00
51,0.000E+00,1.863E-02,0.000E+00,2.064E-02,0.000E+00,7.812E-07,1.016E-05,3.517E-02,1.122E-01,1.847E-02,3.641E-02,5.172E+00,1.713E+00,-5.912E-01,1.165E+01,1.432E+00,1.247E+00,1.974E-03,2.517E+00,2.548E+00,8.845E-02,4.897E+00,1.668E+00,-2.750E-01,3.656E+00,1.827E+00,1.425E+00,1.480E-03,2.640E+00,2.664E+00,3.517E-01,1.306E+00,1.711E+00,-3.331E-01,4.279E+00,1.636E+00,1.419E+00,2.226E-03,2.523E+00,2.558E+00,1.203E-01,3.744E+00,1.757E+00,-5.836E-01,8.992E+00,1.459E+00,1.287E+00,5.525E-03,2.224E+00,2.300E+00,7.311E-02,5.831E+00
52,0.000E+00,1.972E-02,0.000E+00,2.205E-02,0.000E+00,3.906E-07,9.375E-06,3.717E-02,1.188E-01,1.964E-02,3.873E-02,5.485E+00,1.706E+00,-5.491E-01,9.642E+00,1.496E+00,1.274E+00,1.513E-03,2.495E+00,2.519E+00,9.171E-02,4.740E+00,1.660E+00,-3.348E-01,4.898E+00,1.705E+00,1.384E+00,2.725E-03,2.555E+00,2.598E+00,3.628E-01,1.269E+00,1.684E+00,-3.378E-01,4.552E+00,1.699E+00,1.392E+00,1.484E-03,2.556E+00,2.580E+00,1.206E-01,3.735E+00,1.756E+00,-6.221E-01,1.145E+01,1.379E+00,1.267E+00,6.255E-03,2.237E+00,2.323E+00,7.355E-02,5.799E+00
53,0.000E+00,2.027E-02,0.000E+00,2.276E-02,0.000E+00,1.953E-07,8.984E-06,3.817E-02,1.221E-01,2.022E-02,3.989E-02,5.642E+00,1.707E+00,-5.281E-01,8.638E+00,1.527E+00,1.287E+00,1.283E-03,2.484E+00,2.504E+00,9.334E-02,4.662E+00,1.665E+00,-3.648E-01,5.519E+00,1.644E+00,1.363E+00,3.348E-03,2.513E+00,2.565E+00,3.683E-01,1.251E+00,1.671E+00,-3.401E-01,4.689E+00,1.730E+00,1.379E+00,1.113E-03,2.573E+00,2.590E+00,1.208E-01,3.730E+00,1.761E+00,-6.413E-01,1.267E+01,1.338E+00,1.257E+00,6.621E-03,2.243E+00,2.335E+00,7.378E-02,5.782E+00
54,0.000E+00,2.081E-02,0.000E+00,2.346E-02,0.000E+00,0.000E+00,8.594E-06,3.917E-02,1.255E-01,2.080E-02,4.105E-02,5.798E+00,1.713E+00,-5.071E-01,7.634E+00,1.559E+00,1.301E+00,1.052E-03,2.474E+00,2.490E+00,9.496E-02,4.584E+00,1.676E+00,-3.947E-01,6.140E+00,1.583E+00,1.342E+00,3.970E-03,2.471E+00,2.532E+00,3.739E-01,1.232E+00,1.658E+00,-3.425E-01,4.826E+00,1.762E+00,1.366E+00,7.426E-04,2.589E+00,2.601E+00,1.210E-01,3.725E+00,1.769E+00,-6.606E-01,1.390E+01,1.298E+00,1.247E+00,6.986E-03,2.249E+00,2.347E+00,7.400E-02,5.766E+00
55,0.000E+00,2.219E-02,0.000E+00,2.459E-02,0.000E+00,7.812E-07,1.094E-05,4.211E-02,1.337E-01,2.219E-02,4.369E-02,6.178E+00,1.660E+00,-5.794E-01,1.286E+01,1.511E+00,1.235E+00,4.088E-03,2.395E+00,2.455E+00,9.251E-02,4.700E+00,1.648E+00,-4.438E-01,8.153E+00,1.561E+00,1.296E+00,2.267E-03,2.542E+00,2.578E+00,3.732E-01,1.234E+00,1.661E+00,-3.660E-01,5.471E+00,1.678E+00,1.354E+00,5.841E-04,2.587E+00,2.597E+00,1.209E-01,3.727E+00,1.755E+00,-6.576E-01,1.456E+01,1.307E+00,1.239E+00,2.966E-03,2.338E+00,2.379E+00,7.395E-02,5.770E+00
56,0.000E+00,2.287E-02,0.000E+00,2.516E-02,0.000E+00,1.172E-06,1.211E-05,4.358E-02,1.378E-01,2.289E-02,4.502E-02,6.368E+00,1.655E+00,-6.156E-01,1.548E+01,1.487E+00,1.202E+00,5.606E-03,2.356E+00,2.438E+00,9.128E-02,4.758E+00,1.642E+00,-4.683E-01,9.160E+00,1.550E+00,1.273E+00,1.415E-03,2.578E+00,2.600E+00,3.728E-01,1.235E+00,1.665E+00,-3.777E-01,5.794E+00,1.637E+00,1.348E+00,5.048E-04,2.587E+00,2.595E+00,1.209E-01,3.727E+00,1.747E+00,-6.561E-01,1.489E+01,1.311E+00,1.235E+00,9.566E-04,2.383E+00,2.396E+00,7.393E-02,5.772E+00
57,0.000E+00,2.356E-02,0.000E+00,2.573E-02,0.000E+00,1.562E-06,1.328E-05,4.505E-02,1.419E-01,2.358E-02,4.634E-02,6.558E+00,1.657E+00,-6.517E-01,1.809E+01,1.463E+00,1.170E+00,7.124E-03,2.317E+00,2.420E+00,9.005E-02,4.816E+00,1.640E+00,-4.929E-01,1.017E+01,1.539E+00,1.249E+00,5.633E-04,2.614E+00,2.623E+00,3.725E-01,1.236E+00,1.670E+00,-3.894E-01,6.116E+00,1.595E+00,1.341E+00,4.255E-04,2.586E+00,2.593E+00,1.209E-01,3.728E+00,1.740E+00,-6.546E-01,1.522E+01,1.316E+00,1.232E+00,-1.053E-03,2.427E+00,2.412E+00,7.390E-02,5.773E+00
58,0.000E+00,2.515E-02,0.000E+00,2.717E-02,0.000E+00,1.172E-06,1.445E-05,4.833E-02,1.520E-01,2.510E-02,4.875E-02,6.993E+00,1.630E+00,-6.211E-01,1.602E+01,1.565E+00,1.172E+00,1.836E-03,2.439E+00,2.463E+00,8.927E-02,4.856E+00,1.594E+00,-4.071E-01,7.637E+00,1.736E+00,1.286E+00,3.769E-03,2.536E+00,2.595E+00,3.633E-01,1.267E+00,1.658E+00,-3.996E-01,6.509E+00,1.609E+00,1.326E+00,-1.859E-04,2.619E+00,2.615E+00,1.212E-01,3.718E+00,1.730E+00,-6.657E-01,1.690E+01,1.311E+00,1.218E+00,1.751E-04,2.376E+00,2.378E+00,7.492E-02,5.702E+00
59,0.000E+00,2.594E-02,0.000E+00,2.789E-02,0.000E+00,9.766E-07,1.504E-05,4.997E-02,1.570E-01,2.585E-02,4.996E-02,7.210E+00,1.618E+00,-6.058E-01,1.498E+01,1.616E+00,1.173E+00,-8.073E-04,2.500E+00,2.485E+00,8.888E-02,4.876E+00,1.586E+00,-3.643E-01,6.373E+00,1.834E+00,1.305E+00,5.372E-03,2.496E+00,2.580E+00,3.587E-01,1.283E+00,1.653E+00,-4.047E-01,6.705E+00,1.616E+00,1.318E+00,-4.916E-04,2.635E+00,2.627E+00,1.214E-01,3.713E+00,1.725E+00,-6.713E-01,1.773E+01,1.308E+00,1.211E+00,7.892E-04,2.350E+00,2.361E+00,7.542E-02,5.666E+00
60,0.000E+00,2.674E-02,0.000E+00,2.861E-02,0.000E+00,7.812E-07,1.563E-05,5.161E-02,1.620E-01,2.661E-02,5.116E-02,7.428E+00,1.609E+00,-5.905E-01,1.394E+01,1.667E+00,1.174E+00,-3.451E-03,2.561E+00,2.507E+00,8.849E-02,4.895E+00,1.591E+00,-3.214E-01,5.108E+00,1.932E+00,1.323E+00,6.974E-03,2.457E+00,2.566E+00,3.541E-01,1.298E+00,1.648E+00,-4.097E-01,6.902E+00,1.623E+00,1.310E+00,-7.973E-04,2.651E+00,2.638E+00,1.215E-01,3.708E+00,1.721E+00,-6.768E-01,1.857E+01,1.306E+00,1.204E+00,1.403E-03,2.324E+00,2.344E+00,7.593E-02,5.630E+00
61,0.000E+00,2.863E-02,0.000E+00,3.017E-02,3.906E-07,1.172E-06,2.070E-05,5.573E-02,1.739E-01,2.858E-02,5.452E-02,7.958E+00,1.640E+00,-6.039E-01,1.498E+01,1.532E+00,1.189E+00,-1.896E-03,2.502E+00,2.472E+00,8.977E-02,4.831E+00,1.557E+00,-4.081E-01,8.817E+00,1.747E+00,1.265E+00,4.740E-03,2.493E+00,2.567E+00,3.584E-01,1.283E+00,1.644E+00,-4.270E-01,7.687E+00,1.584E+00,1.296E+00,7.502E-04,2.580E+00,2.591E+00,1.216E-01,3.707E+00,1.677E+00,-6.520E-01,1.735E+01,1.425E+00,1.188E+00,1.108E-03,2.353E+00,2.368E+00,7.364E-02,5.797E+00
62,0.000E+00,2.958E-02,0.000E+00,3.095E-02,5.859E-07,1.367E-06,2.324E-05,5.779E-02,1.798E-01,2.957E-02,5.620E-02,8.223E+00,1.657E+00,-6.106E-01,1.550E+01,1.465E+00,1.197E+00,-1.118E-03,2.473E+00,2.455E+00,9.041E-02,4.799E+00,1.568E+00,-4.514E-01,1.067E+01,1.654E+00,1.237E+00,3.622E-03,2.510E+00,2.567E+00,3.606E-01,1.276E+00,1.643E+00,-4.356E-01,8.079E+00,1.565E+00,1.289E+00,1.524E-03,2.544E+00,2.567E+00,1.216E-01,3.706E+00,1.657E+00,-6.395E-01,1.674E+01,1.485E+00,1.180E+00,9.598E-04,2.367E+00,2.381E+00,7.249E-02,5.881E+00
63,0.000E+00,3.053E-02,0.000E+00,3.173E-02,7.812E-07,1.562E-06,2.578E-05,5.986E-02,1.857E-01,3.056E-02,5.788E-02,8.488E+00,1.676E+00,-6.173E-01,1.602E+01,1.397E+00,1.205E+00,-3.404E-04,2.443E+00,2.438E+00,9.106E-02,4.767E+00,1.589E+00,-4.947E-01,1.253E+01,1.562E+00,1.208E+00,2.505E-03,2.528E+00,2.567E+00,3.627E-01,1.268E+00,1.643E+00,-4.442E-01,8.472E+00,1.546E+00,1.282E+00,2.298E-03,2.508E+00,2.544E+00,1.216E-01,3.705E+00,1.638E+00,-6.271E-01,1.613E+01,1.544E+00,1.172E+00,8.120E-04,2.381E+00,2.393E+00,7.134E-02,5.965E+00
64,0.000E+00,3.283E-02,0.000E+00,3.388E-02,3.906E-07,7.812E-07,2.812E-05,6.466E-02,2.002E-01,3.286E-02,6.208E-02,9.135E+00,1.628E+00,-5.664E-01,1.365E+01,1.544E+00,1.202E+00,2.651E-03,2.385E+00,2.423E+00,9.187E-02,4.728E+00,1.561E+00,-4.730E-01,1.187E+01,1.652E+00,1.201E+00,1.891E-03,2.568E+00,2.598E+00,3.692E-01,1.247E+00,1.625E+00,-4.288E-01,8.141E+00,1.609E+00,1.278E+00,1.202E-03,2.555E+00,2.574E+00,1.213E-01,3.714E+00,1.634E+00,-6.064E-01,1.483E+01,1.567E+00,1.180E+00,3.855E-03,2.305E+00,2.359E+00,7.205E-02,5.911E+00
65,0.000E+00,3.398E-02,0.000E+00,3.496E-02,1.953E-07,3.906E-07,2.930E-05,6.707E-02,2.075E-01,3.401E-02,6.418E-02,9.458E+00,1.610E+00,-5.409E-01,1.246E+01,1.618E+00,1.201E+00,4.147E-03,2.355E+00,2.416E+00,9.228E-02,4.708E+00,1.548E+00,-4.621E-01,1.154E+01,1.697E+00,1.197E+00,1.585E-03,2.588E+00,2.614E+00,3.725E-01,1.237E+00,1.616E+00,-4.211E-01,7.976E+00,1.640E+00,1.277E+00,6.547E-04,2.579E+00,2.589E+00,1.212E-01,3.718E+00,1.633E+00,-5.960E-01,1.419E+01,1.578E+00,1.184E+00,5.377E-03,2.267E+00,2.341E+00,7.241E-02,5.884E+00
66,0.000E+00,3.512E-02,0.000E+00,3.604E-02,0.000E+00,0.000E+00,3.047E-05,6.947E-02,2.147E-01,3.516E-02,6.627E-02,9.781E+00,1.594E+00,-5.154E-01,1.128E+01,1.691E+00,1.200E+00,5.643E-03,2.326E+00,2.408E+00,9.269E-02,4.688E+00,1.536E+00,-4.512E-01,1.121E+01,1.742E+00,1.193E+00,1.278E-03,2.609E+00,2.629E+00,3.758E-01,1.226E+00,1.608E+00,-4.134E-01,7.811E+00,1.672E+00,1.275E+00,1.070E-04,2.603E+00,2.605E+00,1.210E-01,3.723E+00,1.632E+00,-5.857E-01,1.354E+01,1.589E+00,1.188E+00,6.898E-03,2.229E+00,2.324E+00,7.276E-02,5.857E+00
67,0.000E+00,3.784E-02,0.000E+00,3.853E-02,0.000E+00,1.953E-06,3.164E-05,7.495E-02,2.310E-01,3.782E-02,7.124E-02,1.052E+01,1.579E+00,-5.181E-01,1.151E+01,1.746E+00,1.188E+00,3.173E-03,2.399E+00,2.445E+00,9.324E-02,4.663E+00,1.523E+00,-4.118E-01,9.604E+00,1.824E+00,1.212E+00,4.892E-04,2.546E+00,2.554E+00,3.728E-01,1.236E+00,1.589E+00,-4.117E-01,8.141E+00,1.705E+00,1.261E+00,-2.545E-04,2.603E+00,2.599E+00,1.199E-01,3.756E+00,1.600E+00,-5.662E-01,1.298E+01,1.696E+00,1.176E+00,6.458E-03,2.225E+00,2.314E+00,7.372E-02,5.787E+00
68,0.000E+00,3.919E-02,0.000E+00,3.978E-02,0.000E+00,2.930E-06,3.223E-05,7.769E-02,2.391E-01,3.915E-02,7.372E-02,1.089E+01,1.571E+00,-5.194E-01,1.163E+01,1.773E+00,1.182E+00,1.938E-03,2.436E+00,2.464E+00,9.352E-02,4.650E+00,1.520E+00,-3.922E-01,8.801E+00,1.866E+00,1.221E+00,9.490E-05,2.515E+00,2.517E+00,3.713E-01,1.240E+00,1.580E+00,-4.109E-01,8.306E+00,1.721E+00,1.254E+00,-4.352E-04,2.603E+00,2.596E+00,1.193E-01,3.773E+00,1.584E+00,-5.565E-01,1.270E+01,1.749E+00,1.170E+00,6.238E-03,2.223E+00,2.309E+00,7.420E-02,5.752E+00
69,0.000E+00,4.055E-02,0.000E+00,4.102E-02,0.000E+00,3.906E-06,3.281E-05,8.043E-02,2.473E-01,4.048E-02,7.620E-02,1.126E+01,1.564E+00,-5.207E-01,1.174E+01,1.800E+00,1.175E+00,7.032E-04,2.472E+00,2.483E+00,9.380E-02,4.637E+00,1.520E+00,-3.725E-01,7.998E+00,1.907E+00,1.230E+00,-2.994E-04,2.484E+00,2.479E+00,3.697E-01,1.245E+00,1.571E+00,-4.101E-01,8.471E+00,1.738E+00,1.247E+00,-6.160E-04,2.603E+00,2.593E+00,1.188E-01,3.790E+00,1.570E+00,-5.468E-01,1.242E+01,1.803E+00,1.164E+00,6.018E-03,2.221E+00,2.304E+00,7.468E-02,5.718E+00
70,0.000E+00,4.395E-02,0.000E+00,4.389E-02,0.000E+00,3.906E-06,4.297E-05,8.793E-02,2.687E-01,4.395E-02,8.216E-02,1.222E+01,1.531E+00,-4.795E-01,1.053E+01,1.924E+00,1.178E+00,-9.128E-04,2.522E+00,2.507E+00,9.335E-02,4.657E+00,1.495E+00,-3.756E-01,8.433E+00,1.985E+00,1.207E+00,5.225E-04,2.525E+00,2.534E+00,3.770E-01,1.223E+00,1.557E+00,-3.942E-01,8.026E+00,1.802E+00,1.247E+00,-4.475E-04,2.584E+00,2.577E+00,1.206E-01,3.736E+00,1.542E+00,-5.153E-01,1.111E+01,1.939E+00,1.164E+00,4.012E-03,2.269E+00,2.325E+00,7.509E-02,5.689E+00
71,0.000E+00,4.565E-02,0.000E+00,4.532E-02,0.000E+00,3.906E-06,4.805E-05,9.168E-02,2.795E-01,4.568E-02,8.514E-02,1.270E+01,1.518E+00,-4.589E-01,9.926E+00,1.986E+00,1.179E+00,-1.721E-03,2.546E+00,2.519E+00,9.313E-02,4.668E+00,1.482E+00,-3.772E-01,8.650E+00,2.024E+00,1.196E+00,9.335E-04,2.546E+00,2.561E+00,3.806E-01,1.211E+00,1.551E+00,-3.862E-01,7.803E+00,1.835E+00,1.247E+00,-3.633E-04,2.575E+00,2.569E+00,1.216E-01,3.708E+00,1.531E+00,-4.996E-01,1.045E+01,2.007E+00,1.164E+00,3.009E-03,2.293E+00,2.335E+00,7.529E-02,5.675E+00
72,0.000E+00,4.735E-02,0.000E+00,4.675E-02,0.000E+00,3.906E-06,5.313E-05,9.543E-02,2.902E-01,4.741E-02,8.811E-02,1.318E+01,1.505E+00,-4.383E-01,9.320E+00,2.047E+00,1.180E+00,-2.529E-03,2.571E+00,2.531E+00,9.290E-02,4.678E+00,1.471E+00,-3.788E-01,8.867E+00,2.062E+00,1.185E+00,1.345E-03,2.567E+00,2.588E+00,3.843E-01,1.200E+00,1.546E+00,-3.783E-01,7.580E+00,1.867E+00,1.247E+00,-2.791E-04,2.565E+00,2.561E+00,1.225E-01,3.681E+00,1.521E+00,-4.838E-01,9.799E+00,2.075E+00,1.164E+00,2.006E-03,2.318E+00,2.346E+00,7.550E-02,5.660E+00
73,0.000E+00,5.011E-02,0.000E+00,4.872E-02,7.812E-07,8.594E-06,5.547E-05,1.018E-01,3.082E-01,5.018E-02,9.214E-02,1.395E+01,1.491E+00,-4.347E-01,9.126E+00,2.140E+00,1.170E+00,1.314E-04,2.435E+00,2.434E+00,9.204E-02,4.719E+00,1.475E+00,-3.592E-01,8.084E+00,2.080E+00,1.204E+00,-1.155E-03,2.614E+00,2.594E+00,3.772E-01,1.222E+00,1.531E+00,-3.667E-01,7.273E+00,1.947E+00,1.243E+00,2.088E-04,2.541E+00,2.544E+00,1.216E-01,3.708E+00,1.503E+00,-4.749E-01,9.638E+00,2.157E+00,1.155E+00,3.541E-03,2.246E+00,2.294E+00,7.423E-02,5.751E+00
74,0.000E+00,5.287E-02,0.000E+00,5.069E-02,1.562E-06,1.328E-05,5.781E-05,1.081E-01,3.262E-01,5.294E-02,9.617E-02,1.471E+01,1.477E+00,-4.312E-01,8.932E+00,2.232E+00,1.160E+00,2.792E-03,2.298E+00,2.337E+00,9.118E-02,4.761E+00,1.482E+00,-3.396E-01,7.301E+00,2.098E+00,1.222E+00,-3.655E-03,2.661E+00,2.601E+00,3.702E-01,1.244E+00,1.518E+00,-3.552E-01,6.966E+00,2.027E+00,1.239E+00,6.966E-04,2.516E+00,2.527E+00,1.207E-01,3.734E+00,1.487E+00,-4.661E-01,9.477E+00,2.238E+00,1.147E+00,5.075E-03,2.174E+00,2.241E+00,7.296E-02,5.842E+00
75,0.000E+00,5.587E-02,0.000E+00,5.300E-02,1.172E-06,1.055E-05,6.367E-05,1.147E-01,3.447E-01,5.592E-02,1.014E-01,1.554E+01,1.465E+00,-4.283E-01,8.766E+00,2.318E+00,1.152E+00,4.828E-03,2.249E+00,2.315E+00,9.180E-02,4.731E+00,1.453E+00,-3.255E-01,7.038E+00,2.261E+00,1.207E+00,4.424E-04,2.575E+00,2.581E+00,3.693E-01,1.247E+00,1.497E+00,-3.447E-01,6.901E+00,2.113E+00,1.229E+00,1.964E-03,2.460E+00,2.489E+00,1.224E-01,3.684E+00,1.465E+00,-4.535E-01,9.326E+00,2.338E+00,1.138E+00,3.181E-03,2.241E+00,2.283E+00,7.279E-02,5.855E+00
76,0.000E+00,5.887E-02,0.000E+00,5.531E-02,7.812E-07,7.813E-06,6.953E-05,1.213E-01,3.633E-01,5.890E-02,1.066E-01,1.637E+01,1.454E+00,-4.254E-01,8.601E+00,2.405E+00,1.144E+00,6.865E-03,2.199E+00,2.293E+00,9.243E-02,4.701E+00,1.428E+00,-3.114E-01,6.775E+00,2.424E+00,1.191E+00,4.540E-03,2.490E+00,2.561E+00,3.684E-01,1.250E+00,1.477E+00,-3.343E-01,6.835E+00,2.198E+00,1.219E+00,3.232E-03,2.403E+00,2.451E+00,1.241E-01,3.635E+00,1.444E+00,-4.409E-01,9.174E+00,2.438E+00,1.129E+00,1.287E-03,2.307E+00,2.325E+00,7.262E-02,5.867E+00
77,0.000E+00,6.207E-02,0.000E+00,5.683E-02,7.812E-07,1.367E-05,7.578E-05,1.295E-01,3.849E-01,6.212E-02,1.107E-01,1.727E+01,1.415E+00,-4.123E-01,8.676E+00,2.593E+00,1.121E+00,8.567E-03,2.198E+00,2.316E+00,9.146E-02,4.748E+00,1.420E+00,-2.996E-01,6.508E+00,2.487E+00,1.193E+00,4.204E-03,2.425E+00,2.489E+00,3.760E-01,1.226E+00,1.469E+00,-3.208E-01,6.481E+00,2.275E+00,1.221E+00,2.284E-03,2.425E+00,2.459E+00,1.220E-01,3.695E+00,1.432E+00,-4.165E-01,8.167E+00,2.594E+00,1.136E+00,3.209E-03,2.195E+00,2.237E+00,7.239E-02,5.885E+00
78,0.000E+00,6.527E-02,0.000E+00,5.835E-02,7.812E-07,1.953E-05,8.203E-05,1.376E-01,4.066E-01,6.534E-02,1.149E-01,1.816E+01,1.378E+00,-3.991E-01,8.752E+00,2.781E+00,1.098E+00,1.027E-02,2.196E+00,2.339E+00,9.049E-02,4.794E+00,1.413E+00,-2.878E-01,6.242E+00,2.551E+00,1.194E+00,3.868E-03,2.360E+00,2.417E+00,3.836E-01,1.202E+00,1.461E+00,-3.072E-01,6.127E+00,2.352E+00,1.223E+00,1.336E-03,2.447E+00,2.467E+00,1.199E-01,3.756E+00,1.427E+00,-3.922E-01,7.159E+00,2.750E+00,1.143E+00,5.131E-03,2.083E+00,2.148E+00,7.216E-02,5.902E+00
79,0.000E+00,6.858E-02,0.000E+00,5.909E-02,1.172E-06,2.187E-05,1.035E-04,1.467E-01,4.308E-01,6.859E-02,1.168E-01,1.908E+01,1.357E+00,-3.628E-01,7.852E+00,2.964E+00,1.104E+00,1.002E-02,2.138E+00,2.272E+00,9.055E-02,4.791E+00,1.369E+00,-2.754E-01,6.289E+00,2.817E+00,1.165E+00,1.011E-02,2.297E+00,2.444E+00,3.677E-01,1.254E+00,1.435E+00,-2.907E-01,5.841E+00,2.532E+00,1.213E+00,1.503E-03,2.432E+00,2.454E+00,1.207E-01,3.734E+00,1.386E+00,-3.817E-01,7.315E+00,2.982E+00,1.117E+00,4.774E-03,2.103E+00,2.163E+00,7.180E-02,5.929E+00
80,0.000E+00,7.189E-02,0.000E+00,5.982E-02,1.562E-06,2.422E-05,1.250E-04,1.558E-01,4.550E-01,7.184E-02,1.186E-01,1.999E+01,1.342E+00,-3.266E-01,6.953E+00,3.146E+00,1.111E+00,9.762E-03,2.080E+00,2.205E+00,9.062E-02,4.788E+00,1.328E+00,-2.629E-01,6.335E+00,3.082E+00,1.136E+00,1.636E-02,2.234E+00,2.472E+00,3.518E-01,1.306E+00,1.413E+00,-2.741E-01,5.556E+00,2.713E+00,1.203E+00,1.670E-03,2.416E+00,2.441E+00,1.214E-01,3.712E+00,1.347E+00,-3.711E-01,7.472E+00,3.214E+00,1.090E+00,4.417E-03,2.122E+00,2.179E+00,7.145E-02,5.956E+00
81,0.000E+00,7.449E-02,0.000E+00,5.879E-02,1.172E-06,3.516E-05,1.418E-04,1.646E-01,4.771E-01,7.446E-02,1.174E-01,2.071E+01,1.296E+00,-3.116E-01,6.642E+00,3.646E+00,1.084E+00,9.305E-03,2.053E+00,2.170E+00,8.906E-02,4.867E+00,1.307E+00,-2.412E-01,5.861E+00,3.339E+00,1.134E+00,9.806E-03,2.212E+00,2.352E+00,3.605E-01,1.277E+00,1.369E+00,-2.623E-01,5.594E+00,2.993E+00,1.175E+00,4.593E-03,2.296E+00,2.359E+00,1.209E-01,3.726E+00,1.298E+00,-3.544E-01,7.313E+00,3.664E+00,1.062E+00,1.256E-02,1.941E+00,2.083E+00,7.135E-02,5.964E+00
82,0.000E+00,7.710E-02,0.000E+00,5.776E-02,7.812E-07,4.609E-05,1.586E-04,1.734E-01,4.993E-01,7.707E-02,1.161E-01,2.144E+01,1.258E+00,-2.967E-01,6.332E+00,4.145E+00,1.058E+00,8.848E-03,2.025E+00,2.135E+00,8.751E-02,4.946E+00,1.291E+00,-2.195E-01,5.386E+00,3.596E+00,1.133E+00,3.251E-03,2.189E+00,2.232E+00,3.692E-01,1.247E+00,1.330E+00,-2.504E-01,5.631E+00,3.273E+00,1.147E+00,7.516E-03,2.175E+00,2.276E+00,1.204E-01,3.740E+00,1.256E+00,-3.377E-01,7.155E+00,4.114E+00,1.033E+00,2.070E-02,1.760E+00,1.988E+00,7.125E-02,5.971E+00
83,0.000E+00,7.662E-02,0.000E+00,5.410E-02,2.734E-06,4.570E-05,1.391E-04,1.760E-01,5.008E-01,7.670E-02,1.115E-01,2.133E+01,1.207E+00,-2.932E-01,6.791E+00,4.603E+00,1.018E+00,2.585E-02,1.765E+00,2.038E+00,8.596E-02,5.031E+00,1.205E+00,-2.103E-01,5.850E+00,4.368E+00,1.069E+00,1.806E-02,1.928E+00,2.129E+00,3.626E-01,1.269E+00,1.283E+00,-2.383E-01,5.634E+00,3.698E+00,1.116E+00,1.305E-02,2.017E+00,2.176E+00,1.187E-01,3.793E+00,1.188E+00,-3.119E-01,6.857E+00,5.063E+00,9.968E-01,3.562E-02,1.566E+00,1.918E+00,6.991E-02,6.079E+00
84,0.000E+00,7.614E-02,0.000E+00,5.045E-02,4.688E-06,4.531E-05,1.195E-04,1.785E-01,5.024E-01,7.633E-02,1.069E-01,2.122E+01,1.161E+00,-2.897E-01,7.250E+00,5.061E+00,9.779E-01,4.286E-02,1.505E+00,1.941E+00,8.442E-02,5.115E+00,1.135E+00,-2.012E-01,6.315E+00,5.141E+00,1.005E+00,3.288E-02,1.667E+00,2.026E+00,3.561E-01,1.291E+00,1.242E+00,-2.262E-01,5.637E+00,4.122E+00,1.085E+00,1.857E-02,1.859E+00,2.076E+00,1.170E-01,3.846E+00,1.136E+00,-2.861E-01,6.560E+00,6.011E+00,9.609E-01,5.053E-02,1.371E+00,1.847E+00,6.857E-02,6.186E+00
85,0.000E+00,6.474E-02,0.000E+00,4.004E-02,2.734E-06,3.281E-05,9.688E-05,1.546E-01,4.308E-01,6.489E-02,8.734E-02,1.804E+01,1.025E+00,-2.643E-01,7.476E+00,7.818E+00,8.977E-01,7.046E-02,1.173E+00,1.738E+00,8.274E-02,5.213E+00,1.048E+00,-1.873E-01,6.259E+00,7.080E+00,9.496E-01,6.288E-02,1.286E+00,1.806E+00,3.425E-01,1.342E+00,1.166E+00,-2.157E-01,5.847E+00,5.096E+00,1.031E+00,4.978E-02,1.469E+00,1.915E+00,1.142E-01,3.936E+00,1.021E+00,-2.685E-01,6.760E+00,8.927E+00,8.910E-01,7.307E-02,1.072E+00,1.618E+00,6.616E-02,6.400E+00
86,0.000E+00,5.335E-02,0.000E+00,2.963E-02,7.812E-07,2.031E-05,7.422E-05,1.307E-01,3.592E-01,5.345E-02,6.781E-02,1.487E+01,9.374E-01,-2.390E-01,7.701E+00,1.058E+01,8.175E-01,9.806E-02,8.413E-01,1.535E+00,8.107E-02,5.311E+00,9.875E-01,-1.734E-01,6.203E+00,9.019E+00,8.940E-01,9.289E-02,9.055E-01,1.587E+00,3.289E-01,1.393E+00,1.105E+00,-2.053E-01,6.057E+00,6.070E+00,9.770E-01,8.098E-02,1.079E+00,1.753E+00,1.115E-01,4.026E+00,9.450E-01,-2.510E-01,6.961E+00,1.184E+01,8.211E-01,9.560E-02,7.739E-01,1.389E+00,6.376E-02,6.614E+00
87,0.000E+00,2.709E-02,0.000E+00,1.516E-02,3.906E-07,1.016E-05,3.750E-05,6.625E-02,1.823E-01,2.713E-02,3.443E-02,7.547E+00,1.204E+00,-1.195E-01,3.851E+00,5.288E+00,4.087E-01,4.903E-02,4.206E-01,7.676E-01,4.053E-02,2.655E+00,1.283E+00,-8.672E-02,3.101E+00,4.509E+00,4.470E-01,4.645E-02,4.528E-01,7.937E-01,1.645E-01,6.964E-01,1.414E+00,-1.027E-01,3.029E+00,3.035E+00,4.885E-01,4.049E-02,5.393E-01,8.767E-01,5.573E-02,2.013E+00,1.209E+00,-1.255E-01,3.480E+00,5.922E+00,4.106E-01,4.780E-02,3.870E-01,6.943E-01,3.188E-02,3.307E+00
88,0.000E+00,8.430E-04,0.000E+00,6.898E-04,0.000E+00,0.000E+00,7.812E-07,1.767E-03,5.500E-03,8.180E-04,1.049E-03,2.288E-01,3.142E+00,0.000E+00,0.000E+00,0.000E+00,0.000E+00,0.000E+00,0.000E+00,0.000E+00,0.000E+00,0.000E+00,3.142E+00,0.000E+00,0.000E+00,0.000E+00,0.000E+00,0.000E+00,0.000E+00,0.000E+00,0.000E+00,0.000E+00,3.142E+00,0.000E+00,0.000E+00,0.000E+00,0.000E+00,0.000E+00,0.000E+00,0.000E+00,0.000E+00,0.000E+00,3.142E+00,0.000E+00,0.000E+00,0.000E+00,0.000E+00,0.000E+00,0.000E+00,0.000E+00,0.000E+00,0.000E+00
89,0.000E+00,0.000E+00,0.000E+00,0.000E+00,0.000E+00,0.000E+00,0.000E+00,0.000E+00,0.000E+00,0.000E+00,0.000E+00,0.000E+00,3.142E+00,0.000E+00,0.000E+00,0.000E+00,0.000E+00,0.000E+00,0.000E+00,0.000E+00,0.000E+00,0.000E+00,3.142E+00,0.000E+00,0.000E+00,0.000E+00,0.000E+00,0.000E+00,0.000E+00,0.000E+00,0.000E+00,0.000E+00,3.142E+00,0.000E+00,0.000E+00,0.000E+00,0.000E+00,0.000E+00,0.000E+00,0.000E+00,0.000E+00,0.000E+00,3.142E+00,0.000E+00,0.000E+00,0.000E+00,0.000E+00,0.000E+00,0.000E+00,0.000E+00,0.000E+00,0.000E+00
