alpha,He,Ti,S,Ti_1,S_1,amu/ion,phiK_S,phiTilt_S,phiM_S,phiN_S,thetaK_S,thetaTilt_S,thetaM_S,thetaN_S,energyK_S,energyE_S,phiK_Ti,phiTilt_Ti,phiM_Ti,phiN_Ti,thetaK_Ti,thetaTilt_Ti,thetaM_Ti,thetaN_Ti,energyK_Ti,energyE_Ti
0,0.000E+00,2.727E-02,0.000E+00,2.452E-02,5.167E-02,4.138E+00,1.736E+00,-2.102E-02,1.659E+00,1.516E+00,3.142E+00,5.425E-03,2.354E+00,2.434E+00,1.547E-01,2.877E+00,1.891E+00,3.267E-02,1.086E+00,1.309E+00,3.142E+00,-3.730E-03,2.266E+00,2.216E+00,7.991E-02,5.188E+00
1,0.000E+00,2.742E-02,0.000E+00,2.465E-02,5.193E-02,4.159E+00,1.736E+00,-2.240E-02,1.639E+00,1.543E+00,3.142E+00,4.898E-03,2.364E+00,2.436E+00,1.545E-01,2.880E+00,1.869E+00,1.697E-02,1.153E+00,1.325E+00,3.142E+00,-3.288E-03,2.271E+00,2.226E+00,7.983E-02,5.192E+00
2,0.000E+00,2.756E-02,0.000E+00,2.478E-02,5.219E-02,4.181E+00,1.736E+00,-2.378E-02,1.619E+00,1.571E+00,3.142E+00,4.371E-03,2.375E+00,2.439E+00,1.543E-01,2.884E+00,1.847E+00,1.274E-03,1.221E+00,1.341E+00,3.142E+00,-2.845E-03,2.275E+00,2.237E+00,7.975E-02,5.197E+00
3,0.000E+00,2.771E-02,0.000E+00,2.491E-02,5.245E-02,4.202E+00,1.736E+00,-2.516E-02,1.600E+00,1.598E+00,3.142E+00,3.843E-03,2.385E+00,2.442E+00,1.541E-01,2.887E+00,1.843E+00,-1.443E-02,1.288E+00,1.357E+00,3.142E+00,-2.402E-03,2.280E+00,2.248E+00,7.968E-02,5.202E+00
4,0.000E+00,2.779E-02,0.000E+00,2.497E-02,5.258E-02,4.213E+00,1.736E+00,-2.585E-02,1.590E+00,1.612E+00,3.142E+00,3.580E-03,2.390E+00,2.443E+00,1.540E-01,2.889E+00,1.842E+00,-2.228E-02,1.322E+00,1.365E+00,3.142E+00,-2.181E-03,2.282E+00,2.253E+00,7.964E-02,5.204E+00
5,0.000E+00,2.786E-02,0.000E+00,2.504E-02,5.271E-02,4.224E+00,1.736E+00,-2.654E-02,1.580E+00,1.626E+00,3.142E+00,3.316E-03,2.395E+00,2.444E+00,1.539E-01,2.891E+00,1.841E+00,-3.013E-02,1.356E+00,1.373E+00,3.142E+00,-1.960E-03,2.285E+00,2.258E+00,7.960E-02,5.206E+00
6,0.000E+00,2.801E-02,0.000E+00,2.517E-02,5.297E-02,4.245E+00,1.736E+00,-2.792E-02,1.560E+00,1.653E+00,3.142E+00,2.789E-03,2.406E+00,2.447E+00,1.537E-01,2.894E+00,1.839E+00,-4.583E-02,1.423E+00,1.389E+00,3.142E+00,-1.517E-03,2.289E+00,2.269E+00,7.952E-02,5.211E+00
7,0.000E+00,2.815E-02,0.000E+00,2.529E-02,5.323E-02,4.267E+00,1.736E+00,-2.930E-02,1.540E+00,1.681E+00,3.142E+00,2.262E-03,2.416E+00,2.450E+00,1.535E-01,2.898E+00,1.838E+00,-6.153E-02,1.490E+00,1.405E+00,3.142E+00,-1.075E-03,2.294E+00,2.279E+00,7.944E-02,5.216E+00
8,0.000E+00,2.830E-02,0.000E+00,2.542E-02,5.349E-02,4.288E+00,1.736E+00,-3.068E-02,1.521E+00,1.708E+00,3.142E+00,1.735E-03,2.427E+00,2.452E+00,1.533E-01,2.902E+00,1.836E+00,-7.723E-02,1.558E+00,1.421E+00,3.142E+00,-6.321E-04,2.298E+00,2.290E+00,7.937E-02,5.220E+00
9,0.000E+00,2.837E-02,0.000E+00,2.549E-02,5.362E-02,4.299E+00,1.737E+00,-3.137E-02,1.511E+00,1.722E+00,3.142E+00,1.471E-03,2.432E+00,2.454E+00,1.532E-01,2.903E+00,1.836E+00,-8.508E-02,1.592E+00,1.429E+00,3.142E+00,-4.108E-04,2.301E+00,2.295E+00,7.933E-02,5.222E+00
10,0.000E+00,2.845E-02,0.000E+00,2.555E-02,5.375E-02,4.310E+00,1.737E+00,-3.206E-02,1.501E+00,1.736E+00,3.142E+00,1.208E-03,2.437E+00,2.455E+00,1.530E-01,2.905E+00,1.835E+00,-9.293E-02,1.625E+00,1.437E+00,3.142E+00,-1.895E-04,2.303E+00,2.300E+00,7.929E-02,5.225E+00
11,0.000E+00,2.883E-02,0.000E+00,2.606E-02,5.467E-02,4.382E+00,1.735E+00,-4.644E-02,1.598E+00,1.721E+00,3.142E+00,9.944E-04,2.440E+00,2.455E+00,1.530E-01,2.905E+00,1.831E+00,-1.178E-01,1.806E+00,1.416E+00,3.142E+00,-2.082E-04,2.302E+00,2.299E+00,7.927E-02,5.226E+00
12,0.000E+00,2.921E-02,0.000E+00,2.657E-02,5.560E-02,4.455E+00,1.733E+00,-6.082E-02,1.696E+00,1.706E+00,3.142E+00,7.811E-04,2.444E+00,2.455E+00,1.530E-01,2.906E+00,1.830E+00,-1.426E-01,1.986E+00,1.396E+00,3.142E+00,-2.269E-04,2.300E+00,2.297E+00,7.925E-02,5.227E+00
13,0.000E+00,2.960E-02,0.000E+00,2.708E-02,5.652E-02,4.527E+00,1.733E+00,-7.520E-02,1.793E+00,1.692E+00,3.142E+00,5.678E-04,2.447E+00,2.456E+00,1.530E-01,2.906E+00,1.832E+00,-1.674E-01,2.166E+00,1.375E+00,3.142E+00,-2.456E-04,2.299E+00,2.296E+00,7.923E-02,5.229E+00
14,0.000E+00,2.979E-02,0.000E+00,2.734E-02,5.698E-02,4.563E+00,1.733E+00,-8.239E-02,1.842E+00,1.684E+00,3.142E+00,4.611E-04,2.449E+00,2.456E+00,1.530E-01,2.906E+00,1.834E+00,-1.799E-01,2.256E+00,1.365E+00,3.142E+00,-2.550E-04,2.298E+00,2.295E+00,7.922E-02,5.229E+00
15,0.000E+00,2.998E-02,0.000E+00,2.759E-02,5.744E-02,4.599E+00,1.733E+00,-8.958E-02,1.891E+00,1.677E+00,3.142E+00,3.545E-04,2.451E+00,2.456E+00,1.530E-01,2.906E+00,1.836E+00,-1.923E-01,2.346E+00,1.354E+00,3.142E+00,-2.644E-04,2.298E+00,2.294E+00,7.921E-02,5.230E+00
16,0.000E+00,3.036E-02,0.000E+00,2.810E-02,5.836E-02,4.672E+00,1.735E+00,-1.040E-01,1.988E+00,1.662E+00,3.142E+00,1.412E-04,2.454E+00,2.456E+00,1.530E-01,2.906E+00,1.841E+00,-2.171E-01,2.526E+00,1.334E+00,3.142E+00,-2.831E-04,2.296E+00,2.292E+00,7.918E-02,5.231E+00
17,0.000E+00,3.075E-02,0.000E+00,2.862E-02,5.928E-02,4.744E+00,1.736E+00,-1.183E-01,2.086E+00,1.647E+00,3.142E+00,-7.208E-05,2.457E+00,2.456E+00,1.530E-01,2.906E+00,1.848E+00,-2.420E-01,2.706E+00,1.313E+00,3.142E+00,-3.018E-04,2.295E+00,2.291E+00,7.916E-02,5.232E+00
18,0.000E+00,3.113E-02,0.000E+00,2.913E-02,6.020E-02,4.816E+00,1.739E+00,-1.327E-01,2.183E+00,1.632E+00,3.142E+00,-2.854E-04,2.461E+00,2.457E+00,1.530E-01,2.906E+00,1.856E+00,-2.668E-01,2.886E+00,1.292E+00,3.142E+00,-3.205E-04,2.294E+00,2.289E+00,7.914E-02,5.234E+00
19,0.000E+00,3.132E-02,0.000E+00,2.938E-02,6.067E-02,4.853E+00,1.740E+00,-1.399E-01,2.232E+00,1.625E+00,3.142E+00,-3.920E-04,2.463E+00,2.457E+00,1.530E-01,2.907E+00,1.861E+00,-2.792E-01,2.976E+00,1.282E+00,3.142E+00,-3.299E-04,2.293E+00,2.289E+00,7.913E-02,5.234E+00
20,0.000E+00,3.151E-02,0.000E+00,2.964E-02,6.113E-02,4.889E+00,1.742E+00,-1.471E-01,2.281E+00,1.618E+00,3.142E+00,-4.987E-04,2.464E+00,2.457E+00,1.530E-01,2.907E+00,1.866E+00,-2.916E-01,3.066E+00,1.271E+00,3.142E+00,-3.392E-04,2.292E+00,2.288E+00,7.912E-02,5.235E+00
21,0.000E+00,3.226E-02,0.000E+00,3.053E-02,6.279E-02,5.020E+00,1.739E+00,-1.555E-01,2.352E+00,1.620E+00,3.142E+00,-8.382E-04,2.479E+00,2.466E+00,1.526E-01,2.914E+00,1.858E+00,-2.983E-01,3.146E+00,1.293E+00,3.142E+00,-6.613E-04,2.301E+00,2.292E+00,7.879E-02,5.255E+00
22,0.000E+00,3.301E-02,0.000E+00,3.142E-02,6.445E-02,5.152E+00,1.737E+00,-1.639E-01,2.424E+00,1.623E+00,3.142E+00,-1.178E-03,2.494E+00,2.476E+00,1.521E-01,2.922E+00,1.850E+00,-3.050E-01,3.226E+00,1.314E+00,3.142E+00,-9.833E-04,2.309E+00,2.295E+00,7.847E-02,5.275E+00
23,0.000E+00,3.376E-02,0.000E+00,3.230E-02,6.610E-02,5.284E+00,1.735E+00,-1.723E-01,2.495E+00,1.626E+00,3.142E+00,-1.517E-03,2.509E+00,2.485E+00,1.517E-01,2.929E+00,1.843E+00,-3.118E-01,3.306E+00,1.335E+00,3.142E+00,-1.305E-03,2.318E+00,2.299E+00,7.814E-02,5.296E+00
24,0.000E+00,3.413E-02,0.000E+00,3.275E-02,6.693E-02,5.350E+00,1.734E+00,-1.765E-01,2.531E+00,1.627E+00,3.142E+00,-1.687E-03,2.517E+00,2.490E+00,1.515E-01,2.933E+00,1.839E+00,-3.151E-01,3.345E+00,1.346E+00,3.142E+00,-1.466E-03,2.322E+00,2.301E+00,7.798E-02,5.306E+00
25,0.000E+00,3.451E-02,0.000E+00,3.319E-02,6.776E-02,5.415E+00,1.734E+00,-1.807E-01,2.566E+00,1.629E+00,3.142E+00,-1.857E-03,2.524E+00,2.495E+00,1.513E-01,2.937E+00,1.835E+00,-3.185E-01,3.385E+00,1.357E+00,3.142E+00,-1.627E-03,2.326E+00,2.303E+00,7.782E-02,5.316E+00
26,0.000E+00,3.526E-02,0.000E+00,3.408E-02,6.942E-02,5.547E+00,1.732E+00,-1.891E-01,2.638E+00,1.631E+00,3.142E+00,-2.196E-03,2.539E+00,2.505E+00,1.509E-01,2.945E+00,1.828E+00,-3.252E-01,3.465E+00,1.378E+00,3.142E+00,-1.949E-03,2.334E+00,2.307E+00,7.749E-02,5.336E+00
27,0.000E+00,3.601E-02,0.000E+00,3.497E-02,7.108E-02,5.679E+00,1.731E+00,-1.975E-01,2.709E+00,1.634E+00,3.142E+00,-2.536E-03,2.554E+00,2.514E+00,1.505E-01,2.952E+00,1.822E+00,-3.319E-01,3.545E+00,1.399E+00,3.142E+00,-2.271E-03,2.343E+00,2.310E+00,7.716E-02,5.357E+00
28,0.000E+00,3.676E-02,0.000E+00,3.586E-02,7.274E-02,5.810E+00,1.730E+00,-2.059E-01,2.781E+00,1.637E+00,3.142E+00,-2.875E-03,2.569E+00,2.524E+00,1.501E-01,2.960E+00,1.815E+00,-3.386E-01,3.625E+00,1.421E+00,3.142E+00,-2.593E-03,2.351E+00,2.314E+00,7.684E-02,5.377E+00
29,0.000E+00,3.713E-02,0.000E+00,3.631E-02,7.357E-02,5.876E+00,1.730E+00,-2.101E-01,2.816E+00,1.638E+00,3.142E+00,-3.045E-03,2.577E+00,2.528E+00,1.499E-01,2.964E+00,1.812E+00,-3.419E-01,3.665E+00,1.431E+00,3.142E+00,-2.754E-03,2.355E+00,2.316E+00,7.667E-02,5.387E+00
30,0.000E+00,3.750E-02,0.000E+00,3.675E-02,7.440E-02,5.942E+00,1.729E+00,-2.143E-01,2.852E+00,1.639E+00,3.142E+00,-3.215E-03,2.584E+00,2.533E+00,1.496E-01,2.967E+00,1.809E+00,-3.453E-01,3.704E+00,1.442E+00,3.142E+00,-2.915E-03,2.359E+00,2.318E+00,7.651E-02,5.397E+00
31,0.000E+00,3.940E-02,0.000E+00,3.920E-02,7.873E-02,6.289E+00,1.724E+00,-2.063E-01,2.771E+00,1.673E+00,3.142E+00,-2.620E-03,2.573E+00,2.531E+00,1.492E-01,2.976E+00,1.799E+00,-3.397E-01,3.602E+00,1.493E+00,3.142E+00,-2.436E-03,2.350E+00,2.315E+00,7.630E-02,5.411E+00
32,0.000E+00,4.034E-02,0.000E+00,4.043E-02,8.089E-02,6.462E+00,1.721E+00,-2.022E-01,2.731E+00,1.690E+00,3.142E+00,-2.323E-03,2.567E+00,2.530E+00,1.490E-01,2.980E+00,1.794E+00,-3.369E-01,3.550E+00,1.519E+00,3.142E+00,-2.196E-03,2.345E+00,2.314E+00,7.620E-02,5.418E+00
33,0.000E+00,4.129E-02,0.000E+00,4.165E-02,8.306E-02,6.636E+00,1.718E+00,-1.982E-01,2.690E+00,1.707E+00,3.142E+00,-2.026E-03,2.562E+00,2.529E+00,1.488E-01,2.984E+00,1.790E+00,-3.341E-01,3.499E+00,1.545E+00,3.142E+00,-1.956E-03,2.341E+00,2.313E+00,7.609E-02,5.424E+00
34,0.000E+00,4.224E-02,0.000E+00,4.288E-02,8.522E-02,6.809E+00,1.716E+00,-1.942E-01,2.650E+00,1.724E+00,3.142E+00,-1.729E-03,2.556E+00,2.528E+00,1.486E-01,2.988E+00,1.785E+00,-3.314E-01,3.448E+00,1.571E+00,3.142E+00,-1.716E-03,2.336E+00,2.311E+00,7.599E-02,5.431E+00
35,0.000E+00,4.318E-02,0.000E+00,4.411E-02,8.738E-02,6.983E+00,1.714E+00,-1.902E-01,2.610E+00,1.741E+00,3.142E+00,-1.432E-03,2.550E+00,2.527E+00,1.483E-01,2.992E+00,1.781E+00,-3.286E-01,3.396E+00,1.596E+00,3.142E+00,-1.476E-03,2.331E+00,2.310E+00,7.589E-02,5.438E+00
36,0.000E+00,4.413E-02,0.000E+00,4.533E-02,8.954E-02,7.156E+00,1.712E+00,-1.861E-01,2.569E+00,1.758E+00,3.142E+00,-1.135E-03,2.545E+00,2.527E+00,1.481E-01,2.997E+00,1.777E+00,-3.258E-01,3.345E+00,1.622E+00,3.142E+00,-1.236E-03,2.326E+00,2.309E+00,7.578E-02,5.445E+00
37,0.000E+00,4.508E-02,0.000E+00,4.656E-02,9.171E-02,7.330E+00,1.710E+00,-1.821E-01,2.529E+00,1.775E+00,3.142E+00,-8.374E-04,2.539E+00,2.526E+00,1.479E-01,3.001E+00,1.774E+00,-3.230E-01,3.294E+00,1.648E+00,3.142E+00,-9.963E-04,2.322E+00,2.307E+00,7.568E-02,5.452E+00
38,0.000E+00,4.602E-02,0.000E+00,4.778E-02,9.387E-02,7.503E+00,1.708E+00,-1.781E-01,2.488E+00,1.792E+00,3.142E+00,-5.402E-04,2.534E+00,2.525E+00,1.477E-01,3.005E+00,1.770E+00,-3.202E-01,3.242E+00,1.674E+00,3.142E+00,-7.564E-04,2.317E+00,2.306E+00,7.558E-02,5.458E+00
39,0.000E+00,4.697E-02,0.000E+00,4.901E-02,9.603E-02,7.676E+00,1.706E+00,-1.741E-01,2.448E+00,1.809E+00,3.142E+00,-2.431E-04,2.528E+00,2.524E+00,1.475E-01,3.009E+00,1.767E+00,-3.174E-01,3.191E+00,1.699E+00,3.142E+00,-5.166E-04,2.312E+00,2.305E+00,7.547E-02,5.465E+00
40,0.000E+00,4.792E-02,0.000E+00,5.024E-02,9.820E-02,7.850E+00,1.704E+00,-1.700E-01,2.408E+00,1.826E+00,3.142E+00,5.412E-05,2.522E+00,2.523E+00,1.473E-01,3.013E+00,1.764E+00,-3.146E-01,3.139E+00,1.725E+00,3.142E+00,-2.767E-04,2.308E+00,2.303E+00,7.537E-02,5.472E+00
41,0.000E+00,4.886E-02,0.000E+00,5.146E-02,1.004E-01,8.023E+00,1.703E+00,-1.660E-01,2.367E+00,1.843E+00,3.142E+00,3.513E-04,2.517E+00,2.522E+00,1.470E-01,3.017E+00,1.761E+00,-3.118E-01,3.088E+00,1.751E+00,3.142E+00,-3.677E-05,2.303E+00,2.302E+00,7.527E-02,5.479E+00
42,0.000E+00,4.981E-02,0.000E+00,5.269E-02,1.025E-01,8.197E+00,1.702E+00,-1.620E-01,2.327E+00,1.860E+00,3.142E+00,6.485E-04,2.511E+00,2.521E+00,1.468E-01,3.022E+00,1.758E+00,-3.090E-01,3.037E+00,1.777E+00,3.142E+00,2.031E-04,2.298E+00,2.301E+00,7.516E-02,5.485E+00
43,0.000E+00,5.076E-02,0.000E+00,5.391E-02,1.047E-01,8.370E+00,1.700E+00,-1.580E-01,2.286E+00,1.877E+00,3.142E+00,9.456E-04,2.505E+00,2.520E+00,1.466E-01,3.026E+00,1.756E+00,-3.062E-01,2.985E+00,1.802E+00,3.142E+00,4.430E-04,2.294E+00,2.300E+00,7.506E-02,5.492E+00
44,0.000E+00,5.170E-02,0.000E+00,5.514E-02,1.069E-01,8.543E+00,1.699E+00,-1.539E-01,2.246E+00,1.894E+00,3.142E+00,1.243E-03,2.500E+00,2.519E+00,1.464E-01,3.030E+00,1.753E+00,-3.035E-01,2.934E+00,1.828E+00,3.142E+00,6.829E-04,2.289E+00,2.298E+00,7.495E-02,5.499E+00
45,0.000E+00,5.265E-02,0.000E+00,5.637E-02,1.090E-01,8.717E+00,1.698E+00,-1.499E-01,2.205E+00,1.911E+00,3.142E+00,1.540E-03,2.494E+00,2.518E+00,1.462E-01,3.034E+00,1.751E+00,-3.007E-01,2.883E+00,1.854E+00,3.142E+00,9.228E-04,2.284E+00,2.297E+00,7.485E-02,5.506E+00
46,0.000E+00,5.492E-02,0.000E+00,5.881E-02,1.136E-01,9.091E+00,1.695E+00,-1.649E-01,2.342E+00,1.897E+00,3.142E+00,1.673E-04,2.529E+00,2.531E+00,1.466E-01,3.026E+00,1.750E+00,-3.057E-01,2.948E+00,1.845E+00,3.142E+00,1.450E-03,2.293E+00,2.314E+00,7.477E-02,5.511E+00
47,0.000E+00,5.719E-02,0.000E+00,6.125E-02,1.183E-01,9.465E+00,1.694E+00,-1.799E-01,2.479E+00,1.884E+00,3.142E+00,-1.205E-03,2.564E+00,2.544E+00,1.469E-01,3.019E+00,1.750E+00,-3.107E-01,3.013E+00,1.836E+00,3.142E+00,1.977E-03,2.302E+00,2.330E+00,7.470E-02,5.516E+00
48,0.000E+00,5.946E-02,0.000E+00,6.369E-02,1.229E-01,9.839E+00,1.693E+00,-1.948E-01,2.616E+00,1.870E+00,3.142E+00,-2.578E-03,2.599E+00,2.556E+00,1.473E-01,3.011E+00,1.749E+00,-3.157E-01,3.078E+00,1.827E+00,3.142E+00,2.505E-03,2.312E+00,2.347E+00,7.462E-02,5.522E+00
49,0.000E+00,6.059E-02,0.000E+00,6.491E-02,1.252E-01,1.003E+01,1.692E+00,-2.023E-01,2.685E+00,1.863E+00,3.142E+00,-3.264E-03,2.616E+00,2.563E+00,1.475E-01,3.007E+00,1.749E+00,-3.183E-01,3.111E+00,1.822E+00,3.142E+00,2.768E-03,2.316E+00,2.356E+00,7.458E-02,5.524E+00
50,0.000E+00,6.173E-02,0.000E+00,6.613E-02,1.275E-01,1.021E+01,1.693E+00,-2.098E-01,2.753E+00,1.856E+00,3.142E+00,-3.951E-03,2.633E+00,2.569E+00,1.477E-01,3.004E+00,1.749E+00,-3.208E-01,3.144E+00,1.817E+00,3.142E+00,3.032E-03,2.321E+00,2.364E+00,7.454E-02,5.527E+00
51,0.000E+00,6.462E-02,0.000E+00,7.004E-02,1.344E-01,1.076E+01,1.685E+00,-2.163E-01,2.880E+00,1.853E+00,3.142E+00,-3.415E-03,2.627E+00,2.571E+00,1.473E-01,3.012E+00,1.710E+00,-3.532E-01,4.102E+00,1.765E+00,3.142E+00,2.433E-03,2.336E+00,2.371E+00,7.409E-02,5.558E+00
52,0.000E+00,6.750E-02,0.000E+00,7.395E-02,1.412E-01,1.130E+01,1.678E+00,-2.228E-01,3.006E+00,1.851E+00,3.142E+00,-2.880E-03,2.620E+00,2.573E+00,1.469E-01,3.020E+00,1.689E+00,-3.856E-01,5.061E+00,1.712E+00,3.142E+00,1.834E-03,2.351E+00,2.377E+00,7.365E-02,5.590E+00
53,0.000E+00,7.039E-02,0.000E+00,7.786E-02,1.481E-01,1.185E+01,1.672E+00,-2.293E-01,3.133E+00,1.848E+00,3.142E+00,-2.344E-03,2.613E+00,2.575E+00,1.465E-01,3.028E+00,1.681E+00,-4.180E-01,6.019E+00,1.659E+00,3.142E+00,1.235E-03,2.367E+00,2.384E+00,7.320E-02,5.621E+00
54,0.000E+00,7.183E-02,0.000E+00,7.982E-02,1.515E-01,1.212E+01,1.669E+00,-2.326E-01,3.196E+00,1.847E+00,3.142E+00,-2.077E-03,2.610E+00,2.576E+00,1.463E-01,3.032E+00,1.680E+00,-4.342E-01,6.498E+00,1.633E+00,3.142E+00,9.352E-04,2.374E+00,2.387E+00,7.298E-02,5.637E+00
55,0.000E+00,7.328E-02,0.000E+00,8.177E-02,1.549E-01,1.239E+01,1.666E+00,-2.358E-01,3.259E+00,1.845E+00,3.142E+00,-1.809E-03,2.606E+00,2.577E+00,1.461E-01,3.036E+00,1.680E+00,-4.505E-01,6.978E+00,1.607E+00,3.142E+00,6.356E-04,2.382E+00,2.390E+00,7.276E-02,5.652E+00
56,0.000E+00,7.616E-02,0.000E+00,8.568E-02,1.618E-01,1.294E+01,1.661E+00,-2.423E-01,3.386E+00,1.843E+00,3.142E+00,-1.273E-03,2.600E+00,2.579E+00,1.456E-01,3.045E+00,1.687E+00,-4.829E-01,7.936E+00,1.554E+00,3.142E+00,3.653E-05,2.397E+00,2.397E+00,7.231E-02,5.684E+00
57,0.000E+00,7.905E-02,0.000E+00,8.960E-02,1.686E-01,1.348E+01,1.656E+00,-2.489E-01,3.512E+00,1.840E+00,3.142E+00,-7.379E-04,2.593E+00,2.581E+00,1.452E-01,3.053E+00,1.698E+00,-5.153E-01,8.895E+00,1.502E+00,3.142E+00,-5.626E-04,2.413E+00,2.404E+00,7.186E-02,5.715E+00
58,0.000E+00,8.194E-02,0.000E+00,9.351E-02,1.755E-01,1.403E+01,1.652E+00,-2.554E-01,3.639E+00,1.837E+00,3.142E+00,-2.025E-04,2.586E+00,2.583E+00,1.448E-01,3.061E+00,1.713E+00,-5.477E-01,9.853E+00,1.449E+00,3.142E+00,-1.162E-03,2.428E+00,2.410E+00,7.142E-02,5.747E+00
59,0.000E+00,8.338E-02,0.000E+00,9.546E-02,1.789E-01,1.430E+01,1.650E+00,-2.586E-01,3.702E+00,1.836E+00,3.142E+00,6.527E-05,2.583E+00,2.584E+00,1.446E-01,3.065E+00,1.722E+00,-5.639E-01,1.033E+01,1.423E+00,3.142E+00,-1.461E-03,2.435E+00,2.414E+00,7.120E-02,5.762E+00
60,0.000E+00,8.483E-02,0.000E+00,9.742E-02,1.823E-01,1.457E+01,1.648E+00,-2.619E-01,3.765E+00,1.835E+00,3.142E+00,3.330E-04,2.579E+00,2.585E+00,1.444E-01,3.069E+00,1.732E+00,-5.801E-01,1.081E+01,1.396E+00,3.142E+00,-1.761E-03,2.443E+00,2.417E+00,7.097E-02,5.778E+00
61,0.000E+00,8.902E-02,0.000E+00,1.033E-01,1.924E-01,1.538E+01,1.641E+00,-3.039E-01,4.749E+00,1.719E+00,3.142E+00,6.307E-04,2.549E+00,2.559E+00,1.444E-01,3.069E+00,1.722E+00,-5.876E-01,1.157E+01,1.398E+00,3.142E+00,-6.209E-04,2.396E+00,2.386E+00,7.136E-02,5.750E+00
62,0.000E+00,9.321E-02,0.000E+00,1.092E-01,2.026E-01,1.619E+01,1.650E+00,-3.460E-01,5.733E+00,1.602E+00,3.142E+00,9.284E-04,2.519E+00,2.533E+00,1.444E-01,3.068E+00,1.714E+00,-5.952E-01,1.232E+01,1.399E+00,3.142E+00,5.190E-04,2.348E+00,2.354E+00,7.174E-02,5.723E+00
63,0.000E+00,9.740E-02,0.000E+00,1.151E-01,2.127E-01,1.700E+01,1.672E+00,-3.880E-01,6.716E+00,1.486E+00,3.142E+00,1.226E-03,2.488E+00,2.507E+00,1.445E-01,3.068E+00,1.706E+00,-6.027E-01,1.308E+01,1.400E+00,3.142E+00,1.659E-03,2.301E+00,2.323E+00,7.212E-02,5.695E+00
64,0.000E+00,9.950E-02,0.000E+00,1.180E-01,2.178E-01,1.740E+01,1.686E+00,-4.090E-01,7.208E+00,1.428E+00,3.142E+00,1.375E-03,2.473E+00,2.494E+00,1.445E-01,3.068E+00,1.703E+00,-6.065E-01,1.345E+01,1.401E+00,3.142E+00,2.229E-03,2.277E+00,2.307E+00,7.231E-02,5.681E+00
65,0.000E+00,1.016E-01,0.000E+00,1.210E-01,2.228E-01,1.780E+01,1.703E+00,-4.301E-01,7.700E+00,1.370E+00,3.142E+00,1.524E-03,2.458E+00,2.481E+00,1.445E-01,3.067E+00,1.700E+00,-6.102E-01,1.383E+01,1.402E+00,3.142E+00,2.799E-03,2.253E+00,2.292E+00,7.251E-02,5.667E+00
66,0.000E+00,1.078E-01,0.000E+00,1.288E-01,2.368E-01,1.892E+01,1.678E+00,-4.243E-01,7.777E+00,1.433E+00,3.142E+00,1.417E-03,2.467E+00,2.489E+00,1.448E-01,3.061E+00,1.676E+00,-5.926E-01,1.312E+01,1.472E+00,3.142E+00,2.473E-03,2.253E+00,2.287E+00,7.227E-02,5.684E+00
67,0.000E+00,1.139E-01,0.000E+00,1.366E-01,2.507E-01,2.004E+01,1.654E+00,-4.186E-01,7.854E+00,1.496E+00,3.142E+00,1.310E-03,2.476E+00,2.496E+00,1.451E-01,3.055E+00,1.655E+00,-5.751E-01,1.242E+01,1.543E+00,3.142E+00,2.146E-03,2.252E+00,2.282E+00,7.203E-02,5.701E+00
68,0.000E+00,1.201E-01,0.000E+00,1.445E-01,2.646E-01,2.116E+01,1.631E+00,-4.128E-01,7.931E+00,1.559E+00,3.142E+00,1.204E-03,2.485E+00,2.504E+00,1.454E-01,3.050E+00,1.636E+00,-5.575E-01,1.171E+01,1.613E+00,3.142E+00,1.820E-03,2.252E+00,2.277E+00,7.180E-02,5.718E+00
69,0.000E+00,1.231E-01,0.000E+00,1.484E-01,2.716E-01,2.171E+01,1.620E+00,-4.100E-01,7.970E+00,1.590E+00,3.142E+00,1.150E-03,2.490E+00,2.507E+00,1.455E-01,3.047E+00,1.628E+00,-5.487E-01,1.136E+01,1.649E+00,3.142E+00,1.657E-03,2.252E+00,2.274E+00,7.168E-02,5.726E+00
70,0.000E+00,1.262E-01,0.000E+00,1.523E-01,2.786E-01,2.227E+01,1.609E+00,-4.071E-01,8.008E+00,1.622E+00,3.142E+00,1.097E-03,2.494E+00,2.511E+00,1.457E-01,3.044E+00,1.619E+00,-5.399E-01,1.101E+01,1.684E+00,3.142E+00,1.494E-03,2.251E+00,2.272E+00,7.156E-02,5.735E+00
71,0.000E+00,1.322E-01,0.000E+00,1.599E-01,2.921E-01,2.336E+01,1.589E+00,-3.978E-01,7.815E+00,1.702E+00,3.142E+00,2.444E-03,2.471E+00,2.508E+00,1.449E-01,3.059E+00,1.601E+00,-5.323E-01,1.095E+01,1.743E+00,3.142E+00,1.996E-03,2.258E+00,2.286E+00,7.145E-02,5.743E+00
72,0.000E+00,1.381E-01,0.000E+00,1.676E-01,3.056E-01,2.444E+01,1.570E+00,-3.884E-01,7.622E+00,1.782E+00,3.142E+00,3.792E-03,2.447E+00,2.505E+00,1.442E-01,3.074E+00,1.583E+00,-5.247E-01,1.089E+01,1.801E+00,3.142E+00,2.498E-03,2.265E+00,2.300E+00,7.134E-02,5.751E+00
73,0.000E+00,1.439E-01,0.000E+00,1.770E-01,3.208E-01,2.565E+01,1.557E+00,-3.806E-01,7.517E+00,1.831E+00,3.142E+00,1.816E-03,2.475E+00,2.502E+00,1.443E-01,3.071E+00,1.549E+00,-4.991E-01,1.017E+01,1.945E+00,3.142E+00,3.076E-03,2.215E+00,2.257E+00,7.199E-02,5.704E+00
74,0.000E+00,1.496E-01,0.000E+00,1.864E-01,3.360E-01,2.686E+01,1.544E+00,-3.727E-01,7.411E+00,1.880E+00,3.142E+00,-1.588E-04,2.502E+00,2.499E+00,1.445E-01,3.067E+00,1.519E+00,-4.735E-01,9.452E+00,2.089E+00,3.142E+00,3.655E-03,2.166E+00,2.214E+00,7.265E-02,5.657E+00
75,0.000E+00,1.559E-01,0.000E+00,1.959E-01,3.519E-01,2.814E+01,1.528E+00,-3.603E-01,7.067E+00,1.977E+00,3.142E+00,1.703E-03,2.464E+00,2.490E+00,1.424E-01,3.111E+00,1.519E+00,-4.626E-01,8.793E+00,2.142E+00,3.142E+00,4.418E-03,2.170E+00,2.228E+00,7.163E-02,5.731E+00
76,0.000E+00,1.623E-01,0.000E+00,2.054E-01,3.679E-01,2.941E+01,1.513E+00,-3.478E-01,6.723E+00,2.074E+00,3.142E+00,3.565E-03,2.426E+00,2.480E+00,1.402E-01,3.155E+00,1.521E+00,-4.517E-01,8.134E+00,2.195E+00,3.142E+00,5.181E-03,2.174E+00,2.243E+00,7.062E-02,5.804E+00
77,0.000E+00,1.687E-01,0.000E+00,2.149E-01,3.836E-01,3.067E+01,1.501E+00,-3.354E-01,6.396E+00,2.165E+00,3.142E+00,2.937E-03,2.402E+00,2.446E+00,1.417E-01,3.124E+00,1.484E+00,-4.453E-01,8.293E+00,2.358E+00,3.142E+00,1.000E-02,2.090E+00,2.217E+00,7.007E-02,5.846E+00
78,0.000E+00,1.750E-01,0.000E+00,2.244E-01,3.993E-01,3.193E+01,1.491E+00,-3.230E-01,6.069E+00,2.255E+00,3.142E+00,2.309E-03,2.378E+00,2.412E+00,1.432E-01,3.094E+00,1.450E+00,-4.390E-01,8.452E+00,2.520E+00,3.142E+00,1.483E-02,2.005E+00,2.192E+00,6.952E-02,5.888E+00
79,0.000E+00,1.800E-01,0.000E+00,2.337E-01,4.137E-01,3.308E+01,1.468E+00,-3.163E-01,6.089E+00,2.362E+00,3.142E+00,2.031E-03,2.367E+00,2.397E+00,1.395E-01,3.172E+00,1.421E+00,-4.250E-01,8.045E+00,2.747E+00,3.142E+00,1.033E-02,2.029E+00,2.158E+00,6.956E-02,5.884E+00
80,0.000E+00,1.849E-01,0.000E+00,2.430E-01,4.280E-01,3.422E+01,1.446E+00,-3.097E-01,6.110E+00,2.469E+00,3.142E+00,1.754E-03,2.356E+00,2.381E+00,1.359E-01,3.250E+00,1.396E+00,-4.111E-01,7.639E+00,2.975E+00,3.142E+00,5.828E-03,2.052E+00,2.125E+00,6.960E-02,5.881E+00
81,0.000E+00,1.862E-01,0.000E+00,2.488E-01,4.351E-01,3.478E+01,1.399E+00,-2.966E-01,5.911E+00,2.829E+00,3.142E+00,5.523E-03,2.215E+00,2.287E+00,1.360E-01,3.248E+00,1.365E+00,-3.956E-01,7.306E+00,3.254E+00,3.142E+00,1.643E-02,1.874E+00,2.057E+00,6.793E-02,6.015E+00
82,0.000E+00,1.875E-01,0.000E+00,2.545E-01,4.422E-01,3.535E+01,1.359E+00,-2.835E-01,5.712E+00,3.189E+00,3.142E+00,9.292E-03,2.073E+00,2.192E+00,1.361E-01,3.245E+00,1.339E+00,-3.801E-01,6.974E+00,3.532E+00,3.142E+00,2.704E-02,1.695E+00,1.990E+00,6.625E-02,6.150E+00
83,0.000E+00,1.807E-01,0.000E+00,2.491E-01,4.298E-01,3.436E+01,1.325E+00,-2.714E-01,5.626E+00,3.493E+00,3.142E+00,1.934E-02,1.883E+00,2.104E+00,1.338E-01,3.297E+00,1.269E+00,-3.669E-01,6.913E+00,4.309E+00,3.142E+00,5.311E-02,1.417E+00,1.912E+00,6.570E-02,6.196E+00
84,0.000E+00,1.739E-01,0.000E+00,2.436E-01,4.174E-01,3.338E+01,1.295E+00,-2.593E-01,5.541E+00,3.796E+00,3.142E+00,2.939E-02,1.693E+00,2.016E+00,1.316E-01,3.349E+00,1.213E+00,-3.538E-01,6.853E+00,5.085E+00,3.142E+00,7.919E-02,1.139E+00,1.834E+00,6.516E-02,6.243E+00
85,0.000E+00,1.437E-01,3.906E-07,2.054E-01,3.491E-01,2.791E+01,1.234E+00,-2.495E-01,5.538E+00,4.551E+00,3.142E+00,4.024E-02,1.462E+00,1.837E+00,1.286E-01,3.423E+00,1.119E+00,-3.339E-01,6.695E+00,7.003E+00,3.142E+00,8.401E-02,9.799E-01,1.619E+00,6.220E-02,6.522E+00
86,0.000E+00,1.134E-01,7.812E-07,1.672E-01,2.808E-01,2.245E+01,1.185E+00,-2.397E-01,5.534E+00,5.306E+00,3.142E+00,5.109E-02,1.231E+00,1.659E+00,1.256E-01,3.498E+00,1.055E+00,-3.140E-01,6.537E+00,8.920E+00,3.142E+00,8.883E-02,8.209E-01,1.404E+00,5.925E-02,6.801E+00
87,0.000E+00,5.820E-02,3.906E-07,8.550E-02,1.438E-01,1.149E+01,1.496E+00,-1.199E-01,2.767E+00,2.653E+00,1.571E+00,2.555E-02,6.153E-01,8.295E-01,6.282E-02,1.749E+00,1.323E+00,-1.570E-01,3.269E+00,4.460E+00,1.571E+00,4.442E-02,4.105E-01,7.021E-01,2.962E-02,3.400E+00
88,0.000E+00,2.965E-03,0.000E+00,3.770E-03,6.864E-03,5.426E-01,3.142E+00,0.000E+00,0.000E+00,0.000E+00,0.000E+00,0.000E+00,0.000E+00,0.000E+00,0.000E+00,0.000E+00,3.142E+00,0.000E+00,0.000E+00,0.000E+00,0.000E+00,0.000E+00,0.000E+00,0.000E+00,0.000E+00,0.000E+00
89,0.000E+00,0.000E+00,0.000E+00,0.000E+00,0.000E+00,0.000E+00,3.142E+00,0.000E+00,0.000E+00,0.000E+00,0.000E+00,0.000E+00,0.000E+00,0.000E+00,0.000E+00,0.000E+00,3.142E+00,0.000E+00,0.000E+00,0.000E+00,0.000E+00,0.000E+00,0.000E+00,0.000E+00,0.000E+00,0.000E+00
