alpha,H,He,Ca,Al,Si,O,Ca_1,O_1,Si_2,O_2,Al_3,O_3,amu/ion,thetaK_Al,thetaTilt_Al,thetaM_Al,thetaN_Al,3dK_Al,3dTilt_Al,3dM_Al,3dN_Al,energyK_Al,energyE_Al,thetaK_Ca,thetaTilt_Ca,thetaM_Ca,thetaN_Ca,3dK_Ca,3dTilt_Ca,3dM_Ca,3dN_Ca,energyK_Ca,energyE_Ca,thetaK_O,thetaTilt_O,thetaM_O,thetaN_O,3dK_O,3dTilt_O,3dM_O,3dN_O,energyK_O,energyE_O,thetaK_Si,thetaTilt_Si,thetaM_Si,thetaN_Si,3dK_Si,3dTilt_Si,3dM_Si,3dN_Si,energyK_Si,energyE_Si
0.000E+00,0.000E+00,0.000E+00,0.000E+00,0.000E+00,1.909E-03,0.000E+00,1.092E-03,1.647E-03,4.297E-04,2.013E-03,2.269E-03,5.452E-03,3.156E-01,1.746E+00,-3.042E-02,1.715E+00,1.468E+00,4.935E+00,0.000E+00,1.000E+00,1.000E+00,7.862E-02,3.879E+00,1.743E+00,2.038E-02,1.313E+00,1.750E+00,4.935E+00,1.883E-02,1.000E+00,1.000E+00,9.039E-02,3.202E+00,1.722E+00,8.595E-03,1.575E+00,1.552E+00,4.935E+00,0.000E+00,1.000E+00,1.000E+00,1.134E-01,3.139E+00,1.867E+00,1.404E-02,1.316E+00,1.165E+00,4.935E+00,0.000E+00,1.000E+00,1.000E+00,6.802E-02,4.305E+00
1.000E+00,0.000E+00,0.000E+00,0.000E+00,0.000E+00,1.921E-03,0.000E+00,1.113E-03,1.655E-03,4.293E-04,2.007E-03,2.298E-03,5.495E-03,3.184E-01,1.751E+00,-3.958E-02,1.744E+00,1.465E+00,4.935E+00,7.479E-03,1.000E+00,1.000E+00,7.850E-02,3.883E+00,1.727E+00,1.619E-02,1.325E+00,1.824E+00,4.935E+00,2.270E-02,1.000E+00,1.000E+00,9.083E-02,3.190E+00,1.707E+00,-3.515E-03,1.633E+00,1.589E+00,4.935E+00,8.359E-03,1.000E+00,1.000E+00,1.133E-01,3.140E+00,1.849E+00,-3.316E-03,1.409E+00,1.170E+00,4.935E+00,8.008E-03,1.000E+00,1.000E+00,6.786E-02,4.313E+00
2.000E+00,0.000E+00,0.000E+00,0.000E+00,0.000E+00,1.933E-03,0.000E+00,1.135E-03,1.662E-03,4.290E-04,2.002E-03,2.328E-03,5.539E-03,3.213E-01,1.756E+00,-4.873E-02,1.774E+00,1.462E+00,4.935E+00,1.496E-02,1.000E+00,1.000E+00,7.838E-02,3.888E+00,1.712E+00,1.201E-02,1.337E+00,1.897E+00,4.935E+00,2.658E-02,1.000E+00,1.000E+00,9.127E-02,3.179E+00,1.702E+00,-1.563E-02,1.691E+00,1.627E+00,4.935E+00,1.672E-02,1.000E+00,1.000E+00,1.132E-01,3.142E+00,1.847E+00,-2.067E-02,1.502E+00,1.175E+00,4.935E+00,1.602E-02,1.000E+00,1.000E+00,6.770E-02,4.321E+00
3.000E+00,0.000E+00,0.000E+00,0.000E+00,0.000E+00,1.944E-03,0.000E+00,1.156E-03,1.669E-03,4.286E-04,1.996E-03,2.358E-03,5.582E-03,3.241E-01,1.761E+00,-5.788E-02,1.803E+00,1.459E+00,4.935E+00,2.244E-02,1.000E+00,1.000E+00,7.826E-02,3.893E+00,1.697E+00,7.821E-03,1.349E+00,1.971E+00,4.935E+00,3.045E-02,1.000E+00,1.000E+00,9.171E-02,3.167E+00,1.697E+00,-2.774E-02,1.749E+00,1.664E+00,4.935E+00,2.508E-02,1.000E+00,1.000E+00,1.132E-01,3.143E+00,1.847E+00,-3.803E-02,1.595E+00,1.181E+00,4.935E+00,2.402E-02,1.000E+00,1.000E+00,6.753E-02,4.329E+00
4.000E+00,0.000E+00,0.000E+00,0.000E+00,0.000E+00,1.950E-03,0.000E+00,1.167E-03,1.673E-03,4.284E-04,1.993E-03,2.373E-03,5.603E-03,3.255E-01,1.764E+00,-6.246E-02,1.818E+00,1.458E+00,4.935E+00,2.618E-02,1.000E+00,1.000E+00,7.820E-02,3.895E+00,1.690E+00,5.728E-03,1.355E+00,2.008E+00,4.935E+00,3.238E-02,1.000E+00,1.000E+00,9.193E-02,3.161E+00,1.695E+00,-3.379E-02,1.778E+00,1.683E+00,4.935E+00,2.926E-02,1.000E+00,1.000E+00,1.131E-01,3.144E+00,1.847E+00,-4.670E-02,1.641E+00,1.184E+00,4.935E+00,2.803E-02,1.000E+00,1.000E+00,6.745E-02,4.333E+00
5.000E+00,0.000E+00,0.000E+00,0.000E+00,0.000E+00,1.956E-03,0.000E+00,1.177E-03,1.676E-03,4.282E-04,1.991E-03,2.388E-03,5.625E-03,3.269E-01,1.767E+00,-6.703E-02,1.833E+00,1.456E+00,4.935E+00,2.992E-02,1.000E+00,1.000E+00,7.814E-02,3.898E+00,1.683E+00,3.636E-03,1.361E+00,2.045E+00,4.935E+00,3.432E-02,1.000E+00,1.000E+00,9.215E-02,3.155E+00,1.693E+00,-3.985E-02,1.807E+00,1.702E+00,4.935E+00,3.344E-02,1.000E+00,1.000E+00,1.131E-01,3.145E+00,1.847E+00,-5.538E-02,1.688E+00,1.186E+00,4.935E+00,3.203E-02,1.000E+00,1.000E+00,6.737E-02,4.337E+00
6.000E+00,0.000E+00,0.000E+00,0.000E+00,0.000E+00,1.968E-03,0.000E+00,1.199E-03,1.683E-03,4.279E-04,1.985E-03,2.417E-03,5.668E-03,3.297E-01,1.772E+00,-7.619E-02,1.862E+00,1.453E+00,4.935E+00,3.740E-02,1.000E+00,1.000E+00,7.802E-02,3.902E+00,1.670E+00,-5.500E-04,1.373E+00,2.119E+00,4.935E+00,3.819E-02,1.000E+00,1.000E+00,9.259E-02,3.144E+00,1.688E+00,-5.196E-02,1.866E+00,1.740E+00,4.935E+00,4.180E-02,1.000E+00,1.000E+00,1.130E-01,3.146E+00,1.847E+00,-7.274E-02,1.781E+00,1.192E+00,4.935E+00,4.004E-02,1.000E+00,1.000E+00,6.721E-02,4.345E+00
7.000E+00,0.000E+00,0.000E+00,0.000E+00,0.000E+00,1.979E-03,0.000E+00,1.220E-03,1.691E-03,4.275E-04,1.980E-03,2.447E-03,5.711E-03,3.325E-01,1.777E+00,-8.534E-02,1.892E+00,1.450E+00,4.935E+00,4.488E-02,1.000E+00,1.000E+00,7.790E-02,3.907E+00,1.662E+00,-4.736E-03,1.385E+00,2.192E+00,4.935E+00,4.207E-02,1.000E+00,1.000E+00,9.303E-02,3.132E+00,1.684E+00,-6.407E-02,1.924E+00,1.777E+00,4.935E+00,5.016E-02,1.000E+00,1.000E+00,1.130E-01,3.148E+00,1.848E+00,-9.009E-02,1.874E+00,1.197E+00,4.935E+00,4.805E-02,1.000E+00,1.000E+00,6.705E-02,4.353E+00
8.000E+00,0.000E+00,0.000E+00,0.000E+00,0.000E+00,1.991E-03,0.000E+00,1.241E-03,1.698E-03,4.271E-04,1.974E-03,2.477E-03,5.755E-03,3.354E-01,1.782E+00,-9.449E-02,1.921E+00,1.447E+00,4.935E+00,5.236E-02,1.000E+00,1.000E+00,7.778E-02,3.912E+00,1.653E+00,-8.921E-03,1.397E+00,2.266E+00,4.935E+00,4.594E-02,1.000E+00,1.000E+00,9.348E-02,3.121E+00,1.680E+00,-7.618E-02,1.982E+00,1.815E+00,4.935E+00,5.852E-02,1.000E+00,1.000E+00,1.129E-01,3.150E+00,1.849E+00,-1.074E-01,1.967E+00,1.202E+00,4.935E+00,5.606E-02,1.000E+00,1.000E+00,6.688E-02,4.361E+00
9.000E+00,0.000E+00,0.000E+00,0.000E+00,0.000E+00,1.997E-03,0.000E+00,1.252E-03,1.701E-03,4.269E-04,1.971E-03,2.492E-03,5.776E-03,3.368E-01,1.784E+00,-9.907E-02,1.936E+00,1.446E+00,4.935E+00,5.609E-02,1.000E+00,1.000E+00,7.772E-02,3.914E+00,1.649E+00,-1.101E-02,1.403E+00,2.303E+00,4.935E+00,4.788E-02,1.000E+00,1.000E+00,9.370E-02,3.115E+00,1.678E+00,-8.223E-02,2.011E+00,1.834E+00,4.935E+00,6.270E-02,1.000E+00,1.000E+00,1.129E-01,3.150E+00,1.850E+00,-1.161E-01,2.013E+00,1.205E+00,4.935E+00,6.006E-02,1.000E+00,1.000E+00,6.680E-02,4.365E+00
1.000E+01,0.000E+00,0.000E+00,0.000E+00,0.000E+00,2.003E-03,0.000E+00,1.263E-03,1.705E-03,4.268E-04,1.969E-03,2.507E-03,5.798E-03,3.382E-01,1.787E+00,-1.036E-01,1.951E+00,1.444E+00,4.935E+00,5.983E-02,1.000E+00,1.000E+00,7.766E-02,3.917E+00,1.645E+00,-1.311E-02,1.409E+00,2.340E+00,4.935E+00,4.981E-02,1.000E+00,1.000E+00,9.392E-02,3.109E+00,1.676E+00,-8.829E-02,2.040E+00,1.852E+00,4.935E+00,6.688E-02,1.000E+00,1.000E+00,1.128E-01,3.151E+00,1.851E+00,-1.248E-01,2.059E+00,1.208E+00,4.935E+00,6.406E-02,1.000E+00,1.000E+00,6.672E-02,4.369E+00
1.100E+01,0.000E+00,0.000E+00,0.000E+00,0.000E+00,2.035E-03,0.000E+00,1.287E-03,1.723E-03,4.431E-04,2.027E-03,2.561E-03,5.924E-03,3.452E-01,1.786E+00,-1.144E-01,1.989E+00,1.467E+00,4.935E+00,6.993E-02,1.000E+00,1.000E+00,7.758E-02,3.919E+00,1.658E+00,-3.383E-02,1.509E+00,2.243E+00,4.935E+00,5.739E-02,1.000E+00,1.000E+00,9.372E-02,3.114E+00,1.677E+00,-1.006E-01,2.114E+00,1.851E+00,4.935E+00,7.429E-02,1.000E+00,1.000E+00,1.123E-01,3.166E+00,1.841E+00,-1.295E-01,2.048E+00,1.268E+00,4.935E+00,7.146E-02,1.000E+00,1.000E+00,6.665E-02,4.373E+00
1.200E+01,0.000E+00,0.000E+00,0.000E+00,0.000E+00,2.068E-03,0.000E+00,1.311E-03,1.740E-03,4.595E-04,2.084E-03,2.615E-03,6.049E-03,3.521E-01,1.785E+00,-1.251E-01,2.027E+00,1.489E+00,4.935E+00,8.002E-02,1.000E+00,1.000E+00,7.751E-02,3.922E+00,1.671E+00,-5.454E-02,1.608E+00,2.147E+00,4.935E+00,6.497E-02,1.000E+00,1.000E+00,9.353E-02,3.119E+00,1.678E+00,-1.128E-01,2.189E+00,1.849E+00,4.935E+00,8.171E-02,1.000E+00,1.000E+00,1.117E-01,3.180E+00,1.831E+00,-1.342E-01,2.036E+00,1.328E+00,4.935E+00,7.886E-02,1.000E+00,1.000E+00,6.658E-02,4.376E+00
1.300E+01,0.000E+00,0.000E+00,0.000E+00,0.000E+00,2.100E-03,0.000E+00,1.336E-03,1.758E-03,4.758E-04,2.142E-03,2.669E-03,6.175E-03,3.591E-01,1.785E+00,-1.358E-01,2.065E+00,1.511E+00,4.935E+00,9.011E-02,1.000E+00,1.000E+00,7.744E-02,3.925E+00,1.687E+00,-7.526E-02,1.708E+00,2.051E+00,4.935E+00,7.255E-02,1.000E+00,1.000E+00,9.334E-02,3.124E+00,1.679E+00,-1.251E-01,2.263E+00,1.848E+00,4.935E+00,8.912E-02,1.000E+00,1.000E+00,1.111E-01,3.194E+00,1.823E+00,-1.389E-01,2.024E+00,1.389E+00,4.935E+00,8.626E-02,1.000E+00,1.000E+00,6.651E-02,4.380E+00
1.400E+01,0.000E+00,0.000E+00,0.000E+00,0.000E+00,2.117E-03,0.000E+00,1.348E-03,1.767E-03,4.840E-04,2.171E-03,2.696E-03,6.238E-03,3.626E-01,1.784E+00,-1.412E-01,2.085E+00,1.523E+00,4.935E+00,9.515E-02,1.000E+00,1.000E+00,7.740E-02,3.927E+00,1.695E+00,-8.562E-02,1.758E+00,2.002E+00,4.935E+00,7.634E-02,1.000E+00,1.000E+00,9.324E-02,3.127E+00,1.680E+00,-1.313E-01,2.300E+00,1.847E+00,4.935E+00,9.283E-02,1.000E+00,1.000E+00,1.108E-01,3.201E+00,1.818E+00,-1.412E-01,2.018E+00,1.419E+00,4.935E+00,8.996E-02,1.000E+00,1.000E+00,6.648E-02,4.381E+00
1.500E+01,0.000E+00,0.000E+00,0.000E+00,0.000E+00,2.133E-03,0.000E+00,1.360E-03,1.775E-03,4.922E-04,2.200E-03,2.723E-03,6.301E-03,3.661E-01,1.784E+00,-1.465E-01,2.104E+00,1.534E+00,4.935E+00,1.002E-01,1.000E+00,1.000E+00,7.737E-02,3.928E+00,1.704E+00,-9.598E-02,1.807E+00,1.954E+00,4.935E+00,8.013E-02,1.000E+00,1.000E+00,9.314E-02,3.129E+00,1.681E+00,-1.374E-01,2.337E+00,1.846E+00,4.935E+00,9.654E-02,1.000E+00,1.000E+00,1.105E-01,3.208E+00,1.814E+00,-1.435E-01,2.012E+00,1.449E+00,4.935E+00,9.366E-02,1.000E+00,1.000E+00,6.645E-02,4.383E+00
1.600E+01,0.000E+00,0.000E+00,0.000E+00,0.000E+00,2.165E-03,0.000E+00,1.384E-03,1.793E-03,5.085E-04,2.258E-03,2.777E-03,6.427E-03,3.731E-01,1.783E+00,-1.572E-01,2.142E+00,1.556E+00,4.935E+00,1.103E-01,1.000E+00,1.000E+00,7.730E-02,3.931E+00,1.723E+00,-1.167E-01,1.907E+00,1.858E+00,4.935E+00,8.771E-02,1.000E+00,1.000E+00,9.295E-02,3.134E+00,1.682E+00,-1.497E-01,2.411E+00,1.845E+00,4.935E+00,1.040E-01,1.000E+00,1.000E+00,1.099E-01,3.223E+00,1.807E+00,-1.482E-01,2.000E+00,1.510E+00,4.935E+00,1.011E-01,1.000E+00,1.000E+00,6.638E-02,4.387E+00
1.700E+01,0.000E+00,0.000E+00,0.000E+00,0.000E+00,2.198E-03,0.000E+00,1.408E-03,1.811E-03,5.249E-04,2.316E-03,2.831E-03,6.552E-03,3.801E-01,1.783E+00,-1.680E-01,2.180E+00,1.578E+00,4.935E+00,1.204E-01,1.000E+00,1.000E+00,7.722E-02,3.934E+00,1.744E+00,-1.374E-01,2.007E+00,1.761E+00,4.935E+00,9.529E-02,1.000E+00,1.000E+00,9.276E-02,3.139E+00,1.684E+00,-1.619E-01,2.485E+00,1.843E+00,4.935E+00,1.114E-01,1.000E+00,1.000E+00,1.093E-01,3.237E+00,1.799E+00,-1.529E-01,1.988E+00,1.570E+00,4.935E+00,1.085E-01,1.000E+00,1.000E+00,6.631E-02,4.390E+00
1.800E+01,0.000E+00,0.000E+00,0.000E+00,0.000E+00,2.230E-03,0.000E+00,1.433E-03,1.828E-03,5.413E-04,2.374E-03,2.885E-03,6.678E-03,3.870E-01,1.782E+00,-1.787E-01,2.218E+00,1.601E+00,4.935E+00,1.305E-01,1.000E+00,1.000E+00,7.715E-02,3.937E+00,1.766E+00,-1.581E-01,2.106E+00,1.665E+00,4.935E+00,1.029E-01,1.000E+00,1.000E+00,9.256E-02,3.144E+00,1.687E+00,-1.742E-01,2.559E+00,1.842E+00,4.935E+00,1.188E-01,1.000E+00,1.000E+00,1.088E-01,3.251E+00,1.793E+00,-1.576E-01,1.976E+00,1.630E+00,4.935E+00,1.159E-01,1.000E+00,1.000E+00,6.624E-02,4.394E+00
1.900E+01,0.000E+00,0.000E+00,0.000E+00,0.000E+00,2.246E-03,0.000E+00,1.445E-03,1.837E-03,5.494E-04,2.403E-03,2.912E-03,6.741E-03,3.905E-01,1.782E+00,-1.840E-01,2.238E+00,1.612E+00,4.935E+00,1.355E-01,1.000E+00,1.000E+00,7.711E-02,3.938E+00,1.778E+00,-1.685E-01,2.156E+00,1.617E+00,4.935E+00,1.067E-01,1.000E+00,1.000E+00,9.247E-02,3.147E+00,1.688E+00,-1.804E-01,2.596E+00,1.841E+00,4.935E+00,1.225E-01,1.000E+00,1.000E+00,1.085E-01,3.258E+00,1.789E+00,-1.599E-01,1.970E+00,1.660E+00,4.935E+00,1.196E-01,1.000E+00,1.000E+00,6.620E-02,4.395E+00
2.000E+01,0.000E+00,0.000E+00,0.000E+00,0.000E+00,2.263E-03,0.000E+00,1.457E-03,1.846E-03,5.576E-04,2.432E-03,2.939E-03,6.804E-03,3.940E-01,1.782E+00,-1.894E-01,2.257E+00,1.623E+00,4.935E+00,1.406E-01,1.000E+00,1.000E+00,7.708E-02,3.939E+00,1.791E+00,-1.789E-01,2.206E+00,1.569E+00,4.935E+00,1.105E-01,1.000E+00,1.000E+00,9.237E-02,3.149E+00,1.689E+00,-1.865E-01,2.633E+00,1.840E+00,4.935E+00,1.262E-01,1.000E+00,1.000E+00,1.082E-01,3.265E+00,1.786E+00,-1.623E-01,1.964E+00,1.691E+00,4.935E+00,1.233E-01,1.000E+00,1.000E+00,6.617E-02,4.397E+00
2.100E+01,0.000E+00,0.000E+00,0.000E+00,0.000E+00,2.332E-03,0.000E+00,1.508E-03,1.932E-03,5.873E-04,2.552E-03,3.002E-03,6.984E-03,4.067E-01,1.774E+00,-2.146E-01,2.479E+00,1.628E+00,4.935E+00,1.520E-01,1.000E+00,1.000E+00,7.683E-02,3.950E+00,1.785E+00,-1.985E-01,2.371E+00,1.573E+00,4.935E+00,1.209E-01,1.000E+00,1.000E+00,9.152E-02,3.173E+00,1.687E+00,-1.957E-01,2.693E+00,1.858E+00,4.935E+00,1.326E-01,1.000E+00,1.000E+00,1.079E-01,3.272E+00,1.780E+00,-1.937E-01,2.274E+00,1.637E+00,4.935E+00,1.332E-01,1.000E+00,1.000E+00,6.615E-02,4.398E+00
2.200E+01,0.000E+00,0.000E+00,0.000E+00,0.000E+00,2.401E-03,0.000E+00,1.558E-03,2.019E-03,6.169E-04,2.673E-03,3.064E-03,7.164E-03,4.193E-01,1.768E+00,-2.397E-01,2.702E+00,1.633E+00,4.935E+00,1.633E-01,1.000E+00,1.000E+00,7.657E-02,3.960E+00,1.781E+00,-2.182E-01,2.537E+00,1.578E+00,4.935E+00,1.314E-01,1.000E+00,1.000E+00,9.066E-02,3.197E+00,1.685E+00,-2.049E-01,2.754E+00,1.876E+00,4.935E+00,1.391E-01,1.000E+00,1.000E+00,1.077E-01,3.278E+00,1.780E+00,-2.252E-01,2.584E+00,1.584E+00,4.935E+00,1.431E-01,1.000E+00,1.000E+00,6.614E-02,4.399E+00
2.300E+01,0.000E+00,0.000E+00,0.000E+00,0.000E+00,2.470E-03,0.000E+00,1.609E-03,2.106E-03,6.466E-04,2.793E-03,3.126E-03,7.344E-03,4.319E-01,1.765E+00,-2.649E-01,2.925E+00,1.637E+00,4.935E+00,1.747E-01,1.000E+00,1.000E+00,7.632E-02,3.971E+00,1.778E+00,-2.378E-01,2.703E+00,1.582E+00,4.935E+00,1.419E-01,1.000E+00,1.000E+00,8.981E-02,3.220E+00,1.682E+00,-2.142E-01,2.814E+00,1.894E+00,4.935E+00,1.455E-01,1.000E+00,1.000E+00,1.074E-01,3.285E+00,1.785E+00,-2.566E-01,2.894E+00,1.530E+00,4.935E+00,1.530E-01,1.000E+00,1.000E+00,6.612E-02,4.399E+00
2.400E+01,0.000E+00,0.000E+00,0.000E+00,0.000E+00,2.505E-03,0.000E+00,1.634E-03,2.149E-03,6.614E-04,2.853E-03,3.157E-03,7.433E-03,4.383E-01,1.763E+00,-2.775E-01,3.036E+00,1.640E+00,4.935E+00,1.804E-01,1.000E+00,1.000E+00,7.619E-02,3.976E+00,1.777E+00,-2.476E-01,2.785E+00,1.584E+00,4.935E+00,1.471E-01,1.000E+00,1.000E+00,8.938E-02,3.232E+00,1.681E+00,-2.188E-01,2.844E+00,1.903E+00,4.935E+00,1.488E-01,1.000E+00,1.000E+00,1.073E-01,3.288E+00,1.790E+00,-2.723E-01,3.048E+00,1.503E+00,4.935E+00,1.579E-01,1.000E+00,1.000E+00,6.612E-02,4.400E+00
2.500E+01,0.000E+00,0.000E+00,0.000E+00,0.000E+00,2.539E-03,0.000E+00,1.659E-03,2.192E-03,6.763E-04,2.914E-03,3.188E-03,7.523E-03,4.446E-01,1.762E+00,-2.901E-01,3.147E+00,1.642E+00,4.935E+00,1.861E-01,1.000E+00,1.000E+00,7.606E-02,3.981E+00,1.776E+00,-2.575E-01,2.868E+00,1.586E+00,4.935E+00,1.523E-01,1.000E+00,1.000E+00,8.896E-02,3.244E+00,1.681E+00,-2.234E-01,2.874E+00,1.912E+00,4.935E+00,1.520E-01,1.000E+00,1.000E+00,1.072E-01,3.291E+00,1.795E+00,-2.881E-01,3.203E+00,1.477E+00,4.935E+00,1.629E-01,1.000E+00,1.000E+00,6.611E-02,4.400E+00
2.600E+01,0.000E+00,0.000E+00,0.000E+00,0.000E+00,2.608E-03,0.000E+00,1.710E-03,2.279E-03,7.059E-04,3.034E-03,3.250E-03,7.703E-03,4.572E-01,1.762E+00,-3.153E-01,3.370E+00,1.647E+00,4.935E+00,1.975E-01,1.000E+00,1.000E+00,7.581E-02,3.991E+00,1.774E+00,-2.771E-01,3.034E+00,1.591E+00,4.935E+00,1.628E-01,1.000E+00,1.000E+00,8.810E-02,3.268E+00,1.679E+00,-2.326E-01,2.935E+00,1.930E+00,4.935E+00,1.584E-01,1.000E+00,1.000E+00,1.069E-01,3.298E+00,1.808E+00,-3.195E-01,3.513E+00,1.423E+00,4.935E+00,1.728E-01,1.000E+00,1.000E+00,6.609E-02,4.401E+00
2.700E+01,0.000E+00,0.000E+00,0.000E+00,0.000E+00,2.677E-03,0.000E+00,1.760E-03,2.366E-03,7.356E-04,3.155E-03,3.312E-03,7.883E-03,4.698E-01,1.762E+00,-3.404E-01,3.593E+00,1.652E+00,4.935E+00,2.089E-01,1.000E+00,1.000E+00,7.556E-02,4.002E+00,1.774E+00,-2.968E-01,3.200E+00,1.595E+00,4.935E+00,1.733E-01,1.000E+00,1.000E+00,8.725E-02,3.292E+00,1.677E+00,-2.418E-01,2.995E+00,1.948E+00,4.935E+00,1.649E-01,1.000E+00,1.000E+00,1.067E-01,3.304E+00,1.824E+00,-3.510E-01,3.823E+00,1.370E+00,4.935E+00,1.827E-01,1.000E+00,1.000E+00,6.608E-02,4.402E+00
2.800E+01,0.000E+00,0.000E+00,0.000E+00,0.000E+00,2.746E-03,0.000E+00,1.811E-03,2.452E-03,7.653E-04,3.275E-03,3.374E-03,8.063E-03,4.825E-01,1.763E+00,-3.656E-01,3.816E+00,1.656E+00,4.935E+00,2.203E-01,1.000E+00,1.000E+00,7.530E-02,4.012E+00,1.774E+00,-3.164E-01,3.365E+00,1.600E+00,4.935E+00,1.838E-01,1.000E+00,1.000E+00,8.640E-02,3.315E+00,1.675E+00,-2.511E-01,3.055E+00,1.966E+00,4.935E+00,1.713E-01,1.000E+00,1.000E+00,1.064E-01,3.311E+00,1.843E+00,-3.824E-01,4.132E+00,1.316E+00,4.935E+00,1.926E-01,1.000E+00,1.000E+00,6.606E-02,4.403E+00
2.900E+01,0.000E+00,0.000E+00,0.000E+00,0.000E+00,2.781E-03,0.000E+00,1.836E-03,2.496E-03,7.801E-04,3.335E-03,3.405E-03,8.153E-03,4.888E-01,1.764E+00,-3.782E-01,3.927E+00,1.659E+00,4.935E+00,2.260E-01,1.000E+00,1.000E+00,7.517E-02,4.017E+00,1.774E+00,-3.263E-01,3.448E+00,1.602E+00,4.935E+00,1.890E-01,1.000E+00,1.000E+00,8.597E-02,3.327E+00,1.674E+00,-2.557E-01,3.085E+00,1.975E+00,4.935E+00,1.745E-01,1.000E+00,1.000E+00,1.063E-01,3.314E+00,1.853E+00,-3.981E-01,4.287E+00,1.290E+00,4.935E+00,1.976E-01,1.000E+00,1.000E+00,6.605E-02,4.403E+00
3.000E+01,0.000E+00,0.000E+00,0.000E+00,0.000E+00,2.815E-03,0.000E+00,1.861E-03,2.539E-03,7.949E-04,3.396E-03,3.437E-03,8.243E-03,4.951E-01,1.765E+00,-3.908E-01,4.038E+00,1.661E+00,4.935E+00,2.317E-01,1.000E+00,1.000E+00,7.505E-02,4.023E+00,1.774E+00,-3.361E-01,3.531E+00,1.604E+00,4.935E+00,1.942E-01,1.000E+00,1.000E+00,8.555E-02,3.339E+00,1.674E+00,-2.603E-01,3.115E+00,1.984E+00,4.935E+00,1.777E-01,1.000E+00,1.000E+00,1.062E-01,3.317E+00,1.864E+00,-4.139E-01,4.442E+00,1.263E+00,4.935E+00,2.025E-01,1.000E+00,1.000E+00,6.605E-02,4.403E+00
3.100E+01,0.000E+00,0.000E+00,0.000E+00,0.000E+00,2.994E-03,0.000E+00,1.989E-03,2.697E-03,8.835E-04,3.737E-03,3.721E-03,8.802E-03,5.324E-01,1.762E+00,-4.065E-01,4.280E+00,1.657E+00,4.935E+00,2.412E-01,1.000E+00,1.000E+00,7.436E-02,4.053E+00,1.752E+00,-3.635E-01,4.061E+00,1.623E+00,4.935E+00,2.071E-01,1.000E+00,1.000E+00,8.535E-02,3.345E+00,1.670E+00,-2.684E-01,3.181E+00,2.005E+00,4.935E+00,1.839E-01,1.000E+00,1.000E+00,1.057E-01,3.332E+00,1.852E+00,-4.178E-01,4.385E+00,1.323E+00,4.935E+00,2.150E-01,1.000E+00,1.000E+00,6.534E-02,4.442E+00
3.200E+01,0.000E+00,0.000E+00,0.000E+00,0.000E+00,3.083E-03,0.000E+00,2.052E-03,2.775E-03,9.279E-04,3.907E-03,3.864E-03,9.082E-03,5.511E-01,1.761E+00,-4.143E-01,4.400E+00,1.655E+00,4.935E+00,2.459E-01,1.000E+00,1.000E+00,7.401E-02,4.069E+00,1.743E+00,-3.771E-01,4.327E+00,1.633E+00,4.935E+00,2.135E-01,1.000E+00,1.000E+00,8.526E-02,3.348E+00,1.669E+00,-2.725E-01,3.214E+00,2.016E+00,4.935E+00,1.870E-01,1.000E+00,1.000E+00,1.054E-01,3.339E+00,1.846E+00,-4.198E-01,4.357E+00,1.354E+00,4.935E+00,2.213E-01,1.000E+00,1.000E+00,6.498E-02,4.462E+00
3.300E+01,0.000E+00,0.000E+00,0.000E+00,0.000E+00,3.172E-03,0.000E+00,2.116E-03,2.854E-03,9.722E-04,4.078E-03,4.006E-03,9.361E-03,5.697E-01,1.760E+00,-4.221E-01,4.521E+00,1.653E+00,4.935E+00,2.507E-01,1.000E+00,1.000E+00,7.367E-02,4.084E+00,1.735E+00,-3.908E-01,4.592E+00,1.643E+00,4.935E+00,2.199E-01,1.000E+00,1.000E+00,8.516E-02,3.351E+00,1.667E+00,-2.766E-01,3.247E+00,2.026E+00,4.935E+00,1.901E-01,1.000E+00,1.000E+00,1.051E-01,3.346E+00,1.841E+00,-4.217E-01,4.329E+00,1.384E+00,4.935E+00,2.275E-01,1.000E+00,1.000E+00,6.463E-02,4.481E+00
3.400E+01,0.000E+00,0.000E+00,0.000E+00,0.000E+00,3.261E-03,0.000E+00,2.180E-03,2.933E-03,1.016E-03,4.248E-03,4.148E-03,9.641E-03,5.884E-01,1.759E+00,-4.300E-01,4.642E+00,1.651E+00,4.935E+00,2.554E-01,1.000E+00,1.000E+00,7.332E-02,4.100E+00,1.728E+00,-4.045E-01,4.857E+00,1.652E+00,4.935E+00,2.263E-01,1.000E+00,1.000E+00,8.507E-02,3.354E+00,1.665E+00,-2.807E-01,3.280E+00,2.037E+00,4.935E+00,1.932E-01,1.000E+00,1.000E+00,1.048E-01,3.354E+00,1.835E+00,-4.237E-01,4.301E+00,1.414E+00,4.935E+00,2.338E-01,1.000E+00,1.000E+00,6.428E-02,4.501E+00
3.500E+01,0.000E+00,0.000E+00,0.000E+00,0.000E+00,3.350E-03,0.000E+00,2.243E-03,3.011E-03,1.061E-03,4.419E-03,4.291E-03,9.920E-03,6.070E-01,1.758E+00,-4.378E-01,4.762E+00,1.649E+00,4.935E+00,2.602E-01,1.000E+00,1.000E+00,7.298E-02,4.115E+00,1.722E+00,-4.182E-01,5.122E+00,1.662E+00,4.935E+00,2.327E-01,1.000E+00,1.000E+00,8.497E-02,3.356E+00,1.664E+00,-2.847E-01,3.313E+00,2.047E+00,4.935E+00,1.963E-01,1.000E+00,1.000E+00,1.046E-01,3.361E+00,1.830E+00,-4.257E-01,4.272E+00,1.444E+00,4.935E+00,2.400E-01,1.000E+00,1.000E+00,6.392E-02,4.520E+00
3.600E+01,0.000E+00,0.000E+00,0.000E+00,0.000E+00,3.440E-03,0.000E+00,2.307E-03,3.090E-03,1.105E-03,4.589E-03,4.433E-03,1.020E-02,6.257E-01,1.758E+00,-4.456E-01,4.883E+00,1.647E+00,4.935E+00,2.649E-01,1.000E+00,1.000E+00,7.263E-02,4.130E+00,1.717E+00,-4.319E-01,5.388E+00,1.672E+00,4.935E+00,2.391E-01,1.000E+00,1.000E+00,8.487E-02,3.359E+00,1.662E+00,-2.888E-01,3.346E+00,2.058E+00,4.935E+00,1.993E-01,1.000E+00,1.000E+00,1.043E-01,3.368E+00,1.825E+00,-4.276E-01,4.244E+00,1.475E+00,4.935E+00,2.463E-01,1.000E+00,1.000E+00,6.357E-02,4.540E+00
3.700E+01,0.000E+00,0.000E+00,0.000E+00,0.000E+00,3.529E-03,0.000E+00,2.371E-03,3.169E-03,1.149E-03,4.760E-03,4.575E-03,1.048E-02,6.443E-01,1.758E+00,-4.535E-01,5.003E+00,1.645E+00,4.935E+00,2.697E-01,1.000E+00,1.000E+00,7.229E-02,4.146E+00,1.712E+00,-4.456E-01,5.653E+00,1.681E+00,4.935E+00,2.455E-01,1.000E+00,1.000E+00,8.478E-02,3.362E+00,1.661E+00,-2.929E-01,3.379E+00,2.069E+00,4.935E+00,2.024E-01,1.000E+00,1.000E+00,1.040E-01,3.376E+00,1.820E+00,-4.296E-01,4.216E+00,1.505E+00,4.935E+00,2.525E-01,1.000E+00,1.000E+00,6.321E-02,4.559E+00
3.800E+01,0.000E+00,0.000E+00,0.000E+00,0.000E+00,3.618E-03,0.000E+00,2.434E-03,3.248E-03,1.194E-03,4.930E-03,4.718E-03,1.076E-02,6.630E-01,1.757E+00,-4.613E-01,5.124E+00,1.643E+00,4.935E+00,2.744E-01,1.000E+00,1.000E+00,7.194E-02,4.161E+00,1.708E+00,-4.593E-01,5.918E+00,1.691E+00,4.935E+00,2.520E-01,1.000E+00,1.000E+00,8.468E-02,3.365E+00,1.659E+00,-2.970E-01,3.411E+00,2.079E+00,4.935E+00,2.055E-01,1.000E+00,1.000E+00,1.038E-01,3.383E+00,1.815E+00,-4.316E-01,4.187E+00,1.535E+00,4.935E+00,2.588E-01,1.000E+00,1.000E+00,6.286E-02,4.579E+00
3.900E+01,0.000E+00,0.000E+00,0.000E+00,0.000E+00,3.707E-03,0.000E+00,2.498E-03,3.326E-03,1.238E-03,5.101E-03,4.860E-03,1.104E-02,6.816E-01,1.757E+00,-4.692E-01,5.245E+00,1.640E+00,4.935E+00,2.792E-01,1.000E+00,1.000E+00,7.160E-02,4.176E+00,1.704E+00,-4.729E-01,6.184E+00,1.700E+00,4.935E+00,2.584E-01,1.000E+00,1.000E+00,8.459E-02,3.368E+00,1.658E+00,-3.011E-01,3.444E+00,2.090E+00,4.935E+00,2.086E-01,1.000E+00,1.000E+00,1.035E-01,3.390E+00,1.810E+00,-4.335E-01,4.159E+00,1.565E+00,4.935E+00,2.650E-01,1.000E+00,1.000E+00,6.251E-02,4.598E+00
4.000E+01,0.000E+00,0.000E+00,0.000E+00,0.000E+00,3.796E-03,0.000E+00,2.562E-03,3.405E-03,1.282E-03,5.271E-03,5.002E-03,1.132E-02,7.003E-01,1.758E+00,-4.770E-01,5.365E+00,1.638E+00,4.935E+00,2.839E-01,1.000E+00,1.000E+00,7.125E-02,4.192E+00,1.701E+00,-4.866E-01,6.449E+00,1.710E+00,4.935E+00,2.648E-01,1.000E+00,1.000E+00,8.449E-02,3.371E+00,1.656E+00,-3.051E-01,3.477E+00,2.100E+00,4.935E+00,2.117E-01,1.000E+00,1.000E+00,1.032E-01,3.398E+00,1.806E+00,-4.355E-01,4.131E+00,1.596E+00,4.935E+00,2.713E-01,1.000E+00,1.000E+00,6.215E-02,4.618E+00
4.100E+01,0.000E+00,0.000E+00,0.000E+00,0.000E+00,3.885E-03,0.000E+00,2.625E-03,3.484E-03,1.327E-03,5.442E-03,5.145E-03,1.160E-02,7.189E-01,1.758E+00,-4.848E-01,5.486E+00,1.636E+00,4.935E+00,2.887E-01,1.000E+00,1.000E+00,7.091E-02,4.207E+00,1.699E+00,-5.003E-01,6.714E+00,1.720E+00,4.935E+00,2.712E-01,1.000E+00,1.000E+00,8.439E-02,3.374E+00,1.655E+00,-3.092E-01,3.510E+00,2.111E+00,4.935E+00,2.148E-01,1.000E+00,1.000E+00,1.030E-01,3.405E+00,1.801E+00,-4.375E-01,4.102E+00,1.626E+00,4.935E+00,2.775E-01,1.000E+00,1.000E+00,6.180E-02,4.637E+00
4.200E+01,0.000E+00,0.000E+00,0.000E+00,0.000E+00,3.975E-03,0.000E+00,2.689E-03,3.563E-03,1.371E-03,5.612E-03,5.287E-03,1.188E-02,7.376E-01,1.758E+00,-4.927E-01,5.607E+00,1.634E+00,4.935E+00,2.934E-01,1.000E+00,1.000E+00,7.056E-02,4.223E+00,1.697E+00,-5.140E-01,6.979E+00,1.729E+00,4.935E+00,2.776E-01,1.000E+00,1.000E+00,8.430E-02,3.377E+00,1.653E+00,-3.133E-01,3.543E+00,2.121E+00,4.935E+00,2.178E-01,1.000E+00,1.000E+00,1.027E-01,3.412E+00,1.797E+00,-4.394E-01,4.074E+00,1.656E+00,4.935E+00,2.838E-01,1.000E+00,1.000E+00,6.144E-02,4.657E+00
4.300E+01,0.000E+00,0.000E+00,0.000E+00,0.000E+00,4.064E-03,0.000E+00,2.753E-03,3.641E-03,1.415E-03,5.783E-03,5.429E-03,1.216E-02,7.562E-01,1.759E+00,-5.005E-01,5.727E+00,1.632E+00,4.935E+00,2.982E-01,1.000E+00,1.000E+00,7.022E-02,4.238E+00,1.695E+00,-5.277E-01,7.245E+00,1.739E+00,4.935E+00,2.840E-01,1.000E+00,1.000E+00,8.420E-02,3.380E+00,1.652E+00,-3.174E-01,3.576E+00,2.132E+00,4.935E+00,2.209E-01,1.000E+00,1.000E+00,1.024E-01,3.420E+00,1.793E+00,-4.414E-01,4.046E+00,1.686E+00,4.935E+00,2.901E-01,1.000E+00,1.000E+00,6.109E-02,4.676E+00
4.400E+01,0.000E+00,0.000E+00,0.000E+00,0.000E+00,4.153E-03,0.000E+00,2.816E-03,3.720E-03,1.460E-03,5.953E-03,5.572E-03,1.244E-02,7.749E-01,1.760E+00,-5.083E-01,5.848E+00,1.630E+00,4.935E+00,3.029E-01,1.000E+00,1.000E+00,6.987E-02,4.253E+00,1.693E+00,-5.414E-01,7.510E+00,1.749E+00,4.935E+00,2.904E-01,1.000E+00,1.000E+00,8.410E-02,3.382E+00,1.650E+00,-3.214E-01,3.609E+00,2.142E+00,4.935E+00,2.240E-01,1.000E+00,1.000E+00,1.021E-01,3.427E+00,1.789E+00,-4.434E-01,4.018E+00,1.717E+00,4.935E+00,2.963E-01,1.000E+00,1.000E+00,6.073E-02,4.696E+00
4.500E+01,0.000E+00,0.000E+00,0.000E+00,0.000E+00,4.242E-03,0.000E+00,2.880E-03,3.799E-03,1.504E-03,6.124E-03,5.714E-03,1.272E-02,7.935E-01,1.761E+00,-5.162E-01,5.969E+00,1.628E+00,4.935E+00,3.077E-01,1.000E+00,1.000E+00,6.953E-02,4.269E+00,1.692E+00,-5.550E-01,7.775E+00,1.758E+00,4.935E+00,2.969E-01,1.000E+00,1.000E+00,8.401E-02,3.385E+00,1.649E+00,-3.255E-01,3.642E+00,2.153E+00,4.935E+00,2.271E-01,1.000E+00,1.000E+00,1.019E-01,3.434E+00,1.785E+00,-4.453E-01,3.989E+00,1.747E+00,4.935E+00,3.026E-01,1.000E+00,1.000E+00,6.038E-02,4.715E+00
4.600E+01,0.000E+00,0.000E+00,0.000E+00,0.000E+00,4.581E-03,0.000E+00,3.067E-03,4.083E-03,1.521E-03,6.376E-03,6.085E-03,1.382E-02,8.472E-01,1.707E+00,-5.144E-01,6.022E+00,1.842E+00,4.935E+00,3.180E-01,1.000E+00,1.000E+00,6.937E-02,4.276E+00,1.694E+00,-5.665E-01,7.713E+00,1.791E+00,4.935E+00,3.097E-01,1.000E+00,1.000E+00,8.442E-02,3.373E+00,1.645E+00,-3.416E-01,3.894E+00,2.134E+00,4.935E+00,2.344E-01,1.000E+00,1.000E+00,1.007E-01,3.469E+00,1.772E+00,-4.887E-01,4.711E+00,1.744E+00,4.935E+00,3.134E-01,1.000E+00,1.000E+00,5.998E-02,4.739E+00
4.700E+01,0.000E+00,0.000E+00,0.000E+00,0.000E+00,4.750E-03,0.000E+00,3.161E-03,4.224E-03,1.530E-03,6.502E-03,6.271E-03,1.437E-02,8.740E-01,1.682E+00,-5.135E-01,6.049E+00,1.949E+00,4.935E+00,3.232E-01,1.000E+00,1.000E+00,6.929E-02,4.280E+00,1.695E+00,-5.722E-01,7.682E+00,1.807E+00,4.935E+00,3.161E-01,1.000E+00,1.000E+00,8.463E-02,3.366E+00,1.644E+00,-3.496E-01,4.021E+00,2.124E+00,4.935E+00,2.380E-01,1.000E+00,1.000E+00,1.001E-01,3.487E+00,1.768E+00,-5.104E-01,5.072E+00,1.743E+00,4.935E+00,3.189E-01,1.000E+00,1.000E+00,5.979E-02,4.751E+00
4.800E+01,0.000E+00,0.000E+00,0.000E+00,0.000E+00,4.920E-03,0.000E+00,3.255E-03,4.366E-03,1.539E-03,6.628E-03,6.456E-03,1.492E-02,9.009E-01,1.659E+00,-5.127E-01,6.076E+00,2.056E+00,4.935E+00,3.284E-01,1.000E+00,1.000E+00,6.921E-02,4.284E+00,1.696E+00,-5.779E-01,7.651E+00,1.823E+00,4.935E+00,3.225E-01,1.000E+00,1.000E+00,8.484E-02,3.360E+00,1.643E+00,-3.577E-01,4.147E+00,2.115E+00,4.935E+00,2.416E-01,1.000E+00,1.000E+00,9.946E-02,3.504E+00,1.765E+00,-5.321E-01,5.433E+00,1.742E+00,4.935E+00,3.243E-01,1.000E+00,1.000E+00,5.959E-02,4.763E+00
4.900E+01,0.000E+00,0.000E+00,0.000E+00,0.000E+00,5.190E-03,0.000E+00,3.426E-03,4.652E-03,1.721E-03,7.126E-03,6.798E-03,1.546E-02,9.509E-01,1.656E+00,-5.271E-01,6.484E+00,2.037E+00,4.935E+00,3.297E-01,1.000E+00,1.000E+00,6.910E-02,4.289E+00,1.683E+00,-5.495E-01,6.659E+00,1.944E+00,4.935E+00,3.375E-01,1.000E+00,1.000E+00,8.165E-02,3.462E+00,1.638E+00,-3.499E-01,4.034E+00,2.157E+00,4.935E+00,2.428E-01,1.000E+00,1.000E+00,9.910E-02,3.515E+00,1.755E+00,-5.504E-01,5.896E+00,1.750E+00,4.935E+00,3.364E-01,1.000E+00,1.000E+00,5.855E-02,4.827E+00
5.000E+01,0.000E+00,0.000E+00,0.000E+00,0.000E+00,5.325E-03,0.000E+00,3.511E-03,4.795E-03,1.812E-03,7.375E-03,6.969E-03,1.572E-02,9.759E-01,1.655E+00,-5.343E-01,6.689E+00,2.028E+00,4.935E+00,3.303E-01,1.000E+00,1.000E+00,6.904E-02,4.292E+00,1.680E+00,-5.353E-01,6.163E+00,2.004E+00,4.935E+00,3.450E-01,1.000E+00,1.000E+00,8.006E-02,3.513E+00,1.635E+00,-3.461E-01,3.977E+00,2.178E+00,4.935E+00,2.434E-01,1.000E+00,1.000E+00,9.892E-02,3.520E+00,1.751E+00,-5.596E-01,6.128E+00,1.754E+00,4.935E+00,3.424E-01,1.000E+00,1.000E+00,5.803E-02,4.860E+00
5.100E+01,0.000E+00,0.000E+00,0.000E+00,0.000E+00,5.460E-03,0.000E+00,3.597E-03,4.938E-03,1.903E-03,7.624E-03,7.140E-03,1.599E-02,1.001E+00,1.655E+00,-5.415E-01,6.893E+00,2.018E+00,4.935E+00,3.309E-01,1.000E+00,1.000E+00,6.899E-02,4.295E+00,1.679E+00,-5.211E-01,5.667E+00,2.065E+00,4.935E+00,3.526E-01,1.000E+00,1.000E+00,7.847E-02,3.565E+00,1.633E+00,-3.422E-01,3.921E+00,2.200E+00,4.935E+00,2.440E-01,1.000E+00,1.000E+00,9.874E-02,3.526E+00,1.747E+00,-5.688E-01,6.359E+00,1.759E+00,4.935E+00,3.484E-01,1.000E+00,1.000E+00,5.751E-02,4.892E+00
5.200E+01,0.000E+00,0.000E+00,0.000E+00,0.000E+00,5.580E-03,0.000E+00,3.838E-03,5.094E-03,2.173E-03,8.482E-03,7.649E-03,1.698E-02,1.067E+00,1.665E+00,-5.216E-01,6.182E+00,2.031E+00,4.935E+00,3.335E-01,1.000E+00,1.000E+00,6.834E-02,4.327E+00,1.675E+00,-5.366E-01,6.025E+00,2.060E+00,4.935E+00,3.570E-01,1.000E+00,1.000E+00,7.862E-02,3.559E+00,1.622E+00,-3.485E-01,4.001E+00,2.258E+00,4.935E+00,2.516E-01,1.000E+00,1.000E+00,9.885E-02,3.522E+00,1.726E+00,-5.623E-01,6.248E+00,1.849E+00,4.935E+00,3.511E-01,1.000E+00,1.000E+00,5.858E-02,4.825E+00
5.300E+01,0.000E+00,0.000E+00,0.000E+00,0.000E+00,5.639E-03,0.000E+00,3.959E-03,5.172E-03,2.308E-03,8.911E-03,7.904E-03,1.748E-02,1.100E+00,1.672E+00,-5.116E-01,5.827E+00,2.038E+00,4.935E+00,3.348E-01,1.000E+00,1.000E+00,6.801E-02,4.342E+00,1.673E+00,-5.443E-01,6.204E+00,2.057E+00,4.935E+00,3.593E-01,1.000E+00,1.000E+00,7.869E-02,3.557E+00,1.617E+00,-3.516E-01,4.041E+00,2.286E+00,4.935E+00,2.554E-01,1.000E+00,1.000E+00,9.891E-02,3.521E+00,1.716E+00,-5.590E-01,6.193E+00,1.895E+00,4.935E+00,3.525E-01,1.000E+00,1.000E+00,5.912E-02,4.792E+00
5.400E+01,0.000E+00,0.000E+00,0.000E+00,0.000E+00,5.699E-03,0.000E+00,4.080E-03,5.250E-03,2.443E-03,9.340E-03,8.159E-03,1.797E-02,1.133E+00,1.680E+00,-5.016E-01,5.471E+00,2.044E+00,4.935E+00,3.361E-01,1.000E+00,1.000E+00,6.768E-02,4.358E+00,1.672E+00,-5.521E-01,6.383E+00,2.055E+00,4.935E+00,3.615E-01,1.000E+00,1.000E+00,7.877E-02,3.554E+00,1.612E+00,-3.548E-01,4.081E+00,2.315E+00,4.935E+00,2.592E-01,1.000E+00,1.000E+00,9.897E-02,3.519E+00,1.706E+00,-5.557E-01,6.137E+00,1.940E+00,4.935E+00,3.538E-01,1.000E+00,1.000E+00,5.965E-02,4.759E+00
5.500E+01,0.000E+00,0.000E+00,0.000E+00,0.000E+00,6.020E-03,0.000E+00,4.341E-03,5.579E-03,2.634E-03,1.019E-02,8.687E-03,1.903E-02,1.208E+00,1.640E+00,-5.039E-01,5.752E+00,2.202E+00,4.935E+00,3.440E-01,1.000E+00,1.000E+00,6.659E-02,4.414E+00,1.632E+00,-6.141E-01,9.306E+00,2.014E+00,4.935E+00,3.699E-01,1.000E+00,1.000E+00,7.844E-02,3.566E+00,1.621E+00,-3.787E-01,4.471E+00,2.210E+00,4.935E+00,2.614E-01,1.000E+00,1.000E+00,9.820E-02,3.542E+00,1.699E+00,-5.823E-01,6.914E+00,1.923E+00,4.935E+00,3.658E-01,1.000E+00,1.000E+00,5.829E-02,4.844E+00
5.600E+01,0.000E+00,0.000E+00,0.000E+00,0.000E+00,6.180E-03,0.000E+00,4.471E-03,5.744E-03,2.730E-03,1.061E-02,8.952E-03,1.956E-02,1.245E+00,1.621E+00,-5.050E-01,5.892E+00,2.280E+00,4.935E+00,3.480E-01,1.000E+00,1.000E+00,6.604E-02,4.442E+00,1.624E+00,-6.451E-01,1.077E+01,1.994E+00,4.935E+00,3.741E-01,1.000E+00,1.000E+00,7.827E-02,3.571E+00,1.627E+00,-3.907E-01,4.667E+00,2.158E+00,4.935E+00,2.626E-01,1.000E+00,1.000E+00,9.781E-02,3.554E+00,1.696E+00,-5.956E-01,7.303E+00,1.914E+00,4.935E+00,3.718E-01,1.000E+00,1.000E+00,5.761E-02,4.887E+00
5.700E+01,0.000E+00,0.000E+00,0.000E+00,0.000E+00,6.341E-03,0.000E+00,4.602E-03,5.908E-03,2.825E-03,1.103E-02,9.216E-03,2.009E-02,1.283E+00,1.602E+00,-5.062E-01,6.033E+00,2.359E+00,4.935E+00,3.519E-01,1.000E+00,1.000E+00,6.549E-02,4.470E+00,1.621E+00,-6.761E-01,1.223E+01,1.974E+00,4.935E+00,3.783E-01,1.000E+00,1.000E+00,7.810E-02,3.577E+00,1.633E+00,-4.027E-01,4.862E+00,2.106E+00,4.935E+00,2.637E-01,1.000E+00,1.000E+00,9.742E-02,3.565E+00,1.694E+00,-6.088E-01,7.691E+00,1.906E+00,4.935E+00,3.778E-01,1.000E+00,1.000E+00,5.693E-02,4.930E+00
5.800E+01,0.000E+00,0.000E+00,0.000E+00,0.000E+00,6.783E-03,0.000E+00,4.973E-03,6.364E-03,3.071E-03,1.186E-02,9.895E-03,2.140E-02,1.376E+00,1.621E+00,-5.748E-01,8.082E+00,2.105E+00,4.935E+00,3.585E-01,1.000E+00,1.000E+00,6.691E-02,4.398E+00,1.617E+00,-6.315E-01,9.732E+00,2.091E+00,4.935E+00,3.812E-01,1.000E+00,1.000E+00,7.704E-02,3.614E+00,1.617E+00,-3.915E-01,4.734E+00,2.195E+00,4.935E+00,2.586E-01,1.000E+00,1.000E+00,9.757E-02,3.561E+00,1.670E+00,-5.842E-01,6.864E+00,2.073E+00,4.935E+00,3.840E-01,1.000E+00,1.000E+00,5.650E-02,4.958E+00
5.900E+01,0.000E+00,0.000E+00,0.000E+00,0.000E+00,7.004E-03,0.000E+00,5.158E-03,6.592E-03,3.194E-03,1.228E-02,1.023E-02,2.206E-02,1.423E+00,1.642E+00,-6.090E-01,9.106E+00,1.978E+00,4.935E+00,3.618E-01,1.000E+00,1.000E+00,6.763E-02,4.362E+00,1.622E+00,-6.092E-01,8.484E+00,2.150E+00,4.935E+00,3.827E-01,1.000E+00,1.000E+00,7.651E-02,3.633E+00,1.609E+00,-3.859E-01,4.670E+00,2.240E+00,4.935E+00,2.561E-01,1.000E+00,1.000E+00,9.764E-02,3.559E+00,1.661E+00,-5.718E-01,6.451E+00,2.157E+00,4.935E+00,3.871E-01,1.000E+00,1.000E+00,5.628E-02,4.973E+00
6.000E+01,0.000E+00,0.000E+00,0.000E+00,0.000E+00,7.226E-03,0.000E+00,5.344E-03,6.819E-03,3.317E-03,1.269E-02,1.057E-02,2.271E-02,1.470E+00,1.668E+00,-6.433E-01,1.013E+01,1.850E+00,4.935E+00,3.651E-01,1.000E+00,1.000E+00,6.834E-02,4.326E+00,1.634E+00,-5.869E-01,7.235E+00,2.209E+00,4.935E+00,3.842E-01,1.000E+00,1.000E+00,7.598E-02,3.652E+00,1.602E+00,-3.803E-01,4.606E+00,2.284E+00,4.935E+00,2.536E-01,1.000E+00,1.000E+00,9.771E-02,3.557E+00,1.653E+00,-5.595E-01,6.037E+00,2.241E+00,4.935E+00,3.902E-01,1.000E+00,1.000E+00,5.607E-02,4.987E+00
6.100E+01,0.000E+00,0.000E+00,0.000E+00,0.000E+00,7.686E-03,0.000E+00,5.714E-03,7.193E-03,3.710E-03,1.400E-02,1.144E-02,2.431E-02,1.585E+00,1.619E+00,-6.110E-01,9.163E+00,2.086E+00,4.935E+00,3.759E-01,1.000E+00,1.000E+00,6.637E-02,4.428E+00,1.611E+00,-6.306E-01,9.470E+00,2.152E+00,4.935E+00,3.834E-01,1.000E+00,1.000E+00,7.707E-02,3.613E+00,1.587E+00,-4.365E-01,6.112E+00,2.163E+00,4.935E+00,2.712E-01,1.000E+00,1.000E+00,9.701E-02,3.578E+00,1.619E+00,-5.968E-01,7.332E+00,2.304E+00,4.935E+00,4.134E-01,1.000E+00,1.000E+00,5.517E-02,5.048E+00
6.200E+01,0.000E+00,0.000E+00,0.000E+00,0.000E+00,7.916E-03,0.000E+00,5.900E-03,7.380E-03,3.906E-03,1.465E-02,1.187E-02,2.512E-02,1.643E+00,1.598E+00,-5.948E-01,8.680E+00,2.204E+00,4.935E+00,3.813E-01,1.000E+00,1.000E+00,6.538E-02,4.478E+00,1.605E+00,-6.524E-01,1.059E+01,2.123E+00,4.935E+00,3.829E-01,1.000E+00,1.000E+00,7.762E-02,3.594E+00,1.588E+00,-4.646E-01,6.864E+00,2.102E+00,4.935E+00,2.801E-01,1.000E+00,1.000E+00,9.667E-02,3.589E+00,1.605E+00,-6.154E-01,7.979E+00,2.336E+00,4.935E+00,4.250E-01,1.000E+00,1.000E+00,5.473E-02,5.079E+00
6.300E+01,0.000E+00,0.000E+00,0.000E+00,0.000E+00,8.146E-03,0.000E+00,6.085E-03,7.567E-03,4.103E-03,1.531E-02,1.230E-02,2.592E-02,1.700E+00,1.580E+00,-5.786E-01,8.196E+00,2.322E+00,4.935E+00,3.868E-01,1.000E+00,1.000E+00,6.440E-02,4.529E+00,1.603E+00,-6.742E-01,1.171E+01,2.095E+00,4.935E+00,3.825E-01,1.000E+00,1.000E+00,7.816E-02,3.575E+00,1.594E+00,-4.927E-01,7.617E+00,2.042E+00,4.935E+00,2.889E-01,1.000E+00,1.000E+00,9.632E-02,3.600E+00,1.593E+00,-6.340E-01,8.626E+00,2.367E+00,4.935E+00,4.366E-01,1.000E+00,1.000E+00,5.428E-02,5.110E+00
6.400E+01,0.000E+00,0.000E+00,0.000E+00,0.000E+00,8.790E-03,0.000E+00,6.604E-03,8.215E-03,4.535E-03,1.666E-02,1.328E-02,2.811E-02,1.845E+00,1.579E+00,-6.272E-01,1.069E+01,2.169E+00,4.935E+00,3.863E-01,1.000E+00,1.000E+00,6.394E-02,4.554E+00,1.565E+00,-6.842E-01,1.226E+01,2.268E+00,4.935E+00,4.082E-01,1.000E+00,1.000E+00,7.695E-02,3.618E+00,1.589E+00,-5.258E-01,9.171E+00,1.959E+00,4.931E+00,2.863E-01,1.004E+00,1.000E+00,9.652E-02,3.593E+00,1.598E+00,-6.493E-01,9.289E+00,2.298E+00,4.935E+00,4.277E-01,1.000E+00,1.000E+00,5.416E-02,5.118E+00
6.500E+01,0.000E+00,0.000E+00,0.000E+00,0.000E+00,9.111E-03,0.000E+00,6.864E-03,8.539E-03,4.751E-03,1.734E-02,1.377E-02,2.921E-02,1.917E+00,1.586E+00,-6.515E-01,1.193E+01,2.093E+00,4.935E+00,3.861E-01,1.000E+00,1.000E+00,6.371E-02,4.566E+00,1.548E+00,-6.891E-01,1.254E+01,2.354E+00,4.935E+00,4.210E-01,1.000E+00,1.000E+00,7.635E-02,3.639E+00,1.591E+00,-5.424E-01,9.948E+00,1.917E+00,4.930E+00,2.850E-01,1.005E+00,1.000E+00,9.663E-02,3.590E+00,1.601E+00,-6.569E-01,9.621E+00,2.263E+00,4.935E+00,4.233E-01,1.000E+00,1.000E+00,5.411E-02,5.122E+00
6.600E+01,0.000E+00,0.000E+00,0.000E+00,0.000E+00,9.433E-03,0.000E+00,7.124E-03,8.863E-03,4.968E-03,1.802E-02,1.425E-02,3.031E-02,1.990E+00,1.596E+00,-6.757E-01,1.318E+01,2.016E+00,4.935E+00,3.859E-01,1.000E+00,1.000E+00,6.348E-02,4.579E+00,1.531E+00,-6.941E-01,1.282E+01,2.441E+00,4.935E+00,4.339E-01,1.000E+00,1.000E+00,7.574E-02,3.660E+00,1.594E+00,-5.590E-01,1.073E+01,1.876E+00,4.928E+00,2.836E-01,1.007E+00,1.000E+00,9.673E-02,3.587E+00,1.605E+00,-6.645E-01,9.953E+00,2.228E+00,4.935E+00,4.188E-01,1.000E+00,1.000E+00,5.405E-02,5.126E+00
6.700E+01,0.000E+00,0.000E+00,0.000E+00,0.000E+00,1.000E-02,0.000E+00,7.722E-03,9.471E-03,5.494E-03,1.991E-02,1.542E-02,3.243E-02,2.150E+00,1.556E+00,-7.209E-01,1.850E+01,2.023E+00,4.928E+00,3.954E-01,1.007E+00,1.000E+00,6.286E-02,4.614E+00,1.498E+00,-7.320E-01,1.815E+01,2.367E+00,4.872E+00,4.455E-01,1.068E+00,1.000E+00,7.502E-02,3.687E+00,1.560E+00,-5.607E-01,1.145E+01,1.971E+00,4.887E+00,2.867E-01,1.051E+00,1.000E+00,9.735E-02,3.568E+00,1.561E+00,-7.477E-01,1.830E+01,2.090E+00,4.935E+00,4.380E-01,1.000E+00,1.000E+00,5.412E-02,5.121E+00
6.800E+01,0.000E+00,0.000E+00,0.000E+00,0.000E+00,1.028E-02,0.000E+00,8.021E-03,9.774E-03,5.757E-03,2.086E-02,1.600E-02,3.350E-02,2.230E+00,1.545E+00,-7.434E-01,2.116E+01,2.026E+00,4.925E+00,4.001E-01,1.011E+00,1.000E+00,6.254E-02,4.632E+00,1.491E+00,-7.509E-01,2.082E+01,2.331E+00,4.842E+00,4.513E-01,1.102E+00,1.000E+00,7.466E-02,3.700E+00,1.544E+00,-5.616E-01,1.181E+01,2.019E+00,4.867E+00,2.882E-01,1.074E+00,1.000E+00,9.765E-02,3.559E+00,1.564E+00,-7.893E-01,2.247E+01,2.021E+00,4.935E+00,4.476E-01,1.000E+00,1.000E+00,5.416E-02,5.118E+00
6.900E+01,0.000E+00,0.000E+00,0.000E+00,0.000E+00,1.057E-02,0.000E+00,8.319E-03,1.008E-02,6.020E-03,2.181E-02,1.658E-02,3.456E-02,2.310E+00,1.537E+00,-7.660E-01,2.382E+01,2.030E+00,4.921E+00,4.049E-01,1.014E+00,1.000E+00,6.223E-02,4.649E+00,1.488E+00,-7.698E-01,2.349E+01,2.294E+00,4.813E+00,4.572E-01,1.135E+00,1.000E+00,7.429E-02,3.714E+00,1.529E+00,-5.624E-01,1.217E+01,2.066E+00,4.847E+00,2.898E-01,1.096E+00,1.000E+00,9.796E-02,3.549E+00,1.576E+00,-8.308E-01,2.664E+01,1.952E+00,4.935E+00,4.572E-01,1.000E+00,1.000E+00,5.420E-02,5.115E+00
7.000E+01,0.000E+00,0.000E+00,0.000E+00,0.000E+00,1.142E-02,0.000E+00,8.966E-03,1.092E-02,6.628E-03,2.381E-02,1.801E-02,3.715E-02,2.502E+00,1.492E+00,-7.183E-01,1.955E+01,2.280E+00,4.837E+00,4.196E-01,1.107E+00,1.000E+00,6.269E-02,4.623E+00,1.448E+00,-7.453E-01,2.123E+01,2.531E+00,4.777E+00,4.582E-01,1.178E+00,1.000E+00,7.234E-02,3.790E+00,1.500E+00,-5.733E-01,1.340E+01,2.143E+00,4.823E+00,3.023E-01,1.124E+00,1.000E+00,9.710E-02,3.576E+00,1.519E+00,-8.042E-01,2.441E+01,2.205E+00,4.866E+00,4.674E-01,1.074E+00,1.000E+00,5.295E-02,5.208E+00
7.100E+01,0.000E+00,0.000E+00,0.000E+00,0.000E+00,1.185E-02,0.000E+00,9.289E-03,1.135E-02,6.933E-03,2.481E-02,1.872E-02,3.844E-02,2.598E+00,1.477E+00,-6.944E-01,1.742E+01,2.404E+00,4.797E+00,4.269E-01,1.154E+00,1.000E+00,6.292E-02,4.610E+00,1.431E+00,-7.330E-01,2.010E+01,2.650E+00,4.759E+00,4.587E-01,1.200E+00,1.000E+00,7.137E-02,3.828E+00,1.487E+00,-5.788E-01,1.401E+01,2.181E+00,4.811E+00,3.085E-01,1.138E+00,1.000E+00,9.666E-02,3.589E+00,1.494E+00,-7.909E-01,2.329E+01,2.331E+00,4.833E+00,4.724E-01,1.111E+00,1.000E+00,5.232E-02,5.254E+00
7.200E+01,0.000E+00,0.000E+00,0.000E+00,0.000E+00,1.227E-02,0.000E+00,9.612E-03,1.177E-02,7.237E-03,2.581E-02,1.944E-02,3.973E-02,2.695E+00,1.467E+00,-6.705E-01,1.528E+01,2.529E+00,4.759E+00,4.343E-01,1.200E+00,1.000E+00,6.315E-02,4.597E+00,1.417E+00,-7.207E-01,1.897E+01,2.769E+00,4.742E+00,4.592E-01,1.221E+00,1.000E+00,7.039E-02,3.866E+00,1.475E+00,-5.842E-01,1.463E+01,2.219E+00,4.799E+00,3.148E-01,1.152E+00,1.000E+00,9.623E-02,3.602E+00,1.472E+00,-7.776E-01,2.217E+01,2.458E+00,4.802E+00,4.775E-01,1.148E+00,1.000E+00,5.170E-02,5.300E+00
7.300E+01,0.000E+00,0.000E+00,0.000E+00,0.000E+00,1.282E-02,0.000E+00,1.023E-02,1.234E-02,7.818E-03,2.778E-02,2.054E-02,4.200E-02,2.858E+00,1.427E+00,-6.940E-01,1.855E+01,2.630E+00,4.721E+00,4.418E-01,1.247E+00,1.000E+00,6.177E-02,4.677E+00,1.395E+00,-7.341E-01,2.158E+01,2.805E+00,4.683E+00,4.631E-01,1.297E+00,1.000E+00,6.965E-02,3.897E+00,1.455E+00,-5.712E-01,1.395E+01,2.339E+00,4.776E+00,3.175E-01,1.180E+00,1.000E+00,9.524E-02,3.634E+00,1.432E+00,-7.806E-01,2.419E+01,2.611E+00,4.740E+00,4.870E-01,1.223E+00,1.000E+00,5.072E-02,5.376E+00
7.400E+01,0.000E+00,0.000E+00,0.000E+00,0.000E+00,1.336E-02,0.000E+00,1.084E-02,1.291E-02,8.398E-03,2.976E-02,2.165E-02,4.426E-02,3.021E+00,1.395E+00,-7.176E-01,2.183E+01,2.731E+00,4.685E+00,4.492E-01,1.294E+00,1.000E+00,6.039E-02,4.757E+00,1.377E+00,-7.475E-01,2.419E+01,2.841E+00,4.627E+00,4.670E-01,1.373E+00,1.000E+00,6.890E-02,3.928E+00,1.437E+00,-5.581E-01,1.327E+01,2.459E+00,4.753E+00,3.203E-01,1.207E+00,1.000E+00,9.424E-02,3.666E+00,1.395E+00,-7.836E-01,2.621E+01,2.765E+00,4.682E+00,4.966E-01,1.298E+00,1.000E+00,4.975E-02,5.453E+00
7.500E+01,0.000E+00,0.000E+00,0.000E+00,0.000E+00,1.384E-02,0.000E+00,1.145E-02,1.342E-02,9.149E-03,3.200E-02,2.297E-02,4.628E-02,3.191E+00,1.375E+00,-7.119E-01,2.177E+01,2.846E+00,4.648E+00,4.571E-01,1.343E+00,1.000E+00,6.069E-02,4.739E+00,1.318E+00,-7.252E-01,2.242E+01,3.291E+00,4.515E+00,4.844E-01,1.537E+00,1.000E+00,6.835E-02,3.952E+00,1.397E+00,-5.516E-01,1.353E+01,2.664E+00,4.694E+00,3.271E-01,1.283E+00,1.000E+00,9.391E-02,3.676E+00,1.365E+00,-7.696E-01,2.473E+01,2.986E+00,4.619E+00,5.053E-01,1.384E+00,1.000E+00,5.003E-02,5.430E+00
7.600E+01,0.000E+00,0.000E+00,0.000E+00,0.000E+00,1.431E-02,0.000E+00,1.205E-02,1.392E-02,9.900E-03,3.425E-02,2.429E-02,4.830E-02,3.362E+00,1.356E+00,-7.063E-01,2.171E+01,2.961E+00,4.613E+00,4.651E-01,1.393E+00,1.000E+00,6.099E-02,4.721E+00,1.271E+00,-7.029E-01,2.065E+01,3.740E+00,4.414E+00,5.018E-01,1.701E+00,1.000E+00,6.780E-02,3.975E+00,1.360E+00,-5.450E-01,1.378E+01,2.870E+00,4.637E+00,3.340E-01,1.358E+00,1.000E+00,9.358E-02,3.687E+00,1.338E+00,-7.556E-01,2.326E+01,3.207E+00,4.560E+00,5.141E-01,1.469E+00,1.000E+00,5.031E-02,5.408E+00
7.700E+01,0.000E+00,0.000E+00,0.000E+00,0.000E+00,1.466E-02,0.000E+00,1.271E-02,1.460E-02,1.073E-02,3.637E-02,2.549E-02,5.055E-02,3.535E+00,1.305E+00,-6.831E-01,1.982E+01,3.395E+00,4.504E+00,4.755E-01,1.554E+00,1.000E+00,6.027E-02,4.765E+00,1.247E+00,-7.089E-01,2.125E+01,3.959E+00,4.381E+00,5.216E-01,1.758E+00,1.000E+00,6.589E-02,4.062E+00,1.340E+00,-5.354E-01,1.309E+01,3.071E+00,4.609E+00,3.474E-01,1.398E+00,1.000E+00,9.265E-02,3.718E+00,1.288E+00,-7.404E-01,2.247E+01,3.623E+00,4.456E+00,5.239E-01,1.630E+00,1.000E+00,4.893E-02,5.523E+00
7.800E+01,0.000E+00,0.000E+00,0.000E+00,0.000E+00,1.501E-02,0.000E+00,1.336E-02,1.529E-02,1.155E-02,3.848E-02,2.670E-02,5.280E-02,3.709E+00,1.265E+00,-6.598E-01,1.793E+01,3.829E+00,4.406E+00,4.859E-01,1.714E+00,1.000E+00,5.954E-02,4.809E+00,1.225E+00,-7.150E-01,2.184E+01,4.177E+00,4.349E+00,5.414E-01,1.816E+00,1.000E+00,6.399E-02,4.148E+00,1.322E+00,-5.258E-01,1.239E+01,3.272E+00,4.581E+00,3.607E-01,1.439E+00,1.000E+00,9.172E-02,3.749E+00,1.244E+00,-7.253E-01,2.168E+01,4.038E+00,4.362E+00,5.338E-01,1.792E+00,1.000E+00,4.755E-02,5.638E+00
7.900E+01,0.000E+00,0.000E+00,0.000E+00,0.000E+00,1.527E-02,0.000E+00,1.382E-02,1.556E-02,1.223E-02,4.039E-02,2.756E-02,5.411E-02,3.832E+00,1.235E+00,-6.635E-01,1.857E+01,4.101E+00,4.354E+00,4.989E-01,1.807E+00,1.000E+00,5.837E-02,4.883E+00,1.200E+00,-7.013E-01,2.035E+01,4.546E+00,4.248E+00,5.463E-01,2.008E+00,1.000E+00,6.371E-02,4.161E+00,1.277E+00,-5.181E-01,1.253E+01,3.638E+00,4.480E+00,3.746E-01,1.592E+00,1.000E+00,9.043E-02,3.794E+00,1.202E+00,-7.148E-01,2.177E+01,4.453E+00,4.308E+00,5.413E-01,1.893E+00,1.000E+00,4.682E-02,5.704E+00
8.000E+01,0.000E+00,0.000E+00,0.000E+00,0.000E+00,1.553E-02,0.000E+00,1.428E-02,1.583E-02,1.291E-02,4.229E-02,2.843E-02,5.542E-02,3.955E+00,1.208E+00,-6.672E-01,1.922E+01,4.373E+00,4.304E+00,5.119E-01,1.899E+00,1.000E+00,5.720E-02,4.957E+00,1.180E+00,-6.877E-01,1.885E+01,4.915E+00,4.157E+00,5.512E-01,2.201E+00,1.000E+00,6.343E-02,4.175E+00,1.237E+00,-5.103E-01,1.266E+01,4.004E+00,4.389E+00,3.885E-01,1.745E+00,1.000E+00,8.913E-02,3.840E+00,1.164E+00,-7.044E-01,2.185E+01,4.868E+00,4.255E+00,5.488E-01,1.994E+00,1.000E+00,4.609E-02,5.769E+00
8.100E+01,0.000E+00,0.000E+00,0.000E+00,0.000E+00,1.518E-02,0.000E+00,1.433E-02,1.585E-02,1.341E-02,4.324E-02,2.864E-02,5.514E-02,3.978E+00,1.154E+00,-6.573E-01,1.897E+01,5.053E+00,4.171E+00,5.262E-01,2.170E+00,1.000E+00,5.277E-02,5.290E+00,1.133E+00,-7.017E-01,2.119E+01,5.395E+00,4.103E+00,5.647E-01,2.324E+00,1.000E+00,6.144E-02,4.276E+00,1.203E+00,-5.026E-01,1.247E+01,4.413E+00,4.312E+00,3.990E-01,1.884E+00,1.000E+00,8.706E-02,3.916E+00,1.127E+00,-6.942E-01,2.030E+01,5.570E+00,4.130E+00,5.657E-01,2.260E+00,1.000E+00,4.373E-02,6.006E+00
8.200E+01,0.000E+00,0.000E+00,0.000E+00,0.000E+00,1.483E-02,0.000E+00,1.438E-02,1.588E-02,1.391E-02,4.419E-02,2.884E-02,5.485E-02,4.000E+00,1.110E+00,-6.474E-01,1.873E+01,5.733E+00,4.054E+00,5.406E-01,2.441E+00,1.000E+00,4.835E-02,5.624E+00,1.092E+00,-7.157E-01,2.353E+01,5.875E+00,4.051E+00,5.782E-01,2.447E+00,1.000E+00,5.946E-02,4.377E+00,1.173E+00,-4.949E-01,1.228E+01,4.822E+00,4.241E+00,4.095E-01,2.023E+00,1.000E+00,8.500E-02,3.993E+00,1.098E+00,-6.839E-01,1.875E+01,6.272E+00,4.019E+00,5.826E-01,2.527E+00,1.000E+00,4.138E-02,6.242E+00
8.300E+01,0.000E+00,0.000E+00,0.000E+00,0.000E+00,1.316E-02,0.000E+00,1.325E-02,1.455E-02,1.332E-02,4.125E-02,2.651E-02,4.999E-02,3.683E+00,1.071E+00,-6.363E-01,1.717E+01,6.740E+00,3.953E+00,5.550E-01,2.702E+00,1.000E+00,4.597E-02,5.847E+00,1.028E+00,-6.945E-01,2.123E+01,7.417E+00,3.900E+00,5.915E-01,2.851E+00,1.000E+00,5.578E-02,4.596E+00,1.124E+00,-4.797E-01,1.150E+01,5.761E+00,4.073E+00,4.235E-01,2.394E+00,1.000E+00,8.245E-02,4.098E+00,1.051E+00,-6.675E-01,1.743E+01,7.492E+00,3.880E+00,5.919E-01,2.909E+00,1.000E+00,3.937E-02,6.479E+00
8.400E+01,0.000E+00,0.000E+00,0.000E+00,0.000E+00,1.148E-02,0.000E+00,1.211E-02,1.322E-02,1.273E-02,3.831E-02,2.417E-02,4.513E-02,3.365E+00,1.044E+00,-6.251E-01,1.561E+01,7.746E+00,3.862E+00,5.693E-01,2.963E+00,1.000E+00,4.358E-02,6.071E+00,9.862E-01,-6.733E-01,1.894E+01,8.960E+00,3.770E+00,6.049E-01,3.254E+00,1.000E+00,5.210E-02,4.814E+00,1.088E+00,-4.646E-01,1.073E+01,6.701E+00,3.930E+00,4.375E-01,2.764E+00,1.000E+00,7.991E-02,4.202E+00,1.016E+00,-6.510E-01,1.610E+01,8.712E+00,3.759E+00,6.012E-01,3.292E+00,1.000E+00,3.737E-02,6.717E+00
8.500E+01,0.000E+00,0.000E+00,0.000E+00,0.000E+00,7.986E-03,0.000E+00,8.682E-03,9.433E-03,9.336E-03,2.792E-02,1.737E-02,3.198E-02,2.412E+00,1.047E+00,-6.094E-01,1.370E+01,8.213E+00,3.868E+00,5.704E-01,2.945E+00,1.000E+00,4.082E-02,6.385E+00,1.015E+00,-6.606E-01,1.572E+01,9.047E+00,3.784E+00,6.180E-01,3.209E+00,1.000E+00,4.612E-02,5.298E+00,1.077E+00,-4.477E-01,9.507E+00,7.480E+00,3.894E+00,4.424E-01,2.869E+00,1.000E+00,7.516E-02,4.431E+00,1.037E+00,-6.406E-01,1.415E+01,8.751E+00,3.803E+00,6.015E-01,3.146E+00,1.000E+00,3.211E-02,7.590E+00
8.600E+01,0.000E+00,0.000E+00,0.000E+00,0.000E+00,4.492E-03,0.000E+00,5.254E-03,5.642E-03,5.944E-03,1.753E-02,1.057E-02,1.883E-02,1.460E+00,1.058E+00,-5.938E-01,1.179E+01,8.681E+00,3.874E+00,5.715E-01,2.928E+00,1.000E+00,3.805E-02,6.700E+00,1.054E+00,-6.479E-01,1.249E+01,9.135E+00,3.797E+00,6.312E-01,3.164E+00,1.000E+00,4.014E-02,5.781E+00,1.075E+00,-4.308E-01,8.287E+00,8.259E+00,3.858E+00,4.473E-01,2.973E+00,1.000E+00,7.040E-02,4.660E+00,1.062E+00,-6.301E-01,1.219E+01,8.790E+00,3.849E+00,6.017E-01,3.001E+00,1.000E+00,2.684E-02,8.464E+00
8.700E+01,0.000E+00,0.000E+00,0.000E+00,0.000E+00,2.248E-03,0.000E+00,2.658E-03,2.857E-03,3.012E-03,8.875E-03,5.325E-03,9.516E-03,7.376E-01,9.823E-01,-6.474E-01,9.976E+00,1.490E+01,3.724E+00,6.785E-01,3.409E+00,1.000E+00,3.270E-02,7.578E+00,9.678E-01,-7.896E-01,2.548E+01,9.313E+00,3.822E+00,7.083E-01,3.084E+00,1.000E+00,3.174E-02,7.026E+00,1.102E+00,-5.089E-01,8.794E+00,8.161E+00,3.879E+00,5.298E-01,2.912E+00,1.000E+00,6.752E-02,4.827E+00,7.022E-01,-5.749E-01,8.119E+00,1.636E+02,3.571E+00,6.936E-01,3.995E+00,1.000E+00,1.890E-02,1.170E+01
8.800E+01,0.000E+00,0.000E+00,0.000E+00,0.000E+00,3.906E-06,0.000E+00,6.152E-05,7.227E-05,7.910E-05,2.197E-04,8.496E-05,2.061E-04,1.503E-02,9.638E-01,-7.011E-01,8.165E+00,2.112E+01,3.596E+00,7.854E-01,3.891E+00,1.000E+00,2.734E-02,8.455E+00,9.475E-01,-9.312E-01,3.846E+01,9.491E+00,3.848E+00,7.854E-01,3.005E+00,1.000E+00,2.335E-02,8.271E+00,1.127E+00,-5.871E-01,9.300E+00,8.063E+00,3.900E+00,6.124E-01,2.851E+00,1.000E+00,6.464E-02,4.994E+00,8.169E-01,-5.198E-01,4.048E+00,3.185E+02,3.360E+00,7.854E-01,4.990E+00,1.000E+00,1.096E-02,1.494E+01
8.900E+01,0.000E+00,0.000E+00,0.000E+00,0.000E+00,0.000E+00,0.000E+00,9.766E-07,9.766E-07,0.000E+00,4.883E-06,9.766E-07,2.930E-06,-5.484E-04,3.142E+00,0.000E+00,0.000E+00,0.000E+00,9.870E+00,0.000E+00,0.000E+00,0.000E+00,0.000E+00,0.000E+00,3.142E+00,0.000E+00,0.000E+00,0.000E+00,9.870E+00,0.000E+00,0.000E+00,0.000E+00,0.000E+00,0.000E+00,3.142E+00,0.000E+00,0.000E+00,0.000E+00,9.870E+00,0.000E+00,0.000E+00,0.000E+00,0.000E+00,0.000E+00,3.142E+00,0.000E+00,0.000E+00,0.000E+00,9.870E+00,0.000E+00,0.000E+00,0.000E+00,0.000E+00,0.000E+00
