alpha,H,He,Na,Al,Si,O,Na_1,O_1,Si_2,O_2,Al_3,O_3,amu/ion,thetaK_Al,thetaTilt_Al,thetaM_Al,thetaN_Al,3dK_Al,3dTilt_Al,3dM_Al,3dN_Al,energyK_Al,energyE_Al,thetaK_Na,thetaTilt_Na,thetaM_Na,thetaN_Na,3dK_Na,3dTilt_Na,3dM_Na,3dN_Na,energyK_Na,energyE_Na,thetaK_O,thetaTilt_O,thetaM_O,thetaN_O,3dK_O,3dTilt_O,3dM_O,3dN_O,energyK_O,energyE_O,thetaK_Si,thetaTilt_Si,thetaM_Si,thetaN_Si,3dK_Si,3dTilt_Si,3dM_Si,3dN_Si,energyK_Si,energyE_Si
0.000E+00,0.000E+00,0.000E+00,1.104E-03,0.000E+00,2.109E-03,0.000E+00,0.000E+00,0.000E+00,1.232E-03,5.733E-03,1.126E-03,2.765E-03,2.853E-01,1.778E+00,1.437E-04,1.506E+00,1.357E+00,4.935E+00,0.000E+00,1.000E+00,1.000E+00,7.165E-02,4.170E+00,1.750E+00,6.793E-03,1.412E+00,1.583E+00,4.935E+00,3.496E-03,1.000E+00,1.000E+00,3.132E-01,1.247E+00,1.715E+00,1.440E-02,1.521E+00,1.646E+00,4.935E+00,0.000E+00,1.000E+00,1.000E+00,1.134E-01,3.137E+00,1.771E+00,1.496E-03,1.394E+00,1.502E+00,4.935E+00,0.000E+00,1.000E+00,1.000E+00,6.231E-02,4.604E+00
1.000E+00,0.000E+00,0.000E+00,1.110E-03,0.000E+00,2.103E-03,0.000E+00,0.000E+00,0.000E+00,1.253E-03,5.788E-03,1.132E-03,2.771E-03,2.870E-01,1.771E+00,-1.678E-02,1.593E+00,1.393E+00,4.935E+00,1.210E-02,1.000E+00,1.000E+00,7.201E-02,4.155E+00,1.735E+00,1.720E-03,1.443E+00,1.628E+00,4.935E+00,1.085E-02,1.000E+00,1.000E+00,3.124E-01,1.250E+00,1.699E+00,-1.549E-04,1.585E+00,1.664E+00,4.935E+00,8.935E-03,1.000E+00,1.000E+00,1.134E-01,3.138E+00,1.768E+00,-3.256E-03,1.388E+00,1.540E+00,4.935E+00,8.000E-03,1.000E+00,1.000E+00,6.213E-02,4.614E+00
2.000E+00,0.000E+00,0.000E+00,1.116E-03,0.000E+00,2.096E-03,0.000E+00,0.000E+00,0.000E+00,1.273E-03,5.842E-03,1.138E-03,2.778E-03,2.888E-01,1.765E+00,-3.370E-02,1.681E+00,1.429E+00,4.935E+00,2.420E-02,1.000E+00,1.000E+00,7.236E-02,4.139E+00,1.723E+00,-3.354E-03,1.475E+00,1.673E+00,4.935E+00,1.821E-02,1.000E+00,1.000E+00,3.115E-01,1.252E+00,1.699E+00,-1.471E-02,1.650E+00,1.682E+00,4.935E+00,1.787E-02,1.000E+00,1.000E+00,1.134E-01,3.138E+00,1.767E+00,-8.008E-03,1.382E+00,1.577E+00,4.935E+00,1.600E-02,1.000E+00,1.000E+00,6.194E-02,4.625E+00
3.000E+00,0.000E+00,0.000E+00,1.121E-03,0.000E+00,2.089E-03,0.000E+00,0.000E+00,0.000E+00,1.294E-03,5.896E-03,1.145E-03,2.784E-03,2.906E-01,1.759E+00,-5.062E-02,1.768E+00,1.465E+00,4.935E+00,3.630E-02,1.000E+00,1.000E+00,7.271E-02,4.124E+00,1.714E+00,-8.427E-03,1.506E+00,1.718E+00,4.935E+00,2.557E-02,1.000E+00,1.000E+00,3.107E-01,1.255E+00,1.699E+00,-2.927E-02,1.714E+00,1.699E+00,4.935E+00,2.681E-02,1.000E+00,1.000E+00,1.134E-01,3.138E+00,1.766E+00,-1.276E-02,1.376E+00,1.615E+00,4.935E+00,2.400E-02,1.000E+00,1.000E+00,6.176E-02,4.635E+00
4.000E+00,0.000E+00,0.000E+00,1.124E-03,0.000E+00,2.086E-03,0.000E+00,0.000E+00,0.000E+00,1.304E-03,5.924E-03,1.148E-03,2.787E-03,2.915E-01,1.756E+00,-5.908E-02,1.812E+00,1.483E+00,4.935E+00,4.235E-02,1.000E+00,1.000E+00,7.288E-02,4.116E+00,1.709E+00,-1.096E-02,1.521E+00,1.740E+00,4.935E+00,2.924E-02,1.000E+00,1.000E+00,3.103E-01,1.257E+00,1.699E+00,-3.655E-02,1.746E+00,1.708E+00,4.935E+00,3.127E-02,1.000E+00,1.000E+00,1.134E-01,3.138E+00,1.766E+00,-1.514E-02,1.373E+00,1.634E+00,4.935E+00,2.800E-02,1.000E+00,1.000E+00,6.167E-02,4.640E+00
5.000E+00,0.000E+00,0.000E+00,1.127E-03,0.000E+00,2.083E-03,0.000E+00,0.000E+00,0.000E+00,1.314E-03,5.951E-03,1.151E-03,2.791E-03,2.924E-01,1.753E+00,-6.755E-02,1.856E+00,1.501E+00,4.935E+00,4.840E-02,1.000E+00,1.000E+00,7.306E-02,4.109E+00,1.705E+00,-1.350E-02,1.537E+00,1.763E+00,4.935E+00,3.292E-02,1.000E+00,1.000E+00,3.099E-01,1.258E+00,1.699E+00,-4.383E-02,1.778E+00,1.717E+00,4.935E+00,3.574E-02,1.000E+00,1.000E+00,1.134E-01,3.138E+00,1.766E+00,-1.751E-02,1.370E+00,1.653E+00,4.935E+00,3.200E-02,1.000E+00,1.000E+00,6.158E-02,4.646E+00
6.000E+00,0.000E+00,0.000E+00,1.133E-03,0.000E+00,2.076E-03,0.000E+00,0.000E+00,0.000E+00,1.335E-03,6.005E-03,1.157E-03,2.797E-03,2.941E-01,1.748E+00,-8.447E-02,1.943E+00,1.537E+00,4.935E+00,6.049E-02,1.000E+00,1.000E+00,7.341E-02,4.093E+00,1.696E+00,-1.857E-02,1.568E+00,1.808E+00,4.935E+00,4.028E-02,1.000E+00,1.000E+00,3.091E-01,1.261E+00,1.700E+00,-5.839E-02,1.842E+00,1.734E+00,4.935E+00,4.468E-02,1.000E+00,1.000E+00,1.134E-01,3.139E+00,1.765E+00,-2.226E-02,1.364E+00,1.691E+00,4.935E+00,4.000E-02,1.000E+00,1.000E+00,6.140E-02,4.656E+00
7.000E+00,0.000E+00,0.000E+00,1.138E-03,0.000E+00,2.069E-03,0.000E+00,0.000E+00,0.000E+00,1.355E-03,6.059E-03,1.163E-03,2.803E-03,2.959E-01,1.744E+00,-1.014E-01,2.031E+00,1.573E+00,4.935E+00,7.259E-02,1.000E+00,1.000E+00,7.376E-02,4.078E+00,1.688E+00,-2.365E-02,1.599E+00,1.852E+00,4.935E+00,4.764E-02,1.000E+00,1.000E+00,3.083E-01,1.264E+00,1.700E+00,-7.295E-02,1.906E+00,1.752E+00,4.935E+00,5.361E-02,1.000E+00,1.000E+00,1.134E-01,3.139E+00,1.765E+00,-2.702E-02,1.358E+00,1.728E+00,4.935E+00,4.800E-02,1.000E+00,1.000E+00,6.122E-02,4.666E+00
8.000E+00,0.000E+00,0.000E+00,1.144E-03,0.000E+00,2.062E-03,0.000E+00,0.000E+00,0.000E+00,1.376E-03,6.114E-03,1.170E-03,2.810E-03,2.977E-01,1.739E+00,-1.183E-01,2.118E+00,1.609E+00,4.935E+00,8.469E-02,1.000E+00,1.000E+00,7.411E-02,4.063E+00,1.680E+00,-2.872E-02,1.630E+00,1.897E+00,4.935E+00,5.499E-02,1.000E+00,1.000E+00,3.075E-01,1.267E+00,1.701E+00,-8.751E-02,1.971E+00,1.770E+00,4.935E+00,6.255E-02,1.000E+00,1.000E+00,1.134E-01,3.139E+00,1.764E+00,-3.177E-02,1.352E+00,1.766E+00,4.935E+00,5.600E-02,1.000E+00,1.000E+00,6.104E-02,4.677E+00
9.000E+00,0.000E+00,0.000E+00,1.147E-03,0.000E+00,2.059E-03,0.000E+00,0.000E+00,0.000E+00,1.386E-03,6.141E-03,1.173E-03,2.813E-03,2.986E-01,1.737E+00,-1.268E-01,2.162E+00,1.627E+00,4.935E+00,9.074E-02,1.000E+00,1.000E+00,7.429E-02,4.055E+00,1.676E+00,-3.126E-02,1.646E+00,1.920E+00,4.935E+00,5.867E-02,1.000E+00,1.000E+00,3.071E-01,1.268E+00,1.701E+00,-9.479E-02,2.003E+00,1.778E+00,4.935E+00,6.701E-02,1.000E+00,1.000E+00,1.133E-01,3.140E+00,1.764E+00,-3.414E-02,1.349E+00,1.785E+00,4.935E+00,6.000E-02,1.000E+00,1.000E+00,6.095E-02,4.682E+00
1.000E+01,0.000E+00,0.000E+00,1.149E-03,0.000E+00,2.056E-03,0.000E+00,0.000E+00,0.000E+00,1.396E-03,6.168E-03,1.176E-03,2.816E-03,2.995E-01,1.735E+00,-1.352E-01,2.206E+00,1.645E+00,4.935E+00,9.679E-02,1.000E+00,1.000E+00,7.446E-02,4.047E+00,1.672E+00,-3.379E-02,1.661E+00,1.942E+00,4.935E+00,6.235E-02,1.000E+00,1.000E+00,3.067E-01,1.270E+00,1.702E+00,-1.021E-01,2.035E+00,1.787E+00,4.935E+00,7.148E-02,1.000E+00,1.000E+00,1.133E-01,3.140E+00,1.764E+00,-3.652E-02,1.346E+00,1.804E+00,4.935E+00,6.400E-02,1.000E+00,1.000E+00,6.086E-02,4.687E+00
1.100E+01,0.000E+00,0.000E+00,1.181E-03,0.000E+00,2.088E-03,0.000E+00,0.000E+00,0.000E+00,1.433E-03,6.343E-03,1.202E-03,2.870E-03,3.064E-01,1.725E+00,-1.396E-01,2.204E+00,1.717E+00,4.935E+00,1.037E-01,1.000E+00,1.000E+00,7.412E-02,4.062E+00,1.670E+00,-4.711E-02,1.722E+00,1.967E+00,4.935E+00,7.102E-02,1.000E+00,1.000E+00,3.064E-01,1.271E+00,1.703E+00,-1.107E-01,2.073E+00,1.794E+00,4.935E+00,7.870E-02,1.000E+00,1.000E+00,1.131E-01,3.146E+00,1.762E+00,-4.898E-02,1.401E+00,1.817E+00,4.935E+00,7.246E-02,1.000E+00,1.000E+00,6.089E-02,4.685E+00
1.200E+01,0.000E+00,0.000E+00,1.212E-03,0.000E+00,2.121E-03,0.000E+00,0.000E+00,0.000E+00,1.469E-03,6.517E-03,1.228E-03,2.925E-03,3.133E-01,1.715E+00,-1.439E-01,2.203E+00,1.790E+00,4.935E+00,1.106E-01,1.000E+00,1.000E+00,7.379E-02,4.077E+00,1.668E+00,-6.043E-02,1.782E+00,1.991E+00,4.935E+00,7.968E-02,1.000E+00,1.000E+00,3.062E-01,1.272E+00,1.704E+00,-1.194E-01,2.111E+00,1.801E+00,4.935E+00,8.592E-02,1.000E+00,1.000E+00,1.128E-01,3.153E+00,1.760E+00,-6.145E-02,1.455E+00,1.830E+00,4.935E+00,8.091E-02,1.000E+00,1.000E+00,6.092E-02,4.684E+00
1.300E+01,0.000E+00,0.000E+00,1.243E-03,0.000E+00,2.153E-03,0.000E+00,0.000E+00,0.000E+00,1.506E-03,6.692E-03,1.254E-03,2.979E-03,3.202E-01,1.706E+00,-1.482E-01,2.201E+00,1.862E+00,4.935E+00,1.175E-01,1.000E+00,1.000E+00,7.345E-02,4.092E+00,1.667E+00,-7.374E-02,1.843E+00,2.015E+00,4.935E+00,8.835E-02,1.000E+00,1.000E+00,3.060E-01,1.273E+00,1.705E+00,-1.281E-01,2.149E+00,1.808E+00,4.935E+00,9.314E-02,1.000E+00,1.000E+00,1.125E-01,3.160E+00,1.758E+00,-7.392E-02,1.510E+00,1.843E+00,4.935E+00,8.937E-02,1.000E+00,1.000E+00,6.094E-02,4.682E+00
1.400E+01,0.000E+00,0.000E+00,1.259E-03,0.000E+00,2.169E-03,0.000E+00,0.000E+00,0.000E+00,1.524E-03,6.779E-03,1.267E-03,3.006E-03,3.236E-01,1.702E+00,-1.504E-01,2.201E+00,1.899E+00,4.935E+00,1.210E-01,1.000E+00,1.000E+00,7.328E-02,4.099E+00,1.666E+00,-8.040E-02,1.873E+00,2.028E+00,4.935E+00,9.269E-02,1.000E+00,1.000E+00,3.058E-01,1.273E+00,1.706E+00,-1.324E-01,2.168E+00,1.812E+00,4.935E+00,9.675E-02,1.000E+00,1.000E+00,1.124E-01,3.163E+00,1.758E+00,-8.015E-02,1.537E+00,1.849E+00,4.935E+00,9.360E-02,1.000E+00,1.000E+00,6.096E-02,4.681E+00
1.500E+01,0.000E+00,0.000E+00,1.274E-03,0.000E+00,2.186E-03,0.000E+00,0.000E+00,0.000E+00,1.542E-03,6.866E-03,1.280E-03,3.033E-03,3.271E-01,1.697E+00,-1.525E-01,2.200E+00,1.935E+00,4.935E+00,1.244E-01,1.000E+00,1.000E+00,7.311E-02,4.106E+00,1.666E+00,-8.706E-02,1.903E+00,2.040E+00,4.935E+00,9.702E-02,1.000E+00,1.000E+00,3.057E-01,1.273E+00,1.706E+00,-1.368E-01,2.187E+00,1.816E+00,4.935E+00,1.004E-01,1.000E+00,1.000E+00,1.122E-01,3.166E+00,1.757E+00,-8.638E-02,1.565E+00,1.856E+00,4.935E+00,9.783E-02,1.000E+00,1.000E+00,6.097E-02,4.681E+00
1.600E+01,0.000E+00,0.000E+00,1.306E-03,0.000E+00,2.218E-03,0.000E+00,0.000E+00,0.000E+00,1.578E-03,7.041E-03,1.306E-03,3.087E-03,3.340E-01,1.689E+00,-1.568E-01,2.198E+00,2.007E+00,4.935E+00,1.313E-01,1.000E+00,1.000E+00,7.277E-02,4.121E+00,1.664E+00,-1.004E-01,1.964E+00,2.064E+00,4.935E+00,1.057E-01,1.000E+00,1.000E+00,3.055E-01,1.274E+00,1.707E+00,-1.454E-01,2.225E+00,1.823E+00,4.935E+00,1.076E-01,1.000E+00,1.000E+00,1.119E-01,3.173E+00,1.756E+00,-9.885E-02,1.619E+00,1.869E+00,4.935E+00,1.063E-01,1.000E+00,1.000E+00,6.100E-02,4.679E+00
1.700E+01,0.000E+00,0.000E+00,1.337E-03,0.000E+00,2.250E-03,0.000E+00,0.000E+00,0.000E+00,1.615E-03,7.215E-03,1.333E-03,3.141E-03,3.409E-01,1.681E+00,-1.612E-01,2.197E+00,2.080E+00,4.935E+00,1.382E-01,1.000E+00,1.000E+00,7.244E-02,4.136E+00,1.663E+00,-1.137E-01,2.024E+00,2.089E+00,4.935E+00,1.144E-01,1.000E+00,1.000E+00,3.052E-01,1.275E+00,1.709E+00,-1.541E-01,2.263E+00,1.830E+00,4.935E+00,1.148E-01,1.000E+00,1.000E+00,1.117E-01,3.180E+00,1.754E+00,-1.113E-01,1.674E+00,1.882E+00,4.935E+00,1.147E-01,1.000E+00,1.000E+00,6.103E-02,4.677E+00
1.800E+01,0.000E+00,0.000E+00,1.368E-03,0.000E+00,2.283E-03,0.000E+00,0.000E+00,0.000E+00,1.651E-03,7.390E-03,1.359E-03,3.195E-03,3.478E-01,1.674E+00,-1.655E-01,2.195E+00,2.152E+00,4.935E+00,1.451E-01,1.000E+00,1.000E+00,7.210E-02,4.151E+00,1.662E+00,-1.270E-01,2.085E+00,2.113E+00,4.935E+00,1.230E-01,1.000E+00,1.000E+00,3.050E-01,1.276E+00,1.710E+00,-1.628E-01,2.301E+00,1.837E+00,4.935E+00,1.220E-01,1.000E+00,1.000E+00,1.114E-01,3.186E+00,1.753E+00,-1.238E-01,1.729E+00,1.895E+00,4.935E+00,1.232E-01,1.000E+00,1.000E+00,6.105E-02,4.676E+00
1.900E+01,0.000E+00,0.000E+00,1.384E-03,0.000E+00,2.299E-03,0.000E+00,0.000E+00,0.000E+00,1.669E-03,7.477E-03,1.372E-03,3.222E-03,3.513E-01,1.670E+00,-1.676E-01,2.195E+00,2.188E+00,4.935E+00,1.486E-01,1.000E+00,1.000E+00,7.193E-02,4.158E+00,1.662E+00,-1.337E-01,2.115E+00,2.125E+00,4.935E+00,1.274E-01,1.000E+00,1.000E+00,3.049E-01,1.277E+00,1.711E+00,-1.671E-01,2.321E+00,1.840E+00,4.935E+00,1.256E-01,1.000E+00,1.000E+00,1.112E-01,3.190E+00,1.753E+00,-1.300E-01,1.756E+00,1.902E+00,4.935E+00,1.274E-01,1.000E+00,1.000E+00,6.107E-02,4.675E+00
2.000E+01,0.000E+00,0.000E+00,1.399E-03,0.000E+00,2.315E-03,0.000E+00,0.000E+00,0.000E+00,1.688E-03,7.564E-03,1.385E-03,3.249E-03,3.547E-01,1.666E+00,-1.698E-01,2.194E+00,2.224E+00,4.935E+00,1.520E-01,1.000E+00,1.000E+00,7.176E-02,4.165E+00,1.661E+00,-1.403E-01,2.145E+00,2.137E+00,4.935E+00,1.317E-01,1.000E+00,1.000E+00,3.048E-01,1.277E+00,1.711E+00,-1.715E-01,2.340E+00,1.844E+00,4.935E+00,1.292E-01,1.000E+00,1.000E+00,1.111E-01,3.193E+00,1.752E+00,-1.362E-01,1.783E+00,1.908E+00,4.935E+00,1.317E-01,1.000E+00,1.000E+00,6.108E-02,4.674E+00
2.100E+01,0.000E+00,0.000E+00,1.433E-03,0.000E+00,2.391E-03,0.000E+00,0.000E+00,0.000E+00,1.742E-03,7.784E-03,1.427E-03,3.364E-03,3.657E-01,1.675E+00,-1.865E-01,2.292E+00,2.169E+00,4.935E+00,1.587E-01,1.000E+00,1.000E+00,7.148E-02,4.178E+00,1.652E+00,-1.622E-01,2.393E+00,2.102E+00,4.935E+00,1.395E-01,1.000E+00,1.000E+00,3.036E-01,1.281E+00,1.709E+00,-1.888E-01,2.485E+00,1.839E+00,4.935E+00,1.377E-01,1.000E+00,1.000E+00,1.104E-01,3.210E+00,1.760E+00,-1.614E-01,1.922E+00,1.858E+00,4.935E+00,1.417E-01,1.000E+00,1.000E+00,6.058E-02,4.705E+00
2.200E+01,0.000E+00,0.000E+00,1.466E-03,0.000E+00,2.467E-03,0.000E+00,0.000E+00,0.000E+00,1.796E-03,8.003E-03,1.469E-03,3.479E-03,3.767E-01,1.685E+00,-2.031E-01,2.391E+00,2.113E+00,4.935E+00,1.654E-01,1.000E+00,1.000E+00,7.121E-02,4.191E+00,1.646E+00,-1.841E-01,2.640E+00,2.068E+00,4.935E+00,1.473E-01,1.000E+00,1.000E+00,3.024E-01,1.286E+00,1.707E+00,-2.061E-01,2.630E+00,1.834E+00,4.935E+00,1.462E-01,1.000E+00,1.000E+00,1.098E-01,3.226E+00,1.769E+00,-1.866E-01,2.061E+00,1.807E+00,4.935E+00,1.517E-01,1.000E+00,1.000E+00,6.007E-02,4.736E+00
2.300E+01,0.000E+00,0.000E+00,1.500E-03,0.000E+00,2.542E-03,0.000E+00,0.000E+00,0.000E+00,1.850E-03,8.222E-03,1.511E-03,3.593E-03,3.876E-01,1.695E+00,-2.198E-01,2.490E+00,2.058E+00,4.935E+00,1.720E-01,1.000E+00,1.000E+00,7.093E-02,4.204E+00,1.644E+00,-2.059E-01,2.887E+00,2.033E+00,4.935E+00,1.551E-01,1.000E+00,1.000E+00,3.013E-01,1.290E+00,1.707E+00,-2.234E-01,2.775E+00,1.829E+00,4.935E+00,1.546E-01,1.000E+00,1.000E+00,1.091E-01,3.243E+00,1.780E+00,-2.117E-01,2.200E+00,1.756E+00,4.935E+00,1.617E-01,1.000E+00,1.000E+00,5.957E-02,4.767E+00
2.400E+01,0.000E+00,0.000E+00,1.516E-03,0.000E+00,2.580E-03,0.000E+00,0.000E+00,0.000E+00,1.877E-03,8.331E-03,1.533E-03,3.651E-03,3.931E-01,1.701E+00,-2.282E-01,2.539E+00,2.030E+00,4.935E+00,1.754E-01,1.000E+00,1.000E+00,7.079E-02,4.210E+00,1.643E+00,-2.169E-01,3.011E+00,2.015E+00,4.935E+00,1.589E-01,1.000E+00,1.000E+00,3.007E-01,1.292E+00,1.706E+00,-2.320E-01,2.847E+00,1.827E+00,4.935E+00,1.589E-01,1.000E+00,1.000E+00,1.088E-01,3.251E+00,1.786E+00,-2.243E-01,2.270E+00,1.731E+00,4.935E+00,1.667E-01,1.000E+00,1.000E+00,5.932E-02,4.783E+00
2.500E+01,0.000E+00,0.000E+00,1.533E-03,0.000E+00,2.618E-03,0.000E+00,0.000E+00,0.000E+00,1.904E-03,8.441E-03,1.554E-03,3.708E-03,3.986E-01,1.706E+00,-2.365E-01,2.588E+00,2.002E+00,4.935E+00,1.787E-01,1.000E+00,1.000E+00,7.065E-02,4.217E+00,1.643E+00,-2.278E-01,3.135E+00,1.998E+00,4.935E+00,1.628E-01,1.000E+00,1.000E+00,3.001E-01,1.295E+00,1.707E+00,-2.407E-01,2.920E+00,1.825E+00,4.935E+00,1.631E-01,1.000E+00,1.000E+00,1.085E-01,3.260E+00,1.793E+00,-2.369E-01,2.340E+00,1.706E+00,4.935E+00,1.717E-01,1.000E+00,1.000E+00,5.906E-02,4.798E+00
2.600E+01,0.000E+00,0.000E+00,1.567E-03,0.000E+00,2.693E-03,0.000E+00,0.000E+00,0.000E+00,1.958E-03,8.660E-03,1.596E-03,3.823E-03,4.096E-01,1.718E+00,-2.532E-01,2.687E+00,1.946E+00,4.935E+00,1.854E-01,1.000E+00,1.000E+00,7.037E-02,4.230E+00,1.645E+00,-2.497E-01,3.382E+00,1.963E+00,4.935E+00,1.706E-01,1.000E+00,1.000E+00,2.990E-01,1.299E+00,1.707E+00,-2.580E-01,3.065E+00,1.820E+00,4.935E+00,1.716E-01,1.000E+00,1.000E+00,1.078E-01,3.276E+00,1.806E+00,-2.621E-01,2.479E+00,1.655E+00,4.935E+00,1.817E-01,1.000E+00,1.000E+00,5.856E-02,4.829E+00
2.700E+01,0.000E+00,0.000E+00,1.600E-03,0.000E+00,2.769E-03,0.000E+00,0.000E+00,0.000E+00,2.012E-03,8.879E-03,1.638E-03,3.938E-03,4.205E-01,1.731E+00,-2.698E-01,2.785E+00,1.891E+00,4.935E+00,1.920E-01,1.000E+00,1.000E+00,7.009E-02,4.243E+00,1.648E+00,-2.716E-01,3.630E+00,1.928E+00,4.935E+00,1.784E-01,1.000E+00,1.000E+00,2.978E-01,1.303E+00,1.709E+00,-2.753E-01,3.210E+00,1.815E+00,4.935E+00,1.801E-01,1.000E+00,1.000E+00,1.072E-01,3.293E+00,1.821E+00,-2.872E-01,2.618E+00,1.604E+00,4.935E+00,1.917E-01,1.000E+00,1.000E+00,5.805E-02,4.860E+00
2.800E+01,0.000E+00,0.000E+00,1.634E-03,0.000E+00,2.844E-03,0.000E+00,0.000E+00,0.000E+00,2.066E-03,9.098E-03,1.680E-03,4.052E-03,4.315E-01,1.744E+00,-2.865E-01,2.884E+00,1.835E+00,4.935E+00,1.987E-01,1.000E+00,1.000E+00,6.981E-02,4.256E+00,1.654E+00,-2.934E-01,3.877E+00,1.893E+00,4.935E+00,1.862E-01,1.000E+00,1.000E+00,2.967E-01,1.308E+00,1.711E+00,-2.926E-01,3.355E+00,1.810E+00,4.935E+00,1.885E-01,1.000E+00,1.000E+00,1.065E-01,3.310E+00,1.837E+00,-3.124E-01,2.757E+00,1.553E+00,4.935E+00,2.017E-01,1.000E+00,1.000E+00,5.755E-02,4.891E+00
2.900E+01,0.000E+00,0.000E+00,1.650E-03,0.000E+00,2.882E-03,0.000E+00,0.000E+00,0.000E+00,2.093E-03,9.208E-03,1.702E-03,4.110E-03,4.370E-01,1.751E+00,-2.948E-01,2.933E+00,1.807E+00,4.935E+00,2.020E-01,1.000E+00,1.000E+00,6.967E-02,4.262E+00,1.657E+00,-3.044E-01,4.001E+00,1.876E+00,4.935E+00,1.901E-01,1.000E+00,1.000E+00,2.961E-01,1.310E+00,1.712E+00,-3.013E-01,3.428E+00,1.808E+00,4.935E+00,1.928E-01,1.000E+00,1.000E+00,1.062E-01,3.318E+00,1.846E+00,-3.250E-01,2.826E+00,1.528E+00,4.935E+00,2.067E-01,1.000E+00,1.000E+00,5.730E-02,4.907E+00
3.000E+01,0.000E+00,0.000E+00,1.667E-03,0.000E+00,2.920E-03,0.000E+00,0.000E+00,0.000E+00,2.120E-03,9.317E-03,1.723E-03,4.167E-03,4.425E-01,1.758E+00,-3.032E-01,2.983E+00,1.780E+00,4.935E+00,2.054E-01,1.000E+00,1.000E+00,6.954E-02,4.268E+00,1.660E+00,-3.153E-01,4.124E+00,1.859E+00,4.935E+00,1.940E-01,1.000E+00,1.000E+00,2.955E-01,1.312E+00,1.713E+00,-3.099E-01,3.500E+00,1.805E+00,4.935E+00,1.970E-01,1.000E+00,1.000E+00,1.058E-01,3.326E+00,1.855E+00,-3.376E-01,2.896E+00,1.503E+00,4.935E+00,2.117E-01,1.000E+00,1.000E+00,5.705E-02,4.922E+00
3.100E+01,0.000E+00,0.000E+00,1.817E-03,0.000E+00,3.108E-03,0.000E+00,0.000E+00,1.221E-07,2.332E-03,1.014E-02,1.858E-03,4.409E-03,4.779E-01,1.736E+00,-3.321E-01,3.420E+00,1.807E+00,4.935E+00,2.214E-01,1.000E+00,1.000E+00,6.914E-02,4.288E+00,1.644E+00,-3.061E-01,3.998E+00,1.949E+00,4.935E+00,1.944E-01,1.000E+00,1.000E+00,2.948E-01,1.315E+00,1.706E+00,-3.153E-01,3.546E+00,1.843E+00,4.935E+00,2.036E-01,1.000E+00,1.000E+00,1.054E-01,3.337E+00,1.832E+00,-3.672E-01,3.360E+00,1.518E+00,4.935E+00,2.259E-01,1.000E+00,1.000E+00,5.669E-02,4.946E+00
3.200E+01,0.000E+00,0.000E+00,1.892E-03,0.000E+00,3.202E-03,0.000E+00,0.000E+00,1.831E-07,2.438E-03,1.056E-02,1.925E-03,4.530E-03,4.956E-01,1.726E+00,-3.466E-01,3.639E+00,1.821E+00,4.935E+00,2.294E-01,1.000E+00,1.000E+00,6.894E-02,4.298E+00,1.637E+00,-3.015E-01,3.935E+00,1.994E+00,4.935E+00,1.946E-01,1.000E+00,1.000E+00,2.945E-01,1.316E+00,1.702E+00,-3.180E-01,3.569E+00,1.862E+00,4.935E+00,2.069E-01,1.000E+00,1.000E+00,1.052E-01,3.342E+00,1.823E+00,-3.820E-01,3.592E+00,1.525E+00,4.935E+00,2.330E-01,1.000E+00,1.000E+00,5.652E-02,4.958E+00
3.300E+01,0.000E+00,0.000E+00,1.968E-03,0.000E+00,3.296E-03,0.000E+00,0.000E+00,2.441E-07,2.544E-03,1.097E-02,1.993E-03,4.650E-03,5.133E-01,1.718E+00,-3.611E-01,3.858E+00,1.835E+00,4.935E+00,2.374E-01,1.000E+00,1.000E+00,6.874E-02,4.308E+00,1.630E+00,-2.969E-01,3.872E+00,2.039E+00,4.935E+00,1.948E-01,1.000E+00,1.000E+00,2.942E-01,1.317E+00,1.699E+00,-3.207E-01,3.592E+00,1.880E+00,4.935E+00,2.103E-01,1.000E+00,1.000E+00,1.051E-01,3.348E+00,1.815E+00,-3.968E-01,3.824E+00,1.533E+00,4.935E+00,2.401E-01,1.000E+00,1.000E+00,5.634E-02,4.970E+00
3.400E+01,0.000E+00,0.000E+00,2.043E-03,0.000E+00,3.390E-03,0.000E+00,0.000E+00,3.052E-07,2.650E-03,1.138E-02,2.060E-03,4.771E-03,5.310E-01,1.711E+00,-3.755E-01,4.077E+00,1.849E+00,4.935E+00,2.454E-01,1.000E+00,1.000E+00,6.854E-02,4.318E+00,1.623E+00,-2.922E-01,3.809E+00,2.085E+00,4.935E+00,1.950E-01,1.000E+00,1.000E+00,2.939E-01,1.319E+00,1.695E+00,-3.234E-01,3.615E+00,1.899E+00,4.935E+00,2.136E-01,1.000E+00,1.000E+00,1.049E-01,3.353E+00,1.808E+00,-4.115E-01,4.056E+00,1.540E+00,4.935E+00,2.472E-01,1.000E+00,1.000E+00,5.617E-02,4.982E+00
3.500E+01,0.000E+00,0.000E+00,2.118E-03,0.000E+00,3.484E-03,0.000E+00,0.000E+00,3.662E-07,2.755E-03,1.180E-02,2.128E-03,4.892E-03,5.487E-01,1.704E+00,-3.900E-01,4.296E+00,1.863E+00,4.935E+00,2.534E-01,1.000E+00,1.000E+00,6.834E-02,4.327E+00,1.617E+00,-2.876E-01,3.745E+00,2.130E+00,4.935E+00,1.952E-01,1.000E+00,1.000E+00,2.935E-01,1.320E+00,1.692E+00,-3.261E-01,3.638E+00,1.918E+00,4.935E+00,2.169E-01,1.000E+00,1.000E+00,1.047E-01,3.358E+00,1.802E+00,-4.263E-01,4.287E+00,1.548E+00,4.935E+00,2.543E-01,1.000E+00,1.000E+00,5.599E-02,4.994E+00
3.600E+01,0.000E+00,0.000E+00,2.193E-03,0.000E+00,3.577E-03,0.000E+00,0.000E+00,4.272E-07,2.861E-03,1.221E-02,2.196E-03,5.013E-03,5.664E-01,1.698E+00,-4.045E-01,4.515E+00,1.877E+00,4.935E+00,2.614E-01,1.000E+00,1.000E+00,6.814E-02,4.337E+00,1.611E+00,-2.830E-01,3.682E+00,2.175E+00,4.935E+00,1.954E-01,1.000E+00,1.000E+00,2.932E-01,1.321E+00,1.689E+00,-3.288E-01,3.661E+00,1.937E+00,4.935E+00,2.202E-01,1.000E+00,1.000E+00,1.045E-01,3.364E+00,1.797E+00,-4.411E-01,4.519E+00,1.555E+00,4.935E+00,2.615E-01,1.000E+00,1.000E+00,5.581E-02,5.006E+00
3.700E+01,0.000E+00,0.000E+00,2.268E-03,0.000E+00,3.671E-03,0.000E+00,0.000E+00,4.883E-07,2.967E-03,1.262E-02,2.263E-03,5.134E-03,5.841E-01,1.693E+00,-4.189E-01,4.734E+00,1.891E+00,4.935E+00,2.694E-01,1.000E+00,1.000E+00,6.794E-02,4.347E+00,1.605E+00,-2.784E-01,3.619E+00,2.220E+00,4.935E+00,1.955E-01,1.000E+00,1.000E+00,2.929E-01,1.323E+00,1.685E+00,-3.315E-01,3.684E+00,1.956E+00,4.935E+00,2.235E-01,1.000E+00,1.000E+00,1.043E-01,3.369E+00,1.793E+00,-4.559E-01,4.751E+00,1.563E+00,4.935E+00,2.686E-01,1.000E+00,1.000E+00,5.564E-02,5.018E+00
3.800E+01,0.000E+00,0.000E+00,2.343E-03,0.000E+00,3.765E-03,0.000E+00,0.000E+00,5.493E-07,3.073E-03,1.304E-02,2.331E-03,5.255E-03,6.018E-01,1.688E+00,-4.334E-01,4.953E+00,1.905E+00,4.935E+00,2.774E-01,1.000E+00,1.000E+00,6.775E-02,4.357E+00,1.599E+00,-2.738E-01,3.556E+00,2.265E+00,4.935E+00,1.957E-01,1.000E+00,1.000E+00,2.926E-01,1.324E+00,1.682E+00,-3.342E-01,3.706E+00,1.975E+00,4.935E+00,2.268E-01,1.000E+00,1.000E+00,1.041E-01,3.374E+00,1.789E+00,-4.707E-01,4.983E+00,1.570E+00,4.935E+00,2.757E-01,1.000E+00,1.000E+00,5.546E-02,5.030E+00
3.900E+01,0.000E+00,0.000E+00,2.418E-03,0.000E+00,3.859E-03,0.000E+00,0.000E+00,6.104E-07,3.179E-03,1.345E-02,2.398E-03,5.375E-03,6.195E-01,1.684E+00,-4.479E-01,5.172E+00,1.919E+00,4.935E+00,2.854E-01,1.000E+00,1.000E+00,6.755E-02,4.367E+00,1.594E+00,-2.692E-01,3.493E+00,2.311E+00,4.935E+00,1.959E-01,1.000E+00,1.000E+00,2.922E-01,1.325E+00,1.679E+00,-3.369E-01,3.729E+00,1.993E+00,4.935E+00,2.301E-01,1.000E+00,1.000E+00,1.039E-01,3.380E+00,1.786E+00,-4.855E-01,5.215E+00,1.578E+00,4.935E+00,2.828E-01,1.000E+00,1.000E+00,5.528E-02,5.042E+00
4.000E+01,0.000E+00,0.000E+00,2.493E-03,0.000E+00,3.953E-03,0.000E+00,0.000E+00,6.714E-07,3.285E-03,1.386E-02,2.466E-03,5.496E-03,6.372E-01,1.681E+00,-4.624E-01,5.390E+00,1.933E+00,4.935E+00,2.934E-01,1.000E+00,1.000E+00,6.735E-02,4.377E+00,1.589E+00,-2.646E-01,3.430E+00,2.356E+00,4.935E+00,1.961E-01,1.000E+00,1.000E+00,2.919E-01,1.326E+00,1.676E+00,-3.395E-01,3.752E+00,2.012E+00,4.935E+00,2.335E-01,1.000E+00,1.000E+00,1.037E-01,3.385E+00,1.783E+00,-5.003E-01,5.447E+00,1.585E+00,4.935E+00,2.899E-01,1.000E+00,1.000E+00,5.511E-02,5.054E+00
4.100E+01,0.000E+00,0.000E+00,2.569E-03,0.000E+00,4.047E-03,0.000E+00,0.000E+00,7.324E-07,3.391E-03,1.428E-02,2.533E-03,5.617E-03,6.549E-01,1.677E+00,-4.768E-01,5.609E+00,1.947E+00,4.935E+00,3.014E-01,1.000E+00,1.000E+00,6.715E-02,4.386E+00,1.584E+00,-2.599E-01,3.367E+00,2.401E+00,4.935E+00,1.963E-01,1.000E+00,1.000E+00,2.916E-01,1.328E+00,1.672E+00,-3.422E-01,3.775E+00,2.031E+00,4.935E+00,2.368E-01,1.000E+00,1.000E+00,1.035E-01,3.390E+00,1.781E+00,-5.151E-01,5.679E+00,1.593E+00,4.935E+00,2.970E-01,1.000E+00,1.000E+00,5.493E-02,5.066E+00
4.200E+01,0.000E+00,0.000E+00,2.644E-03,0.000E+00,4.141E-03,0.000E+00,0.000E+00,7.935E-07,3.497E-03,1.469E-02,2.601E-03,5.738E-03,6.726E-01,1.675E+00,-4.913E-01,5.828E+00,1.960E+00,4.935E+00,3.094E-01,1.000E+00,1.000E+00,6.695E-02,4.396E+00,1.580E+00,-2.553E-01,3.304E+00,2.446E+00,4.935E+00,1.965E-01,1.000E+00,1.000E+00,2.913E-01,1.329E+00,1.669E+00,-3.449E-01,3.798E+00,2.050E+00,4.935E+00,2.401E-01,1.000E+00,1.000E+00,1.033E-01,3.396E+00,1.779E+00,-5.299E-01,5.911E+00,1.600E+00,4.935E+00,3.041E-01,1.000E+00,1.000E+00,5.476E-02,5.078E+00
4.300E+01,0.000E+00,0.000E+00,2.719E-03,0.000E+00,4.235E-03,0.000E+00,0.000E+00,8.545E-07,3.603E-03,1.510E-02,2.669E-03,5.859E-03,6.903E-01,1.672E+00,-5.058E-01,6.047E+00,1.974E+00,4.935E+00,3.174E-01,1.000E+00,1.000E+00,6.675E-02,4.406E+00,1.576E+00,-2.507E-01,3.240E+00,2.491E+00,4.935E+00,1.967E-01,1.000E+00,1.000E+00,2.909E-01,1.330E+00,1.666E+00,-3.476E-01,3.821E+00,2.069E+00,4.935E+00,2.434E-01,1.000E+00,1.000E+00,1.031E-01,3.401E+00,1.777E+00,-5.447E-01,6.143E+00,1.608E+00,4.935E+00,3.112E-01,1.000E+00,1.000E+00,5.458E-02,5.090E+00
4.400E+01,0.000E+00,0.000E+00,2.794E-03,0.000E+00,4.329E-03,0.000E+00,0.000E+00,9.155E-07,3.709E-03,1.552E-02,2.736E-03,5.980E-03,7.080E-01,1.670E+00,-5.202E-01,6.266E+00,1.988E+00,4.935E+00,3.254E-01,1.000E+00,1.000E+00,6.655E-02,4.416E+00,1.572E+00,-2.461E-01,3.177E+00,2.537E+00,4.935E+00,1.969E-01,1.000E+00,1.000E+00,2.906E-01,1.332E+00,1.663E+00,-3.503E-01,3.844E+00,2.087E+00,4.935E+00,2.467E-01,1.000E+00,1.000E+00,1.029E-01,3.406E+00,1.776E+00,-5.595E-01,6.375E+00,1.615E+00,4.935E+00,3.183E-01,1.000E+00,1.000E+00,5.440E-02,5.102E+00
4.500E+01,0.000E+00,0.000E+00,2.869E-03,0.000E+00,4.423E-03,0.000E+00,0.000E+00,9.766E-07,3.814E-03,1.593E-02,2.804E-03,6.101E-03,7.257E-01,1.668E+00,-5.347E-01,6.485E+00,2.002E+00,4.935E+00,3.334E-01,1.000E+00,1.000E+00,6.635E-02,4.426E+00,1.568E+00,-2.415E-01,3.114E+00,2.582E+00,4.935E+00,1.971E-01,1.000E+00,1.000E+00,2.903E-01,1.333E+00,1.660E+00,-3.530E-01,3.867E+00,2.106E+00,4.935E+00,2.500E-01,1.000E+00,1.000E+00,1.027E-01,3.412E+00,1.775E+00,-5.743E-01,6.607E+00,1.623E+00,4.935E+00,3.254E-01,1.000E+00,1.000E+00,5.423E-02,5.113E+00
4.600E+01,0.000E+00,0.000E+00,2.974E-03,0.000E+00,4.745E-03,0.000E+00,0.000E+00,4.883E-07,4.026E-03,1.662E-02,2.954E-03,6.631E-03,7.664E-01,1.707E+00,-5.596E-01,6.817E+00,1.836E+00,4.935E+00,3.251E-01,1.000E+00,1.000E+00,6.698E-02,4.394E+00,1.581E+00,-2.183E-01,2.749E+00,2.635E+00,4.935E+00,1.946E-01,1.000E+00,1.000E+00,2.878E-01,1.343E+00,1.662E+00,-3.674E-01,4.079E+00,2.070E+00,4.935E+00,2.511E-01,1.000E+00,1.000E+00,1.018E-01,3.438E+00,1.784E+00,-6.012E-01,7.184E+00,1.581E+00,4.935E+00,3.357E-01,1.000E+00,1.000E+00,5.383E-02,5.142E+00
4.700E+01,0.000E+00,0.000E+00,3.027E-03,0.000E+00,4.906E-03,0.000E+00,0.000E+00,2.441E-07,4.132E-03,1.697E-02,3.029E-03,6.897E-03,7.867E-01,1.729E+00,-5.721E-01,6.983E+00,1.753E+00,4.935E+00,3.210E-01,1.000E+00,1.000E+00,6.730E-02,4.378E+00,1.589E+00,-2.067E-01,2.566E+00,2.661E+00,4.935E+00,1.933E-01,1.000E+00,1.000E+00,2.866E-01,1.348E+00,1.664E+00,-3.746E-01,4.185E+00,2.052E+00,4.935E+00,2.517E-01,1.000E+00,1.000E+00,1.013E-01,3.451E+00,1.790E+00,-6.146E-01,7.472E+00,1.560E+00,4.935E+00,3.408E-01,1.000E+00,1.000E+00,5.363E-02,5.156E+00
4.800E+01,0.000E+00,0.000E+00,3.079E-03,0.000E+00,5.067E-03,0.000E+00,0.000E+00,0.000E+00,4.238E-03,1.731E-02,3.104E-03,7.162E-03,8.071E-01,1.752E+00,-5.846E-01,7.149E+00,1.670E+00,4.935E+00,3.168E-01,1.000E+00,1.000E+00,6.761E-02,4.362E+00,1.600E+00,-1.951E-01,2.383E+00,2.688E+00,4.935E+00,1.921E-01,1.000E+00,1.000E+00,2.854E-01,1.353E+00,1.665E+00,-3.818E-01,4.292E+00,2.033E+00,4.935E+00,2.523E-01,1.000E+00,1.000E+00,1.009E-01,3.464E+00,1.796E+00,-6.281E-01,7.760E+00,1.540E+00,4.935E+00,3.459E-01,1.000E+00,1.000E+00,5.344E-02,5.170E+00
4.900E+01,0.000E+00,0.000E+00,3.263E-03,0.000E+00,5.349E-03,0.000E+00,0.000E+00,0.000E+00,4.596E-03,1.888E-02,3.251E-03,7.292E-03,8.604E-01,1.678E+00,-5.160E-01,5.836E+00,2.021E+00,4.935E+00,3.206E-01,1.000E+00,1.000E+00,6.678E-02,4.404E+00,1.602E+00,-2.746E-01,3.468E+00,2.301E+00,4.935E+00,2.124E-01,1.000E+00,1.000E+00,2.817E-01,1.369E+00,1.653E+00,-3.681E-01,4.068E+00,2.130E+00,4.935E+00,2.567E-01,1.000E+00,1.000E+00,9.913E-02,3.515E+00,1.774E+00,-6.304E-01,7.879E+00,1.613E+00,4.935E+00,3.564E-01,1.000E+00,1.000E+00,5.358E-02,5.160E+00
5.000E+01,0.000E+00,0.000E+00,3.354E-03,0.000E+00,5.489E-03,0.000E+00,0.000E+00,0.000E+00,4.775E-03,1.967E-02,3.325E-03,7.358E-03,8.870E-01,1.653E+00,-4.817E-01,5.179E+00,2.196E+00,4.935E+00,3.225E-01,1.000E+00,1.000E+00,6.637E-02,4.425E+00,1.622E+00,-3.144E-01,4.010E+00,2.108E+00,4.935E+00,2.225E-01,1.000E+00,1.000E+00,2.798E-01,1.377E+00,1.647E+00,-3.612E-01,3.957E+00,2.179E+00,4.935E+00,2.590E-01,1.000E+00,1.000E+00,9.827E-02,3.540E+00,1.763E+00,-6.315E-01,7.939E+00,1.650E+00,4.935E+00,3.616E-01,1.000E+00,1.000E+00,5.365E-02,5.154E+00
5.100E+01,0.000E+00,0.000E+00,3.446E-03,0.000E+00,5.630E-03,0.000E+00,0.000E+00,0.000E+00,4.954E-03,2.045E-02,3.399E-03,7.423E-03,9.136E-01,1.636E+00,-4.475E-01,4.522E+00,2.372E+00,4.935E+00,3.244E-01,1.000E+00,1.000E+00,6.596E-02,4.446E+00,1.652E+00,-3.542E-01,4.552E+00,1.914E+00,4.935E+00,2.326E-01,1.000E+00,1.000E+00,2.779E-01,1.385E+00,1.642E+00,-3.543E-01,3.845E+00,2.227E+00,4.935E+00,2.612E-01,1.000E+00,1.000E+00,9.741E-02,3.566E+00,1.752E+00,-6.327E-01,7.998E+00,1.687E+00,4.935E+00,3.668E-01,1.000E+00,1.000E+00,5.373E-02,5.149E+00
5.200E+01,0.000E+00,0.000E+00,3.672E-03,0.000E+00,5.849E-03,0.000E+00,0.000E+00,9.766E-07,5.332E-03,2.164E-02,3.655E-03,7.942E-03,9.701E-01,1.644E+00,-5.105E-01,5.961E+00,2.155E+00,4.935E+00,3.395E-01,1.000E+00,1.000E+00,6.384E-02,4.562E+00,1.622E+00,-3.565E-01,4.671E+00,2.044E+00,4.935E+00,2.342E-01,1.000E+00,1.000E+00,2.770E-01,1.389E+00,1.642E+00,-3.596E-01,3.926E+00,2.217E+00,4.935E+00,2.623E-01,1.000E+00,1.000E+00,9.780E-02,3.554E+00,1.738E+00,-6.569E-01,8.959E+00,1.706E+00,4.935E+00,3.822E-01,1.000E+00,1.000E+00,5.361E-02,5.158E+00
5.300E+01,0.000E+00,0.000E+00,3.785E-03,0.000E+00,5.959E-03,0.000E+00,0.000E+00,1.465E-06,5.521E-03,2.224E-02,3.783E-03,8.201E-03,9.984E-01,1.657E+00,-5.421E-01,6.681E+00,2.047E+00,4.935E+00,3.470E-01,1.000E+00,1.000E+00,6.279E-02,4.620E+00,1.608E+00,-3.576E-01,4.730E+00,2.109E+00,4.935E+00,2.350E-01,1.000E+00,1.000E+00,2.765E-01,1.391E+00,1.642E+00,-3.623E-01,3.967E+00,2.212E+00,4.935E+00,2.629E-01,1.000E+00,1.000E+00,9.799E-02,3.548E+00,1.732E+00,-6.690E-01,9.440E+00,1.716E+00,4.935E+00,3.899E-01,1.000E+00,1.000E+00,5.355E-02,5.162E+00
5.400E+01,0.000E+00,0.000E+00,3.897E-03,0.000E+00,6.068E-03,0.000E+00,0.000E+00,1.953E-06,5.710E-03,2.283E-02,3.911E-03,8.461E-03,1.027E+00,1.675E+00,-5.736E-01,7.401E+00,1.938E+00,4.935E+00,3.545E-01,1.000E+00,1.000E+00,6.173E-02,4.678E+00,1.594E+00,-3.587E-01,4.789E+00,2.174E+00,4.935E+00,2.358E-01,1.000E+00,1.000E+00,2.760E-01,1.393E+00,1.642E+00,-3.649E-01,4.008E+00,2.207E+00,4.935E+00,2.635E-01,1.000E+00,1.000E+00,9.818E-02,3.542E+00,1.726E+00,-6.811E-01,9.920E+00,1.725E+00,4.935E+00,3.976E-01,1.000E+00,1.000E+00,5.349E-02,5.166E+00
5.500E+01,0.000E+00,0.000E+00,4.199E-03,0.000E+00,6.392E-03,0.000E+00,0.000E+00,9.766E-07,6.172E-03,2.428E-02,4.217E-03,9.123E-03,1.097E+00,1.684E+00,-5.789E-01,7.242E+00,1.931E+00,4.935E+00,3.635E-01,1.000E+00,1.000E+00,6.143E-02,4.695E+00,1.613E+00,-3.702E-01,4.837E+00,2.100E+00,4.935E+00,2.391E-01,1.000E+00,1.000E+00,2.725E-01,1.409E+00,1.626E+00,-3.847E-01,4.406E+00,2.228E+00,4.935E+00,2.700E-01,1.000E+00,1.000E+00,9.780E-02,3.554E+00,1.696E+00,-6.385E-01,8.233E+00,1.910E+00,4.935E+00,3.981E-01,1.000E+00,1.000E+00,5.229E-02,5.256E+00
5.600E+01,0.000E+00,0.000E+00,4.350E-03,0.000E+00,6.554E-03,0.000E+00,0.000E+00,4.883E-07,6.403E-03,2.501E-02,4.370E-03,9.453E-03,1.133E+00,1.689E+00,-5.815E-01,7.162E+00,1.928E+00,4.935E+00,3.680E-01,1.000E+00,1.000E+00,6.129E-02,4.704E+00,1.622E+00,-3.759E-01,4.861E+00,2.063E+00,4.935E+00,2.408E-01,1.000E+00,1.000E+00,2.708E-01,1.417E+00,1.619E+00,-3.946E-01,4.605E+00,2.239E+00,4.935E+00,2.733E-01,1.000E+00,1.000E+00,9.761E-02,3.560E+00,1.687E+00,-6.172E-01,7.390E+00,2.002E+00,4.935E+00,3.983E-01,1.000E+00,1.000E+00,5.170E-02,5.301E+00
5.700E+01,0.000E+00,0.000E+00,4.501E-03,0.000E+00,6.716E-03,0.000E+00,0.000E+00,0.000E+00,6.634E-03,2.573E-02,4.523E-03,9.784E-03,1.168E+00,1.694E+00,-5.842E-01,7.083E+00,1.924E+00,4.935E+00,3.725E-01,1.000E+00,1.000E+00,6.114E-02,4.712E+00,1.632E+00,-3.817E-01,4.885E+00,2.026E+00,4.935E+00,2.425E-01,1.000E+00,1.000E+00,2.691E-01,1.425E+00,1.613E+00,-4.045E-01,4.804E+00,2.250E+00,4.935E+00,2.766E-01,1.000E+00,1.000E+00,9.742E-02,3.566E+00,1.683E+00,-5.959E-01,6.546E+00,2.095E+00,4.935E+00,3.985E-01,1.000E+00,1.000E+00,5.110E-02,5.346E+00
5.800E+01,0.000E+00,0.000E+00,4.794E-03,0.000E+00,7.119E-03,0.000E+00,9.766E-07,9.766E-07,7.233E-03,2.791E-02,4.833E-03,1.035E-02,1.256E+00,1.665E+00,-5.964E-01,7.763E+00,1.997E+00,4.935E+00,3.720E-01,1.000E+00,1.000E+00,6.152E-02,4.690E+00,1.614E+00,-4.025E-01,5.530E+00,2.025E+00,4.935E+00,2.475E-01,1.000E+00,1.000E+00,2.758E-01,1.395E+00,1.615E+00,-4.352E-01,5.560E+00,2.140E+00,4.935E+00,2.794E-01,1.000E+00,1.000E+00,9.780E-02,3.554E+00,1.677E+00,-6.249E-01,7.632E+00,2.037E+00,4.935E+00,4.054E-01,1.000E+00,1.000E+00,5.112E-02,5.344E+00
5.900E+01,0.000E+00,0.000E+00,4.940E-03,0.000E+00,7.321E-03,0.000E+00,1.465E-06,1.465E-06,7.532E-03,2.900E-02,4.989E-03,1.064E-02,1.300E+00,1.652E+00,-6.025E-01,8.103E+00,2.033E+00,4.935E+00,3.718E-01,1.000E+00,1.000E+00,6.171E-02,4.679E+00,1.607E+00,-4.129E-01,5.853E+00,2.024E+00,4.935E+00,2.500E-01,1.000E+00,1.000E+00,2.792E-01,1.380E+00,1.618E+00,-4.505E-01,5.938E+00,2.085E+00,4.935E+00,2.808E-01,1.000E+00,1.000E+00,9.798E-02,3.548E+00,1.676E+00,-6.393E-01,8.176E+00,2.008E+00,4.935E+00,4.088E-01,1.000E+00,1.000E+00,5.113E-02,5.343E+00
6.000E+01,0.000E+00,0.000E+00,5.087E-03,0.000E+00,7.522E-03,0.000E+00,1.953E-06,1.953E-06,7.832E-03,3.009E-02,5.144E-03,1.092E-02,1.344E+00,1.639E+00,-6.086E-01,8.444E+00,2.070E+00,4.935E+00,3.716E-01,1.000E+00,1.000E+00,6.190E-02,4.668E+00,1.601E+00,-4.234E-01,6.176E+00,2.023E+00,4.935E+00,2.525E-01,1.000E+00,1.000E+00,2.826E-01,1.365E+00,1.624E+00,-4.659E-01,6.316E+00,2.031E+00,4.935E+00,2.822E-01,1.000E+00,1.000E+00,9.817E-02,3.543E+00,1.677E+00,-6.538E-01,8.719E+00,1.979E+00,4.935E+00,4.122E-01,1.000E+00,1.000E+00,5.114E-02,5.343E+00
6.100E+01,0.000E+00,0.000E+00,5.500E-03,0.000E+00,8.005E-03,0.000E+00,9.766E-07,1.465E-06,8.578E-03,3.250E-02,5.484E-03,1.171E-02,1.448E+00,1.617E+00,-5.905E-01,7.661E+00,2.243E+00,4.935E+00,3.795E-01,1.000E+00,1.000E+00,6.204E-02,4.660E+00,1.576E+00,-4.303E-01,6.573E+00,2.097E+00,4.918E+00,2.549E-01,1.018E+00,1.000E+00,2.833E-01,1.362E+00,1.628E+00,-4.997E-01,7.413E+00,1.928E+00,4.935E+00,2.851E-01,1.000E+00,1.000E+00,9.883E-02,3.523E+00,1.662E+00,-6.741E-01,9.575E+00,2.011E+00,4.935E+00,4.192E-01,1.000E+00,1.000E+00,5.018E-02,5.420E+00
6.200E+01,0.000E+00,0.000E+00,5.707E-03,0.000E+00,8.247E-03,0.000E+00,4.883E-07,1.221E-06,8.951E-03,3.371E-02,5.655E-03,1.211E-02,1.500E+00,1.608E+00,-5.815E-01,7.270E+00,2.330E+00,4.935E+00,3.834E-01,1.000E+00,1.000E+00,6.210E-02,4.656E+00,1.564E+00,-4.337E-01,6.772E+00,2.133E+00,4.910E+00,2.560E-01,1.026E+00,1.000E+00,2.836E-01,1.360E+00,1.633E+00,-5.166E-01,7.962E+00,1.877E+00,4.935E+00,2.866E-01,1.000E+00,1.000E+00,9.916E-02,3.513E+00,1.655E+00,-6.842E-01,1.000E+01,2.027E+00,4.935E+00,4.226E-01,1.000E+00,1.000E+00,4.969E-02,5.458E+00
6.300E+01,0.000E+00,0.000E+00,5.914E-03,0.000E+00,8.488E-03,0.000E+00,0.000E+00,9.766E-07,9.324E-03,3.492E-02,5.825E-03,1.251E-02,1.553E+00,1.600E+00,-5.724E-01,6.879E+00,2.417E+00,4.935E+00,3.873E-01,1.000E+00,1.000E+00,6.217E-02,4.652E+00,1.553E+00,-4.372E-01,6.970E+00,2.170E+00,4.902E+00,2.572E-01,1.035E+00,1.000E+00,2.840E-01,1.359E+00,1.641E+00,-5.335E-01,8.510E+00,1.826E+00,4.935E+00,2.881E-01,1.000E+00,1.000E+00,9.949E-02,3.503E+00,1.649E+00,-6.944E-01,1.043E+01,2.044E+00,4.935E+00,4.261E-01,1.000E+00,1.000E+00,4.921E-02,5.497E+00
6.400E+01,0.000E+00,0.000E+00,6.409E-03,0.000E+00,9.077E-03,0.000E+00,0.000E+00,1.465E-06,1.009E-02,3.767E-02,6.356E-03,1.338E-02,1.674E+00,1.579E+00,-5.766E-01,7.473E+00,2.449E+00,4.935E+00,3.942E-01,1.000E+00,1.000E+00,6.236E-02,4.642E+00,1.518E+00,-4.892E-01,1.001E+01,2.083E+00,4.871E+00,2.536E-01,1.068E+00,1.000E+00,2.807E-01,1.373E+00,1.604E+00,-5.390E-01,9.197E+00,1.930E+00,4.935E+00,2.943E-01,1.000E+00,1.000E+00,9.823E-02,3.541E+00,1.600E+00,-7.203E-01,1.260E+01,2.171E+00,4.935E+00,4.479E-01,1.000E+00,1.000E+00,4.945E-02,5.477E+00
6.500E+01,0.000E+00,0.000E+00,6.657E-03,0.000E+00,9.372E-03,0.000E+00,0.000E+00,1.709E-06,1.047E-02,3.905E-02,6.621E-03,1.382E-02,1.735E+00,1.568E+00,-5.787E-01,7.770E+00,2.466E+00,4.935E+00,3.976E-01,1.000E+00,1.000E+00,6.245E-02,4.637E+00,1.513E+00,-5.152E-01,1.153E+01,2.040E+00,4.856E+00,2.517E-01,1.085E+00,1.000E+00,2.791E-01,1.380E+00,1.586E+00,-5.418E-01,9.541E+00,1.982E+00,4.935E+00,2.974E-01,1.000E+00,1.000E+00,9.760E-02,3.560E+00,1.578E+00,-7.332E-01,1.368E+01,2.234E+00,4.935E+00,4.589E-01,1.000E+00,1.000E+00,4.957E-02,5.467E+00
6.600E+01,0.000E+00,0.000E+00,6.904E-03,0.000E+00,9.666E-03,0.000E+00,0.000E+00,1.953E-06,1.085E-02,4.043E-02,6.887E-03,1.426E-02,1.795E+00,1.558E+00,-5.808E-01,8.067E+00,2.482E+00,4.935E+00,4.011E-01,1.000E+00,1.000E+00,6.254E-02,4.632E+00,1.513E+00,-5.412E-01,1.305E+01,1.997E+00,4.842E+00,2.499E-01,1.102E+00,1.000E+00,2.775E-01,1.387E+00,1.569E+00,-5.446E-01,9.884E+00,2.034E+00,4.935E+00,3.005E-01,1.000E+00,1.000E+00,9.697E-02,3.579E+00,1.558E+00,-7.462E-01,1.477E+01,2.298E+00,4.935E+00,4.698E-01,1.000E+00,1.000E+00,4.969E-02,5.458E+00
6.700E+01,0.000E+00,0.000E+00,7.449E-03,0.000E+00,1.025E-02,0.000E+00,0.000E+00,1.953E-06,1.199E-02,4.381E-02,7.429E-03,1.525E-02,1.941E+00,1.496E+00,-6.611E-01,1.391E+01,2.435E+00,4.871E+00,4.319E-01,1.069E+00,1.000E+00,6.197E-02,4.664E+00,1.513E+00,-5.670E-01,1.510E+01,1.936E+00,4.845E+00,2.599E-01,1.098E+00,1.000E+00,2.763E-01,1.392E+00,1.547E+00,-5.740E-01,1.217E+01,2.015E+00,4.904E+00,3.042E-01,1.032E+00,1.000E+00,9.717E-02,3.573E+00,1.550E+00,-7.560E-01,1.608E+01,2.285E+00,4.931E+00,4.635E-01,1.004E+00,1.000E+00,4.952E-02,5.471E+00
6.800E+01,0.000E+00,0.000E+00,7.721E-03,0.000E+00,1.055E-02,0.000E+00,0.000E+00,1.953E-06,1.255E-02,4.550E-02,7.700E-03,1.575E-02,2.014E+00,1.486E+00,-7.013E-01,1.682E+01,2.412E+00,4.841E+00,4.473E-01,1.103E+00,1.000E+00,6.169E-02,4.681E+00,1.516E+00,-5.799E-01,1.612E+01,1.905E+00,4.847E+00,2.648E-01,1.096E+00,1.000E+00,2.758E-01,1.395E+00,1.540E+00,-5.887E-01,1.331E+01,2.005E+00,4.889E+00,3.060E-01,1.049E+00,1.000E+00,9.726E-02,3.570E+00,1.547E+00,-7.609E-01,1.673E+01,2.279E+00,4.929E+00,4.603E-01,1.006E+00,1.000E+00,4.944E-02,5.478E+00
6.900E+01,0.000E+00,0.000E+00,7.993E-03,0.000E+00,1.084E-02,0.000E+00,0.000E+00,1.953E-06,1.312E-02,4.719E-02,7.972E-03,1.624E-02,2.087E+00,1.484E+00,-7.414E-01,1.974E+01,2.389E+00,4.811E+00,4.627E-01,1.137E+00,1.000E+00,6.140E-02,4.697E+00,1.519E+00,-5.929E-01,1.714E+01,1.874E+00,4.848E+00,2.698E-01,1.094E+00,1.000E+00,2.752E-01,1.397E+00,1.534E+00,-6.034E-01,1.445E+01,1.996E+00,4.875E+00,3.078E-01,1.065E+00,1.000E+00,9.736E-02,3.567E+00,1.544E+00,-7.658E-01,1.738E+01,2.272E+00,4.928E+00,4.572E-01,1.007E+00,1.000E+00,4.935E-02,5.485E+00
7.000E+01,0.000E+00,0.000E+00,8.714E-03,0.000E+00,1.143E-02,0.000E+00,9.766E-07,1.953E-06,1.465E-02,5.233E-02,8.689E-03,1.723E-02,2.280E+00,1.461E+00,-7.369E-01,2.069E+01,2.457E+00,4.807E+00,4.513E-01,1.142E+00,1.000E+00,6.226E-02,4.648E+00,1.461E+00,-5.630E-01,1.645E+01,2.093E+00,4.821E+00,2.680E-01,1.126E+00,1.000E+00,2.734E-01,1.405E+00,1.503E+00,-5.947E-01,1.434E+01,2.130E+00,4.836E+00,3.122E-01,1.108E+00,1.000E+00,9.519E-02,3.636E+00,1.492E+00,-7.729E-01,1.966E+01,2.449E+00,4.857E+00,4.760E-01,1.085E+00,1.000E+00,4.893E-02,5.520E+00
7.100E+01,0.000E+00,0.000E+00,9.075E-03,0.000E+00,1.172E-02,0.000E+00,1.465E-06,1.953E-06,1.542E-02,5.491E-02,9.048E-03,1.773E-02,2.377E+00,1.449E+00,-7.346E-01,2.116E+01,2.491E+00,4.805E+00,4.457E-01,1.145E+00,1.000E+00,6.270E-02,4.623E+00,1.435E+00,-5.480E-01,1.611E+01,2.202E+00,4.807E+00,2.671E-01,1.142E+00,1.000E+00,2.725E-01,1.409E+00,1.488E+00,-5.904E-01,1.428E+01,2.197E+00,4.817E+00,3.144E-01,1.130E+00,1.000E+00,9.411E-02,3.671E+00,1.469E+00,-7.764E-01,2.080E+01,2.537E+00,4.823E+00,4.854E-01,1.123E+00,1.000E+00,4.872E-02,5.538E+00
7.200E+01,0.000E+00,0.000E+00,9.436E-03,0.000E+00,1.201E-02,0.000E+00,1.953E-06,1.953E-06,1.618E-02,5.748E-02,9.406E-03,1.822E-02,2.474E+00,1.438E+00,-7.323E-01,2.163E+01,2.525E+00,4.803E+00,4.400E-01,1.147E+00,1.000E+00,6.313E-02,4.598E+00,1.410E+00,-5.331E-01,1.577E+01,2.311E+00,4.794E+00,2.662E-01,1.158E+00,1.000E+00,2.715E-01,1.413E+00,1.474E+00,-5.860E-01,1.422E+01,2.263E+00,4.799E+00,3.166E-01,1.152E+00,1.000E+00,9.302E-02,3.706E+00,1.446E+00,-7.800E-01,2.193E+01,2.625E+00,4.790E+00,4.948E-01,1.162E+00,1.000E+00,4.851E-02,5.556E+00
7.300E+01,0.000E+00,0.000E+00,9.968E-03,0.000E+00,1.268E-02,0.000E+00,1.953E-06,1.465E-06,1.740E-02,6.130E-02,9.982E-03,1.896E-02,2.627E+00,1.412E+00,-7.255E-01,2.144E+01,2.668E+00,4.728E+00,4.364E-01,1.238E+00,1.000E+00,6.150E-02,4.694E+00,1.395E+00,-5.147E-01,1.448E+01,2.427E+00,4.726E+00,2.650E-01,1.241E+00,1.000E+00,2.767E-01,1.391E+00,1.455E+00,-5.792E-01,1.408E+01,2.355E+00,4.768E+00,3.201E-01,1.189E+00,1.000E+00,9.450E-02,3.658E+00,1.425E+00,-7.777E-01,2.289E+01,2.701E+00,4.752E+00,4.955E-01,1.209E+00,1.000E+00,4.844E-02,5.562E+00
7.400E+01,0.000E+00,0.000E+00,1.050E-02,0.000E+00,1.334E-02,0.000E+00,1.953E-06,9.766E-07,1.861E-02,6.512E-02,1.056E-02,1.970E-02,2.781E+00,1.388E+00,-7.187E-01,2.124E+01,2.811E+00,4.659E+00,4.328E-01,1.329E+00,1.000E+00,5.987E-02,4.789E+00,1.384E+00,-4.964E-01,1.320E+01,2.544E+00,4.663E+00,2.637E-01,1.324E+00,1.000E+00,2.818E-01,1.368E+00,1.438E+00,-5.725E-01,1.394E+01,2.447E+00,4.738E+00,3.236E-01,1.226E+00,1.000E+00,9.598E-02,3.610E+00,1.405E+00,-7.754E-01,2.385E+01,2.777E+00,4.715E+00,4.962E-01,1.256E+00,1.000E+00,4.836E-02,5.568E+00
7.500E+01,0.000E+00,0.000E+00,1.120E-02,0.000E+00,1.357E-02,0.000E+00,3.418E-06,2.441E-06,2.026E-02,6.987E-02,1.126E-02,2.000E-02,2.950E+00,1.355E+00,-7.116E-01,2.185E+01,2.980E+00,4.620E+00,4.462E-01,1.383E+00,1.000E+00,5.906E-02,4.839E+00,1.330E+00,-4.823E-01,1.310E+01,2.878E+00,4.614E+00,2.823E-01,1.391E+00,1.000E+00,2.733E-01,1.407E+00,1.411E+00,-5.631E-01,1.376E+01,2.599E+00,4.713E+00,3.334E-01,1.257E+00,1.000E+00,9.494E-02,3.643E+00,1.364E+00,-7.634E-01,2.301E+01,3.057E+00,4.641E+00,5.066E-01,1.354E+00,1.000E+00,4.788E-02,5.610E+00
7.600E+01,0.000E+00,0.000E+00,1.190E-02,0.000E+00,1.379E-02,0.000E+00,4.883E-06,3.906E-06,2.192E-02,7.463E-02,1.197E-02,2.030E-02,3.119E+00,1.324E+00,-7.045E-01,2.246E+01,3.149E+00,4.582E+00,4.597E-01,1.436E+00,1.000E+00,5.825E-02,4.890E+00,1.283E+00,-4.682E-01,1.300E+01,3.213E+00,4.568E+00,3.008E-01,1.457E+00,1.000E+00,2.647E-01,1.445E+00,1.385E+00,-5.537E-01,1.358E+01,2.751E+00,4.689E+00,3.433E-01,1.289E+00,1.000E+00,9.391E-02,3.676E+00,1.329E+00,-7.513E-01,2.216E+01,3.338E+00,4.572E+00,5.171E-01,1.452E+00,1.000E+00,4.739E-02,5.653E+00
7.700E+01,0.000E+00,0.000E+00,1.248E-02,0.000E+00,1.415E-02,0.000E+00,5.371E-06,4.395E-06,2.344E-02,7.918E-02,1.257E-02,2.093E-02,3.284E+00,1.302E+00,-6.862E-01,1.973E+01,3.442E+00,4.530E+00,4.709E-01,1.514E+00,1.000E+00,5.760E-02,4.932E+00,1.282E+00,-4.534E-01,1.192E+01,3.306E+00,4.555E+00,2.934E-01,1.477E+00,1.000E+00,2.626E-01,1.456E+00,1.347E+00,-5.387E-01,1.316E+01,3.021E+00,4.628E+00,3.465E-01,1.371E+00,1.000E+00,9.275E-02,3.715E+00,1.303E+00,-7.453E-01,2.239E+01,3.516E+00,4.522E+00,5.222E-01,1.526E+00,1.000E+00,4.683E-02,5.702E+00
7.800E+01,0.000E+00,0.000E+00,1.306E-02,0.000E+00,1.451E-02,0.000E+00,5.859E-06,4.883E-06,2.496E-02,8.374E-02,1.317E-02,2.156E-02,3.450E+00,1.290E+00,-6.680E-01,1.699E+01,3.735E+00,4.480E+00,4.821E-01,1.592E+00,1.000E+00,5.695E-02,4.974E+00,1.284E+00,-4.387E-01,1.084E+01,3.399E+00,4.542E+00,2.860E-01,1.496E+00,1.000E+00,2.604E-01,1.466E+00,1.313E+00,-5.236E-01,1.274E+01,3.292E+00,4.570E+00,3.497E-01,1.454E+00,1.000E+00,9.159E-02,3.754E+00,1.278E+00,-7.392E-01,2.262E+01,3.694E+00,4.475E+00,5.273E-01,1.600E+00,1.000E+00,4.628E-02,5.752E+00
7.900E+01,0.000E+00,0.000E+00,1.381E-02,0.000E+00,1.455E-02,0.000E+00,6.836E-06,4.395E-06,2.682E-02,8.882E-02,1.379E-02,2.139E-02,3.616E+00,1.235E+00,-6.640E-01,1.782E+01,4.192E+00,4.306E+00,5.103E-01,1.896E+00,1.000E+00,5.534E-02,5.085E+00,1.238E+00,-4.220E-01,1.079E+01,3.784E+00,4.456E+00,2.940E-01,1.630E+00,1.000E+00,2.715E-01,1.415E+00,1.278E+00,-5.174E-01,1.253E+01,3.626E+00,4.484E+00,3.704E-01,1.586E+00,1.000E+00,9.071E-02,3.784E+00,1.220E+00,-7.211E-01,2.152E+01,4.297E+00,4.323E+00,5.433E-01,1.863E+00,1.000E+00,4.405E-02,5.973E+00
8.000E+01,0.000E+00,0.000E+00,1.456E-02,0.000E+00,1.458E-02,0.000E+00,7.813E-06,3.906E-06,2.869E-02,9.390E-02,1.441E-02,2.123E-02,3.782E+00,1.188E+00,-6.600E-01,1.866E+01,4.649E+00,4.157E+00,5.386E-01,2.200E+00,1.000E+00,5.373E-02,5.197E+00,1.198E+00,-4.053E-01,1.074E+01,4.168E+00,4.377E+00,3.020E-01,1.765E+00,1.000E+00,2.826E-01,1.365E+00,1.247E+00,-5.112E-01,1.233E+01,3.960E+00,4.405E+00,3.910E-01,1.717E+00,1.000E+00,8.982E-02,3.815E+00,1.174E+00,-7.030E-01,2.043E+01,4.901E+00,4.192E+00,5.592E-01,2.126E+00,1.000E+00,4.182E-02,6.194E+00
8.100E+01,0.000E+00,0.000E+00,1.468E-02,0.000E+00,1.406E-02,0.000E+00,6.836E-06,5.859E-06,2.976E-02,9.544E-02,1.460E-02,2.106E-02,3.827E+00,1.141E+00,-6.449E-01,1.772E+01,5.364E+00,4.060E+00,5.443E-01,2.425E+00,1.000E+00,5.256E-02,5.286E+00,1.130E+00,-3.914E-01,1.057E+01,5.102E+00,4.141E+00,3.236E-01,2.235E+00,1.000E+00,2.784E-01,1.383E+00,1.201E+00,-5.001E-01,1.202E+01,4.522E+00,4.304E+00,4.017E-01,1.900E+00,1.000E+00,8.868E-02,3.856E+00,1.137E+00,-6.992E-01,2.004E+01,5.489E+00,4.113E+00,5.715E-01,2.299E+00,1.000E+00,4.063E-02,6.328E+00
8.200E+01,0.000E+00,0.000E+00,1.479E-02,0.000E+00,1.355E-02,0.000E+00,5.859E-06,7.813E-06,3.083E-02,9.699E-02,1.479E-02,2.090E-02,3.872E+00,1.104E+00,-6.299E-01,1.679E+01,6.078E+00,3.972E+00,5.501E-01,2.650E+00,1.000E+00,5.138E-02,5.374E+00,1.077E+00,-3.775E-01,1.041E+01,6.036E+00,3.951E+00,3.453E-01,2.706E+00,1.000E+00,2.743E-01,1.401E+00,1.163E+00,-4.890E-01,1.170E+01,5.084E+00,4.212E+00,4.124E-01,2.082E+00,1.000E+00,8.753E-02,3.898E+00,1.105E+00,-6.954E-01,1.966E+01,6.077E+00,4.041E+00,5.838E-01,2.472E+00,1.000E+00,3.943E-02,6.462E+00
8.300E+01,0.000E+00,0.000E+00,1.376E-02,0.000E+00,1.223E-02,0.000E+00,4.883E-06,5.859E-06,2.942E-02,9.144E-02,1.388E-02,1.937E-02,3.633E+00,1.072E+00,-6.284E-01,1.599E+01,6.948E+00,3.899E+00,5.582E-01,2.853E+00,1.000E+00,5.054E-02,5.442E+00,1.022E+00,-3.586E-01,1.005E+01,7.360E+00,3.782E+00,3.396E-01,3.215E+00,1.000E+00,2.716E-01,1.413E+00,1.123E+00,-4.779E-01,1.123E+01,5.870E+00,4.065E+00,4.254E-01,2.413E+00,1.000E+00,8.313E-02,4.076E+00,1.057E+00,-6.855E-01,1.872E+01,7.199E+00,3.909E+00,5.957E-01,2.824E+00,1.000E+00,3.736E-02,6.730E+00
8.400E+01,0.000E+00,0.000E+00,1.273E-02,0.000E+00,1.091E-02,0.000E+00,3.906E-06,3.906E-06,2.802E-02,8.589E-02,1.297E-02,1.784E-02,3.394E+00,1.048E+00,-6.270E-01,1.520E+01,7.818E+00,3.832E+00,5.664E-01,3.055E+00,1.000E+00,4.970E-02,5.510E+00,9.798E-01,-3.398E-01,9.688E+00,8.684E+00,3.639E+00,3.340E-01,3.724E+00,1.000E+00,2.689E-01,1.426E+00,1.091E+00,-4.668E-01,1.075E+01,6.656E+00,3.938E+00,4.384E-01,2.744E+00,1.000E+00,7.872E-02,4.254E+00,1.020E+00,-6.755E-01,1.778E+01,8.321E+00,3.794E+00,6.076E-01,3.175E+00,1.000E+00,3.528E-02,6.997E+00
8.500E+01,0.000E+00,0.000E+00,9.612E-03,0.000E+00,7.717E-03,0.000E+00,3.418E-06,2.930E-06,2.140E-02,6.452E-02,9.681E-03,1.288E-02,2.538E+00,1.036E+00,-6.146E-01,1.361E+01,8.680E+00,3.785E+00,5.785E-01,3.205E+00,1.000E+00,4.306E-02,6.212E+00,9.550E-01,-3.137E-01,8.320E+00,1.069E+01,3.601E+00,3.393E-01,3.873E+00,1.000E+00,2.514E-01,1.518E+00,1.069E+00,-4.468E-01,9.525E+00,7.689E+00,3.887E+00,4.423E-01,2.887E+00,1.000E+00,7.532E-02,4.417E+00,1.028E+00,-6.659E-01,1.539E+01,8.802E+00,3.825E+00,6.139E-01,3.077E+00,1.000E+00,3.112E-02,7.717E+00
8.600E+01,0.000E+00,0.000E+00,6.497E-03,0.000E+00,4.520E-03,0.000E+00,2.930E-06,1.953E-06,1.479E-02,4.316E-02,6.396E-03,7.918E-03,1.681E+00,1.032E+00,-6.021E-01,1.202E+01,9.543E+00,3.740E+00,5.905E-01,3.354E+00,1.000E+00,3.643E-02,6.914E+00,9.504E-01,-2.875E-01,6.951E+00,1.269E+01,3.564E+00,3.446E-01,4.023E+00,1.000E+00,2.339E-01,1.610E+00,1.059E+00,-4.269E-01,8.304E+00,8.723E+00,3.839E+00,4.462E-01,3.031E+00,1.000E+00,7.191E-02,4.580E+00,1.044E+00,-6.562E-01,1.301E+01,9.283E+00,3.857E+00,6.202E-01,2.978E+00,1.000E+00,2.696E-02,8.438E+00
8.700E+01,0.000E+00,0.000E+00,3.421E-03,0.000E+00,2.272E-03,0.000E+00,1.465E-06,9.766E-07,7.577E-03,2.212E-02,3.271E-03,4.051E-03,8.622E-01,9.881E-01,-6.471E-01,1.089E+01,1.336E+01,3.766E+00,6.719E-01,3.268E+00,1.000E+00,2.996E-02,8.145E+00,1.033E+00,-3.449E-01,5.929E+00,1.190E+01,3.800E+00,4.403E-01,3.156E+00,1.000E+00,2.038E-01,1.845E+00,1.075E+00,-4.789E-01,7.928E+00,9.484E+00,3.843E+00,5.193E-01,3.019E+00,1.000E+00,6.820E-02,4.792E+00,1.010E+00,-7.201E-01,1.283E+01,1.170E+01,3.693E+00,7.028E-01,3.519E+00,1.000E+00,2.216E-02,9.860E+00
8.800E+01,0.000E+00,0.000E+00,3.447E-04,0.000E+00,2.441E-05,0.000E+00,0.000E+00,0.000E+00,3.672E-04,1.076E-03,1.455E-04,1.836E-04,4.313E-02,9.685E-01,-6.922E-01,9.754E+00,1.718E+01,3.792E+00,7.533E-01,3.181E+00,1.000E+00,2.348E-02,9.377E+00,1.125E+00,-4.023E-01,4.908E+00,1.112E+01,4.118E+00,5.359E-01,2.289E+00,1.000E+00,1.738E-01,2.079E+00,1.090E+00,-5.308E-01,7.552E+00,1.025E+01,3.847E+00,5.923E-01,3.008E+00,1.000E+00,6.449E-02,5.003E+00,9.828E-01,-7.840E-01,1.266E+01,1.411E+01,3.555E+00,7.854E-01,4.061E+00,1.000E+00,1.736E-02,1.128E+01
8.900E+01,0.000E+00,0.000E+00,0.000E+00,0.000E+00,0.000E+00,0.000E+00,2.930E-06,9.766E-07,9.766E-07,5.859E-06,1.953E-06,5.859E-06,2.365E-04,3.142E+00,0.000E+00,0.000E+00,0.000E+00,9.870E+00,0.000E+00,0.000E+00,0.000E+00,0.000E+00,0.000E+00,3.142E+00,0.000E+00,0.000E+00,0.000E+00,9.870E+00,0.000E+00,0.000E+00,0.000E+00,0.000E+00,0.000E+00,3.142E+00,0.000E+00,0.000E+00,0.000E+00,9.870E+00,0.000E+00,0.000E+00,0.000E+00,0.000E+00,0.000E+00,3.142E+00,0.000E+00,0.000E+00,0.000E+00,9.870E+00,0.000E+00,0.000E+00,0.000E+00,0.000E+00,0.000E+00
