alpha,H,He,Mn,S,Mn_1,S_1,amu/ion,thetaK_Mn,thetaTilt_Mn,thetaM_Mn,thetaN_Mn,3dK_Mn,3dTilt_Mn,3dM_Mn,3dN_Mn,energyK_Mn,energyE_Mn,thetaK_S,thetaTilt_S,thetaM_S,thetaN_S,3dK_S,3dTilt_S,3dM_S,3dN_S,energyK_S,energyE_S
0.000E+00,0.000E+00,0.000E+00,2.544E-03,0.000E+00,9.269E-03,1.188E-02,1.030E+00,1.780E+00,-1.072E-02,1.484E+00,1.422E+00,4.935E+00,4.213E-03,1.000E+00,1.000E+00,1.020E-01,2.715E+00,1.728E+00,-2.217E-02,1.659E+00,1.565E+00,4.935E+00,3.436E-03,1.000E+00,1.000E+00,1.223E-01,2.641E+00
1.000E+00,0.000E+00,0.000E+00,2.555E-03,0.000E+00,9.309E-03,1.194E-02,1.035E+00,1.781E+00,-1.972E-02,1.525E+00,1.424E+00,4.935E+00,1.018E-02,1.000E+00,1.000E+00,1.018E-01,2.720E+00,1.729E+00,-3.077E-02,1.704E+00,1.559E+00,4.935E+00,8.696E-03,1.000E+00,1.000E+00,1.219E-01,2.647E+00
2.000E+00,0.000E+00,0.000E+00,2.565E-03,0.000E+00,9.350E-03,1.200E-02,1.039E+00,1.782E+00,-2.872E-02,1.567E+00,1.427E+00,4.935E+00,1.614E-02,1.000E+00,1.000E+00,1.015E-01,2.725E+00,1.731E+00,-3.936E-02,1.750E+00,1.554E+00,4.935E+00,1.396E-02,1.000E+00,1.000E+00,1.216E-01,2.653E+00
3.000E+00,0.000E+00,0.000E+00,2.576E-03,0.000E+00,9.391E-03,1.206E-02,1.044E+00,1.783E+00,-3.773E-02,1.609E+00,1.429E+00,4.935E+00,2.211E-02,1.000E+00,1.000E+00,1.013E-01,2.730E+00,1.733E+00,-4.795E-02,1.795E+00,1.549E+00,4.935E+00,1.922E-02,1.000E+00,1.000E+00,1.213E-01,2.659E+00
4.000E+00,0.000E+00,0.000E+00,2.581E-03,0.000E+00,9.411E-03,1.209E-02,1.047E+00,1.783E+00,-4.223E-02,1.630E+00,1.430E+00,4.935E+00,2.509E-02,1.000E+00,1.000E+00,1.012E-01,2.732E+00,1.734E+00,-5.225E-02,1.818E+00,1.546E+00,4.935E+00,2.185E-02,1.000E+00,1.000E+00,1.211E-01,2.662E+00
5.000E+00,0.000E+00,0.000E+00,2.586E-03,0.000E+00,9.431E-03,1.212E-02,1.049E+00,1.784E+00,-4.673E-02,1.650E+00,1.432E+00,4.935E+00,2.808E-02,1.000E+00,1.000E+00,1.010E-01,2.734E+00,1.736E+00,-5.654E-02,1.840E+00,1.544E+00,4.935E+00,2.448E-02,1.000E+00,1.000E+00,1.210E-01,2.665E+00
6.000E+00,0.000E+00,0.000E+00,2.597E-03,0.000E+00,9.472E-03,1.217E-02,1.054E+00,1.785E+00,-5.573E-02,1.692E+00,1.434E+00,4.935E+00,3.404E-02,1.000E+00,1.000E+00,1.008E-01,2.739E+00,1.738E+00,-6.514E-02,1.886E+00,1.538E+00,4.935E+00,2.974E-02,1.000E+00,1.000E+00,1.206E-01,2.670E+00
7.000E+00,0.000E+00,0.000E+00,2.608E-03,0.000E+00,9.512E-03,1.223E-02,1.058E+00,1.786E+00,-6.473E-02,1.734E+00,1.437E+00,4.935E+00,4.001E-02,1.000E+00,1.000E+00,1.006E-01,2.744E+00,1.740E+00,-7.373E-02,1.931E+00,1.533E+00,4.935E+00,3.500E-02,1.000E+00,1.000E+00,1.203E-01,2.676E+00
8.000E+00,0.000E+00,0.000E+00,2.618E-03,0.000E+00,9.553E-03,1.229E-02,1.063E+00,1.787E+00,-7.374E-02,1.775E+00,1.439E+00,4.935E+00,4.597E-02,1.000E+00,1.000E+00,1.003E-01,2.749E+00,1.743E+00,-8.232E-02,1.976E+00,1.528E+00,4.935E+00,4.026E-02,1.000E+00,1.000E+00,1.200E-01,2.682E+00
9.000E+00,0.000E+00,0.000E+00,2.624E-03,0.000E+00,9.573E-03,1.232E-02,1.066E+00,1.788E+00,-7.824E-02,1.796E+00,1.440E+00,4.935E+00,4.896E-02,1.000E+00,1.000E+00,1.002E-01,2.751E+00,1.744E+00,-8.662E-02,1.999E+00,1.525E+00,4.935E+00,4.289E-02,1.000E+00,1.000E+00,1.198E-01,2.685E+00
1.000E+01,0.000E+00,0.000E+00,2.629E-03,0.000E+00,9.594E-03,1.235E-02,1.068E+00,1.789E+00,-8.274E-02,1.817E+00,1.441E+00,4.935E+00,5.194E-02,1.000E+00,1.000E+00,1.001E-01,2.753E+00,1.745E+00,-9.091E-02,2.022E+00,1.523E+00,4.935E+00,4.551E-02,1.000E+00,1.000E+00,1.197E-01,2.688E+00
1.100E+01,0.000E+00,0.000E+00,2.684E-03,0.000E+00,9.725E-03,1.250E-02,1.083E+00,1.775E+00,-7.546E-02,1.748E+00,1.527E+00,4.935E+00,5.604E-02,1.000E+00,1.000E+00,9.996E-02,2.757E+00,1.740E+00,-9.205E-02,2.000E+00,1.568E+00,4.935E+00,5.197E-02,1.000E+00,1.000E+00,1.196E-01,2.689E+00
1.200E+01,0.000E+00,0.000E+00,2.739E-03,0.000E+00,9.856E-03,1.265E-02,1.097E+00,1.763E+00,-6.819E-02,1.678E+00,1.612E+00,4.935E+00,6.014E-02,1.000E+00,1.000E+00,9.980E-02,2.760E+00,1.735E+00,-9.318E-02,1.978E+00,1.614E+00,4.935E+00,5.842E-02,1.000E+00,1.000E+00,1.196E-01,2.689E+00
1.300E+01,0.000E+00,0.000E+00,2.794E-03,0.000E+00,9.987E-03,1.279E-02,1.112E+00,1.752E+00,-6.091E-02,1.609E+00,1.697E+00,4.935E+00,6.424E-02,1.000E+00,1.000E+00,9.965E-02,2.763E+00,1.731E+00,-9.431E-02,1.956E+00,1.659E+00,4.935E+00,6.488E-02,1.000E+00,1.000E+00,1.195E-01,2.690E+00
1.400E+01,0.000E+00,0.000E+00,2.821E-03,0.000E+00,1.005E-02,1.287E-02,1.120E+00,1.747E+00,-5.727E-02,1.574E+00,1.740E+00,4.935E+00,6.629E-02,1.000E+00,1.000E+00,9.957E-02,2.765E+00,1.729E+00,-9.488E-02,1.945E+00,1.682E+00,4.935E+00,6.810E-02,1.000E+00,1.000E+00,1.195E-01,2.691E+00
1.500E+01,0.000E+00,0.000E+00,2.849E-03,0.000E+00,1.012E-02,1.294E-02,1.127E+00,1.743E+00,-5.364E-02,1.539E+00,1.783E+00,4.935E+00,6.834E-02,1.000E+00,1.000E+00,9.950E-02,2.766E+00,1.727E+00,-9.545E-02,1.934E+00,1.704E+00,4.935E+00,7.133E-02,1.000E+00,1.000E+00,1.195E-01,2.691E+00
1.600E+01,0.000E+00,0.000E+00,2.904E-03,0.000E+00,1.025E-02,1.309E-02,1.142E+00,1.735E+00,-4.636E-02,1.470E+00,1.868E+00,4.935E+00,7.244E-02,1.000E+00,1.000E+00,9.934E-02,2.769E+00,1.723E+00,-9.658E-02,1.912E+00,1.750E+00,4.935E+00,7.779E-02,1.000E+00,1.000E+00,1.194E-01,2.692E+00
1.700E+01,0.000E+00,0.000E+00,2.958E-03,0.000E+00,1.038E-02,1.324E-02,1.157E+00,1.729E+00,-3.909E-02,1.400E+00,1.953E+00,4.935E+00,7.654E-02,1.000E+00,1.000E+00,9.919E-02,2.773E+00,1.719E+00,-9.771E-02,1.890E+00,1.795E+00,4.935E+00,8.424E-02,1.000E+00,1.000E+00,1.194E-01,2.693E+00
1.800E+01,0.000E+00,0.000E+00,3.013E-03,0.000E+00,1.051E-02,1.339E-02,1.171E+00,1.724E+00,-3.181E-02,1.331E+00,2.039E+00,4.935E+00,8.064E-02,1.000E+00,1.000E+00,9.903E-02,2.776E+00,1.716E+00,-9.884E-02,1.868E+00,1.840E+00,4.935E+00,9.069E-02,1.000E+00,1.000E+00,1.193E-01,2.694E+00
1.900E+01,0.000E+00,0.000E+00,3.041E-03,0.000E+00,1.058E-02,1.346E-02,1.179E+00,1.723E+00,-2.817E-02,1.296E+00,2.081E+00,4.935E+00,8.269E-02,1.000E+00,1.000E+00,9.896E-02,2.777E+00,1.714E+00,-9.941E-02,1.857E+00,1.863E+00,4.935E+00,9.392E-02,1.000E+00,1.000E+00,1.193E-01,2.694E+00
2.000E+01,0.000E+00,0.000E+00,3.068E-03,0.000E+00,1.064E-02,1.353E-02,1.186E+00,1.721E+00,-2.454E-02,1.261E+00,2.124E+00,4.935E+00,8.474E-02,1.000E+00,1.000E+00,9.888E-02,2.779E+00,1.713E+00,-9.998E-02,1.846E+00,1.886E+00,4.935E+00,9.715E-02,1.000E+00,1.000E+00,1.193E-01,2.695E+00
2.100E+01,0.000E+00,0.000E+00,3.124E-03,0.000E+00,1.093E-02,1.388E-02,1.216E+00,1.724E+00,-4.090E-02,1.338E+00,2.089E+00,4.935E+00,9.172E-02,1.000E+00,1.000E+00,9.893E-02,2.778E+00,1.718E+00,-1.049E-01,1.849E+00,1.882E+00,4.935E+00,1.011E-01,1.000E+00,1.000E+00,1.188E-01,2.703E+00
2.200E+01,0.000E+00,0.000E+00,3.179E-03,0.000E+00,1.121E-02,1.422E-02,1.246E+00,1.728E+00,-5.726E-02,1.415E+00,2.054E+00,4.935E+00,9.871E-02,1.000E+00,1.000E+00,9.897E-02,2.777E+00,1.722E+00,-1.098E-01,1.851E+00,1.877E+00,4.935E+00,1.051E-01,1.000E+00,1.000E+00,1.184E-01,2.710E+00
2.300E+01,0.000E+00,0.000E+00,3.235E-03,0.000E+00,1.149E-02,1.457E-02,1.276E+00,1.733E+00,-7.362E-02,1.492E+00,2.018E+00,4.935E+00,1.057E-01,1.000E+00,1.000E+00,9.902E-02,2.776E+00,1.727E+00,-1.147E-01,1.854E+00,1.873E+00,4.935E+00,1.091E-01,1.000E+00,1.000E+00,1.180E-01,2.718E+00
2.400E+01,0.000E+00,0.000E+00,3.263E-03,0.000E+00,1.164E-02,1.474E-02,1.291E+00,1.735E+00,-8.180E-02,1.531E+00,2.001E+00,4.935E+00,1.092E-01,1.000E+00,1.000E+00,9.904E-02,2.776E+00,1.730E+00,-1.172E-01,1.855E+00,1.871E+00,4.935E+00,1.111E-01,1.000E+00,1.000E+00,1.178E-01,2.722E+00
2.500E+01,0.000E+00,0.000E+00,3.291E-03,0.000E+00,1.178E-02,1.492E-02,1.306E+00,1.738E+00,-8.998E-02,1.569E+00,1.983E+00,4.935E+00,1.127E-01,1.000E+00,1.000E+00,9.907E-02,2.775E+00,1.732E+00,-1.197E-01,1.857E+00,1.869E+00,4.935E+00,1.131E-01,1.000E+00,1.000E+00,1.176E-01,2.726E+00
2.600E+01,0.000E+00,0.000E+00,3.346E-03,0.000E+00,1.206E-02,1.526E-02,1.335E+00,1.744E+00,-1.063E-01,1.646E+00,1.948E+00,4.935E+00,1.197E-01,1.000E+00,1.000E+00,9.911E-02,2.774E+00,1.737E+00,-1.246E-01,1.859E+00,1.865E+00,4.935E+00,1.171E-01,1.000E+00,1.000E+00,1.172E-01,2.733E+00
2.700E+01,0.000E+00,0.000E+00,3.402E-03,0.000E+00,1.234E-02,1.561E-02,1.365E+00,1.750E+00,-1.227E-01,1.723E+00,1.912E+00,4.935E+00,1.266E-01,1.000E+00,1.000E+00,9.916E-02,2.773E+00,1.741E+00,-1.295E-01,1.862E+00,1.861E+00,4.935E+00,1.211E-01,1.000E+00,1.000E+00,1.168E-01,2.741E+00
2.800E+01,0.000E+00,0.000E+00,3.457E-03,0.000E+00,1.263E-02,1.595E-02,1.395E+00,1.757E+00,-1.391E-01,1.800E+00,1.877E+00,4.935E+00,1.336E-01,1.000E+00,1.000E+00,9.921E-02,2.772E+00,1.746E+00,-1.344E-01,1.865E+00,1.857E+00,4.935E+00,1.251E-01,1.000E+00,1.000E+00,1.164E-01,2.749E+00
2.900E+01,0.000E+00,0.000E+00,3.485E-03,0.000E+00,1.277E-02,1.613E-02,1.410E+00,1.761E+00,-1.472E-01,1.838E+00,1.860E+00,4.935E+00,1.371E-01,1.000E+00,1.000E+00,9.923E-02,2.772E+00,1.748E+00,-1.369E-01,1.866E+00,1.855E+00,4.935E+00,1.271E-01,1.000E+00,1.000E+00,1.162E-01,2.753E+00
3.000E+01,0.000E+00,0.000E+00,3.513E-03,0.000E+00,1.291E-02,1.630E-02,1.425E+00,1.765E+00,-1.554E-01,1.877E+00,1.842E+00,4.935E+00,1.406E-01,1.000E+00,1.000E+00,9.925E-02,2.771E+00,1.751E+00,-1.393E-01,1.868E+00,1.853E+00,4.935E+00,1.291E-01,1.000E+00,1.000E+00,1.160E-01,2.756E+00
3.100E+01,0.000E+00,0.000E+00,3.718E-03,0.000E+00,1.364E-02,1.723E-02,1.506E+00,1.756E+00,-1.906E-01,2.197E+00,1.795E+00,4.935E+00,1.540E-01,1.000E+00,1.000E+00,9.881E-02,2.781E+00,1.743E+00,-1.631E-01,2.068E+00,1.839E+00,4.935E+00,1.397E-01,1.000E+00,1.000E+00,1.153E-01,2.769E+00
3.200E+01,0.000E+00,0.000E+00,3.821E-03,0.000E+00,1.400E-02,1.769E-02,1.546E+00,1.754E+00,-2.082E-01,2.357E+00,1.772E+00,4.935E+00,1.607E-01,1.000E+00,1.000E+00,9.859E-02,2.785E+00,1.740E+00,-1.751E-01,2.168E+00,1.833E+00,4.935E+00,1.450E-01,1.000E+00,1.000E+00,1.150E-01,2.775E+00
3.300E+01,0.000E+00,0.000E+00,3.924E-03,0.000E+00,1.437E-02,1.815E-02,1.587E+00,1.753E+00,-2.258E-01,2.518E+00,1.749E+00,4.935E+00,1.675E-01,1.000E+00,1.000E+00,9.837E-02,2.790E+00,1.737E+00,-1.870E-01,2.269E+00,1.826E+00,4.935E+00,1.503E-01,1.000E+00,1.000E+00,1.147E-01,2.782E+00
3.400E+01,0.000E+00,0.000E+00,4.027E-03,0.000E+00,1.473E-02,1.861E-02,1.627E+00,1.754E+00,-2.434E-01,2.678E+00,1.726E+00,4.935E+00,1.742E-01,1.000E+00,1.000E+00,9.815E-02,2.795E+00,1.735E+00,-1.989E-01,2.369E+00,1.819E+00,4.935E+00,1.556E-01,1.000E+00,1.000E+00,1.144E-01,2.788E+00
3.500E+01,0.000E+00,0.000E+00,4.129E-03,0.000E+00,1.509E-02,1.908E-02,1.668E+00,1.756E+00,-2.610E-01,2.838E+00,1.702E+00,4.935E+00,1.809E-01,1.000E+00,1.000E+00,9.793E-02,2.800E+00,1.734E+00,-2.108E-01,2.469E+00,1.812E+00,4.935E+00,1.609E-01,1.000E+00,1.000E+00,1.140E-01,2.794E+00
3.600E+01,0.000E+00,0.000E+00,4.232E-03,0.000E+00,1.546E-02,1.954E-02,1.708E+00,1.759E+00,-2.786E-01,2.998E+00,1.679E+00,4.935E+00,1.876E-01,1.000E+00,1.000E+00,9.771E-02,2.804E+00,1.734E+00,-2.227E-01,2.569E+00,1.805E+00,4.935E+00,1.662E-01,1.000E+00,1.000E+00,1.137E-01,2.801E+00
3.700E+01,0.000E+00,0.000E+00,4.335E-03,0.000E+00,1.582E-02,2.000E-02,1.749E+00,1.763E+00,-2.962E-01,3.158E+00,1.656E+00,4.935E+00,1.943E-01,1.000E+00,1.000E+00,9.749E-02,2.809E+00,1.733E+00,-2.346E-01,2.669E+00,1.798E+00,4.935E+00,1.715E-01,1.000E+00,1.000E+00,1.134E-01,2.807E+00
3.800E+01,0.000E+00,0.000E+00,4.438E-03,0.000E+00,1.619E-02,2.046E-02,1.789E+00,1.768E+00,-3.138E-01,3.318E+00,1.633E+00,4.935E+00,2.010E-01,1.000E+00,1.000E+00,9.727E-02,2.814E+00,1.733E+00,-2.465E-01,2.770E+00,1.792E+00,4.935E+00,1.768E-01,1.000E+00,1.000E+00,1.131E-01,2.813E+00
3.900E+01,0.000E+00,0.000E+00,4.541E-03,0.000E+00,1.655E-02,2.093E-02,1.830E+00,1.774E+00,-3.314E-01,3.478E+00,1.609E+00,4.935E+00,2.077E-01,1.000E+00,1.000E+00,9.704E-02,2.819E+00,1.734E+00,-2.584E-01,2.870E+00,1.785E+00,4.935E+00,1.821E-01,1.000E+00,1.000E+00,1.128E-01,2.819E+00
4.000E+01,0.000E+00,0.000E+00,4.643E-03,0.000E+00,1.691E-02,2.139E-02,1.870E+00,1.780E+00,-3.490E-01,3.639E+00,1.586E+00,4.935E+00,2.144E-01,1.000E+00,1.000E+00,9.682E-02,2.823E+00,1.735E+00,-2.703E-01,2.970E+00,1.778E+00,4.935E+00,1.874E-01,1.000E+00,1.000E+00,1.125E-01,2.826E+00
4.100E+01,0.000E+00,0.000E+00,4.746E-03,0.000E+00,1.728E-02,2.185E-02,1.910E+00,1.787E+00,-3.666E-01,3.799E+00,1.563E+00,4.935E+00,2.212E-01,1.000E+00,1.000E+00,9.660E-02,2.828E+00,1.736E+00,-2.822E-01,3.070E+00,1.771E+00,4.935E+00,1.927E-01,1.000E+00,1.000E+00,1.121E-01,2.832E+00
4.200E+01,0.000E+00,0.000E+00,4.849E-03,0.000E+00,1.764E-02,2.232E-02,1.951E+00,1.795E+00,-3.842E-01,3.959E+00,1.540E+00,4.935E+00,2.279E-01,1.000E+00,1.000E+00,9.638E-02,2.833E+00,1.737E+00,-2.941E-01,3.171E+00,1.764E+00,4.935E+00,1.980E-01,1.000E+00,1.000E+00,1.118E-01,2.838E+00
4.300E+01,0.000E+00,0.000E+00,4.952E-03,0.000E+00,1.800E-02,2.278E-02,1.991E+00,1.803E+00,-4.017E-01,4.119E+00,1.516E+00,4.935E+00,2.346E-01,1.000E+00,1.000E+00,9.616E-02,2.838E+00,1.739E+00,-3.061E-01,3.271E+00,1.758E+00,4.935E+00,2.033E-01,1.000E+00,1.000E+00,1.115E-01,2.845E+00
4.400E+01,0.000E+00,0.000E+00,5.054E-03,0.000E+00,1.837E-02,2.324E-02,2.032E+00,1.812E+00,-4.193E-01,4.279E+00,1.493E+00,4.935E+00,2.413E-01,1.000E+00,1.000E+00,9.594E-02,2.842E+00,1.741E+00,-3.180E-01,3.371E+00,1.751E+00,4.935E+00,2.086E-01,1.000E+00,1.000E+00,1.112E-01,2.851E+00
4.500E+01,0.000E+00,0.000E+00,5.157E-03,0.000E+00,1.873E-02,2.370E-02,2.072E+00,1.821E+00,-4.369E-01,4.439E+00,1.470E+00,4.935E+00,2.480E-01,1.000E+00,1.000E+00,9.572E-02,2.847E+00,1.743E+00,-3.299E-01,3.471E+00,1.744E+00,4.935E+00,2.139E-01,1.000E+00,1.000E+00,1.109E-01,2.857E+00
4.600E+01,0.000E+00,0.000E+00,5.364E-03,0.000E+00,1.962E-02,2.491E-02,2.171E+00,1.812E+00,-4.596E-01,4.816E+00,1.485E+00,4.935E+00,2.595E-01,1.000E+00,1.000E+00,9.456E-02,2.873E+00,1.730E+00,-3.364E-01,3.527E+00,1.807E+00,4.935E+00,2.222E-01,1.000E+00,1.000E+00,1.103E-01,2.869E+00
4.700E+01,0.000E+00,0.000E+00,5.468E-03,0.000E+00,2.007E-02,2.551E-02,2.221E+00,1.809E+00,-4.709E-01,5.005E+00,1.492E+00,4.935E+00,2.653E-01,1.000E+00,1.000E+00,9.398E-02,2.886E+00,1.724E+00,-3.396E-01,3.554E+00,1.838E+00,4.935E+00,2.264E-01,1.000E+00,1.000E+00,1.100E-01,2.875E+00
4.800E+01,0.000E+00,0.000E+00,5.571E-03,0.000E+00,2.052E-02,2.611E-02,2.271E+00,1.805E+00,-4.822E-01,5.193E+00,1.499E+00,4.935E+00,2.711E-01,1.000E+00,1.000E+00,9.340E-02,2.899E+00,1.718E+00,-3.429E-01,3.582E+00,1.869E+00,4.935E+00,2.306E-01,1.000E+00,1.000E+00,1.097E-01,2.881E+00
4.900E+01,0.000E+00,0.000E+00,5.848E-03,0.000E+00,2.163E-02,2.746E-02,2.390E+00,1.789E+00,-4.591E-01,4.751E+00,1.588E+00,4.935E+00,2.687E-01,1.000E+00,1.000E+00,9.302E-02,2.908E+00,1.721E+00,-3.593E-01,3.748E+00,1.854E+00,4.935E+00,2.360E-01,1.000E+00,1.000E+00,1.099E-01,2.877E+00
5.000E+01,0.000E+00,0.000E+00,5.987E-03,0.000E+00,2.218E-02,2.813E-02,2.449E+00,1.782E+00,-4.476E-01,4.530E+00,1.632E+00,4.935E+00,2.675E-01,1.000E+00,1.000E+00,9.283E-02,2.912E+00,1.722E+00,-3.675E-01,3.831E+00,1.846E+00,4.935E+00,2.388E-01,1.000E+00,1.000E+00,1.100E-01,2.876E+00
5.100E+01,0.000E+00,0.000E+00,6.125E-03,0.000E+00,2.274E-02,2.880E-02,2.509E+00,1.776E+00,-4.360E-01,4.308E+00,1.676E+00,4.935E+00,2.663E-01,1.000E+00,1.000E+00,9.264E-02,2.917E+00,1.724E+00,-3.757E-01,3.914E+00,1.838E+00,4.935E+00,2.415E-01,1.000E+00,1.000E+00,1.101E-01,2.874E+00
5.200E+01,0.000E+00,0.000E+00,6.197E-03,0.000E+00,2.416E-02,3.039E-02,2.641E+00,1.756E+00,-4.883E-01,5.432E+00,1.662E+00,4.935E+00,2.827E-01,1.000E+00,1.000E+00,9.143E-02,2.946E+00,1.712E+00,-3.806E-01,3.944E+00,1.906E+00,4.935E+00,2.495E-01,1.000E+00,1.000E+00,1.102E-01,2.871E+00
5.300E+01,0.000E+00,0.000E+00,6.233E-03,0.000E+00,2.487E-02,3.118E-02,2.708E+00,1.752E+00,-5.144E-01,5.994E+00,1.656E+00,4.935E+00,2.909E-01,1.000E+00,1.000E+00,9.082E-02,2.960E+00,1.706E+00,-3.830E-01,3.959E+00,1.940E+00,4.935E+00,2.535E-01,1.000E+00,1.000E+00,1.102E-01,2.870E+00
5.400E+01,0.000E+00,0.000E+00,6.269E-03,0.000E+00,2.558E-02,3.198E-02,2.774E+00,1.749E+00,-5.406E-01,6.556E+00,1.649E+00,4.935E+00,2.991E-01,1.000E+00,1.000E+00,9.021E-02,2.975E+00,1.700E+00,-3.854E-01,3.975E+00,1.974E+00,4.935E+00,2.575E-01,1.000E+00,1.000E+00,1.103E-01,2.869E+00
5.500E+01,0.000E+00,0.000E+00,6.796E-03,0.000E+00,2.700E-02,3.391E-02,2.944E+00,1.732E+00,-5.300E-01,6.206E+00,1.743E+00,4.935E+00,3.134E-01,1.000E+00,1.000E+00,8.856E-02,3.016E+00,1.684E+00,-3.718E-01,3.719E+00,2.107E+00,4.935E+00,2.649E-01,1.000E+00,1.000E+00,1.081E-01,2.917E+00
5.600E+01,0.000E+00,0.000E+00,7.060E-03,0.000E+00,2.771E-02,3.488E-02,3.029E+00,1.725E+00,-5.246E-01,6.031E+00,1.790E+00,4.935E+00,3.206E-01,1.000E+00,1.000E+00,8.774E-02,3.037E+00,1.677E+00,-3.650E-01,3.592E+00,2.174E+00,4.935E+00,2.686E-01,1.000E+00,1.000E+00,1.069E-01,2.941E+00
5.700E+01,0.000E+00,0.000E+00,7.323E-03,0.000E+00,2.842E-02,3.584E-02,3.113E+00,1.718E+00,-5.193E-01,5.856E+00,1.837E+00,4.935E+00,3.278E-01,1.000E+00,1.000E+00,8.692E-02,3.057E+00,1.671E+00,-3.582E-01,3.464E+00,2.241E+00,4.935E+00,2.723E-01,1.000E+00,1.000E+00,1.058E-01,2.966E+00
5.800E+01,0.000E+00,0.000E+00,7.628E-03,0.000E+00,3.022E-02,3.794E-02,3.296E+00,1.709E+00,-5.361E-01,6.154E+00,1.873E+00,4.935E+00,3.437E-01,1.000E+00,1.000E+00,8.717E-02,3.051E+00,1.666E+00,-4.036E-01,4.243E+00,2.127E+00,4.935E+00,2.863E-01,1.000E+00,1.000E+00,1.051E-01,2.981E+00
5.900E+01,0.000E+00,0.000E+00,7.780E-03,0.000E+00,3.112E-02,3.899E-02,3.387E+00,1.704E+00,-5.445E-01,6.302E+00,1.890E+00,4.935E+00,3.517E-01,1.000E+00,1.000E+00,8.729E-02,3.048E+00,1.669E+00,-4.263E-01,4.633E+00,2.071E+00,4.935E+00,2.933E-01,1.000E+00,1.000E+00,1.048E-01,2.988E+00
6.000E+01,0.000E+00,0.000E+00,7.933E-03,0.000E+00,3.202E-02,4.005E-02,3.479E+00,1.700E+00,-5.529E-01,6.451E+00,1.908E+00,4.935E+00,3.597E-01,1.000E+00,1.000E+00,8.742E-02,3.045E+00,1.674E+00,-4.490E-01,5.022E+00,2.014E+00,4.935E+00,3.003E-01,1.000E+00,1.000E+00,1.045E-01,2.996E+00
6.100E+01,0.000E+00,0.000E+00,8.210E-03,0.000E+00,3.452E-02,4.267E-02,3.715E+00,1.679E+00,-5.666E-01,6.840E+00,1.984E+00,4.935E+00,3.669E-01,1.000E+00,1.000E+00,8.657E-02,3.067E+00,1.670E+00,-4.697E-01,5.434E+00,2.002E+00,4.935E+00,3.031E-01,1.000E+00,1.000E+00,1.046E-01,2.994E+00
6.200E+01,0.000E+00,0.000E+00,8.349E-03,0.000E+00,3.577E-02,4.399E-02,3.834E+00,1.669E+00,-5.735E-01,7.034E+00,2.021E+00,4.935E+00,3.706E-01,1.000E+00,1.000E+00,8.615E-02,3.077E+00,1.668E+00,-4.801E-01,5.639E+00,1.997E+00,4.935E+00,3.045E-01,1.000E+00,1.000E+00,1.046E-01,2.992E+00
6.300E+01,0.000E+00,0.000E+00,8.488E-03,0.000E+00,3.701E-02,4.530E-02,3.952E+00,1.659E+00,-5.804E-01,7.228E+00,2.059E+00,4.935E+00,3.742E-01,1.000E+00,1.000E+00,8.573E-02,3.088E+00,1.667E+00,-4.904E-01,5.845E+00,1.991E+00,4.935E+00,3.059E-01,1.000E+00,1.000E+00,1.047E-01,2.991E+00
6.400E+01,0.000E+00,0.000E+00,9.094E-03,0.000E+00,3.958E-02,4.863E-02,4.233E+00,1.654E+00,-5.861E-01,7.200E+00,2.105E+00,4.935E+00,3.839E-01,1.000E+00,1.000E+00,8.546E-02,3.095E+00,1.646E+00,-5.295E-01,7.091E+00,1.989E+00,4.935E+00,3.206E-01,1.000E+00,1.000E+00,1.054E-01,2.975E+00
6.500E+01,0.000E+00,0.000E+00,9.396E-03,0.000E+00,4.086E-02,5.029E-02,4.374E+00,1.652E+00,-5.889E-01,7.185E+00,2.128E+00,4.935E+00,3.887E-01,1.000E+00,1.000E+00,8.533E-02,3.099E+00,1.639E+00,-5.491E-01,7.714E+00,1.989E+00,4.935E+00,3.280E-01,1.000E+00,1.000E+00,1.057E-01,2.968E+00
6.600E+01,0.000E+00,0.000E+00,9.699E-03,0.000E+00,4.214E-02,5.196E-02,4.514E+00,1.649E+00,-5.918E-01,7.171E+00,2.151E+00,4.935E+00,3.935E-01,1.000E+00,1.000E+00,8.520E-02,3.102E+00,1.634E+00,-5.686E-01,8.336E+00,1.988E+00,4.935E+00,3.354E-01,1.000E+00,1.000E+00,1.061E-01,2.960E+00
6.700E+01,0.000E+00,0.000E+00,1.015E-02,0.000E+00,4.540E-02,5.571E-02,4.838E+00,1.618E+00,-6.211E-01,8.503E+00,2.205E+00,4.935E+00,4.096E-01,1.000E+00,1.000E+00,8.434E-02,3.126E+00,1.615E+00,-6.083E-01,1.075E+01,1.929E+00,4.935E+00,3.428E-01,1.000E+00,1.000E+00,1.037E-01,3.015E+00
6.800E+01,0.000E+00,0.000E+00,1.038E-02,0.000E+00,4.703E-02,5.758E-02,5.000E+00,1.605E+00,-6.358E-01,9.169E+00,2.232E+00,4.935E+00,4.177E-01,1.000E+00,1.000E+00,8.391E-02,3.137E+00,1.612E+00,-6.282E-01,1.196E+01,1.900E+00,4.935E+00,3.465E-01,1.000E+00,1.000E+00,1.025E-01,3.042E+00
6.900E+01,0.000E+00,0.000E+00,1.061E-02,0.000E+00,4.866E-02,5.946E-02,5.162E+00,1.594E+00,-6.504E-01,9.835E+00,2.259E+00,4.935E+00,4.258E-01,1.000E+00,1.000E+00,8.348E-02,3.149E+00,1.611E+00,-6.480E-01,1.317E+01,1.870E+00,4.935E+00,3.502E-01,1.000E+00,1.000E+00,1.013E-01,3.069E+00
7.000E+01,0.000E+00,0.000E+00,1.148E-02,0.000E+00,5.246E-02,6.402E-02,5.565E+00,1.567E+00,-6.929E-01,1.293E+01,2.231E+00,4.935E+00,4.345E-01,1.000E+00,1.000E+00,8.178E-02,3.198E+00,1.580E+00,-6.590E-01,1.468E+01,1.941E+00,4.930E+00,3.554E-01,1.005E+00,1.000E+00,1.010E-01,3.078E+00
7.100E+01,0.000E+00,0.000E+00,1.191E-02,0.000E+00,5.436E-02,6.630E-02,5.766E+00,1.560E+00,-7.141E-01,1.448E+01,2.216E+00,4.935E+00,4.388E-01,1.000E+00,1.000E+00,8.093E-02,3.222E+00,1.566E+00,-6.646E-01,1.543E+01,1.976E+00,4.927E+00,3.580E-01,1.008E+00,1.000E+00,1.008E-01,3.083E+00
7.200E+01,0.000E+00,0.000E+00,1.234E-02,0.000E+00,5.625E-02,6.859E-02,5.968E+00,1.555E+00,-7.353E-01,1.603E+01,2.202E+00,4.935E+00,4.432E-01,1.000E+00,1.000E+00,8.008E-02,3.246E+00,1.552E+00,-6.701E-01,1.618E+01,2.011E+00,4.925E+00,3.606E-01,1.011E+00,1.000E+00,1.006E-01,3.087E+00
7.300E+01,0.000E+00,0.000E+00,1.259E-02,0.000E+00,5.943E-02,7.209E-02,6.268E+00,1.517E+00,-7.519E-01,1.853E+01,2.308E+00,4.888E+00,4.554E-01,1.050E+00,1.000E+00,7.913E-02,3.274E+00,1.525E+00,-6.639E-01,1.597E+01,2.138E+00,4.894E+00,3.685E-01,1.043E+00,1.000E+00,9.926E-02,3.120E+00
7.400E+01,0.000E+00,0.000E+00,1.284E-02,0.000E+00,6.261E-02,7.560E-02,6.568E+00,1.484E+00,-7.685E-01,2.102E+01,2.413E+00,4.843E+00,4.676E-01,1.101E+00,1.000E+00,7.818E-02,3.303E+00,1.499E+00,-6.578E-01,1.576E+01,2.264E+00,4.865E+00,3.764E-01,1.076E+00,1.000E+00,9.794E-02,3.153E+00
7.500E+01,0.000E+00,0.000E+00,1.304E-02,0.000E+00,6.586E-02,7.896E-02,6.866E+00,1.459E+00,-7.768E-01,2.270E+01,2.506E+00,4.793E+00,4.846E-01,1.159E+00,1.000E+00,7.769E-02,3.318E+00,1.469E+00,-6.558E-01,1.619E+01,2.392E+00,4.811E+00,3.863E-01,1.137E+00,1.000E+00,9.855E-02,3.138E+00
7.600E+01,0.000E+00,0.000E+00,1.324E-02,0.000E+00,6.911E-02,8.232E-02,7.163E+00,1.435E+00,-7.852E-01,2.438E+01,2.600E+00,4.745E+00,5.016E-01,1.218E+00,1.000E+00,7.720E-02,3.333E+00,1.441E+00,-6.538E-01,1.662E+01,2.521E+00,4.760E+00,3.962E-01,1.199E+00,1.000E+00,9.916E-02,3.122E+00
7.700E+01,0.000E+00,0.000E+00,1.408E-02,0.000E+00,7.179E-02,8.581E-02,7.469E+00,1.387E+00,-7.737E-01,2.340E+01,2.912E+00,4.666E+00,5.181E-01,1.320E+00,1.000E+00,7.561E-02,3.385E+00,1.406E+00,-6.427E-01,1.606E+01,2.752E+00,4.687E+00,4.152E-01,1.291E+00,1.000E+00,9.681E-02,3.183E+00
7.800E+01,0.000E+00,0.000E+00,1.493E-02,0.000E+00,7.448E-02,8.930E-02,7.775E+00,1.346E+00,-7.622E-01,2.242E+01,3.224E+00,4.592E+00,5.347E-01,1.422E+00,1.000E+00,7.401E-02,3.436E+00,1.374E+00,-6.316E-01,1.550E+01,2.983E+00,4.620E+00,4.342E-01,1.383E+00,1.000E+00,9.447E-02,3.244E+00
7.900E+01,0.000E+00,0.000E+00,1.470E-02,0.000E+00,7.744E-02,9.214E-02,8.015E+00,1.296E+00,-7.516E-01,2.233E+01,3.607E+00,4.480E+00,5.466E-01,1.592E+00,1.000E+00,7.215E-02,3.501E+00,1.319E+00,-6.226E-01,1.541E+01,3.398E+00,4.527E+00,4.485E-01,1.519E+00,1.000E+00,9.329E-02,3.276E+00
8.000E+01,0.000E+00,0.000E+00,1.446E-02,0.000E+00,8.039E-02,9.499E-02,8.255E+00,1.253E+00,-7.410E-01,2.223E+01,3.990E+00,4.379E+00,5.584E-01,1.763E+00,1.000E+00,7.029E-02,3.566E+00,1.273E+00,-6.136E-01,1.533E+01,3.814E+00,4.441E+00,4.628E-01,1.655E+00,1.000E+00,9.212E-02,3.309E+00
8.100E+01,0.000E+00,0.000E+00,1.475E-02,0.000E+00,8.073E-02,9.555E-02,8.308E+00,1.201E+00,-7.270E-01,2.109E+01,4.609E+00,4.281E+00,5.694E-01,1.943E+00,1.000E+00,6.774E-02,3.664E+00,1.233E+00,-5.986E-01,1.469E+01,4.266E+00,4.323E+00,4.732E-01,1.864E+00,1.000E+00,8.864E-02,3.413E+00
8.200E+01,0.000E+00,0.000E+00,1.505E-02,0.000E+00,8.107E-02,9.610E-02,8.362E+00,1.160E+00,-7.131E-01,1.995E+01,5.229E+00,4.193E+00,5.804E-01,2.123E+00,1.000E+00,6.519E-02,3.762E+00,1.200E+00,-5.837E-01,1.404E+01,4.719E+00,4.217E+00,4.836E-01,2.072E+00,1.000E+00,8.516E-02,3.518E+00
8.300E+01,0.000E+00,0.000E+00,1.398E-02,0.000E+00,7.637E-02,9.033E-02,7.859E+00,1.126E+00,-7.198E-01,2.002E+01,5.835E+00,4.064E+00,6.000E-01,2.416E+00,1.000E+00,6.115E-02,3.945E+00,1.160E+00,-5.767E-01,1.354E+01,5.392E+00,4.098E+00,4.964E-01,2.336E+00,1.000E+00,8.355E-02,3.571E+00
8.400E+01,0.000E+00,0.000E+00,1.291E-02,0.000E+00,7.166E-02,8.455E-02,7.356E+00,1.096E+00,-7.266E-01,2.010E+01,6.442E+00,3.950E+00,6.196E-01,2.709E+00,1.000E+00,5.710E-02,4.128E+00,1.128E+00,-5.697E-01,1.303E+01,6.065E+00,3.991E+00,5.092E-01,2.599E+00,1.000E+00,8.194E-02,3.625E+00
8.500E+01,0.000E+00,0.000E+00,9.884E-03,0.000E+00,5.627E-02,6.613E-02,5.755E+00,1.075E+00,-7.188E-01,1.838E+01,7.187E+00,3.901E+00,6.317E-01,2.849E+00,1.000E+00,5.225E-02,4.408E+00,1.116E+00,-5.614E-01,1.176E+01,6.709E+00,3.935E+00,5.217E-01,2.750E+00,1.000E+00,7.595E-02,3.859E+00
8.600E+01,0.000E+00,0.000E+00,6.856E-03,0.000E+00,4.088E-02,4.772E-02,4.153E+00,1.061E+00,-7.110E-01,1.666E+01,7.932E+00,3.853E+00,6.439E-01,2.989E+00,1.000E+00,4.741E-02,4.688E+00,1.110E+00,-5.530E-01,1.050E+01,7.353E+00,3.882E+00,5.341E-01,2.902E+00,1.000E+00,6.996E-02,4.093E+00
8.700E+01,0.000E+00,0.000E+00,3.608E-03,0.000E+00,2.132E-02,2.494E-02,2.170E+00,9.893E-01,-7.534E-01,1.611E+01,1.112E+01,3.705E+00,7.147E-01,3.476E+00,1.000E+00,3.782E-02,5.623E+00,1.127E+00,-6.044E-01,9.973E+00,7.842E+00,3.885E+00,6.017E-01,2.893E+00,1.000E+00,6.262E-02,4.489E+00
8.800E+01,0.000E+00,0.000E+00,3.594E-04,0.000E+00,1.765E-03,2.154E-03,1.865E-01,9.454E-01,-7.958E-01,1.556E+01,1.430E+01,3.579E+00,7.854E-01,3.963E+00,1.000E+00,2.824E-02,6.558E+00,1.141E+00,-6.559E-01,9.447E+00,8.332E+00,3.888E+00,6.692E-01,2.884E+00,1.000E+00,5.527E-02,4.885E+00
8.900E+01,0.000E+00,0.000E+00,0.000E+00,0.000E+00,7.715E-05,8.008E-05,6.613E-03,3.142E+00,0.000E+00,0.000E+00,0.000E+00,9.870E+00,0.000E+00,0.000E+00,0.000E+00,0.000E+00,0.000E+00,3.142E+00,0.000E+00,0.000E+00,0.000E+00,9.870E+00,0.000E+00,0.000E+00,0.000E+00,0.000E+00,0.000E+00
