alpha,H,He,Cr,S,Cr_1,S_1,amu/ion,thetaK_Cr,thetaTilt_Cr,thetaM_Cr,thetaN_Cr,3dK_Cr,3dTilt_Cr,3dM_Cr,3dN_Cr,energyK_Cr,energyE_Cr,thetaK_S,thetaTilt_S,thetaM_S,thetaN_S,3dK_S,3dTilt_S,3dM_S,3dN_S,energyK_S,energyE_S
0.0,0.0,0.0,0.0033505859375,9.765625e-07,0.0045595703125,0.010435546875,0.7464646166796876,1.778612502719867,0.0045812208347287085,1.361412991289895,1.4986937322295864,8.283185307179584,0.0,1.0,1.0,0.050387678634119235,4.574533714640801,1.7072698829161674,-0.028429750653382747,1.7960732207176227,1.57531875762446,8.283185307179584,0.002268080925018043,1.0,1.0,0.12881147982361058,2.5323248514221017
1.0,0.0,0.0,0.003350830078125,8.544921875e-07,0.0045837402343749875,0.0104910888671875,0.7494943629720279,1.7740166486247442,-0.0010330729453458926,1.37615255523616,1.5099102187679727,8.283185307179584,0.005335321735377556,1.0,1.0,0.05064756152552906,4.558829116207042,1.70128619570171,-0.02849036132673028,1.7792103230969256,1.620811014251323,8.283185307179584,0.006314324018871056,1.0,1.0,0.12847552496092585,2.5377750188229076
2.0,0.0,0.0,0.0033510742187499998,7.32421875e-07,0.0046079101562499745,0.010546630859375,0.7525241092643681,1.7746891485751677,-0.006647366725420494,1.3908921191824248,1.5211267053063593,8.283185307179584,0.010670643470755112,1.0,1.0,0.05090744441693888,4.543124517773283,1.6955980898436271,-0.028550972000077817,1.7623474254762286,1.6663032708781857,8.283185307179584,0.010360567112724069,1.0,1.0,0.12813957009824112,2.543225186223713
3.0,0.0,0.0,0.003351318359375,6.103515625e-07,0.0046320800781249625,0.0106021728515625,0.7555538555567083,1.7753470478230855,-0.012261660505495094,1.4056316831286897,1.5323431918447457,8.283185307179584,0.01600596520613267,1.0,1.0,0.051167327308348706,4.527419919339523,1.6901935327853854,-0.028611582673425354,1.7454845278555315,1.7117955275050487,8.283185307179584,0.014406810206577081,1.0,1.0,0.1278036152355564,2.5486753536245184
4.0,0.0,0.0,0.0033514404296875,5.493164062500001e-07,0.004644165039062457,0.01062994384765625,0.7570687287028784,1.775669127347635,-0.015068807395532395,1.4130014651018221,1.5379514351139387,8.283185307179584,0.018673626073821448,1.0,1.0,0.05129726875405362,4.519567620122643,1.6875940494759942,-0.02864188801009912,1.737053079045183,1.73454165581848,8.283185307179584,0.016429931753503588,1.0,1.0,0.12763563780421405,2.5514004373249213
5.0,0.0,0.0,0.0033515625,4.8828125e-07,0.00465624999999995,0.010657714843749999,0.7585836018490486,1.775986257579358,-0.017875954285569696,1.4203712470749545,1.543559678383132,8.283185307179584,0.021341286941510225,1.0,1.0,0.05142721019975853,4.511715320905763,1.6850613067966886,-0.028672193346772887,1.7286216302348345,1.7572877841319117,8.283185307179584,0.018453053300430095,1.0,1.0,0.1274676603728717,2.554125521025324
6.0,0.0,0.0,0.003351806640625,3.662109375e-07,0.004680419921874937,0.010713256835937499,0.7616133481413889,1.7766050629660755,-0.023490248065644294,1.4351108110212194,1.5547761649215184,8.283185307179584,0.026676608676887783,1.0,1.0,0.051687093091168354,4.496010722472003,1.6801909450786006,-0.02873280402012042,1.7117587326141375,1.8027800407587746,8.283185307179584,0.022499296394283108,1.0,1.0,0.127131705510187,2.55957568842613
7.0,0.0,0.0,0.00335205078125,2.44140625e-07,0.004704589843749925,0.010768798828124999,0.7646430944337291,1.7772027135839132,-0.029104541845718895,1.4498503749674843,1.5659926514599047,8.283185307179584,0.03201193041226534,1.0,1.0,0.05194697598257818,4.480306124038243,1.6755726739709471,-0.028793414693467953,1.6948958349934404,1.8482722973856376,8.283185307179584,0.026545539488136122,1.0,1.0,0.12679575064750226,2.5650258558269354
8.0,0.0,0.0,0.003352294921875,1.220703125e-07,0.004728759765624913,0.0108243408203125,0.7676728407260693,1.777778947915476,-0.0347188356257935,1.4645899389137491,1.577209137998291,8.283185307179584,0.037347252147642895,1.0,1.0,0.052206858873988,4.4646015256044835,1.6711973605184243,-0.028854025366815486,1.6780329373727434,1.8937645540125005,8.283185307179584,0.030591782581989135,1.0,1.0,0.12645979578481753,2.570476023227741
9.0,0.0,0.0,0.0033524169921875,6.103515625e-08,0.004740844726562407,0.01085211181640625,0.7691877138722395,1.7780590294380691,-0.037525982515830794,1.4719597208868818,1.5828173812674842,8.283185307179584,0.04001491301533167,1.0,1.0,0.052336800319692914,4.456749226387604,1.6690981222867014,-0.028884330703489253,1.6696014885623949,1.916510682325932,8.283185307179584,0.03261490412891564,1.0,1.0,0.12629181835347517,2.5732011069281437
10.0,0.0,0.0,0.0033525390625,0.0,0.0047529296874999,0.0108798828125,0.7707025870184097,1.7783337735400422,-0.0403331294058681,1.4793295028600142,1.5884256245366775,8.283185307179584,0.04268257388302045,1.0,1.0,0.052466741765397826,4.448896927170724,1.6670564650013913,-0.028914636040163023,1.6611700397520464,1.9392568106393635,8.283185307179584,0.03463802567584215,1.0,1.0,0.1261238409221328,2.5759261906285467
11.0,0.0,0.0,0.00340869140625,0.0,0.004803466796874913,0.011013671874999988,0.7804504592026319,1.7715120584624842,-0.04444396524037625,1.4877854229429794,1.6357204782478332,8.283185307179584,0.048578994092098676,1.0,1.0,0.05233700265238188,4.4566146094368815,1.6606871715584148,-0.029567823274135513,1.6376243462993605,2.0128163674918795,8.283185307179584,0.04126373974300993,1.0,1.0,0.12597432044640972,2.5784164584130966
12.0,0.0,0.0,0.00346484375,0.0,0.004854003906249925,0.011147460937499975,0.7901983313868541,1.764910507152915,-0.0485548010748844,1.496241343025945,1.683015331958989,8.283185307179584,0.05447541430117691,1.0,1.0,0.05220726353936594,4.46433229170304,1.6548488711361937,-0.030221010508108007,1.6140786528466748,2.086375924344395,8.283185307179584,0.047889453810177715,1.0,1.0,0.12582479997068663,2.580906726197647
13.0,0.0,0.0,0.00352099609375,0.0,0.004904541015624937,0.011281249999999961,0.7999462035710764,1.7585172874295676,-0.05266563690939255,1.5046972631089102,1.7303101856701448,8.283185307179584,0.06037183451025514,1.0,1.0,0.05207752442635,4.472049973969199,1.6495130188868676,-0.0308741977420805,1.5905329593939892,2.1599354811969107,8.283185307179584,0.054515167877345505,1.0,1.0,0.12567527949496354,2.5833969939821975
14.0,0.0,0.0,0.0035490722656249998,0.0,0.004929809570312443,0.011348144531249955,0.8048201396631876,1.7553953282543273,-0.05472105482664663,1.508925223150393,1.7539576125257228,8.283185307179584,0.06332004461479426,1.0,1.0,0.05201265486984202,4.475908815102278,1.6470253309656138,-0.031200791359066747,1.5787601126676463,2.1967152596231685,8.283185307179584,0.05782802491092939,1.0,1.0,0.125600519257102,2.5846421278744725
15.0,0.0,0.0,0.0035771484375,0.0,0.0049550781249999495,0.01141503906249995,0.8096940757552986,1.7523213786245717,-0.056776472743900706,1.5131531831918754,1.7776050393813005,8.283185307179584,0.06626825471933337,1.0,1.0,0.05194778531333405,4.4797676562353566,1.6446537479620718,-0.031527384976052994,1.5669872659413033,2.2334950380494263,8.283185307179584,0.06114088194451329,1.0,1.0,0.12552575901924046,2.5858872617667474
16.0,0.0,0.0,0.0036333007812499995,0.0,0.005005615234374962,0.011548828124999938,0.8194419479395209,1.7463125004688487,-0.060887308578408864,1.521609103274841,1.8248998930924563,8.283185307179584,0.0721646749284116,1.0,1.0,0.05181804620031811,4.487485338501514,1.6402475817318296,-0.03218057221002549,1.5434415724886175,2.307054594901942,8.283185307179584,0.06776659601168107,1.0,1.0,0.12537623854351737,2.5883775295512974
17.0,0.0,0.0,0.0036894531249999996,0.0,0.005056152343749974,0.011682617187499925,0.8291898201237431,1.7404810497743535,-0.06499814441291701,1.5300650233578061,1.8721947468036122,8.283185307179584,0.07806109513748982,1.0,1.0,0.05168830708730217,4.495203020767673,1.6362731832333002,-0.03283375944399798,1.5198958790359316,2.380614151754458,8.283185307179584,0.07439231007884886,1.0,1.0,0.12522671806779428,2.590867797335848
18.0,0.0,0.0,0.0037456054687499997,0.0,0.0051066894531249865,0.011816406249999911,0.8389376923079653,1.734818043765766,-0.06910898024742516,1.5385209434407714,1.919489600514768,8.283185307179584,0.08395751534656805,1.0,1.0,0.05155856797428622,4.502920703033832,1.6327111363372837,-0.033486946677970475,1.4963501855832457,2.454173708606974,8.283185307179584,0.08101802414601664,1.0,1.0,0.1250771975920712,2.5933580651203982
19.0,0.0,0.0,0.0037736816406249997,0.0,0.005131958007812493,0.011883300781249904,0.8438116284000765,1.7320470574602944,-0.07116439816467923,1.5427489034822541,1.9431370273703457,8.283185307179584,0.08690572545110717,1.0,1.0,0.05149369841777825,4.5067795441669105,1.6310791547558519,-0.03381354029495672,1.4845773388569028,2.4909534870332317,8.283185307179584,0.08433088117960053,1.0,1.0,0.12500243735420968,2.5946031990126732
20.0,0.0,0.0,0.0038017578125,0.0,0.0051572265625,0.0119501953124999,0.8486855644921876,1.729315069351318,-0.07321981608193331,1.5469768635237369,1.9667844542259236,8.283185307179584,0.08985393555564627,1.0,1.0,0.05142882886127028,4.510638385299989,1.6295437540335311,-0.03414013391194297,1.47280449213056,2.5277332654594895,8.283185307179584,0.08764373821318443,1.0,1.0,0.12492767711634814,2.595848332904948
21.0,0.0,0.0,0.003913696289062499,0.0,0.005294311523437499,0.012264526367187412,0.8717967807299805,1.7337895121066782,-0.08838149057584102,1.6298741621621582,1.9273562748408064,8.283185307179584,0.09564369928286594,1.0,1.0,0.05129995455640321,4.518546168471358,1.6338721070768254,-0.04731507090810906,1.5423717179697518,2.4764452484669346,8.283185307179584,0.0937064815896019,1.0,1.0,0.12448309444128586,2.6035006575549167
22.0,0.0,0.0,0.004025634765624999,0.0,0.005431396484375,0.012578857421874924,0.8949079969677735,1.7390822019094752,-0.10354316506974873,1.7127714608005795,1.8879280954556892,8.283185307179584,0.1014334630100856,1.0,1.0,0.05117108025153613,4.526453951642727,1.6388197297355003,-0.060490007904275146,1.6119389438089438,2.4251572314743797,8.283185307179584,0.09976922496601939,1.0,1.0,0.12403851176622357,2.6111529822048856
23.0,0.0,0.0,0.0041375732421874995,0.0,0.0055684814453125,0.012893188476562437,0.9180192132055665,1.7451570614855445,-0.11870483956365643,1.795668759439001,1.848499916070572,8.283185307179584,0.10722322673730528,1.0,1.0,0.051042205946669056,4.534361734814096,1.6443780477469678,-0.07366494490044123,1.6815061696481357,2.3738692144818248,8.283185307179584,0.10583196834243687,1.0,1.0,0.12359392909116129,2.6188053068548545
24.0,0.0,0.0,0.00419354248046875,0.0,0.00563702392578125,0.013050354003906193,0.9295748213244629,1.7484773275254282,-0.1262856768106103,1.8371174087582118,1.8287858263780135,8.283185307179584,0.11011810860091512,1.0,1.0,0.05097776879423552,4.538315626399781,1.6473832737897056,-0.08025241339852428,1.7162897825677317,2.348225205985547,8.283185307179584,0.1088633400306456,1.0,1.0,0.12337163775363015,2.6226314691798387
25.0,0.0,0.0,0.00424951171875,0.0,0.005705566406249999,0.01320751953124995,0.9411304294433593,1.7519809846092707,-0.13386651405756414,1.8785660580774224,1.8090717366854547,8.283185307179584,0.11301299046452494,1.0,1.0,0.05091333164180198,4.542269517985464,1.6505376357335217,-0.08683988189660732,1.7510733954873277,2.32258119748927,8.283185307179584,0.11189471171885434,1.0,1.0,0.12314934641609901,2.626457631504823
26.0,0.0,0.0,0.0043614501953125,0.0,0.0058426513671875,0.013521850585937462,0.9642416456811522,1.7595243041351831,-0.14902818855147185,1.9614633567158437,1.7696435573003375,8.283185307179584,0.1188027541917446,1.0,1.0,0.0507844573369349,4.5501773011568325,1.6572892686356273,-0.10001481889277342,1.8206406213265196,2.271293180496715,8.283185307179584,0.11795745509527182,1.0,1.0,0.12270476374103673,2.6341099561547914
27.0,0.0,0.0,0.004473388671875,0.0,0.005979736328125,0.013836181640624974,0.9873528619189452,1.767760917883662,-0.16418986304537955,2.0443606553542653,1.7302153779152203,8.283185307179584,0.12459251791896428,1.0,1.0,0.050655583032067825,4.5580850843282015,1.664624608099023,-0.11318975588893951,1.8902078471657116,2.22000516350416,8.283185307179584,0.1240201984716893,1.0,1.0,0.12226018106597444,2.6417622808047603
28.0,0.0,0.0,0.0045853271484375,0.0,0.006116821289062499,0.014150512695312487,1.0104640781567382,1.7766682421291944,-0.17935153753928726,2.127257953992687,1.6907871985301028,8.283185307179584,0.13038228164618393,1.0,1.0,0.05052670872720075,4.5659928674995705,1.6725366374944057,-0.1263646928851056,1.9597750730049035,2.1687171465116046,8.283185307179584,0.13008294184810676,1.0,1.0,0.12181559839091216,2.649414605454729
29.0,0.0,0.0,0.00464129638671875,0.0,0.00618536376953125,0.014307678222656243,1.0220196862756348,1.7813672946701855,-0.1869323747862411,2.1687066033118976,1.6710731088375441,8.283185307179584,0.13327716350979377,1.0,1.0,0.05046227157476721,4.569946759085255,1.6767071492117527,-0.13295216138318866,1.9945586859244995,2.1430731380153274,8.283185307179584,0.1331143135363155,1.0,1.0,0.12159330705338103,2.6532407677797134
30.0,0.0,0.0,0.004697265625,0.0,0.00625390625,0.01446484375,1.033575294394531,1.786227083743693,-0.19451321203319497,2.210155252631108,1.6513590191449856,8.283185307179584,0.1361720453734036,1.0,1.0,0.05039783442233367,4.573900650670939,1.6810199354949515,-0.1395396298812717,2.0293422988440954,2.1174291295190497,8.283185307179584,0.13614568522452425,1.0,1.0,0.12137101571584989,2.6570669301046976
31.0,0.0,0.0,0.0049627685546875,1.220703125e-07,0.00664990234375,0.0153487548828125,1.0961715977191844,1.7847183556802226,-0.2216984720114174,2.4198172926537866,1.63819457992079,8.283185307179584,0.15093893766317967,1.0,1.0,0.05010595806670941,4.5927661698970415,1.6773485773286736,-0.1599360041927777,2.1872155239556665,2.1052400718664988,8.283185307179584,0.1464068046623821,1.0,1.0,0.12081706544019216,2.6671564394460927
32.0,0.0,0.0,0.00509552001953125,1.8310546875e-07,0.006847900390625,0.015790710449218752,1.127469749381511,1.784792268597574,-0.2352911020005286,2.5246483126651262,1.6316123603086923,8.283185307179584,0.1583223838080677,1.0,1.0,0.049960019888897284,4.602198929510093,1.67608118067481,-0.17013419134853072,2.2661521365114523,2.099145543040223,8.283185307179584,0.15153736438131105,1.0,1.0,0.12054009030236329,2.6722011941167905
33.0,0.0,0.0,0.005228271484375,2.44140625e-07,0.0070458984375,0.016232666015625,1.1587679010438374,1.785352761251613,-0.2488837319896398,2.629479332676466,1.6250301406965946,8.283185307179584,0.16570582995295574,1.0,1.0,0.04981408171108515,4.611631689123144,1.6751570424819318,-0.18033237850428374,2.345088749067238,2.0930510142139473,8.283185307179584,0.15666792410023997,1.0,1.0,0.12026311516453442,2.677245948787488
34.0,0.0,0.0,0.00536102294921875,3.0517578125e-07,0.007243896484375,0.01667462158203125,1.190066052706164,1.7863571730011594,-0.262476361978751,2.734310352687805,1.6184479210844969,8.283185307179584,0.17308927609784377,1.0,1.0,0.04966814353327302,4.621064448736195,1.674552388968584,-0.19053056566003673,2.4240253616230234,2.0869564853876716,8.283185307179584,0.1617984838191689,1.0,1.0,0.11998614002670555,2.682290703458185
35.0,0.0,0.0,0.0054937744140624994,3.662109375e-07,0.00744189453125,0.0171165771484375,1.2213642043684905,1.7877671968909432,-0.2760689919678623,2.8391413726991446,1.6118657014723992,8.283185307179584,0.1804727222427318,1.0,1.0,0.049522205355460897,4.630497208349247,1.6742454743076696,-0.20072875281578975,2.502961974178809,2.080861956561396,8.283185307179584,0.16692904353809784,1.0,1.0,0.11970916488887669,2.687335458128883
36.0,0.0,0.0,0.00562652587890625,4.2724609375e-07,0.007639892578125,0.01755853271484375,1.252662356030817,1.7895482842208263,-0.2896616219569735,2.943972392710484,1.6052834818603015,8.283185307179584,0.18785616838761987,1.0,1.0,0.049376267177648765,4.639929967962298,1.6742163589738648,-0.21092693997154277,2.581898586734595,2.0747674277351207,8.283185307179584,0.17205960325702677,1.0,1.0,0.11943218975104783,2.6923802127995806
37.0,0.0,0.0,0.00575927734375,4.8828125e-07,0.007837890625,0.01800048828125,1.2839605076931435,1.7916691429308411,-0.3032542519460847,3.0488034127218233,1.5987012622482037,8.283185307179584,0.1952396145325079,1.0,1.0,0.049230328999836634,4.649362727575349,1.6744467154050242,-0.22112512712729576,2.6608351992903803,2.068672898908845,8.283185307179584,0.1771901629759557,1.0,1.0,0.11915521461321896,2.697424967470278
38.0,0.0,0.0,0.00589202880859375,5.493164062500001e-07,0.008035888671875,0.018442443847656254,1.31525865935547,1.7941013129988488,-0.3168468819351959,3.1536344327331625,1.592119042636106,8.283185307179584,0.20262306067739594,1.0,1.0,0.0490843908220245,4.6587954871884,1.674919657350606,-0.23132331428304875,2.7397718118461656,2.0625783700825693,8.283185307179584,0.1823207226948846,1.0,1.0,0.11887823947539009,2.7024697221409753
39.0,0.0,0.0,0.0060247802734375005,6.103515625e-07,0.00823388671875,0.018884399414062503,1.3465568110177966,1.7968188054026464,-0.3304395119243071,3.258465452744502,1.5855368230240083,8.283185307179584,0.210006506822284,1.0,1.0,0.04893845264421237,4.668228246801451,1.6756195897511776,-0.24152150143880177,2.8187084244019514,2.056483841256294,8.283185307179584,0.18745128241381354,1.0,1.0,0.11860126433756123,2.707514476811673
40.0,0.0,0.0,0.00615753173828125,6.7138671875e-07,0.008431884765625,0.019326354980468752,1.377854962680123,1.7997977938257055,-0.34403214191341835,3.3632964727558416,1.5789546034119106,8.283185307179584,0.21738995296717203,1.0,1.0,0.04879251446640025,4.677661006414502,1.6765320764207081,-0.2517196885945548,2.897645036957737,2.0503893124300183,8.283185307179584,0.19258184213274246,1.0,1.0,0.11832428919973237,2.7125592314823708
41.0,0.0,0.0,0.006290283203125,7.32421875e-07,0.0086298828125,0.019768310546875,1.4091531143424496,1.803016350353483,-0.35762477190252956,3.468127492767181,1.572372383799813,8.283185307179584,0.22477339911206007,1.0,1.0,0.048646576288588116,4.687093766027553,1.6776437231816481,-0.2619178757503078,2.9765816495135224,2.0442947836037426,8.283185307179584,0.19771240185167138,1.0,1.0,0.1180473140619035,2.717603986153068
42.0,0.0,0.0,0.00642303466796875,7.934570312500001e-07,0.008827880859375,0.02021026611328125,1.4404512660047761,1.8064542180433083,-0.37121740189164076,3.5729585127785204,1.5657901641877152,8.283185307179584,0.2321568452569481,1.0,1.0,0.048500638110775984,4.696526525640604,1.6789420744324608,-0.2721160629060608,3.0555182620693078,2.038200254777467,8.283185307179584,0.2028429615706003,1.0,1.0,0.11777033892407462,2.722648740823766
43.0,0.0,0.0,0.0065557861328125,8.544921875e-07,0.00902587890625,0.0206522216796875,1.4717494176671027,1.8100926145520315,-0.384810031880752,3.67778953278986,1.5592079445756175,8.283185307179584,0.23954029140183614,1.0,1.0,0.04835469993296386,4.705959285253655,1.6804155214117142,-0.28231425006181377,3.1344548746250935,2.032105725951191,8.283185307179584,0.20797352128952923,1.0,1.0,0.11749336378624577,2.7276934954944636
44.0,0.0,0.0,0.0066885375976562505,9.1552734375e-07,0.009223876953125,0.021094177246093748,1.5030475693294292,1.813914062045976,-0.39840266186986323,3.782620552801199,1.5526257249635198,8.283185307179584,0.24692373754672417,1.0,1.0,0.04820876175515173,4.715392044866707,1.6820532206669503,-0.2925124372175668,3.2133914871808793,2.026011197124916,8.283185307179584,0.21310408100845818,1.0,1.0,0.11721638864841691,2.732738250165161
45.0,0.0,0.0,0.0068212890625,9.765625e-07,0.009421875,0.0215361328125,1.5343457209917557,1.8179022394536888,-0.41199529185897443,3.8874515728125387,1.5460435053514219,8.283185307179584,0.2543071836916122,1.0,1.0,0.0480628235773396,4.724824804479758,1.683845021445439,-0.3027106243733198,3.2923280997366646,2.0199166682986402,8.283185307179584,0.2182346407273871,1.0,1.0,0.11693941351058804,2.7377830048358587
46.0,0.0,0.0,0.007038085937500001,4.8828125e-07,0.00998974609375,0.02254833984375,1.6079933663133565,1.8079250182772362,-0.43263085080962455,4.095976547728867,1.5882425059628813,8.283185307179584,0.26997827426067933,1.0,1.0,0.04781072214355922,4.741861639277928,1.6797862949213775,-0.3220709627827081,3.5473125614645955,2.0052039566807323,8.283185307179584,0.22317231560374629,1.0,1.0,0.11560572396058642,2.7633584109568647
47.0,0.0,0.0,0.0071464843750000005,2.44140625e-07,0.010273681640625,0.023054443359375003,1.644817188974157,1.8032008074141577,-0.4429486302849496,4.200239035187032,1.609342006268611,8.283185307179584,0.2778138195452129,1.0,1.0,0.04768467142666903,4.750380056677012,1.678377499377894,-0.3317511319874022,3.674804792328561,1.9978476008717783,8.283185307179584,0.22564115304192586,1.0,1.0,0.11493887918558562,2.7761461140173678
48.0,0.0,0.0,0.0072548828125,0.0,0.0105576171875,0.023560546875,1.6816410116349572,1.7986366844101882,-0.45326640976027466,4.304501522645196,1.6304415065743407,8.283185307179584,0.28564936482974645,1.0,1.0,0.047558620709778836,4.758898474076097,1.6773425860549487,-0.3414313011920963,3.802297023192526,1.9904912450628243,8.283185307179584,0.22810999048010544,1.0,1.0,0.11427203441058481,2.788933817077871
49.0,0.0,0.0,0.00758837890625,4.8828125e-07,0.0111796875,0.024808105468749952,1.7710421943121553,1.7844773777523348,-0.4847875093512405,4.942336960625379,1.6327556673101147,8.283185307179584,0.2940776334597792,1.0,1.0,0.04722356253327589,4.781974121994807,1.6873005277126651,-0.3778341995375557,4.369105484418387,1.8797083459677126,8.283185307179584,0.23380087253092804,1.0,1.0,0.11302322520179789,2.813822041585831
50.0,0.0,0.0,0.007755126953125,7.32421875e-07,0.01149072265625,0.025431884765624926,1.8157427856507544,1.7792271980862968,-0.5005480591467234,5.261254679615471,1.6339127476780018,8.283185307179584,0.2982917677747956,1.0,1.0,0.04705603344502442,4.793511945954162,1.6950804604322727,-0.3960356487102854,4.652509715031318,1.8243168964201568,8.283185307179584,0.23664631355633936,1.0,1.0,0.11239882059740443,2.826266153839811
51.0,0.0,0.0,0.007921875,9.765625e-07,0.0118017578125,0.0260556640624999,1.8604433769893536,1.774990567985392,-0.5163086089422063,5.580172398605562,1.6350698280458889,8.283185307179584,0.30250590208981193,1.0,1.0,0.04688850435677295,4.805049769913516,1.7045345991750622,-0.4142370978830151,4.935913945644249,1.768925446872601,8.283185307179584,0.23949175458175065,1.0,1.0,0.11177441599301097,2.8387102660937913
52.0,0.0,0.0,0.008358886718749951,4.8828125e-07,0.01250146484374995,0.02748535156249995,1.965001314432177,1.7646244031723863,-0.5553474318166217,6.522652230599895,1.630222024392261,8.283185307179584,0.32046353905679936,1.0,1.0,0.04616012525434282,4.856996604442317,1.7148787380397787,-0.42777894405689776,5.075496037220445,1.7335739380057036,8.283185307179584,0.24946319872991837,1.0,1.0,0.11300955184483175,2.8140895182549004
53.0,0.0,0.0,0.008577392578124926,2.44140625e-07,0.012851318359374926,0.028200195312499975,2.0172802831535885,1.7616972097993577,-0.5748668432538294,6.9938921465970605,1.627798122565447,8.283185307179584,0.3294423575402931,1.0,1.0,0.04579593570312776,4.882970021706718,1.720213681433914,-0.4345498671438391,5.145287083008542,1.7158981835722549,8.283185307179584,0.2544489208040022,1.0,1.0,0.11362711977074214,2.8017791443354554
54.0,0.0,0.0,0.0087958984374999,0.0,0.0132011718749999,0.0289150390625,2.0695592518750003,1.75997885542894,-0.5943862546910371,7.465132062594227,1.6253742207386332,8.283185307179584,0.33842117602378685,1.0,1.0,0.0454317461519127,4.908943438971118,1.725656328480816,-0.4413207902307804,5.215078128796639,1.6982224291388064,8.283185307179584,0.2594346428780861,1.0,1.0,0.11424468769665254,2.78946877041601
55.0,0.0,0.0,0.009180664062499951,4.8828125e-07,0.01417089843749995,0.030790527343750002,2.200966164823803,1.7379200693362766,-0.6103130757849144,7.995038343841694,1.690491905701374,8.283185307179584,0.34929736068443606,1.0,1.0,0.04542680718262979,4.909304331634958,1.6925799931658174,-0.4136185678726194,4.708815278388922,1.8812375474668417,8.283185307179584,0.26568307590893236,1.0,1.0,0.11235347550828739,2.8275480361609757
56.0,0.0,0.0,0.009373046874999975,7.32421875e-07,0.014655761718749976,0.031728271484375,2.266669621298204,1.7275041097065809,-0.6182764863318531,8.259991484465427,1.7230507481827444,8.283185307179584,0.35473545301476067,1.0,1.0,0.04542433769798834,4.909484777966879,1.6792535980533407,-0.39976745669353897,4.455683853185064,1.9727451066308594,8.283185307179584,0.2688072924243555,1.0,1.0,0.11140786941410483,2.8465876690334584
57.0,0.0,0.0,0.0095654296875,9.765625e-07,0.015140625,0.032666015625,2.332373077772605,1.7174645858573752,-0.6262398968787917,8.52494462508916,1.7556095906641147,8.283185307179584,0.3601735453450853,1.0,1.0,0.045421868213346886,4.9096652242987995,1.668062961547708,-0.38591634551445847,4.202552427981206,2.064252665794877,8.283185307179584,0.2719315089397787,1.0,1.0,0.11046226331992225,2.865627301905941
58.0,0.0,0.0,0.0100166015625,9.765625e-07,0.016130859375,0.0346787109375,2.4717991955431247,1.6869258362015143,-0.6158588757076202,8.100343854407683,1.9070140602495171,8.283185307179584,0.3732663441024693,1.0,1.0,0.04491940315085212,4.947016989731664,1.6444474590987548,-0.40192936558601294,4.531103550311306,2.1455613024304943,8.283185307179584,0.2792640786469984,1.0,1.0,0.11098137037998593,2.854956245818024
59.0,0.0,0.0,0.0102421875,9.765625e-07,0.0166259765625,0.03568505859375,2.5415122544283846,1.6732000418307258,-0.6106683651220344,7.888043469066943,1.9827162950422184,8.283185307179584,0.37981274348116134,1.0,1.0,0.044668170619604736,4.965692872448097,1.6333943586864788,-0.4099358756217902,4.695379111476355,2.186215620748303,8.283185307179584,0.2829303635006083,1.0,1.0,0.11124092391001776,2.849620717774066
60.0,0.0,0.0,0.0104677734375,9.765625e-07,0.01712109375,0.03669140625,2.6112253133136445,1.6604379019620485,-0.6054778545364486,7.6757430837262035,2.0584185298349196,8.283185307179584,0.38635914285985334,1.0,1.0,0.04441693808835736,4.984368755164529,1.6228003654106118,-0.4179423856575674,4.859654672641405,2.2268699390661113,8.283185307179584,0.2865966483542182,1.0,1.0,0.1115004774400496,2.844285189730107
61.0,0.0,0.0,0.01113525390624995,9.765625e-07,0.018603515625,0.03946923828124995,2.811769175063108,1.6608943842851507,-0.6544911681696384,9.632675204099193,1.9596561547579048,8.283185307179584,0.403065333902631,1.0,1.0,0.04466001685368901,4.966140111471155,1.633994030708784,-0.4350192516555327,5.0633741909969405,2.1664026867518618,8.283185307179584,0.29213006701097705,1.0,1.0,0.10991445107803158,2.877433401226728
62.0,0.0,0.0,0.011468994140624925,9.765625e-07,0.0193447265625,0.04085815429687492,2.91204110593784,1.666248400358219,-0.6789978249862332,10.611141264285688,1.9102749672193973,8.283185307179584,0.41141842942401985,1.0,1.0,0.04478155623635484,4.957025789624468,1.6399324958337007,-0.4435576846545153,5.165233950174708,2.136169060594737,8.283185307179584,0.29489677633935646,1.0,1.0,0.10912143789702258,2.894007506975039
63.0,0.0,0.0,0.0118027343749999,9.765625e-07,0.0200859375,0.0422470703124999,3.012313036812572,1.6742977462072504,-0.703504481802828,11.589607324472185,1.86089377968089,8.283185307179584,0.41977152494540865,1.0,1.0,0.044903095619020665,4.9479114677777805,1.6460956039037236,-0.45209611765349794,5.267093709352476,2.105935434437612,8.283185307179584,0.29766348566773587,1.0,1.0,0.10832842471601357,2.9105816127233495
64.0,0.0,0.0,0.0125097656249999,9.765625e-07,0.021708984375,0.04525195312499995,3.2296697975747906,1.632758432956634,-0.6898183161435774,10.745655605515479,2.080201603931023,8.283185307179584,0.4368188243655917,1.0,1.0,0.044195320856953824,5.001846443448655,1.625502077207883,-0.4812524557291201,6.139906474300261,2.112823822667626,8.283185307179584,0.3094568547696708,1.0,1.0,0.10700949980980723,2.9394299848546104
65.0,0.0,0.0,0.0128632812499999,9.765625e-07,0.0225205078125,0.04675439453124998,3.3383481779559,1.6149136339456738,-0.682975233313952,10.323679746037126,2.18985551605609,8.283185307179584,0.4453424740756833,1.0,1.0,0.0438414334759204,5.028813931284093,1.6175153930900499,-0.49583062476693124,6.576312856774154,2.116268016782633,8.283185307179584,0.31535353932063825,1.0,1.0,0.10635003735670406,2.953854170920241
66.0,0.0,0.0,0.0132167968749999,9.765625e-07,0.02333203125,0.0482568359375,3.4470265583370097,1.598865081368602,-0.6761321504843266,9.901703886558773,2.299509428181157,8.283185307179584,0.45386612378577484,1.0,1.0,0.04348754609488698,5.05578141911953,1.6107880649517203,-0.5104087938047424,7.012719239248045,2.1197122108976396,8.283185307179584,0.3212502238716057,1.0,1.0,0.1056905749036009,2.9682783569858713
67.0,0.0,0.0,0.01358105468749995,1.953125e-06,0.02567919921874995,0.051945800781249996,3.7067904456821767,1.5907197636381647,-0.6725519716734054,9.325960695269254,2.4026445941742254,8.283185307179584,0.465158101893446,1.0,1.0,0.041726816476512094,5.202302486658103,1.5847206703113894,-0.5394235882012921,8.333162125139236,2.140830291714787,8.283185307179584,0.3273626646424277,1.0,1.0,0.10437435295631528,2.9983117352554225
68.0,0.0,0.0,0.013763183593749975,2.44140625e-06,0.026852783203124925,0.053790283203125,3.83667238935476,1.5873191709180272,-0.6707618822679449,9.038089099624495,2.45421217717076,8.283185307179584,0.47080409094728154,1.0,1.0,0.04084645166732465,5.27556302042739,1.5744892800784533,-0.553930985399567,8.99338356808483,2.15138933212336,8.283185307179584,0.33041888502783867,1.0,1.0,0.10371624198267249,3.013328424390198
69.0,0.0,0.0,0.0139453125,2.9296875e-06,0.0280263671874999,0.055634765625,3.966554333027344,1.5843661165821832,-0.6689717928624843,8.750217503979735,2.505779760167294,8.283185307179584,0.4764500800011171,1.0,1.0,0.03996608685813721,5.3488235541966755,1.5657464650373867,-0.5684383825978419,9.653605011030427,2.1619483725319335,8.283185307179584,0.3334751054132497,1.0,1.0,0.10305813100902968,3.0283451135249737
70.0,0.0,0.0,0.01487451171875,2.44140625e-06,0.0302392578124999,0.05981298828125,4.263662427330994,1.5519910803016699,-0.7005706812036003,10.217288765205694,2.6080289358626563,8.221636812803176,0.5036342485904844,1.024477487481838,1.0,0.03891475905036487,5.445941454365038,1.5345898686166624,-0.6127809156283359,12.910535130055464,2.142254057358344,8.20728855621442,0.34727332463586585,1.03026000471412,1.0,0.1014530707623165,3.0667754701236625
71.0,0.0,0.0,0.015339111328125,2.1972656250000003e-06,0.0313457031249999,0.061902099609375,4.412216474482818,1.5379192613640305,-0.7163701253741583,10.950824395818673,2.659153523710337,8.191353756146738,0.5172263328851681,1.0367162312227571,1.0,0.0383890951464787,5.494500404449219,1.5261798347629272,-0.634952182143583,14.539000189567984,2.1324068997715497,8.170085787750399,0.35417243424717393,1.04539000707118,1.0,0.1006505406389599,3.0859906484230066
72.0,0.0,0.0,0.0158037109375,1.953125e-06,0.0324521484374999,0.0639912109375,4.560770521634643,1.5250066096029258,-0.7321695695447162,11.684360026431651,2.7102781115580186,8.16139068944334,0.5308184171798518,1.0489549749636762,1.0,0.03786343124259254,5.543059354533401,1.5210584589915328,-0.65712344865883,16.167465249080504,2.1225597421847553,8.133366151605431,0.361071543858482,1.06052000942824,1.0,0.0998480105156033,3.1052058267223512
73.0,0.0,0.0,0.01616064453125,1.953125e-06,0.03458496093749995,0.0672666015625,4.794984880851501,1.5015214588144015,-0.7644909377069807,14.331231756994926,2.7147081390696393,8.066904022882689,0.5422142040894977,1.0884130687977644,1.0,0.03681087868601473,5.648728673495974,1.488893997345784,-0.645481390158109,15.764376831712916,2.2771861356473417,8.00873202859722,0.3737279951173767,1.1133783352410616,1.0,0.10013558268427623,3.0981677771268137
74.0,0.0,0.0,0.016517578125,1.953125e-06,0.0367177734375,0.0705419921875,5.02919924006836,1.486022480515975,-0.7968123058692452,16.9781034875582,2.7191381665812604,7.97551426285703,0.5536099909991438,1.1278711626318525,1.0,0.03575832612943692,5.7543979924585456,1.4594376785399197,-0.633839331657388,15.36128841434533,2.4318125291099286,7.8894712585063465,0.3863844463762714,1.166236661053883,1.0,0.10042315485294917,3.091129727531276
75.0,0.0,0.0,0.01710986328125,9.765625e-07,0.03851708984375,0.07366943359375,5.253880999983934,1.4415058772637455,-0.8433970071381446,24.063188865335672,2.7695618118721073,7.779430224581789,0.572151088222612,1.217106101103307,1.0,0.0354478808793791,5.7873516634907105,1.4196597861914801,-0.6312738096898671,15.72242811603024,2.639579731877597,7.738040799953377,0.39543206235062384,1.2367848523887792,1.0,0.09894658970632145,3.128009833203355
76.0,0.0,0.0,0.0177021484375,0.0,0.04031640625,0.076796875,5.47856275989951,1.4162445917833413,-0.8899817084070439,31.148274243113143,2.819985457162954,7.59671628319243,0.5906921854460802,1.3063410395747617,1.0,0.03513743562932128,5.8203053345228755,1.3831450566103527,-0.6287082877223461,16.083567817715153,2.847346934645266,7.594754682559412,0.4044796783249763,1.3073330437236756,1.0,0.09747002455969371,3.164889938875433
77.0,0.0,0.0,0.01783837890625,9.765625e-07,0.0424169921875,0.07993408203124999,5.695259098522557,1.3696629444893873,-0.8873393664378911,31.746657500809782,3.1043213781073735,7.459620476379022,0.6061556426632353,1.3775099429270135,1.0,0.03412020696040863,5.934629948551576,1.3522633402873374,-0.624185529099802,16.107129275757583,3.0563514105143623,7.430120419920463,0.4201961701925262,1.3933259720104765,1.0,0.09643992169660658,3.1917551682702525
78.0,0.0,0.0,0.017974609375,1.953125e-06,0.044517578125,0.0830712890625,5.911955437145604,1.3278171665711123,-0.8846970244687383,32.34504075850642,3.388657299051793,7.329492963992477,0.6216190998803904,1.4486788462792652,1.0,0.03310297829149597,6.048954562580277,1.3237734303815538,-0.6196627704772579,16.130690733800012,3.2653558863834586,7.275473814455174,0.43591266206007606,1.4793189002972773,1.0,0.09540981883351944,3.2186203976650716
79.0,0.0,0.0,0.01775292968749995,9.765625e-07,0.046348144531249996,0.084986328125,6.057278634611424,1.2745785240930156,-0.8762253208124338,32.713423756891444,3.796562385741379,7.1112303305083095,0.6324372673346688,1.5766891513553132,1.0,0.03205354347168131,6.178304732052642,1.285357574495386,-0.6104558517266561,15.819662816756775,3.602809806211516,7.064234786982496,0.44752835519449985,1.6057746525217638,1.0,0.09333391660925892,3.275844720558573
80.0,0.0,0.0,0.0175312499999999,0.0,0.0481787109375,0.0869013671875,6.202601832077244,1.2277877538251745,-0.8677536171561293,33.081806755276475,4.204467472430965,6.910948178398599,0.643255434788947,1.7046994564313611,1.0,0.03100410865186664,6.307654901525008,1.2515198341015026,-0.6012489329760542,15.508634899713538,3.940263726039573,6.8699934189715925,0.4591440483289236,1.7322304047462502,1.0,0.0912580143849984,3.333069043452074
81.0,0.0,0.0,0.01657373046874995,0.0,0.048671875,0.08637060546875,6.161657393235888,1.18473184847956,-0.8677068392203606,33.000103568677936,4.701736849544474,6.632659052379969,0.6643208139305242,1.9017122260759574,1.0,0.029339631902169497,6.54146792791002,1.2093758701579596,-0.5932569835092176,15.165527301330602,4.44356355058491,6.562764036773285,0.47339404872962504,1.9550868826426206,1.0,0.08848118159545368,3.4168239211714218
82.0,0.0,0.0,0.0156162109375,0.0,0.0491650390625,0.08583984375,6.120712954394532,1.1474142992180414,-0.867660061284592,32.9184003820794,5.199006226657983,6.38492360604649,0.6853861930721015,2.0987249957205534,1.0,0.027675155152472358,6.775280954295033,1.173550877340414,-0.585265034042381,14.822419702947665,4.946863375130247,6.292721050442976,0.4876440491303265,2.177943360538991,1.0,0.08570434880590895,3.5005787988907695
83.0,0.0,0.0,0.013439453125,0.0,0.045713378906250005,0.07841357421875,5.589763897047316,1.103607478622028,-0.8641643174534064,31.675645418781297,5.947170616163422,6.1432584387419995,0.70096686749281,2.3138811030276445,1.0,0.02590126864028984,7.073958278069615,1.1273282319544702,-0.571659024982663,14.019444732597087,5.793863354905955,5.959418484910332,0.49846299657507054,2.495079517754222,1.0,0.08193686887251345,3.6298884077789735
84.0,0.0,0.0,0.0112626953125,0.0,0.04226171875,0.0709873046875,5.0588148397001,1.0679117298675522,-0.8606685736222206,30.432890455483196,6.695335005668863,5.926741456554772,0.7165475419135185,2.529037210334735,1.0,0.024127382128107323,7.3726356018441965,1.0917389896462966,-0.558053015922945,13.21646976224651,6.640863334681662,5.673423197706916,0.5092819440198145,2.8122156749694533,1.0,0.07816938893911796,3.759198016667178
85.0,0.0,0.0,0.007830078125,4.8828125e-07,0.03074853515625,0.051146484375,3.6457347639711433,1.0727376765921126,-0.8651253977750887,28.589753946335954,6.833357530271112,5.911839411503168,0.7284999208995715,2.5447078862182795,1.0,0.020756048890166905,8.159045362024667,1.096558119821415,-0.5517100136022932,12.003978166213766,6.940718690454289,5.646310720602135,0.5170109574358361,2.8447721657713783,1.0,0.07256649093697085,3.9950679404584513
86.0,0.0,0.0,0.0043974609375,9.765625e-07,0.0192353515625,0.0313056640625,2.2326546882421874,1.0784228450168931,-0.8695822219279568,26.746617437188707,6.971380054873361,5.897047648104953,0.7404522998856244,2.560378562101824,1.0,0.017384715652226483,8.945455122205136,1.1050514002342995,-0.5453670112816413,10.791486570181023,7.240574046226915,5.619578679050022,0.5247399708518579,2.877328656573303,1.0,0.06696359293482375,4.230937864249724
87.0,0.0,0.0,0.00219873046875,1.0742187500000001e-05,0.009831542968749999,0.01609814453125,1.1425779789760264,0.9610467061700279,-0.9135849388800314,25.613874363329035,10.96125703286765,5.15987269074547,0.7629252316415364,3.5178217765792144,1.0,0.014503334982947116,10.050674287120819,1.1151482185548234,-0.6106031203728678,10.739862763443448,7.783702418173323,5.662537162504769,0.5985955656562514,2.825232062463398,1.0,0.05915822362220194,4.6937780571757255
88.0,0.0,0.0,0.0,2.05078125e-05,0.000427734375,0.000890625,0.0525012697098654,0.8949514636362609,-0.9575876558321063,24.481131289469364,14.951134010861939,4.6427828384536,0.7853981633974483,4.475264991056605,1.0,0.011621954313667748,11.155893452036501,1.1224750994970707,-0.6758392294640942,10.68823895670587,8.32683079011973,5.706483645466894,0.6724511604606448,2.7731354683534932,1.0,0.05135285430958013,5.156618250101726
89.0,0.0,0.0,0.0,5.859375e-06,8.789062500000001e-06,2.44140625e-05,0.0002548607128906,3.141592653589793,0.0,0.0,0.0,9.869604401089358,0.0,0.0,0.0,0.0,0.0,3.141592653589793,0.0,0.0,0.0,9.869604401089358,0.0,0.0,0.0,0.0,0.0
