alpha,H,He,Fe,Cr,O,Fe_1,O_1,Cr_2,O_2,amu/ion,thetaK_Cr,thetaTilt_Cr,thetaM_Cr,thetaN_Cr,3dK_Cr,3dTilt_Cr,3dM_Cr,3dN_Cr,energyK_Cr,energyE_Cr,thetaK_Fe,thetaTilt_Fe,thetaM_Fe,thetaN_Fe,3dK_Fe,3dTilt_Fe,3dM_Fe,3dN_Fe,energyK_Fe,energyE_Fe,thetaK_O,thetaTilt_O,thetaM_O,thetaN_O,3dK_O,3dTilt_O,3dM_O,3dN_O,energyK_O,energyE_O
0.0,0.0,0.0,0.002578125,0.0030146484374999,0.0,0.0,0.0,0.002248046875,0.0100498046875,0.5781239020117188,1.8036670912426103,-0.012843859129862079,1.5001678131757028,1.314865372538522,8.283185307179584,0.0021288757904329393,1.0,1.0,0.0461867709477792,4.854471841024585,1.6444457982329852,0.0029168108134888506,1.4905135937938976,2.1167659801743066,8.283185307179584,0.01208521704047074,1.0,1.0,0.06342680769506104,3.8174975953460835,1.5771732216653458,0.013665533192805453,1.7363205854584614,2.2662947412768464,8.283185307179584,0.0,1.0,1.0,0.1270281293114461,2.8499588471533954
1.0,0.0,0.0,0.002573486328125,0.0030118408203124126,0.0,0.0,1.220703125e-07,0.0022803955078124997,0.0101239013671875,0.5806087873273688,1.7939926891078748,-0.015548882508556391,1.4984197655178,1.3706647097780844,8.283185307179584,0.00766027954405909,1.0,1.0,0.04625229695320883,4.8498435339522645,1.6526262321495941,-0.008599620207565285,1.5400705396148615,2.050645833100126,8.283185307179584,0.016363974789886375,1.0,1.0,0.06315095343965274,3.8294935428480343,1.5755746927854823,0.007754677710323788,1.7607420458599858,2.243352440949477,8.283185307179584,0.004357427018255277,1.0,1.0,0.127306836042453,2.8447102098482926
2.0,0.0,0.0,0.00256884765625,0.0030090332031249252,0.0,0.0,2.44140625e-07,0.0023127441406249998,0.010197998046875,0.5830936726430187,1.7847947355863885,-0.018253905887250704,1.496671717859897,1.4264640470176468,8.283185307179584,0.013191683297685242,1.0,1.0,0.04631782295863847,4.845215226879944,1.6646904861711986,-0.02011605122861942,1.5896274854358254,1.9845256860259453,8.283185307179584,0.020642732539302006,1.0,1.0,0.06287509918424444,3.8414894903499857,1.574121028506012,0.0018438222278421238,1.7851635062615103,2.220410140622108,8.283185307179584,0.008714854036510554,1.0,1.0,0.12758554277345988,2.8394615725431893
3.0,0.0,0.0,0.002564208984375,0.003006225585937438,0.0,0.0,3.662109375e-07,0.0023450927734375,0.0102720947265625,0.5855785579586686,1.7760415128083995,-0.020958929265945017,1.4949236702019941,1.4822633842572093,8.283185307179584,0.018723087051311392,1.0,1.0,0.04638334896406811,4.840586919807623,1.6773930261141425,-0.031632482249673556,1.6391844312567894,1.9184055389517645,8.283185307179584,0.024921490288717638,1.0,1.0,0.06259924492883615,3.853485437851937,1.5770440705124293,-0.004067033254639541,1.8095849666630346,2.1974678402947387,8.283185307179584,0.013072281054765832,1.0,1.0,0.12786424950446676,2.834212935238086
4.0,0.0,0.0,0.0025618896484375002,0.003004821777343694,0.0,0.0,4.2724609375e-07,0.00236126708984375,0.01030914306640625,0.5868210006164936,1.771822514476138,-0.022311440955292174,1.4940496463730426,1.5101630528769907,8.283185307179584,0.021488788928124468,1.0,1.0,0.04641611196678293,4.838272766271462,1.6839912362788465,-0.037390697760200625,1.6639629041672714,1.8853454654146742,8.283185307179584,0.027060869163425455,1.0,1.0,0.062461317801131996,3.8594834116029126,1.579501469858563,-0.007022460995880372,1.8217956968637967,2.185996690131054,8.283185307179584,0.01525099456389347,1.0,1.0,0.1280036028699702,2.8315886165855346
5.0,0.0,0.0,0.0025595703125,0.00300341796874995,0.0,0.0,4.8828125e-07,0.00237744140625,0.01034619140625,0.5880634432743186,1.767704018713141,-0.023663952644639327,1.4931756225440913,1.538062721496772,8.283185307179584,0.024254490804937544,1.0,1.0,0.04644887496949775,4.835958612735302,1.6907590452908403,-0.043148913270727694,1.6887413770777533,1.852285391877584,8.283185307179584,0.029200248038133272,1.0,1.0,0.06232339067342785,3.865481385353888,1.5819803854865313,-0.009977888737121205,1.834006427064559,2.1745255399673695,8.283185307179584,0.01742970807302111,1.0,1.0,0.12814295623547364,2.828964297932983
6.0,0.0,0.0,0.002554931640625,0.003000610351562462,0.0,0.0,6.103515625e-07,0.0024097900390625,0.0104202880859375,0.5905483285899685,1.7597556751939893,-0.026368976023333636,1.4914275748861885,1.5938620587363346,8.283185307179584,0.029785894558563696,1.0,1.0,0.046514400974927386,4.8313303056629815,1.7048201885855923,-0.054665344291781826,1.7382983228987172,1.7861652448034033,8.283185307179584,0.03347900578754891,1.0,1.0,0.06204753641801955,3.8774773328558387,1.5870016441795747,-0.015888744219602867,1.8584278874660836,2.1515832396400003,8.283185307179584,0.02178713509127639,1.0,1.0,0.12842166296648053,2.8237156606278804
7.0,0.0,0.0,0.00255029296875,0.002997802734374975,0.0,0.0,7.32421875e-07,0.002442138671875,0.010494384765625,0.5930332139056185,1.7521720742845956,-0.02907399940202795,1.4896795272282857,1.649661395975897,8.283185307179584,0.03531729831218985,1.0,1.0,0.046579926980357025,4.826701998590661,1.7196124765929661,-0.06618177531283596,1.7878552687196811,1.7200450977292228,8.283185307179584,0.03775776353696454,1.0,1.0,0.06177168216261125,3.88947328035779,1.592106300874673,-0.021799599702084532,1.8828493478676078,2.128640939312631,8.283185307179584,0.026144562109531665,1.0,1.0,0.1287003696974874,2.818467023322777
8.0,0.0,0.0,0.002545654296875,0.0029949951171874874,0.0,0.0,8.544921875e-07,0.0024744873046875,0.0105684814453125,0.5955180992212683,1.7449307563091603,-0.03177902278072226,1.4879314795703829,1.7054607332154594,8.283185307179584,0.040848702065816,1.0,1.0,0.046645452985786665,4.82207369151834,1.73517596249675,-0.0776982063338901,1.8374122145406449,1.6539249506550422,8.283185307179584,0.04203652128638018,1.0,1.0,0.061495827907202955,3.9014692278597414,1.5972935804203794,-0.027710455184566198,1.9072708082691323,2.1056986389852614,8.283185307179584,0.03050198912778694,1.0,1.0,0.1289790764284943,2.813218386017674
9.0,0.0,0.0,0.0025433349609375,0.0029935913085937437,0.0,0.0,9.1552734375e-07,0.00249066162109375,0.01060552978515625,0.5967605418790933,1.7414319190876766,-0.03313153447006942,1.4870574557414313,1.7333604018352406,8.283185307179584,0.043614403942629075,1.0,1.0,0.046678215988501484,4.819759537982179,1.7432605754254868,-0.08345642184441718,1.8621906874511267,1.6208648771179517,8.283185307179584,0.044175900161087994,1.0,1.0,0.061357900779498806,3.907467201610717,1.5999180990118531,-0.03066588292580703,1.9194815384698947,2.094227488821577,8.283185307179584,0.03268070263691458,1.0,1.0,0.12911842979399774,2.8105940673651224
10.0,0.0,0.0,0.002541015625,0.0029921875,0.0,0.0,9.765625e-07,0.0025068359375,0.010642578125,0.5980029845369182,1.7380110151375907,-0.034484046159416575,1.48618343191248,1.7612600704550219,8.283185307179584,0.04638010581944215,1.0,1.0,0.046710978991216304,4.817445384446019,1.7515549651854134,-0.08921463735494424,1.8869691603616088,1.5878048035808614,8.283185307179584,0.046315279035795805,1.0,1.0,0.06121997365179466,3.9134651753616922,1.602563193641458,-0.03362131066704786,1.9316922686706568,2.0827563386578922,8.283185307179584,0.03485941614604222,1.0,1.0,0.12925778315950118,2.807969748712571
11.0,0.0,0.0,0.0025930175781249997,0.003056396484375,0.0,0.0,8.544921875e-07,0.0025181884765625,0.0107686767578125,0.6069323717460366,1.7374564253886295,-0.03883471491091771,1.4972520450257065,1.7766842414068016,8.283185307179584,0.050303333691963395,1.0,1.0,0.046641816750357515,4.822332878418968,1.7412668457785236,-0.0878433126013895,1.8571575755500147,1.6568769831876033,8.283185307179584,0.05287389620237265,1.0,1.0,0.06117683902347759,3.915402028754973,1.6048052241104385,-0.03947369985837259,1.9539300318273178,2.082566199212323,8.283185307179584,0.0384219943317573,1.0,1.0,0.12891984545929674,2.8143550296640254
12.0,0.0,0.0,0.00264501953125,0.00312060546875,0.0,0.0,7.32421875e-07,0.002529541015625,0.010894775390625,0.615861758955155,1.736898987329647,-0.04318538366241885,1.508320658138933,1.7921084123585813,8.283185307179584,0.054226561564484646,1.0,1.0,0.04657265450949872,4.827220372391917,1.731694941665984,-0.08647198784783477,1.8273459907384209,1.725949162794345,8.283185307179584,0.0594325133689495,1.0,1.0,0.061133704395160526,3.917338882148253,1.6070538608537444,-0.045326089049697316,1.976167794983979,2.082376059766754,8.283185307179584,0.041984572517472396,1.0,1.0,0.12858190775909234,2.82074031061548
13.0,0.0,0.0,0.002697021484375,0.003184814453125,0.0,0.0,6.103515625e-07,0.0025408935546875,0.0110208740234375,0.6247911461642734,1.7363385517337466,-0.047536052413919984,1.5193892712521593,1.807532583310361,8.283185307179584,0.05814978943700589,1.0,1.0,0.04650349226863992,4.832107866364865,1.7227976691103075,-0.08510066309428005,1.797534405926827,1.795021342401087,8.283185307179584,0.06599113053552635,1.0,1.0,0.06109056976684346,3.9192757355415333,1.6093082396501759,-0.05117847824102205,1.9984055581406404,2.082185920321185,8.283185307179584,0.04554715070318749,1.0,1.0,0.1282439700588879,2.8271255915669347
14.0,0.0,0.0,0.0027230224609375003,0.0032169189453125,0.0,0.0,5.493164062500001e-07,0.00254656982421875,0.01108392333984375,0.6292558397688326,1.736057172855455,-0.04971138678967055,1.5249235778087726,1.8152446687862511,8.283185307179584,0.06011140337326651,1.0,1.0,0.04646891114821053,4.834551613351339,1.7185901926254217,-0.08441500071750269,1.78262861352103,1.8295574322044579,8.283185307179584,0.06927043911881478,1.0,1.0,0.06106900245268493,3.9202441622381734,1.6104373433684425,-0.05410467283668441,2.009524439718971,2.0820908505984006,8.283185307179584,0.047328439796045035,1.0,1.0,0.12807500120878568,2.8303182320426616
15.0,0.0,0.0,0.0027490234375,0.0032490234375,0.0,0.0,4.8828125e-07,0.00255224609375,0.01114697265625,0.6337205333733918,1.735775003475001,-0.05188672116542112,1.5304578843653858,1.822956754262141,8.283185307179584,0.062073017309527134,1.0,1.0,0.046434330027781134,4.836995360337814,1.7145376665741376,-0.08372933834072532,1.7677228211152332,1.864093522007829,8.283185307179584,0.07254974770210319,1.0,1.0,0.0610474351385264,3.9212125889348135,1.6115676071965193,-0.057030867432346775,2.0206433212973014,2.0819957808756158,8.283185307179584,0.04910972888890258,1.0,1.0,0.12790603235868347,2.833510872518389
16.0,0.0,0.0,0.0028010253906249998,0.003313232421875,0.0,0.0,3.662109375e-07,0.0025635986328125,0.0112730712890625,0.6426499205825102,1.7352082512494151,-0.05623738991692226,1.5415264974786123,1.838380925213921,8.283185307179584,0.06599624518204839,1.0,1.0,0.04636516778692234,4.841882854310763,1.7068813230421789,-0.0823580135871706,1.7379112363036393,1.933165701614571,8.283185307179584,0.07910836486868003,1.0,1.0,0.061004300510209344,3.9231494423280937,1.6138312942626931,-0.0628832566236715,2.0428810844539624,2.081805641430047,8.283185307179584,0.052672307074617675,1.0,1.0,0.12756809465847907,2.8398961534698435
17.0,0.0,0.0,0.00285302734375,0.00337744140625,0.0,0.0,2.44140625e-07,0.002574951171875,0.011399169921875,0.6515793077916286,1.734638220243368,-0.06058805866842339,1.5525951105918385,1.8538050961657007,8.283185307179584,0.06991947305456964,1.0,1.0,0.04629600554606354,4.846770348283711,1.6997983719989813,-0.08098668883361587,1.7080996514920455,2.002237881221313,8.283185307179584,0.08566698203525688,1.0,1.0,0.06096116588189228,3.9250862957213744,1.6160986960999117,-0.06873564581499624,2.0651188476106235,2.0816155019844778,8.283185307179584,0.05623488526033277,1.0,1.0,0.12723015695827464,2.8462814344212983
18.0,0.0,0.0,0.0029050292968750002,0.003441650390625,0.0,0.0,1.220703125e-07,0.0025863037109375,0.011525268554687499,0.660508695000747,1.7340648467488005,-0.06493872741992453,1.563663723705065,1.8692292671174804,8.283185307179584,0.07384270092709089,1.0,1.0,0.046226843305204754,4.851657842256659,1.693261540851064,-0.07961536408006115,1.6782880666804516,2.0713100608280546,8.283185307179584,0.09222559920183374,1.0,1.0,0.060918031253575214,3.927023149114655,1.6183692578716582,-0.07458803500632097,2.0873566107672845,2.0814253625389085,8.283185307179584,0.05979746344604786,1.0,1.0,0.1268922192580702,2.8526667153727527
19.0,0.0,0.0,0.0029310302734375003,0.0034737548828125,0.0,0.0,6.103515625e-08,0.00259197998046875,0.01158831787109375,0.6649733886053062,1.7337768886993739,-0.0671140617956751,1.5691980302616781,1.8769413525933702,8.283185307179584,0.07580431486335151,1.0,1.0,0.04619226218477536,4.854101589243134,1.6901901406738604,-0.07892970170328378,1.6633822742746547,2.105846150631425,8.283185307179584,0.09550490778512216,1.0,1.0,0.06089646393941668,3.927991575811295,1.6195055612317486,-0.07751422960198333,2.098475492345615,2.081330292816124,8.283185307179584,0.06157875253890541,1.0,1.0,0.126723250407968,2.85585935584848
20.0,0.0,0.0,0.00295703125,0.003505859375,0.0,0.0,0.0,0.00259765625,0.0116513671875,0.6694380822098654,1.733488074203279,-0.06928939617142567,1.5747323368182915,1.8846534380692601,8.283185307179584,0.07776592879961212,1.0,1.0,0.04615768106434596,4.856545336229608,1.6872462474591838,-0.0782440393265064,1.6484764818688578,2.1403822404347963,8.283185307179584,0.09878421636841059,1.0,1.0,0.06087489662525815,3.928960002507935,1.6206424636571155,-0.08044042419764569,2.1095943739239456,2.0812352230933397,8.283185307179584,0.06336004163176295,1.0,1.0,0.1265542815578658,2.859051996324207
21.0,0.0,0.0,0.003015625,0.003543212890625,0.0,0.0,1.220703125e-07,0.0027056884765625,0.011996337890624986,0.685723859538967,1.7317971493697097,-0.0908797090188179,1.7068477874955728,1.867654984602146,8.283185307179584,0.08805003334111847,1.0,1.0,0.04605051302022653,4.86429781959688,1.6950032786509976,-0.09949353048022697,1.7871137329020699,2.0522225193157646,8.283185307179584,0.10291897112679961,1.0,1.0,0.06082199854678122,3.9313587185550833,1.6180541659450214,-0.08381205933729638,2.1200104169008265,2.1091822091164816,8.283185307179584,0.0684482948595071,1.0,1.0,0.1260648213519725,2.8687431092142903
22.0,0.0,0.0,0.0030742187499999997,0.00358056640625,0.0,0.0,2.44140625e-07,0.002813720703125,0.012341308593749975,0.7020096368680686,1.7316095138087046,-0.11247002186621011,1.838963238172854,1.8506565311350316,8.283185307179584,0.0983341378826248,1.0,1.0,0.04594334497610711,4.872050302964152,1.7052680983585526,-0.12074302163394751,1.925750983935282,1.9640627981967327,8.283185307179584,0.10705372588518863,1.0,1.0,0.06076910046830429,3.933757434602232,1.6155095626693472,-0.08718369447694709,2.1304264598777074,2.1371291951396234,8.283185307179584,0.07353654808725126,1.0,1.0,0.12557536114607923,2.878434222104373
23.0,0.0,0.0,0.0031328124999999997,0.0036179199218749998,0.0,0.0,3.662109375e-07,0.0029217529296875003,0.012686279296874962,0.7182954141971701,1.7327440608306743,-0.13406033471360232,1.9710786888501353,1.8336580776679172,8.283185307179584,0.10861824242413112,1.0,1.0,0.04583617693198769,4.879802786331425,1.7179257147349758,-0.14199251278766806,2.064388234968494,1.8759030770777008,8.283185307179584,0.11118848064357766,1.0,1.0,0.06071620238982736,3.9361561506493805,1.613007376421811,-0.09055532961659779,2.1408425028545883,2.165076181162765,8.283185307179584,0.07862480131499541,1.0,1.0,0.12508590094018596,2.888125334994456
24.0,0.0,0.0,0.0031621093749999996,0.0036365966796874996,0.0,0.0,4.2724609375e-07,0.00297576904296875,0.012858764648437455,0.726438302861721,1.7337567118467974,-0.14485549113729843,2.037136414188776,1.8251588509343601,8.283185307179584,0.11376029469488429,1.0,1.0,0.04578259290992798,4.88367902801506,1.7251264845882837,-0.15261725836452833,2.1337068604851,1.831823216518185,8.283185307179584,0.11325585802277216,1.0,1.0,0.06068975335058889,3.9373555086729546,1.6117718025288035,-0.09224114718642314,2.146050524343029,2.179049674174336,8.283185307179584,0.08116892792886748,1.0,1.0,0.12484117083723931,2.8929708914394974
25.0,0.0,0.0,0.00319140625,0.0036552734375,0.0,0.0,4.8828125e-07,0.00302978515625,0.013031249999999949,0.7345811915262717,1.735042059014511,-0.15565064756099453,2.1031941395274165,1.816659624200803,8.283185307179584,0.11890234696563745,1.0,1.0,0.04572900888786827,4.887555269698696,1.7328996621608335,-0.16324200394138863,2.2030254860017062,1.787743355958669,8.283185307179584,0.11532323540196668,1.0,1.0,0.060663304311350426,3.9385548666965287,1.6105463736007246,-0.09392696475624848,2.1512585458314692,2.1930231671859066,8.283185307179584,0.08371305454273956,1.0,1.0,0.12459644073429266,2.897816447884539
26.0,0.0,0.0,0.00325,0.003692626953125,0.0,0.0,6.103515625e-07,0.0031378173828125,0.013376220703124938,0.7508669688553733,1.7383654602010865,-0.17724096040838677,2.235309590204698,1.7996611707336887,8.283185307179584,0.12918645150714378,1.0,1.0,0.045621840843748845,4.895307753065968,1.7501497069802538,-0.1844914950951092,2.3416627370349183,1.6995836348396374,8.283185307179584,0.1194579901603557,1.0,1.0,0.06061040623287349,3.940953582743677,1.6081253623604268,-0.09729859989589917,2.16167458880835,2.2209701532090484,8.283185307179584,0.0888013077704837,1.0,1.0,0.12410698052839937,2.907507560774622
27.0,0.0,0.0,0.00330859375,0.0037299804687499997,0.0,0.0,7.32421875e-07,0.003245849609375,0.013721191406249925,0.7671527461844748,1.742594260019366,-0.19883127325577898,2.3674250408819795,1.7826627172665743,8.283185307179584,0.1394705560486501,1.0,1.0,0.045514672799629424,4.903060236433239,1.7696699072928967,-0.20574098624882975,2.4802999880681305,1.6114239137206054,8.283185307179584,0.12359274491874472,1.0,1.0,0.06055750815439656,3.9433522987908254,1.6057431906831612,-0.10067023503554988,2.172090631785231,2.24891713923219,8.283185307179584,0.09388956099822784,1.0,1.0,0.12361752032250609,2.917198673664705
28.0,0.0,0.0,0.0033671875,0.003767333984375,0.0,0.0,8.544921875e-07,0.0033538818359375,0.014066162109374912,0.7834385235135763,1.7476238140399567,-0.2204215861031712,2.4995404915592605,1.7656642637994602,8.283185307179584,0.14975466059015646,1.0,1.0,0.04540750475551,4.910812719800511,1.7914875389006135,-0.2269904774025503,2.6189372391013426,1.5232641926015735,8.283185307179584,0.12772749967713376,1.0,1.0,0.06050461007591963,3.945751014837974,1.6033987445640676,-0.10404187017520058,2.182506674762112,2.2768641252553317,8.283185307179584,0.09897781422597199,1.0,1.0,0.12312806011661281,2.9268897865547876
29.0,0.0,0.0,0.0033964843749999998,0.0037860107421875,0.0,0.0,9.1552734375e-07,0.00340789794921875,0.014238647460937406,0.7915814121781272,1.75040976928363,-0.2312167425268673,2.565598216897901,1.7571650370659029,8.283185307179584,0.1548967128609096,1.0,1.0,0.04535392073345029,4.914688961484147,1.8032754691733466,-0.23761522297941057,2.6882558646179486,1.4791843320420577,8.283185307179584,0.12979487705632825,1.0,1.0,0.06047816103668117,3.946950372861548,1.6022403304335495,-0.10572768774502593,2.187714696250552,2.2908376182669024,8.283185307179584,0.10152194083984406,1.0,1.0,0.12288333001366616,2.931735342999829
30.0,0.0,0.0,0.00342578125,0.0038046875,0.0,0.0,9.765625e-07,0.0034619140625,0.0144111328124999,0.799724300842678,1.753362414853412,-0.2420118989505634,2.631655942236542,1.7486658103323458,8.283185307179584,0.1600387651316628,1.0,1.0,0.045300336711390575,4.918565203167783,1.8156630716699373,-0.24823996855627084,2.7575744901345547,1.4351044714825418,8.283185307179584,0.13186225443552277,1.0,1.0,0.0604517119974427,3.948149730885122,1.6010909463008738,-0.10741350531485128,2.1929227177389925,2.3048111112784735,8.283185307179584,0.10406606745371615,1.0,1.0,0.12263859991071953,2.9365808994448708
31.0,0.0,0.0,0.0036580810546875,0.0039462890625,0.0,0.0,1.220703125e-06,0.0037703857421875,0.0152507324218749,0.8494875680033225,1.755566453611431,-0.2514527186134597,2.6594120657651494,1.7597699042270891,8.283185307179584,0.16917872419089686,1.0,1.0,0.04500038091773065,4.94150443513548,1.813912796659177,-0.2680248733727637,2.911416461215091,1.4448967194022804,8.283185307179584,0.145782535618179,1.0,1.0,0.06007866775000686,3.9658385894606587,1.6072490072619408,-0.1208440623367042,2.273440422451867,2.266401717419485,8.283185307179584,0.11048696715754625,1.0,1.0,0.1224248271018564,2.940988165441609
32.0,0.0,0.0,0.00377423095703125,0.00401708984375,0.0,0.0,1.3427734375e-06,0.00392462158203125,0.0156705322265624,0.8743692015836447,1.7566451505536342,-0.2561731284449078,2.6732901275294534,1.7653219511744607,8.283185307179584,0.17374870372051388,1.0,1.0,0.04485040302090068,4.9529740511193285,1.813290910753052,-0.27791732578101014,2.9883374467553594,1.4497928433621496,8.283185307179584,0.15274267620950713,1.0,1.0,0.05989214562628893,3.974683018748427,1.6104969618414782,-0.12755934084763065,2.3136992748083043,2.247197020489991,8.283185307179584,0.11369741700946129,1.0,1.0,0.12231794069742483,2.943191798439978
33.0,0.0,0.0,0.003890380859375,0.004087890625,0.0,0.0,1.46484375e-06,0.004078857421875,0.0160903320312499,0.899250835163967,1.7577081257916882,-0.260893538276356,2.6871681892937573,1.7708739981218322,8.283185307179584,0.17831868325013092,1.0,1.0,0.044700425124070714,4.964443667103177,1.8128221309054227,-0.28780977818925657,3.0652584322956278,1.454688967322019,8.283185307179584,0.15970281680083526,1.0,1.0,0.05970562350257101,3.9835274480361953,1.6138551747394838,-0.1342746193585571,2.3539581271647414,2.2279923235604966,8.283185307179584,0.11690786686137633,1.0,1.0,0.12221105429299325,2.9453954314383464
34.0,0.0,0.0,0.00400653076171875,0.00415869140625,0.0,0.0,1.5869140625000001e-06,0.00423309326171875,0.0165101318359374,0.9241324687442892,1.7587552497743313,-0.26561394810780414,2.7010462510580613,1.7764260450692038,8.283185307179584,0.18288866277974797,1.0,1.0,0.04455044722724075,4.975913283087026,1.8124956371312826,-0.297702230597503,3.142179417835896,1.4595850912818882,8.283185307179584,0.16666295739216339,1.0,1.0,0.05951910137885309,3.9923718773239636,1.617322001243055,-0.14098989786948357,2.3942169795211785,2.2087876266310023,8.283185307179584,0.12011831671329137,1.0,1.0,0.12210416788856168,2.947599064436715
35.0,0.0,0.0,0.0041226806640625,0.0042294921874999995,0.0,0.0,1.708984375e-06,0.0043873291015625,0.016929931640624903,0.9490141023246115,1.7597863933547413,-0.27033435793925226,2.7149243128223652,1.7819780920165753,8.283185307179584,0.187458642309365,1.0,1.0,0.04440046933041079,4.987382899070875,1.8123013020607313,-0.30759468300574944,3.219100403376164,1.4644812152417575,8.283185307179584,0.17362309798349151,1.0,1.0,0.05933257925513517,4.001216306611732,1.6208958929137198,-0.14770517638041003,2.4344758318776156,2.1895829297015084,8.283185307179584,0.12332876656520643,1.0,1.0,0.12199728148413011,2.949802697435084
36.0,0.0,0.0,0.004238830566406251,0.004300292968749999,0.0,0.0,1.8310546875e-06,0.00454156494140625,0.0173497314453124,0.9738957359049338,1.7608014277917579,-0.27505476777070037,2.728802374586669,1.7875301389639469,8.283185307179584,0.192028621838982,1.0,1.0,0.04425049143358083,4.998852515054724,1.8122296266487288,-0.31748713541399587,3.296021388916432,1.4693773392016267,8.283185307179584,0.18058323857481962,1.0,1.0,0.059146057131417254,4.010060735899501,1.62457539534695,-0.1544204548913365,2.474734684234053,2.170378232772014,8.283185307179584,0.1265392164171215,1.0,1.0,0.12189039507969854,2.952006330433453
37.0,0.0,0.0,0.00435498046875,0.00437109375,0.0,0.0,1.953125e-06,0.00469580078125,0.0177695312499999,0.9987773694852561,1.7618002247534925,-0.27977517760214854,2.742680436350973,1.7930821859113184,8.283185307179584,0.19659860136859905,1.0,1.0,0.04410051353675086,5.0103221310385715,1.812271682644679,-0.32737958782224225,3.3729423744567004,1.474273463161496,8.283185307179584,0.18754337916614774,1.0,1.0,0.05895953500769933,4.0189051651872685,1.628359145910427,-0.16113573340226298,2.5149935365904903,2.1511735358425197,8.283185307179584,0.12974966626903653,1.0,1.0,0.12178350867526698,2.954209963431822
38.0,0.0,0.0,0.00447113037109375,0.004441894531250001,0.0,0.0,2.0751953125e-06,0.0048500366210937505,0.0181893310546874,1.0236590030655783,1.7627826563231155,-0.2844955874335967,2.756558498115277,1.79863423285869,8.283185307179584,0.2011685808982161,1.0,1.0,0.04395053563992089,5.021791747022419,1.812419061076803,-0.3372720402304886,3.449863359996969,1.4791695871213653,8.283185307179584,0.19450351975747587,1.0,1.0,0.0587730128839814,4.027749594475036,1.6322458714905916,-0.16785101191318946,2.5552523889469274,2.1319688389130254,8.283185307179584,0.1329601161209516,1.0,1.0,0.12167662227083542,2.956413596430191
39.0,0.0,0.0,0.0045872802734375,0.0045126953125,0.0,0.0,2.1972656250000003e-06,0.0050042724609375006,0.0186091308593749,1.0485406366459007,1.763748595006581,-0.2892159972650448,2.770436559879581,1.8041862798060615,8.283185307179584,0.20573856042783312,1.0,1.0,0.04380055774309093,5.033261363006268,1.8126638260253272,-0.34716449263873506,3.5267843455372367,1.4840657110812345,8.283185307179584,0.20146366034880397,1.0,1.0,0.05858649076026348,4.036594023762805,1.6362343862724362,-0.17456629042411592,2.595511241303365,2.112764141983531,8.283185307179584,0.13617056597286664,1.0,1.0,0.12156973586640385,2.9586172294285595
40.0,0.0,0.0,0.00470343017578125,0.00458349609375,0.0,0.0,2.3193359375000004e-06,0.005158508300781251,0.019028930664062402,1.073422270226223,1.764697913742111,-0.29393640709649294,2.784314621643885,1.809738326753433,8.283185307179584,0.21030853995745014,1.0,1.0,0.04365057984626097,5.044730978990117,1.8129984730677662,-0.3570569450469815,3.6037053310775047,1.4889618350411038,8.283185307179584,0.2084238009401321,1.0,1.0,0.05839996863654556,4.045438453050574,1.6403235895732138,-0.18128156893504238,2.635770093659802,2.093559445054037,8.283185307179584,0.13938101582478168,1.0,1.0,0.12146284946197228,2.960820862426928
41.0,0.0,0.0,0.004819580078125,0.004654296875,0.0,0.0,2.44140625e-06,0.005312744140625001,0.0194487304687499,1.0983039038065452,1.7656304859037446,-0.2986568169279411,2.7981926834081885,1.8152903737008046,8.283185307179584,0.21487851948706718,1.0,1.0,0.043500601949431006,5.056200594973966,1.8134158918613117,-0.3669493974552279,3.680626316617773,1.493857959000973,8.283185307179584,0.21538394153146023,1.0,1.0,0.058213446512827643,4.054282882338342,1.6445124637468957,-0.18799684744596884,2.676028946016239,2.074354748124543,8.283185307179584,0.14259146567669673,1.0,1.0,0.1213559630575407,2.963024495425297
42.0,0.0,0.0,0.004935729980468749,0.00472509765625,0.0,0.0,2.5634765624999997e-06,0.005466979980468751,0.0198685302734374,1.1231855373868673,1.7665461853445552,-0.3033772267593892,2.812070745172492,1.8208424206481761,8.283185307179584,0.21944849901668423,1.0,1.0,0.04335062405260104,5.0676702109578144,1.8139093323971531,-0.37684184986347435,3.7575473021580414,1.4987540829608423,8.283185307179584,0.22234408212278836,1.0,1.0,0.058026924389109724,4.0631273116261095,1.6488000721728402,-0.1947121259568953,2.7162877983726763,2.0551500511950485,8.283185307179584,0.14580191552861177,1.0,1.0,0.12124907665310913,2.965228128423666
43.0,0.0,0.0,0.0050518798828125,0.0047958984375,0.0,0.0,2.685546875e-06,0.005621215820312501,0.020288330078124903,1.1480671709671897,1.7674448863633565,-0.30809763659083733,2.825948806936796,1.8263944675955477,8.283185307179584,0.22401847854630125,1.0,1.0,0.04320064615577107,5.079139826941663,1.814472374521408,-0.3867343022717208,3.83446828769831,1.5036502069207116,8.283185307179584,0.2293042227141165,1.0,1.0,0.0578404022653918,4.071971740913878,1.6531855573392704,-0.20142740446782176,2.7565466507291134,2.0359453542655546,8.283185307179584,0.1490123653805268,1.0,1.0,0.12114219024867756,2.967431761422035
44.0,0.0,0.0,0.00516802978515625,0.004866699218749999,0.0,0.0,2.8076171875e-06,0.00577545166015625,0.020708129882812402,1.172948804547512,1.768326463751701,-0.3128180464222855,2.8398268687011,1.8319465145429192,8.283185307179584,0.22858845807591827,1.0,1.0,0.043050668258941105,5.090609442925512,1.8150989003686993,-0.3966267546799672,3.911389273238578,1.5085463308805807,8.283185307179584,0.2362643633054446,1.0,1.0,0.05765388014167387,4.080816170201647,1.6576681390300596,-0.20814268297874822,2.796805503085551,2.0167406573360602,8.283185307179584,0.15222281523244185,1.0,1.0,0.12103530384424599,2.969635394420404
45.0,0.0,0.0,0.0052841796875,0.0049375,0.0,0.0,2.9296875e-06,0.0059296875,0.0211279296874999,1.1978304381278342,1.7691907928016488,-0.3175384562537336,2.853704930465404,1.8374985614902908,8.283185307179584,0.2331584376055353,1.0,1.0,0.042900690362111145,5.10207905890936,1.8157830693986088,-0.40651920708821365,3.988310258778846,1.51344245484045,8.283185307179584,0.24322450389677272,1.0,1.0,0.05746735801795595,4.089660599489415,1.662247112618584,-0.21485796148967468,2.837064355441988,1.9975359604065661,8.283185307179584,0.1554332650843569,1.0,1.0,0.12092841743981443,2.9718390274187727
46.0,0.0,0.0,0.005457031249999999,0.00518115234375,0.0,0.0,3.41796875e-06,0.006189453125,0.02215039062499995,1.2502277603389629,1.7738933476558019,-0.38317763161422946,3.6062514314560685,1.7308996209649699,8.283185307179584,0.25849854901581976,1.0,1.0,0.04286364394414895,5.105035831282674,1.7861585304298022,-0.40579582600473985,3.8590130398556317,1.6668033912024998,8.283185307179584,0.26493026196106023,1.0,1.0,0.057853991477242545,4.070788437350809,1.6669584453542001,-0.22867689747873665,2.8832816941651176,2.007932910589319,8.283185307179584,0.16666929305498543,1.0,1.0,0.11952573985862619,3.0017367250950757
47.0,0.0,0.0,0.005543457031249999,0.005302978515625,0.0,0.0,3.662109375e-06,0.0063193359375,0.022661621093749973,1.2764264214445271,1.7823913161364122,-0.4159972192944774,3.982524681951401,1.6776001507023093,8.283185307179584,0.271168604720962,1.0,1.0,0.04284512073516786,5.10651421746933,1.772826178033086,-0.405434135463003,3.7943644303940243,1.7434838593835247,8.283185307179584,0.275783140993204,1.0,1.0,0.05804730820688584,4.061352356281507,1.669276166658833,-0.23558636547326764,2.9063903635266826,2.0131313856806954,8.283185307179584,0.1722873070402997,1.0,1.0,0.11882440106803208,3.016685573933227
48.0,0.0,0.0,0.0056298828125,0.0054248046875,0.0,0.0,3.90625e-06,0.00644921875,0.0231728515625,1.3026250825500916,1.7940886048577238,-0.4488168069747253,4.358797932446733,1.624300680439649,8.283185307179584,0.28383866042610423,1.0,1.0,0.04282659752618676,5.107992603655988,1.7603882324795332,-0.4050724449212661,3.7297158209324173,1.8201643275645496,8.283185307179584,0.28663602002534777,1.0,1.0,0.05824062493652914,4.0519162752122035,1.6715678928276685,-0.24249583346779863,2.929499032888247,2.018329860772072,8.283185307179584,0.17790532102561396,1.0,1.0,0.11812306227743795,3.0316344227713783
49.0,0.0,0.0,0.00592919921875,0.0055791015625,0.0,0.0,2.44140625e-06,0.00683251953124995,0.024362792968749998,1.3663892677496552,1.7662480233814473,-0.4687831619493861,4.751304853130398,1.7052559478267066,8.283185307179584,0.30219013795008054,1.0,1.0,0.041492482845982184,5.219910187736136,1.7512658759092363,-0.45872067574320163,4.69031613511345,1.755632490250783,8.283185307179584,0.2872767502706006,1.0,1.0,0.05729841227058031,4.098606175261098,1.671702391049175,-0.22145991470331586,2.6501931311797415,2.0941170087047976,8.283185307179584,0.17843651428735396,1.0,1.0,0.11856416709063748,3.0220976029641924
50.0,0.0,0.0,0.006078857421875,0.00565625,0.0,0.0,1.708984375e-06,0.007024169921874925,0.024957763671875,1.398271360349437,1.7533042303073807,-0.4787663394367164,4.94755831347223,1.7457335815202355,8.283185307179584,0.31136587671206867,1.0,1.0,0.0408254255058799,5.2758689797762095,1.7520651590201357,-0.4855447911541694,5.170616292203967,1.7233665715938995,8.283185307179584,0.2875971153932271,1.0,1.0,0.05682730593760589,4.121951125285546,1.6733320550620354,-0.21094195532107446,2.510540180325489,2.1320105826711604,8.283185307179584,0.17870211091822397,1.0,1.0,0.11878471949723725,3.0173291930605997
51.0,0.0,0.0,0.006228515625,0.0057333984375,0.0,0.0,9.765625e-07,0.0072158203124999,0.025552734375,1.4301534529492188,1.740947663016595,-0.4887495169240468,5.143811773814063,1.7862112152137644,8.283185307179584,0.3205416154740568,1.0,1.0,0.040158368165777614,5.331827771816283,1.7556039650581807,-0.5123689065651371,5.650916449294484,1.691100652937016,8.283185307179584,0.28791748051585353,1.0,1.0,0.05635619960463148,4.145296075309993,1.6761235526336828,-0.2004239959388331,2.3708872294712364,2.1699041566375232,8.283185307179584,0.17896770754909397,1.0,1.0,0.11900527190383701,3.0125607831570065
52.0,0.0,0.0,0.00663330078125,0.0061479492187500005,0.0,0.0,1.953125e-06,0.0077143554687499494,0.02715576171874995,1.5261567571024433,1.7544762601709905,-0.5294467352362233,6.014078745251967,1.680025066409141,8.283185307179584,0.3232893938718383,1.0,1.0,0.04043882877001106,5.307384005876422,1.7572664766467643,-0.553766568308703,6.798573526676416,1.617650344414277,8.283185307179584,0.30145539297003443,1.0,1.0,0.055535034945263906,4.188000448743797,1.65384146616636,-0.23068175186505818,2.7770436173908104,2.1639370830239164,8.283185307179584,0.18649038689143738,1.0,1.0,0.11835849229806969,3.0265876750248313
53.0,0.0,0.0,0.006835693359375001,0.006355224609375,0.0,0.0,2.44140625e-06,0.007963623046874976,0.027957275390624925,1.5741584091790557,1.7645385176240613,-0.5497953443923116,6.44921223097092,1.6269319920068295,8.283185307179584,0.324663283070729,1.0,1.0,0.04057905907212778,5.295162122906491,1.7618431885672976,-0.5744653991804859,7.372402065367382,1.5809251901529073,8.283185307179584,0.3082243491971248,1.0,1.0,0.05512445261558012,4.2093526354607,1.6453545648298884,-0.24581062982817073,2.980121811350597,2.1609535462171126,8.283185307179584,0.19025172656260908,1.0,1.0,0.11803510249518603,3.0336011209587435
54.0,0.0,0.0,0.0070380859375,0.0065625,0.0,0.0,2.9296875e-06,0.008212890625,0.0287587890624999,1.622160061255668,1.7765471561803445,-0.5701439535484,6.884345716689872,1.5738389176045178,8.283185307179584,0.32603717226961976,1.0,1.0,0.0407192893742445,5.2829402399365595,1.7684795878078647,-0.5951642300522688,7.946230604058348,1.5442000358915375,8.283185307179584,0.3149933054242153,1.0,1.0,0.054713870285896325,4.230704822177602,1.6383154834130391,-0.2609395077912833,3.183200005310384,2.157970009410309,8.283185307179584,0.19401306623378076,1.0,1.0,0.11771171269230236,3.040614566892656
55.0,0.0,0.0,0.00745361328125,0.006783203125,0.0,0.0,4.8828125e-06,0.008819824218750001,0.03047607421874995,1.7156565566811044,1.741665854319042,-0.5750448195698504,6.841890580896435,1.7275256548328852,8.283185307179584,0.34533403330645024,1.0,1.0,0.04054460832608213,5.2981046257885005,1.750805044704229,-0.5961005835962664,7.863580768066564,1.6203474700727796,8.283185307179584,0.325803022735243,1.0,1.0,0.05483462827864444,4.22430155566914,1.6435671447002362,-0.2664646251004035,3.1582598457885327,2.1659743530297817,8.283185307179584,0.1998765004961875,1.0,1.0,0.11708962716422515,3.0543662758013523
56.0,0.0,0.0,0.007661376953125,0.006893554687499999,0.0,0.0,5.859375e-06,0.009123291015625,0.031334716796874974,1.7624048043938227,1.725545573925159,-0.5774952525805757,6.820663012999717,1.804369023447069,8.283185307179584,0.3549824638248655,1.0,1.0,0.04045726780200094,5.30568681871447,1.7423510389055823,-0.5965687603682652,7.822255850070672,1.6584211871634005,8.283185307179584,0.33120788139075685,1.0,1.0,0.0548950072750185,4.2210999224149095,1.6461796461142577,-0.2692271837549636,3.145789766027607,2.1699765248395178,8.283185307179584,0.20280821762739085,1.0,1.0,0.11677858440018654,3.0612421302557005
57.0,0.0,0.0,0.007869140625,0.00700390625,0.0,0.0,6.8359375e-06,0.0094267578125,0.032193359375,1.809153052106541,1.710215680655043,-0.5799456855913009,6.799435445102999,1.881212392061253,8.283185307179584,0.3646308943432807,1.0,1.0,0.04036992727791975,5.313269011640441,1.7341391806659523,-0.597036937140264,7.780930932074779,1.6964949042540216,8.283185307179584,0.33661274004627073,1.0,1.0,0.054955386271392556,4.217898289160678,1.6487828064233687,-0.2719897424095236,3.133319686266681,2.1739786966492542,8.283185307179584,0.2057399347585942,1.0,1.0,0.11646754163614793,3.068117984710049
58.0,0.0,0.0,0.00839453125,0.00724609374999995,0.0,0.0,5.859375e-06,0.01022949218749995,0.03429443359375,1.9262423626626812,1.6942868209844897,-0.6222085492354612,8.59041285938207,1.8353188727669618,8.283185307179584,0.369312987215416,1.0,1.0,0.04032959779566579,5.316798209502903,1.7184023046787291,-0.6257005710038863,8.642516573747374,1.738460157325846,8.283185307179584,0.351578104427252,1.0,1.0,0.05479616646242245,4.226350172512103,1.649430754458158,-0.30714547875349996,3.635202070126037,2.074608630117022,8.283185307179584,0.21271474172852062,1.0,1.0,0.11516162768499374,3.0978507570856584
59.0,0.0,0.0,0.0086572265625,0.007367187499999925,0.0,0.0,5.37109375e-06,0.010630859374999925,0.035344970703125,1.9847870179407514,1.6912269480896203,-0.6433399810575414,9.485901566521607,1.8123721131198165,8.283185307179584,0.37165403365148364,1.0,1.0,0.04030943305453881,5.318562808434135,1.7115286521396555,-0.6400323879356975,9.07330939458367,1.7594427838617581,8.283185307179584,0.35906078661774266,1.0,1.0,0.05471655655793739,4.230576114187816,1.652632748115415,-0.32472334692548815,3.886143262055715,2.024923596850906,8.283185307179584,0.2162021452134838,1.0,1.0,0.11450867070941666,3.112717143273463
60.0,0.0,0.0,0.008919921875,0.0074882812499999,0.0,0.0,4.8828125e-06,0.0110322265624999,0.0363955078125,2.0433316732188214,1.6906604015947972,-0.6644714128796216,10.381390273661143,1.789425353472671,8.283185307179584,0.3739950800875513,1.0,1.0,0.040289268313411834,5.320327407365366,1.7052201587874831,-0.6543642048675087,9.50410221541997,1.7804254103976704,8.283185307179584,0.3665434688082333,1.0,1.0,0.05463694665345234,4.234802055863528,1.6574963008618382,-0.34230121509747635,4.137084453985393,1.9752385635847896,8.283185307179584,0.219689548698447,1.0,1.0,0.11385571373383957,3.1275835294612673
61.0,0.0,0.0,0.0095693359375,0.00789111328124995,0.0,0.0,4.8828125e-06,0.011959472656249949,0.0391044921875,2.192097442721275,1.6545619841120431,-0.6671661554957957,10.415668154133066,1.9481643360783791,8.283185307179584,0.3944239753202403,1.0,1.0,0.038902527556615434,5.4485316423613845,1.6573934858690413,-0.6397671449107143,9.148993247395396,1.9862406201681249,8.283185307179584,0.39367726225739175,1.0,1.0,0.05138892402061497,4.425566941099356,1.6489218546746902,-0.35942828735415977,4.500213095294352,1.9657553903489937,8.283185307179584,0.22259244239765558,1.0,1.0,0.11444960611555602,3.1139136739622475
62.0,0.0,0.0,0.009894042968749999,0.008092529296874975,0.0,0.0,4.8828125e-06,0.012423095703124973,0.040458984375,2.266480327472502,1.637731225231633,-0.6685135268038828,10.432807094369029,2.027533827381233,8.283185307179584,0.40463842293658486,1.0,1.0,0.03820915717821723,5.512633759859393,1.635855445445931,-0.6324686149323171,8.971438763383109,2.089148225053352,8.283185307179584,0.40724415898197097,1.0,1.0,0.049764912704196286,4.520949383717269,1.6454226022743628,-0.3679918234825015,4.681777415948831,1.9610138037310958,8.283185307179584,0.22404388924725985,1.0,1.0,0.11474655230641424,3.1070787462127374
63.0,0.0,0.0,0.01021875,0.0082939453125,0.0,0.0,4.8828125e-06,0.01288671875,0.0418134765625,2.340863212223729,1.6216349082377781,-0.6698608981119698,10.44994603460499,2.106903318684087,8.283185307179584,0.4148528705529294,1.0,1.0,0.03751578679981903,5.576735877357402,1.6157283065715178,-0.6251700849539198,8.793884279370822,2.1920558299385795,8.283185307179584,0.42081105570655025,1.0,1.0,0.0481409013877776,4.616331826335183,1.6423929031922053,-0.37655535961084324,4.863341736603311,1.956272217113198,8.283185307179584,0.22549533609686412,1.0,1.0,0.11504349849727247,3.1002438184632277
64.0,0.0,0.0,0.01106298828125,0.00858984375,0.0,0.0,5.859375e-06,0.01419140625,0.044911132812500004,2.5205090398613645,1.596531723827151,-0.6709221918533395,10.315769334151824,2.2515585111887555,8.283185307179584,0.4384506014469681,1.0,1.0,0.03717285124451186,5.610650235049141,1.613770794278646,-0.6266367463842343,8.029099588819696,2.3132796452434863,8.283185307179584,0.4294287886039949,1.0,1.0,0.04924353903677142,4.547358586773367,1.6256458958051159,-0.4324630942215156,6.466704262124853,1.8726307068084695,8.283185307179584,0.23655287539671624,1.0,1.0,0.11519967263598513,3.096690520353494
65.0,0.0,0.0,0.011485107421875,0.00873779296875,0.0,0.0,6.3476562500000006e-06,0.01484375,0.0464599609375,2.6103319536801823,1.584768072270161,-0.6714528387240242,10.24868098392524,2.3238861074410897,8.283185307179584,0.4502494668939875,1.0,1.0,0.03700138346685828,5.62760741389501,1.6139050990306252,-0.6273700770993915,7.646707243544133,2.3738915528959397,8.283185307179584,0.4337376550527172,1.0,1.0,0.04979485786126833,4.512871966992459,1.6256119396433508,-0.46041696152685174,7.268385524885625,1.8308099516561052,8.283185307179584,0.2420816450466423,1.0,1.0,0.11527775970534146,3.094913871298627
66.0,0.0,0.0,0.0119072265625,0.0088857421875,0.0,0.0,6.8359375e-06,0.01549609375,0.0480087890625,2.700154867499,1.5734886155191248,-0.671983485594709,10.181592633698658,2.3962137036934235,8.283185307179584,0.4620483323410068,1.0,1.0,0.0368299156892047,5.6445645927408785,1.6147884040977023,-0.6281034078145488,7.2643148982685695,2.434503460548393,8.283185307179584,0.4380465215014395,1.0,1.0,0.05034617668576525,4.478385347211551,1.6295744482604873,-0.4883708288321879,8.070066787646397,1.7889891965037408,8.283185307179584,0.24761041469656836,1.0,1.0,0.11535584677469779,3.09313722224376
67.0,0.0,0.0,0.012812499999999949,0.00943505859375,0.0,0.0,6.8359375e-06,0.01691210937499995,0.051700683593750005,2.9127880189769435,1.569002276753837,-0.6810493405539166,9.953072802804229,2.477087371966872,8.283185307179584,0.48592050784110097,1.0,1.0,0.035771549905823055,5.755453757983087,1.5841674010342368,-0.6541791878007435,8.380915984089091,2.516306916227834,8.283185307179584,0.4722303489890662,1.0,1.0,0.04836518022881473,4.6058415768592065,1.5992789791244602,-0.5404363199080019,11.241624015175201,1.7497752382896365,8.283185307179584,0.2584431037726998,1.0,1.0,0.11476566757903764,3.106655417814824
68.0,0.0,0.0,0.013265136718749924,0.009709716796875,0.0,0.0,6.8359375e-06,0.017620117187499923,0.053546630859375,3.019104594715915,1.5668772464029659,-0.6855822680335204,9.838812887357015,2.5175242061035963,8.283185307179584,0.4978565955911481,1.0,1.0,0.035242367014132234,5.810898340604192,1.57067976668071,-0.6672170777938408,8.939216526999353,2.557208644067555,8.283185307179584,0.4893222627328795,1.0,1.0,0.04737468200033947,4.669569691683034,1.5938254870222799,-0.5664690654459088,12.827402628939602,1.7301682591825842,8.283185307179584,0.2638594483107655,1.0,1.0,0.11447057798120756,3.113414515600356
69.0,0.0,0.0,0.0137177734374999,0.009984375,0.0,0.0,6.8359375e-06,0.0183281249999999,0.055392578125,3.125421170454887,1.5648234304532416,-0.6901151955131243,9.7245529719098,2.5579610402403206,8.283185307179584,0.5097926833411952,1.0,1.0,0.03471318412244141,5.866342923225296,1.5582147837054405,-0.6802549677869381,9.497517069909613,2.598110371907276,8.283185307179584,0.5064141764766928,1.0,1.0,0.046384183771864214,4.733297806506862,1.592627021741792,-0.5925018109838158,14.413181242704004,1.710561280075532,8.283185307179584,0.26927579284883124,1.0,1.0,0.11417548838337749,3.120173613385888
70.0,0.0,0.0,0.01476318359374995,0.0105078125,0.0,0.0,8.7890625e-06,0.02001757812499995,0.059792480468750006,3.3689856322229654,1.5276836439554216,-0.7028255044782377,10.134161021795805,2.7830295625877577,8.164206213123485,0.5314721694247582,1.047799416325748,1.0,0.033258207050603575,6.036272311409314,1.5347212435650124,-0.7316305893511218,12.431538069347159,2.573478136200105,8.217780431843789,0.5243612726853826,1.0260287898729668,1.0,0.045848901002528246,4.770613875657664,1.5454421440404142,-0.5809831690729785,14.290829317874064,1.8844677273421646,8.150148735564535,0.27809609404913116,1.0535804476740753,1.0,0.11249321056711173,3.160101562025786
71.0,0.0,0.0,0.015285888671874973,0.010769531249999999,0.0,0.0,9.765624999999999e-06,0.020862304687499975,0.061992431640625005,3.4907678631070045,1.5103975955841875,-0.7091806589607943,10.338965046738807,2.895563823761476,8.106539530277752,0.5423119124665396,1.0716991244886223,1.0,0.032530718514684656,6.121237005501323,1.5286094287880188,-0.7573184001332136,13.898548569065932,2.5611620183465202,8.18563240702495,0.5333348207897274,1.03904318480945,1.0,0.04558125961786026,4.789271910233065,1.5235416859926936,-0.5752238481175599,14.229653355459094,1.971420950975481,8.08590566564174,0.28250624464928115,1.0803706715111128,1.0,0.11165207165897884,3.180065536345735
72.0,0.0,0.0,0.01580859375,0.01103125,0.0,0.0,1.07421875e-05,0.02170703125,0.0641923828125,3.612550093991044,1.4938814366226456,-0.7155358134433509,10.54376907168181,3.0080980849351944,8.05003517121478,0.553151655508321,1.0955988326514963,1.0,0.03180322997876574,6.206201699593332,1.5251708998110405,-0.7830062109153055,15.365559068784705,2.548845900492935,8.153845038167768,0.5423083688940722,1.0520575797459333,1.0,0.04531361823319228,4.807929944808466,1.5026497503204093,-0.5694645271621412,14.168477393044125,2.0583741746087973,8.023105777839111,0.28691639524943113,1.1071608953481504,1.0,0.11081093275084596,3.2000295106656838
73.0,0.0,0.0,0.01651220703125,0.01105419921875,0.0,0.0,6.835937499999999e-06,0.0231904296875,0.06727441406250001,3.779396519651772,1.471896078495425,-0.7663004315056446,13.826382325131519,2.964192350766554,8.008534607526729,0.568068602493532,1.113463955710154,1.0,0.030997809030673097,6.310455199858495,1.477817809695801,-0.8155337444195117,20.284958149176084,2.6355855783052347,7.985343279117685,0.5540102758240175,1.1235645968938845,1.0,0.04453595878262302,4.864584685666346,1.4815424274943965,-0.5633116512620866,13.963298157996352,2.1612856598596792,8.012378632799912,0.29318895023573527,1.1117979205421502,1.0,0.1101397308637328,3.2165645338698923
74.0,0.0,0.0,0.0172158203125,0.0110771484375,0.0,0.0,2.9296875e-06,0.024673828125,0.0703564453125,3.9462429453125,1.4637158222930258,-0.8170650495679384,17.10899557858123,2.9202866165979136,7.9676474609425885,0.582985549478743,1.1313290787688117,1.0,0.030192388082580453,6.414708700123658,1.443845459233754,-0.8480612779237179,25.204357229567464,2.722325256117535,7.8265456775062265,0.5657121827539628,1.195071614041836,1.0,0.04375829933205377,4.9212394265242265,1.4616669392313935,-0.5571587753620318,13.75811892294858,2.264197145110561,8.001692904089865,0.2994615052220394,1.1164349457361502,1.0,0.10946852897661966,3.2330995570741003
75.0,0.0,0.0,0.01803125,0.01124365234375,0.0,0.0,1.953125e-06,0.02619482421875,0.07366455078125,4.132168526510206,1.4159797821020343,-0.8613226076159907,24.652728357275112,2.970422813198545,7.772115070647628,0.5970996682103246,1.22056199201083,1.0,0.029640847087539487,6.490914660264075,1.389805790030552,-0.8692725516924724,31.10250904131592,2.9235124305792337,7.583136273172149,0.582592809013003,1.313223921502042,1.0,0.04322005916470138,4.962262817210424,1.4229453453876175,-0.5465400662969369,13.644548240123456,2.4621768741793373,7.853712931242894,0.30420298411799607,1.1825403083891572,1.0,0.10811365509782958,3.267592933145651
76.0,0.0,0.0,0.0188466796875,0.01141015625,0.0,0.0,9.765625e-07,0.0277158203125,0.07697265625,4.318094107707912,1.3885877413805567,-0.905580165664043,32.196461135968995,3.020559009799177,7.589892927944994,0.6112137869419061,1.3097949052528484,1.0,0.02908930609249852,6.567120620404492,1.3452677383686424,-0.8904838254612271,37.000660853064375,3.1246996050409326,7.36051968891812,0.5994734352720431,1.4313762289622478,1.0,0.042681818997349,5.003286207896621,1.3875958333309568,-0.5359213572318418,13.530977557298334,2.6601566032481134,7.713401299816373,0.30894446301395273,1.2486456710421645,1.0,0.10675878121903952,3.3020863092172017
77.0,0.0,0.0,0.019616210937499948,0.011306640625,0.0,0.0,1.46484375e-06,0.02932421875,0.07988427734375,4.485899773328029,1.3410926027253658,-0.9075438441802022,34.01509686341377,3.312079786040346,7.347268732577815,0.6301470140469004,1.4387397897274163,1.0,0.02761015521667684,6.794018293542198,1.3013774597781371,-0.8705562584687696,33.66384520506466,3.4976020158483068,7.139746760759539,0.6108425780941134,1.5593127253648804,1.0,0.04117810708623429,5.1266274627950095,1.355174296073347,-0.5313836209300823,13.279657275486276,2.903653481406053,7.57908886713835,0.3289707730542602,1.3152822494061356,1.0,0.10548610264743521,3.335924295226675
78.0,0.0,0.0,0.0203857421874999,0.011203125,0.0,0.0,1.953125e-06,0.0309326171875,0.0827958984375,4.653705438948147,1.2983236977616932,-0.9095075226963614,35.83373259085854,3.603600562281515,7.1259659003985645,0.6490802411518948,1.5676846742019843,1.0,0.02613100434085516,7.020915966679904,1.2663268097783615,-0.8506286914763123,30.32702955706495,3.870504426655681,6.937280482231706,0.6222117209161835,1.687249221767513,1.0,0.03967439517511958,5.249968717693398,1.3262908365525243,-0.5268458846283228,13.028336993674218,3.1471503595639927,7.451362733654061,0.3489970830945677,1.3819188277701064,1.0,0.10421342407583092,3.3697622812361483
79.0,0.0,0.0,0.0207104492187499,0.010854980468749949,0.0,0.0,2.44140625e-06,0.03198193359375,0.08417333984375,4.730891866694336,1.2468917365418746,-0.9070269420008872,36.26370618179793,4.051580407851858,6.969174150578234,0.6649318232331964,1.666371686821229,1.0,0.025263339885415768,7.17203557057854,1.2168387758674635,-0.8475872821036115,31.680957621688506,4.293969751877585,6.698614296879493,0.6325790346002924,1.8528400565926373,1.0,0.03860556188955865,5.346475862004896,1.2866698990861962,-0.5162196214519739,12.94032254962867,3.4607051017848596,7.223692892914122,0.3605948960665688,1.5093194632069669,1.0,0.10304053157353865,3.4022627036364117
80.0,0.0,0.0,0.0210351562499999,0.0105068359374999,0.0,0.0,2.9296875e-06,0.03303125,0.08555078125,4.808078294440525,1.2021239521513163,-0.9045463613054131,36.69367977273732,4.4995602534222,6.8220763776973365,0.6807834053144981,1.7650586994404738,1.0,0.024395675429976376,7.323155174477177,1.1728242245176705,-0.8445458727309105,33.034885686312066,4.7174350770994895,6.482560016979618,0.6429463482844013,2.0184308914177618,1.0,0.037536728603997725,5.4429830063163935,1.251148115720575,-0.5055933582756248,12.852308105583122,3.7742598440057264,7.015218643121497,0.37219270903857,1.6367200986438273,1.0,0.10186763907124638,3.4347631260366747
81.0,0.0,0.0,0.02056152343749995,0.009421386718749949,0.0,0.0,3.41796875e-06,0.0331416015625,0.08360986328125,4.699513416648974,1.1517912331604327,-0.9074734691290016,38.646231609936706,5.04370394245732,6.535542811169957,0.6995002145914486,1.9763296134251076,1.0,0.022716959844483985,7.664110311525855,1.1127769840387916,-0.8360483203627759,32.03597979185081,5.574184354726487,6.174880525393421,0.6616890276864458,2.2843090184547776,1.0,0.03552542453007021,5.64870588319879,1.206919036442392,-0.49290667487643636,12.512646282822882,4.277293581799486,6.705271075643032,0.3860706288465042,1.847985763405072,1.0,0.09884531620304053,3.524920376729189
82.0,0.0,0.0,0.020087890625,0.0083359375,0.0,0.0,3.90625e-06,0.033251953125,0.0816689453125,4.590948538857422,1.1078171453465961,-0.9104005769525902,40.5987834471361,5.587847631492441,6.28174742520291,0.7182170238683993,2.1876005274097414,1.0,0.021038244258991597,8.005065448574532,1.064880579559798,-0.8275507679946412,31.037073897389554,6.430933632353486,5.906654994512529,0.6804317070884901,2.550187145491794,1.0,0.03351412045614269,5.854428760081187,1.1694531940419755,-0.48021999147724787,12.17298446006264,4.780327319593246,6.432377791564559,0.39994854865443846,2.059251428166317,1.0,0.09582299333483468,3.6150776274217034
83.0,0.0,0.0,0.01756787109375,0.00676953125,0.0,0.0,2.44140625e-06,0.029586425781249998,0.07137109375,4.0131872572251455,1.0945650154933757,-0.9127275532879091,39.07300994660566,5.900838945214662,6.2842915510938,0.7252015944378624,2.185357181322503,1.0,0.019211808428838826,8.475163697809979,1.0509601227452003,-0.8174756752453383,27.874196052635064,6.984755169527256,5.750142010325778,0.6866601314556905,2.7225440883929948,1.0,0.030491739325029396,6.242525477781231,1.1361560317538004,-0.463872245107536,11.446576004112408,5.396578154027518,6.194945062063952,0.4032146217583792,2.2657758279826403,1.0,0.09312972210298362,3.70425939774296
84.0,0.0,0.0,0.0150478515625,0.005203125,0.0,0.0,9.765625e-07,0.0259208984375,0.0610732421875,3.435425975592869,1.0829186671900013,-0.9150545296232279,37.54723644607522,6.213830258936885,6.286838717413172,0.7321861650073255,2.1831138352352646,1.0,0.017385372598686055,8.945261947045424,1.0428668089767577,-0.8074005824960353,24.711318207880574,7.538576706701027,5.605305059141449,0.6928885558228909,2.8949010312941956,1.0,0.0274693581939161,6.630622195481275,1.1098804961720632,-0.4475244987378242,10.720167548162179,6.01282898846179,5.981639560596475,0.4064806948623199,2.4723002277989643,1.0,0.09043645087113254,3.793441168064216
85.0,0.0,0.0,0.009970703125,0.0032158203125,0.0,0.0,9.765625e-07,0.017409179687499998,0.0404892578125,2.2773003820849613,1.1088672457656716,-0.9099940031183618,33.784715342081505,6.0010606247193135,6.250045300981954,0.7362207583581768,2.215780871794493,1.0,0.015149044780441434,9.747095916115716,1.0734837178530068,-0.8019189158529637,21.80641051940593,7.274808786185078,5.773640959087728,0.6956731628768598,2.6957813175166487,1.0,0.024300160583371984,7.196251107059291,1.1240286356910323,-0.4323562171426765,9.441208646409795,6.157417780942698,6.062861089469845,0.4071715625144353,2.3911274943127134,1.0,0.08501496931185426,4.004475930711266
86.0,0.0,0.0,0.0048935546875,0.001228515625,0.0,0.0,9.765625e-07,0.0088974609375,0.0199052734375,1.119174788577053,1.1376809357461646,-0.9049334766134955,30.022194238087792,5.788290990501742,6.213879812186512,0.740255351709028,2.248447908353722,1.0,0.012912716962196815,10.54892988518601,1.108377417616739,-0.7964372492098921,18.901502830931285,7.01104086566913,5.957884217527536,0.6984577699308288,2.4966616037391014,1.0,0.021130962972827867,7.761880018637308,1.143998229093122,-0.41718793554752887,8.16224974465741,6.302006573423606,6.147429457970936,0.40786243016655066,2.309954760826463,1.0,0.07959348775257596,4.215510693358316
87.0,0.0,0.0,0.00244921875,0.0006142578125,0.0,5.859375e-06,2.294921875e-05,0.0044677734375,0.01002783203125,0.5630670918945314,0.48771558583068686,-0.7942275780642393,18.779059187922336,797.9777736925524,6.046602449095379,0.7628267575532381,2.445997321557821,1.022824570778355,0.012939704345756439,10.537116486171048,1.0280889110091667,-0.9875727699347412,39.80421883464208,7.670103539377351,5.85168957853527,0.7419279666641385,2.6091644887227257,1.0,0.017677493903421646,8.731137100485409,1.2451234465035383,-0.47298281277264265,6.825638403804965,5.739264853746219,6.627495234328892,0.46095717462676483,1.9055989963556184,1.0,0.07286211340030832,4.5590435238404226
88.0,0.0,0.0,4.8828125e-06,0.0,0.0,1.171875e-05,4.4921875e-05,3.80859375e-05,0.000150390625,0.0069593952120097,0.6351644192603421,-0.683521679514983,7.535924137756876,1590.167256394603,5.896186499115364,0.7853981633974483,2.64354673476192,1.04564914155671,0.012966691729316063,10.525303087156086,0.9961327226164641,-1.1787082906595903,60.70693483835287,8.329166213085571,5.750907324148109,0.7853981633974483,2.72166737370635,1.0,0.014224024834015421,9.700394182333508,1.3560969526317268,-0.5287776899977564,5.48902706295252,5.176523134068833,7.237526485782407,0.514051919086979,1.501243231884774,1.0,0.06613073904804066,4.9025763543225285
89.0,0.0,0.0,0.0,0.0,0.0,0.0,0.0,0.0,9.765625e-07,0.0004893842382812,3.141592653589793,0.0,0.0,0.0,9.869604401089358,0.0,0.0,0.0,0.0,0.0,3.141592653589793,0.0,0.0,0.0,9.869604401089358,0.0,0.0,0.0,0.0,0.0,3.141592653589793,0.0,0.0,0.0,9.869604401089358,0.0,0.0,0.0,0.0,0.0
