alpha,H,He,Ca,Mg,Si,O,Ca_1,O_1,Mg_2,O_2,Si_3,O_3,amu/ion,thetaK_Ca,thetaTilt_Ca,thetaM_Ca,thetaN_Ca,3dK_Ca,3dTilt_Ca,3dM_Ca,3dN_Ca,energyK_Ca,energyE_Ca,thetaK_Mg,thetaTilt_Mg,thetaM_Mg,thetaN_Mg,3dK_Mg,3dTilt_Mg,3dM_Mg,3dN_Mg,energyK_Mg,energyE_Mg,thetaK_O,thetaTilt_O,thetaM_O,thetaN_O,3dK_O,3dTilt_O,3dM_O,3dN_O,energyK_O,energyE_O,thetaK_Si,thetaTilt_Si,thetaM_Si,thetaN_Si,3dK_Si,3dTilt_Si,3dM_Si,3dN_Si,energyK_Si,energyE_Si
0.000E+00,0.000E+00,0.000E+00,1.228E-03,1.572E-03,8.164E-04,0.000E+00,4.180E-04,5.088E-04,0.000E+00,0.000E+00,2.369E-03,9.335E-03,3.435E-01,1.855E+00,-4.027E-02,1.597E+00,1.157E+00,4.935E+00,3.200E-03,1.000E+00,1.000E+00,9.625E-02,3.051E+00,1.729E+00,1.427E-02,1.399E+00,1.711E+00,4.935E+00,1.298E-03,1.000E+00,1.000E+00,2.383E-01,1.574E+00,1.723E+00,-2.362E-02,1.704E+00,1.552E+00,4.935E+00,5.642E-03,1.000E+00,1.000E+00,1.125E-01,3.158E+00,1.836E+00,2.619E-02,1.189E+00,1.430E+00,4.935E+00,0.000E+00,1.000E+00,1.000E+00,5.617E-02,4.980E+00
1.000E+00,0.000E+00,0.000E+00,1.074E-03,1.567E-03,8.932E-04,0.000E+00,5.577E-04,7.104E-04,0.000E+00,0.000E+00,2.264E-03,9.006E-03,3.410E-01,1.822E+00,-3.372E-02,1.535E+00,1.308E+00,4.935E+00,1.197E-02,1.000E+00,1.000E+00,9.497E-02,3.085E+00,1.711E+00,-3.358E-03,1.517E+00,1.690E+00,4.935E+00,8.259E-03,1.000E+00,1.000E+00,2.372E-01,1.580E+00,1.715E+00,-2.425E-02,1.679E+00,1.621E+00,4.935E+00,1.336E-02,1.000E+00,1.000E+00,1.120E-01,3.171E+00,1.806E+00,1.015E-02,1.277E+00,1.462E+00,4.935E+00,8.313E-03,1.000E+00,1.000E+00,5.646E-02,4.961E+00
2.000E+00,0.000E+00,0.000E+00,9.207E-04,1.562E-03,9.700E-04,0.000E+00,6.975E-04,9.121E-04,0.000E+00,0.000E+00,2.159E-03,8.677E-03,3.385E-01,1.793E+00,-2.717E-02,1.473E+00,1.458E+00,4.935E+00,2.075E-02,1.000E+00,1.000E+00,9.368E-02,3.120E+00,1.710E+00,-2.098E-02,1.635E+00,1.670E+00,4.935E+00,1.522E-02,1.000E+00,1.000E+00,2.360E-01,1.587E+00,1.707E+00,-2.487E-02,1.654E+00,1.691E+00,4.935E+00,2.108E-02,1.000E+00,1.000E+00,1.115E-01,3.183E+00,1.785E+00,-5.897E-03,1.365E+00,1.494E+00,4.935E+00,1.663E-02,1.000E+00,1.000E+00,5.676E-02,4.942E+00
3.000E+00,0.000E+00,0.000E+00,7.672E-04,1.557E-03,1.047E-03,0.000E+00,8.373E-04,1.114E-03,0.000E+00,0.000E+00,2.055E-03,8.348E-03,3.360E-01,1.768E+00,-2.061E-02,1.411E+00,1.609E+00,4.935E+00,2.952E-02,1.000E+00,1.000E+00,9.239E-02,3.154E+00,1.711E+00,-3.861E-02,1.753E+00,1.649E+00,4.935E+00,2.218E-02,1.000E+00,1.000E+00,2.349E-01,1.594E+00,1.700E+00,-2.550E-02,1.629E+00,1.760E+00,4.935E+00,2.880E-02,1.000E+00,1.000E+00,1.111E-01,3.195E+00,1.777E+00,-2.194E-02,1.453E+00,1.526E+00,4.935E+00,2.494E-02,1.000E+00,1.000E+00,5.705E-02,4.923E+00
4.000E+00,0.000E+00,0.000E+00,6.905E-04,1.554E-03,1.085E-03,0.000E+00,9.072E-04,1.215E-03,0.000E+00,0.000E+00,2.002E-03,8.184E-03,3.347E-01,1.757E+00,-1.733E-02,1.380E+00,1.684E+00,4.935E+00,3.391E-02,1.000E+00,1.000E+00,9.175E-02,3.172E+00,1.712E+00,-4.742E-02,1.812E+00,1.639E+00,4.935E+00,2.566E-02,1.000E+00,1.000E+00,2.343E-01,1.598E+00,1.696E+00,-2.581E-02,1.617E+00,1.795E+00,4.935E+00,3.266E-02,1.000E+00,1.000E+00,1.108E-01,3.201E+00,1.773E+00,-2.996E-02,1.496E+00,1.543E+00,4.935E+00,2.909E-02,1.000E+00,1.000E+00,5.720E-02,4.914E+00
5.000E+00,0.000E+00,0.000E+00,6.138E-04,1.552E-03,1.124E-03,0.000E+00,9.771E-04,1.315E-03,0.000E+00,0.000E+00,1.950E-03,8.020E-03,3.335E-01,1.747E+00,-1.406E-02,1.349E+00,1.759E+00,4.935E+00,3.830E-02,1.000E+00,1.000E+00,9.111E-02,3.189E+00,1.713E+00,-5.623E-02,1.870E+00,1.629E+00,4.935E+00,2.914E-02,1.000E+00,1.000E+00,2.337E-01,1.601E+00,1.693E+00,-2.612E-02,1.604E+00,1.829E+00,4.935E+00,3.652E-02,1.000E+00,1.000E+00,1.106E-01,3.207E+00,1.769E+00,-3.798E-02,1.540E+00,1.559E+00,4.935E+00,3.325E-02,1.000E+00,1.000E+00,5.734E-02,4.904E+00
6.000E+00,0.000E+00,0.000E+00,4.603E-04,1.547E-03,1.200E-03,0.000E+00,1.117E-03,1.517E-03,0.000E+00,0.000E+00,1.845E-03,7.691E-03,3.310E-01,1.730E+00,-7.501E-03,1.286E+00,1.910E+00,4.935E+00,4.707E-02,1.000E+00,1.000E+00,8.982E-02,3.223E+00,1.716E+00,-7.386E-02,1.988E+00,1.608E+00,4.935E+00,3.610E-02,1.000E+00,1.000E+00,2.325E-01,1.608E+00,1.687E+00,-2.675E-02,1.579E+00,1.899E+00,4.935E+00,4.424E-02,1.000E+00,1.000E+00,1.101E-01,3.219E+00,1.762E+00,-5.403E-02,1.628E+00,1.591E+00,4.935E+00,4.156E-02,1.000E+00,1.000E+00,5.764E-02,4.886E+00
7.000E+00,0.000E+00,0.000E+00,3.069E-04,1.542E-03,1.277E-03,0.000E+00,1.257E-03,1.719E-03,0.000E+00,0.000E+00,1.740E-03,7.362E-03,3.285E-01,1.715E+00,-9.458E-04,1.224E+00,2.060E+00,4.935E+00,5.584E-02,1.000E+00,1.000E+00,8.853E-02,3.258E+00,1.719E+00,-9.149E-02,2.106E+00,1.588E+00,4.935E+00,4.306E-02,1.000E+00,1.000E+00,2.314E-01,1.615E+00,1.682E+00,-2.737E-02,1.555E+00,1.968E+00,4.935E+00,5.196E-02,1.000E+00,1.000E+00,1.096E-01,3.231E+00,1.755E+00,-7.007E-02,1.716E+00,1.623E+00,4.935E+00,4.988E-02,1.000E+00,1.000E+00,5.793E-02,4.867E+00
8.000E+00,0.000E+00,0.000E+00,1.534E-04,1.536E-03,1.354E-03,0.000E+00,1.396E-03,1.920E-03,0.000E+00,0.000E+00,1.635E-03,7.033E-03,3.260E-01,1.709E+00,5.609E-03,1.162E+00,2.211E+00,4.935E+00,6.462E-02,1.000E+00,1.000E+00,8.725E-02,3.292E+00,1.724E+00,-1.091E-01,2.224E+00,1.567E+00,4.935E+00,5.002E-02,1.000E+00,1.000E+00,2.302E-01,1.622E+00,1.677E+00,-2.799E-02,1.530E+00,2.038E+00,4.935E+00,5.968E-02,1.000E+00,1.000E+00,1.091E-01,3.244E+00,1.749E+00,-8.611E-02,1.804E+00,1.656E+00,4.935E+00,5.819E-02,1.000E+00,1.000E+00,5.822E-02,4.848E+00
9.000E+00,0.000E+00,0.000E+00,7.672E-05,1.534E-03,1.392E-03,0.000E+00,1.466E-03,2.021E-03,0.000E+00,0.000E+00,1.583E-03,6.869E-03,3.247E-01,1.708E+00,8.886E-03,1.131E+00,2.286E+00,4.935E+00,6.901E-02,1.000E+00,1.000E+00,8.660E-02,3.310E+00,1.727E+00,-1.179E-01,2.283E+00,1.557E+00,4.935E+00,5.350E-02,1.000E+00,1.000E+00,2.296E-01,1.625E+00,1.674E+00,-2.831E-02,1.517E+00,2.072E+00,4.935E+00,6.354E-02,1.000E+00,1.000E+00,1.088E-01,3.250E+00,1.746E+00,-9.414E-02,1.848E+00,1.672E+00,4.935E+00,6.235E-02,1.000E+00,1.000E+00,5.837E-02,4.838E+00
1.000E+01,0.000E+00,0.000E+00,0.000E+00,1.531E-03,1.431E-03,0.000E+00,1.536E-03,2.122E-03,0.000E+00,0.000E+00,1.530E-03,6.704E-03,3.234E-01,1.708E+00,1.216E-02,1.100E+00,2.362E+00,4.935E+00,7.339E-02,1.000E+00,1.000E+00,8.596E-02,3.327E+00,1.729E+00,-1.267E-01,2.342E+00,1.547E+00,4.935E+00,5.698E-02,1.000E+00,1.000E+00,2.290E-01,1.629E+00,1.672E+00,-2.862E-02,1.505E+00,2.107E+00,4.935E+00,6.740E-02,1.000E+00,1.000E+00,1.086E-01,3.256E+00,1.743E+00,-1.022E-01,1.891E+00,1.688E+00,4.935E+00,6.650E-02,1.000E+00,1.000E+00,5.851E-02,4.829E+00
1.100E+01,0.000E+00,0.000E+00,0.000E+00,1.570E-03,1.490E-03,0.000E+00,1.565E-03,2.169E-03,0.000E+00,2.441E-07,1.553E-03,6.801E-03,3.301E-01,1.692E+00,-1.746E-02,1.267E+00,2.271E+00,4.935E+00,8.142E-02,1.000E+00,1.000E+00,8.581E-02,3.331E+00,1.731E+00,-1.402E-01,2.425E+00,1.548E+00,4.935E+00,6.574E-02,1.000E+00,1.000E+00,2.285E-01,1.632E+00,1.672E+00,-4.293E-02,1.584E+00,2.099E+00,4.935E+00,7.458E-02,1.000E+00,1.000E+00,1.083E-01,3.263E+00,1.750E+00,-1.143E-01,1.944E+00,1.670E+00,4.935E+00,7.425E-02,1.000E+00,1.000E+00,5.828E-02,4.844E+00
1.200E+01,0.000E+00,0.000E+00,0.000E+00,1.609E-03,1.549E-03,0.000E+00,1.593E-03,2.215E-03,0.000E+00,4.883E-07,1.576E-03,6.898E-03,3.367E-01,1.695E+00,-4.708E-02,1.435E+00,2.180E+00,4.935E+00,8.945E-02,1.000E+00,1.000E+00,8.566E-02,3.336E+00,1.733E+00,-1.537E-01,2.508E+00,1.549E+00,4.935E+00,7.449E-02,1.000E+00,1.000E+00,2.279E-01,1.636E+00,1.672E+00,-5.723E-02,1.662E+00,2.091E+00,4.935E+00,8.176E-02,1.000E+00,1.000E+00,1.080E-01,3.270E+00,1.756E+00,-1.264E-01,1.997E+00,1.652E+00,4.935E+00,8.199E-02,1.000E+00,1.000E+00,5.804E-02,4.859E+00
1.300E+01,0.000E+00,0.000E+00,0.000E+00,1.648E-03,1.608E-03,0.000E+00,1.622E-03,2.262E-03,0.000E+00,7.324E-07,1.599E-03,6.995E-03,3.434E-01,1.703E+00,-7.670E-02,1.602E+00,2.089E+00,4.935E+00,9.748E-02,1.000E+00,1.000E+00,8.551E-02,3.340E+00,1.735E+00,-1.672E-01,2.591E+00,1.551E+00,4.935E+00,8.325E-02,1.000E+00,1.000E+00,2.273E-01,1.640E+00,1.672E+00,-7.154E-02,1.741E+00,2.083E+00,4.935E+00,8.894E-02,1.000E+00,1.000E+00,1.077E-01,3.277E+00,1.763E+00,-1.385E-01,2.049E+00,1.635E+00,4.935E+00,8.973E-02,1.000E+00,1.000E+00,5.781E-02,4.874E+00
1.400E+01,0.000E+00,0.000E+00,0.000E+00,1.668E-03,1.637E-03,0.000E+00,1.636E-03,2.285E-03,0.000E+00,8.545E-07,1.611E-03,7.043E-03,3.467E-01,1.707E+00,-9.152E-02,1.686E+00,2.043E+00,4.935E+00,1.015E-01,1.000E+00,1.000E+00,8.544E-02,3.342E+00,1.737E+00,-1.740E-01,2.633E+00,1.552E+00,4.935E+00,8.763E-02,1.000E+00,1.000E+00,2.270E-01,1.642E+00,1.673E+00,-7.869E-02,1.780E+00,2.079E+00,4.935E+00,9.253E-02,1.000E+00,1.000E+00,1.076E-01,3.281E+00,1.767E+00,-1.445E-01,2.075E+00,1.626E+00,4.935E+00,9.361E-02,1.000E+00,1.000E+00,5.769E-02,4.882E+00
1.500E+01,0.000E+00,0.000E+00,0.000E+00,1.687E-03,1.667E-03,0.000E+00,1.650E-03,2.308E-03,0.000E+00,9.766E-07,1.622E-03,7.092E-03,3.500E-01,1.713E+00,-1.063E-01,1.769E+00,1.998E+00,4.935E+00,1.055E-01,1.000E+00,1.000E+00,8.536E-02,3.345E+00,1.738E+00,-1.807E-01,2.675E+00,1.552E+00,4.935E+00,9.201E-02,1.000E+00,1.000E+00,2.267E-01,1.643E+00,1.673E+00,-8.584E-02,1.820E+00,2.075E+00,4.935E+00,9.611E-02,1.000E+00,1.000E+00,1.074E-01,3.284E+00,1.770E+00,-1.506E-01,2.102E+00,1.617E+00,4.935E+00,9.748E-02,1.000E+00,1.000E+00,5.757E-02,4.889E+00
1.600E+01,0.000E+00,0.000E+00,0.000E+00,1.726E-03,1.726E-03,0.000E+00,1.679E-03,2.355E-03,0.000E+00,1.221E-06,1.645E-03,7.189E-03,3.566E-01,1.727E+00,-1.360E-01,1.936E+00,1.907E+00,4.935E+00,1.135E-01,1.000E+00,1.000E+00,8.521E-02,3.349E+00,1.740E+00,-1.942E-01,2.758E+00,1.554E+00,4.935E+00,1.008E-01,1.000E+00,1.000E+00,2.261E-01,1.647E+00,1.674E+00,-1.002E-01,1.898E+00,2.066E+00,4.935E+00,1.033E-01,1.000E+00,1.000E+00,1.072E-01,3.292E+00,1.777E+00,-1.627E-01,2.154E+00,1.599E+00,4.935E+00,1.052E-01,1.000E+00,1.000E+00,5.733E-02,4.904E+00
1.700E+01,0.000E+00,0.000E+00,0.000E+00,1.765E-03,1.785E-03,0.000E+00,1.708E-03,2.401E-03,0.000E+00,1.465E-06,1.668E-03,7.286E-03,3.633E-01,1.744E+00,-1.656E-01,2.104E+00,1.816E+00,4.935E+00,1.216E-01,1.000E+00,1.000E+00,8.506E-02,3.354E+00,1.743E+00,-2.077E-01,2.841E+00,1.555E+00,4.935E+00,1.095E-01,1.000E+00,1.000E+00,2.255E-01,1.651E+00,1.676E+00,-1.145E-01,1.977E+00,2.058E+00,4.935E+00,1.105E-01,1.000E+00,1.000E+00,1.069E-01,3.299E+00,1.785E+00,-1.748E-01,2.207E+00,1.581E+00,4.935E+00,1.130E-01,1.000E+00,1.000E+00,5.710E-02,4.920E+00
1.800E+01,0.000E+00,0.000E+00,0.000E+00,1.804E-03,1.844E-03,0.000E+00,1.736E-03,2.448E-03,0.000E+00,1.709E-06,1.691E-03,7.383E-03,3.699E-01,1.764E+00,-1.952E-01,2.271E+00,1.725E+00,4.935E+00,1.296E-01,1.000E+00,1.000E+00,8.491E-02,3.358E+00,1.746E+00,-2.212E-01,2.924E+00,1.557E+00,4.935E+00,1.183E-01,1.000E+00,1.000E+00,2.249E-01,1.655E+00,1.678E+00,-1.288E-01,2.056E+00,2.050E+00,4.935E+00,1.177E-01,1.000E+00,1.000E+00,1.066E-01,3.306E+00,1.792E+00,-1.869E-01,2.260E+00,1.564E+00,4.935E+00,1.207E-01,1.000E+00,1.000E+00,5.686E-02,4.935E+00
1.900E+01,0.000E+00,0.000E+00,0.000E+00,1.823E-03,1.874E-03,0.000E+00,1.750E-03,2.471E-03,0.000E+00,1.831E-06,1.702E-03,7.431E-03,3.732E-01,1.774E+00,-2.100E-01,2.354E+00,1.679E+00,4.935E+00,1.336E-01,1.000E+00,1.000E+00,8.484E-02,3.360E+00,1.747E+00,-2.280E-01,2.966E+00,1.557E+00,4.935E+00,1.226E-01,1.000E+00,1.000E+00,2.246E-01,1.656E+00,1.679E+00,-1.359E-01,2.095E+00,2.046E+00,4.935E+00,1.212E-01,1.000E+00,1.000E+00,1.065E-01,3.309E+00,1.796E+00,-1.930E-01,2.286E+00,1.555E+00,4.935E+00,1.246E-01,1.000E+00,1.000E+00,5.674E-02,4.942E+00
2.000E+01,0.000E+00,0.000E+00,0.000E+00,1.843E-03,1.903E-03,0.000E+00,1.765E-03,2.494E-03,0.000E+00,1.953E-06,1.714E-03,7.479E-03,3.765E-01,1.786E+00,-2.248E-01,2.438E+00,1.634E+00,4.935E+00,1.376E-01,1.000E+00,1.000E+00,8.476E-02,3.362E+00,1.749E+00,-2.347E-01,3.008E+00,1.558E+00,4.935E+00,1.270E-01,1.000E+00,1.000E+00,2.243E-01,1.658E+00,1.680E+00,-1.431E-01,2.134E+00,2.042E+00,4.935E+00,1.248E-01,1.000E+00,1.000E+00,1.063E-01,3.313E+00,1.800E+00,-1.990E-01,2.312E+00,1.546E+00,4.935E+00,1.285E-01,1.000E+00,1.000E+00,5.663E-02,4.950E+00
2.100E+01,0.000E+00,0.000E+00,0.000E+00,1.895E-03,1.937E-03,0.000E+00,1.828E-03,2.578E-03,0.000E+00,1.709E-06,1.792E-03,7.787E-03,3.897E-01,1.778E+00,-2.230E-01,2.379E+00,1.700E+00,4.935E+00,1.466E-01,1.000E+00,1.000E+00,8.444E-02,3.373E+00,1.746E+00,-2.489E-01,3.190E+00,1.547E+00,4.935E+00,1.326E-01,1.000E+00,1.000E+00,2.234E-01,1.664E+00,1.682E+00,-1.626E-01,2.294E+00,2.000E+00,4.935E+00,1.328E-01,1.000E+00,1.000E+00,1.058E-01,3.329E+00,1.798E+00,-2.102E-01,2.348E+00,1.577E+00,4.935E+00,1.396E-01,1.000E+00,1.000E+00,5.656E-02,4.954E+00
2.200E+01,0.000E+00,0.000E+00,0.000E+00,1.946E-03,1.971E-03,0.000E+00,1.891E-03,2.661E-03,0.000E+00,1.465E-06,1.870E-03,8.095E-03,4.028E-01,1.770E+00,-2.212E-01,2.319E+00,1.767E+00,4.935E+00,1.555E-01,1.000E+00,1.000E+00,8.411E-02,3.383E+00,1.745E+00,-2.630E-01,3.372E+00,1.536E+00,4.935E+00,1.382E-01,1.000E+00,1.000E+00,2.224E-01,1.671E+00,1.685E+00,-1.822E-01,2.454E+00,1.959E+00,4.935E+00,1.407E-01,1.000E+00,1.000E+00,1.052E-01,3.345E+00,1.796E+00,-2.214E-01,2.383E+00,1.608E+00,4.935E+00,1.507E-01,1.000E+00,1.000E+00,5.650E-02,4.958E+00
2.300E+01,0.000E+00,0.000E+00,0.000E+00,1.998E-03,2.004E-03,0.000E+00,1.954E-03,2.745E-03,0.000E+00,1.221E-06,1.948E-03,8.402E-03,4.160E-01,1.763E+00,-2.194E-01,2.260E+00,1.834E+00,4.935E+00,1.645E-01,1.000E+00,1.000E+00,8.378E-02,3.393E+00,1.744E+00,-2.772E-01,3.554E+00,1.525E+00,4.935E+00,1.438E-01,1.000E+00,1.000E+00,2.215E-01,1.677E+00,1.690E+00,-2.018E-01,2.614E+00,1.917E+00,4.935E+00,1.486E-01,1.000E+00,1.000E+00,1.046E-01,3.360E+00,1.794E+00,-2.326E-01,2.419E+00,1.639E+00,4.935E+00,1.618E-01,1.000E+00,1.000E+00,5.644E-02,4.962E+00
2.400E+01,0.000E+00,0.000E+00,0.000E+00,2.024E-03,2.021E-03,0.000E+00,1.985E-03,2.786E-03,0.000E+00,1.099E-06,1.987E-03,8.556E-03,4.225E-01,1.760E+00,-2.185E-01,2.231E+00,1.867E+00,4.935E+00,1.689E-01,1.000E+00,1.000E+00,8.362E-02,3.398E+00,1.744E+00,-2.843E-01,3.645E+00,1.520E+00,4.935E+00,1.466E-01,1.000E+00,1.000E+00,2.210E-01,1.680E+00,1.693E+00,-2.116E-01,2.694E+00,1.896E+00,4.935E+00,1.526E-01,1.000E+00,1.000E+00,1.043E-01,3.368E+00,1.793E+00,-2.382E-01,2.436E+00,1.654E+00,4.935E+00,1.674E-01,1.000E+00,1.000E+00,5.641E-02,4.964E+00
2.500E+01,0.000E+00,0.000E+00,0.000E+00,2.050E-03,2.038E-03,0.000E+00,2.017E-03,2.828E-03,0.000E+00,9.766E-07,2.026E-03,8.710E-03,4.291E-01,1.757E+00,-2.176E-01,2.201E+00,1.900E+00,4.935E+00,1.734E-01,1.000E+00,1.000E+00,8.346E-02,3.403E+00,1.744E+00,-2.914E-01,3.736E+00,1.515E+00,4.935E+00,1.493E-01,1.000E+00,1.000E+00,2.206E-01,1.683E+00,1.696E+00,-2.213E-01,2.774E+00,1.875E+00,4.935E+00,1.565E-01,1.000E+00,1.000E+00,1.040E-01,3.376E+00,1.792E+00,-2.438E-01,2.454E+00,1.670E+00,4.935E+00,1.729E-01,1.000E+00,1.000E+00,5.637E-02,4.967E+00
2.600E+01,0.000E+00,0.000E+00,0.000E+00,2.102E-03,2.072E-03,0.000E+00,2.080E-03,2.912E-03,0.000E+00,7.324E-07,2.104E-03,9.018E-03,4.422E-01,1.752E+00,-2.158E-01,2.142E+00,1.967E+00,4.935E+00,1.823E-01,1.000E+00,1.000E+00,8.313E-02,3.413E+00,1.745E+00,-3.055E-01,3.918E+00,1.504E+00,4.935E+00,1.549E-01,1.000E+00,1.000E+00,2.196E-01,1.689E+00,1.704E+00,-2.409E-01,2.933E+00,1.834E+00,4.935E+00,1.645E-01,1.000E+00,1.000E+00,1.034E-01,3.392E+00,1.790E+00,-2.550E-01,2.490E+00,1.701E+00,4.935E+00,1.840E-01,1.000E+00,1.000E+00,5.631E-02,4.971E+00
2.700E+01,0.000E+00,0.000E+00,0.000E+00,2.153E-03,2.105E-03,0.000E+00,2.143E-03,2.995E-03,0.000E+00,4.883E-07,2.183E-03,9.325E-03,4.554E-01,1.747E+00,-2.140E-01,2.082E+00,2.034E+00,4.935E+00,1.913E-01,1.000E+00,1.000E+00,8.280E-02,3.423E+00,1.747E+00,-3.197E-01,4.100E+00,1.493E+00,4.935E+00,1.605E-01,1.000E+00,1.000E+00,2.187E-01,1.695E+00,1.712E+00,-2.605E-01,3.093E+00,1.792E+00,4.935E+00,1.724E-01,1.000E+00,1.000E+00,1.029E-01,3.408E+00,1.788E+00,-2.661E-01,2.525E+00,1.732E+00,4.935E+00,1.952E-01,1.000E+00,1.000E+00,5.625E-02,4.975E+00
2.800E+01,0.000E+00,0.000E+00,0.000E+00,2.205E-03,2.139E-03,0.000E+00,2.206E-03,3.079E-03,0.000E+00,2.441E-07,2.261E-03,9.633E-03,4.685E-01,1.744E+00,-2.122E-01,2.023E+00,2.101E+00,4.935E+00,2.002E-01,1.000E+00,1.000E+00,8.247E-02,3.433E+00,1.749E+00,-3.339E-01,4.282E+00,1.482E+00,4.935E+00,1.661E-01,1.000E+00,1.000E+00,2.177E-01,1.702E+00,1.722E+00,-2.800E-01,3.253E+00,1.751E+00,4.935E+00,1.803E-01,1.000E+00,1.000E+00,1.023E-01,3.424E+00,1.786E+00,-2.773E-01,2.561E+00,1.763E+00,4.935E+00,2.063E-01,1.000E+00,1.000E+00,5.619E-02,4.979E+00
2.900E+01,0.000E+00,0.000E+00,0.000E+00,2.231E-03,2.156E-03,0.000E+00,2.237E-03,3.120E-03,0.000E+00,1.221E-07,2.300E-03,9.787E-03,4.751E-01,1.742E+00,-2.113E-01,1.994E+00,2.134E+00,4.935E+00,2.047E-01,1.000E+00,1.000E+00,8.231E-02,3.438E+00,1.750E+00,-3.410E-01,4.373E+00,1.477E+00,4.935E+00,1.689E-01,1.000E+00,1.000E+00,2.173E-01,1.705E+00,1.727E+00,-2.898E-01,3.333E+00,1.730E+00,4.935E+00,1.843E-01,1.000E+00,1.000E+00,1.020E-01,3.431E+00,1.785E+00,-2.829E-01,2.579E+00,1.778E+00,4.935E+00,2.118E-01,1.000E+00,1.000E+00,5.615E-02,4.981E+00
3.000E+01,0.000E+00,0.000E+00,0.000E+00,2.257E-03,2.173E-03,0.000E+00,2.269E-03,3.162E-03,0.000E+00,0.000E+00,2.339E-03,9.940E-03,4.816E-01,1.740E+00,-2.104E-01,1.964E+00,2.167E+00,4.935E+00,2.092E-01,1.000E+00,1.000E+00,8.215E-02,3.443E+00,1.752E+00,-3.480E-01,4.464E+00,1.471E+00,4.935E+00,1.717E-01,1.000E+00,1.000E+00,2.168E-01,1.708E+00,1.732E+00,-2.996E-01,3.413E+00,1.709E+00,4.935E+00,1.883E-01,1.000E+00,1.000E+00,1.017E-01,3.439E+00,1.784E+00,-2.885E-01,2.596E+00,1.794E+00,4.935E+00,2.174E-01,1.000E+00,1.000E+00,5.612E-02,4.983E+00
3.100E+01,0.000E+00,0.000E+00,0.000E+00,2.415E-03,2.271E-03,0.000E+00,2.419E-03,3.345E-03,0.000E+00,1.221E-07,2.553E-03,1.076E-02,5.163E-01,1.726E+00,-2.486E-01,2.353E+00,2.105E+00,4.935E+00,2.231E-01,1.000E+00,1.000E+00,8.101E-02,3.483E+00,1.737E+00,-3.453E-01,4.366E+00,1.544E+00,4.935E+00,1.778E-01,1.000E+00,1.000E+00,2.155E-01,1.717E+00,1.726E+00,-3.083E-01,3.500E+00,1.736E+00,4.935E+00,1.957E-01,1.000E+00,1.000E+00,1.010E-01,3.461E+00,1.771E+00,-3.186E-01,2.970E+00,1.779E+00,4.935E+00,2.301E-01,1.000E+00,1.000E+00,5.554E-02,5.025E+00
3.200E+01,0.000E+00,0.000E+00,0.000E+00,2.495E-03,2.320E-03,0.000E+00,2.494E-03,3.436E-03,0.000E+00,1.831E-07,2.660E-03,1.117E-02,5.336E-01,1.722E+00,-2.677E-01,2.547E+00,2.074E+00,4.935E+00,2.300E-01,1.000E+00,1.000E+00,8.044E-02,3.503E+00,1.731E+00,-3.440E-01,4.317E+00,1.581E+00,4.935E+00,1.809E-01,1.000E+00,1.000E+00,2.149E-01,1.721E+00,1.723E+00,-3.127E-01,3.544E+00,1.750E+00,4.935E+00,1.995E-01,1.000E+00,1.000E+00,1.006E-01,3.471E+00,1.766E+00,-3.337E-01,3.157E+00,1.771E+00,4.935E+00,2.364E-01,1.000E+00,1.000E+00,5.525E-02,5.046E+00
3.300E+01,0.000E+00,0.000E+00,0.000E+00,2.574E-03,2.369E-03,0.000E+00,2.570E-03,3.527E-03,0.000E+00,2.441E-07,2.767E-03,1.158E-02,5.510E-01,1.720E+00,-2.868E-01,2.741E+00,2.043E+00,4.935E+00,2.370E-01,1.000E+00,1.000E+00,7.988E-02,3.523E+00,1.724E+00,-3.426E-01,4.268E+00,1.617E+00,4.935E+00,1.840E-01,1.000E+00,1.000E+00,2.143E-01,1.725E+00,1.720E+00,-3.171E-01,3.587E+00,1.764E+00,4.935E+00,2.032E-01,1.000E+00,1.000E+00,1.003E-01,3.482E+00,1.763E+00,-3.487E-01,3.343E+00,1.764E+00,4.935E+00,2.427E-01,1.000E+00,1.000E+00,5.496E-02,5.066E+00
3.400E+01,0.000E+00,0.000E+00,0.000E+00,2.653E-03,2.418E-03,0.000E+00,2.645E-03,3.619E-03,0.000E+00,3.052E-07,2.874E-03,1.199E-02,5.683E-01,1.720E+00,-3.059E-01,2.935E+00,2.013E+00,4.935E+00,2.439E-01,1.000E+00,1.000E+00,7.931E-02,3.542E+00,1.718E+00,-3.412E-01,4.219E+00,1.654E+00,4.935E+00,1.871E-01,1.000E+00,1.000E+00,2.137E-01,1.730E+00,1.717E+00,-3.214E-01,3.631E+00,1.778E+00,4.935E+00,2.069E-01,1.000E+00,1.000E+00,9.993E-02,3.492E+00,1.760E+00,-3.637E-01,3.530E+00,1.757E+00,4.935E+00,2.491E-01,1.000E+00,1.000E+00,5.467E-02,5.087E+00
3.500E+01,0.000E+00,0.000E+00,0.000E+00,2.733E-03,2.467E-03,0.000E+00,2.720E-03,3.710E-03,0.000E+00,3.662E-07,2.981E-03,1.240E-02,5.857E-01,1.721E+00,-3.250E-01,3.130E+00,1.982E+00,4.935E+00,2.509E-01,1.000E+00,1.000E+00,7.874E-02,3.562E+00,1.712E+00,-3.399E-01,4.170E+00,1.690E+00,4.935E+00,1.901E-01,1.000E+00,1.000E+00,2.131E-01,1.734E+00,1.714E+00,-3.258E-01,3.674E+00,1.791E+00,4.935E+00,2.107E-01,1.000E+00,1.000E+00,9.957E-02,3.503E+00,1.759E+00,-3.788E-01,3.717E+00,1.749E+00,4.935E+00,2.554E-01,1.000E+00,1.000E+00,5.438E-02,5.108E+00
3.600E+01,0.000E+00,0.000E+00,0.000E+00,2.812E-03,2.516E-03,0.000E+00,2.795E-03,3.801E-03,0.000E+00,4.272E-07,3.088E-03,1.281E-02,6.030E-01,1.724E+00,-3.441E-01,3.324E+00,1.951E+00,4.935E+00,2.578E-01,1.000E+00,1.000E+00,7.817E-02,3.582E+00,1.706E+00,-3.385E-01,4.121E+00,1.727E+00,4.935E+00,1.932E-01,1.000E+00,1.000E+00,2.124E-01,1.739E+00,1.711E+00,-3.301E-01,3.718E+00,1.805E+00,4.935E+00,2.144E-01,1.000E+00,1.000E+00,9.921E-02,3.514E+00,1.758E+00,-3.938E-01,3.904E+00,1.742E+00,4.935E+00,2.617E-01,1.000E+00,1.000E+00,5.409E-02,5.129E+00
3.700E+01,0.000E+00,0.000E+00,0.000E+00,2.891E-03,2.565E-03,0.000E+00,2.871E-03,3.893E-03,0.000E+00,4.883E-07,3.195E-03,1.322E-02,6.203E-01,1.727E+00,-3.632E-01,3.518E+00,1.920E+00,4.935E+00,2.648E-01,1.000E+00,1.000E+00,7.760E-02,3.602E+00,1.700E+00,-3.372E-01,4.071E+00,1.763E+00,4.935E+00,1.963E-01,1.000E+00,1.000E+00,2.118E-01,1.743E+00,1.709E+00,-3.345E-01,3.762E+00,1.819E+00,4.935E+00,2.182E-01,1.000E+00,1.000E+00,9.886E-02,3.524E+00,1.758E+00,-4.089E-01,4.090E+00,1.735E+00,4.935E+00,2.681E-01,1.000E+00,1.000E+00,5.380E-02,5.150E+00
3.800E+01,0.000E+00,0.000E+00,0.000E+00,2.970E-03,2.615E-03,0.000E+00,2.946E-03,3.984E-03,0.000E+00,5.493E-07,3.302E-03,1.363E-02,6.377E-01,1.732E+00,-3.823E-01,3.712E+00,1.889E+00,4.935E+00,2.717E-01,1.000E+00,1.000E+00,7.704E-02,3.622E+00,1.695E+00,-3.358E-01,4.022E+00,1.800E+00,4.935E+00,1.994E-01,1.000E+00,1.000E+00,2.112E-01,1.747E+00,1.706E+00,-3.389E-01,3.805E+00,1.833E+00,4.935E+00,2.219E-01,1.000E+00,1.000E+00,9.850E-02,3.535E+00,1.758E+00,-4.239E-01,4.277E+00,1.727E+00,4.935E+00,2.744E-01,1.000E+00,1.000E+00,5.351E-02,5.170E+00
3.900E+01,0.000E+00,0.000E+00,0.000E+00,3.050E-03,2.664E-03,0.000E+00,3.021E-03,4.075E-03,0.000E+00,6.104E-07,3.409E-03,1.404E-02,6.550E-01,1.738E+00,-4.014E-01,3.907E+00,1.858E+00,4.935E+00,2.786E-01,1.000E+00,1.000E+00,7.647E-02,3.642E+00,1.690E+00,-3.344E-01,3.973E+00,1.836E+00,4.935E+00,2.025E-01,1.000E+00,1.000E+00,2.106E-01,1.752E+00,1.703E+00,-3.432E-01,3.849E+00,1.846E+00,4.935E+00,2.256E-01,1.000E+00,1.000E+00,9.815E-02,3.546E+00,1.759E+00,-4.390E-01,4.464E+00,1.720E+00,4.935E+00,2.807E-01,1.000E+00,1.000E+00,5.322E-02,5.191E+00
4.000E+01,0.000E+00,0.000E+00,0.000E+00,3.129E-03,2.713E-03,0.000E+00,3.096E-03,4.167E-03,0.000E+00,6.714E-07,3.516E-03,1.445E-02,6.724E-01,1.745E+00,-4.205E-01,4.101E+00,1.827E+00,4.935E+00,2.856E-01,1.000E+00,1.000E+00,7.590E-02,3.661E+00,1.685E+00,-3.331E-01,3.924E+00,1.873E+00,4.935E+00,2.055E-01,1.000E+00,1.000E+00,2.100E-01,1.756E+00,1.701E+00,-3.476E-01,3.892E+00,1.860E+00,4.935E+00,2.294E-01,1.000E+00,1.000E+00,9.779E-02,3.556E+00,1.760E+00,-4.540E-01,4.651E+00,1.713E+00,4.935E+00,2.871E-01,1.000E+00,1.000E+00,5.293E-02,5.212E+00
4.100E+01,0.000E+00,0.000E+00,0.000E+00,3.208E-03,2.762E-03,0.000E+00,3.172E-03,4.258E-03,0.000E+00,7.324E-07,3.624E-03,1.486E-02,6.897E-01,1.752E+00,-4.396E-01,4.295E+00,1.796E+00,4.935E+00,2.925E-01,1.000E+00,1.000E+00,7.533E-02,3.681E+00,1.680E+00,-3.317E-01,3.875E+00,1.910E+00,4.935E+00,2.086E-01,1.000E+00,1.000E+00,2.093E-01,1.761E+00,1.698E+00,-3.520E-01,3.936E+00,1.874E+00,4.935E+00,2.331E-01,1.000E+00,1.000E+00,9.743E-02,3.567E+00,1.762E+00,-4.691E-01,4.837E+00,1.705E+00,4.935E+00,2.934E-01,1.000E+00,1.000E+00,5.264E-02,5.233E+00
4.200E+01,0.000E+00,0.000E+00,0.000E+00,3.288E-03,2.811E-03,0.000E+00,3.247E-03,4.349E-03,0.000E+00,7.935E-07,3.731E-03,1.527E-02,7.071E-01,1.760E+00,-4.587E-01,4.489E+00,1.765E+00,4.935E+00,2.995E-01,1.000E+00,1.000E+00,7.476E-02,3.701E+00,1.676E+00,-3.304E-01,3.826E+00,1.946E+00,4.935E+00,2.117E-01,1.000E+00,1.000E+00,2.087E-01,1.765E+00,1.695E+00,-3.563E-01,3.979E+00,1.888E+00,4.935E+00,2.368E-01,1.000E+00,1.000E+00,9.708E-02,3.577E+00,1.764E+00,-4.841E-01,5.024E+00,1.698E+00,4.935E+00,2.997E-01,1.000E+00,1.000E+00,5.235E-02,5.254E+00
4.300E+01,0.000E+00,0.000E+00,0.000E+00,3.367E-03,2.860E-03,0.000E+00,3.322E-03,4.440E-03,0.000E+00,8.545E-07,3.838E-03,1.568E-02,7.244E-01,1.769E+00,-4.778E-01,4.684E+00,1.734E+00,4.935E+00,3.064E-01,1.000E+00,1.000E+00,7.420E-02,3.721E+00,1.672E+00,-3.290E-01,3.777E+00,1.983E+00,4.935E+00,2.148E-01,1.000E+00,1.000E+00,2.081E-01,1.769E+00,1.693E+00,-3.607E-01,4.023E+00,1.902E+00,4.935E+00,2.406E-01,1.000E+00,1.000E+00,9.672E-02,3.588E+00,1.767E+00,-4.992E-01,5.211E+00,1.691E+00,4.935E+00,3.061E-01,1.000E+00,1.000E+00,5.206E-02,5.274E+00
4.400E+01,0.000E+00,0.000E+00,0.000E+00,3.446E-03,2.909E-03,0.000E+00,3.397E-03,4.532E-03,0.000E+00,9.155E-07,3.945E-03,1.609E-02,7.417E-01,1.778E+00,-4.969E-01,4.878E+00,1.703E+00,4.935E+00,3.134E-01,1.000E+00,1.000E+00,7.363E-02,3.741E+00,1.668E+00,-3.277E-01,3.727E+00,2.019E+00,4.935E+00,2.179E-01,1.000E+00,1.000E+00,2.075E-01,1.774E+00,1.690E+00,-3.651E-01,4.067E+00,1.915E+00,4.935E+00,2.443E-01,1.000E+00,1.000E+00,9.636E-02,3.599E+00,1.770E+00,-5.142E-01,5.398E+00,1.683E+00,4.935E+00,3.124E-01,1.000E+00,1.000E+00,5.177E-02,5.295E+00
4.500E+01,0.000E+00,0.000E+00,0.000E+00,3.525E-03,2.958E-03,0.000E+00,3.473E-03,4.623E-03,0.000E+00,9.766E-07,4.052E-03,1.650E-02,7.591E-01,1.788E+00,-5.160E-01,5.072E+00,1.672E+00,4.935E+00,3.203E-01,1.000E+00,1.000E+00,7.306E-02,3.760E+00,1.664E+00,-3.263E-01,3.678E+00,2.056E+00,4.935E+00,2.209E-01,1.000E+00,1.000E+00,2.069E-01,1.778E+00,1.688E+00,-3.694E-01,4.110E+00,1.929E+00,4.935E+00,2.480E-01,1.000E+00,1.000E+00,9.601E-02,3.609E+00,1.773E+00,-5.293E-01,5.584E+00,1.676E+00,4.935E+00,3.187E-01,1.000E+00,1.000E+00,5.148E-02,5.316E+00
4.600E+01,0.000E+00,0.000E+00,0.000E+00,3.723E-03,3.063E-03,0.000E+00,3.741E-03,5.062E-03,4.883E-07,1.953E-06,4.329E-03,1.753E-02,8.091E-01,1.764E+00,-5.495E-01,5.973E+00,1.699E+00,4.935E+00,3.243E-01,1.000E+00,1.000E+00,7.340E-02,3.747E+00,1.682E+00,-3.093E-01,3.278E+00,2.063E+00,4.935E+00,2.196E-01,1.000E+00,1.000E+00,2.128E-01,1.736E+00,1.680E+00,-3.688E-01,4.100E+00,1.971E+00,4.935E+00,2.499E-01,1.000E+00,1.000E+00,9.618E-02,3.604E+00,1.741E+00,-5.770E-01,7.040E+00,1.711E+00,4.935E+00,3.369E-01,1.000E+00,1.000E+00,5.146E-02,5.317E+00
4.700E+01,0.000E+00,0.000E+00,0.000E+00,3.822E-03,3.115E-03,0.000E+00,3.875E-03,5.281E-03,7.324E-07,2.441E-06,4.467E-03,1.805E-02,8.342E-01,1.754E+00,-5.662E-01,6.423E+00,1.713E+00,4.935E+00,3.263E-01,1.000E+00,1.000E+00,7.357E-02,3.741E+00,1.693E+00,-3.008E-01,3.078E+00,2.066E+00,4.935E+00,2.190E-01,1.000E+00,1.000E+00,2.158E-01,1.716E+00,1.676E+00,-3.684E-01,4.094E+00,1.992E+00,4.935E+00,2.508E-01,1.000E+00,1.000E+00,9.626E-02,3.601E+00,1.729E+00,-6.008E-01,7.768E+00,1.728E+00,4.935E+00,3.460E-01,1.000E+00,1.000E+00,5.145E-02,5.318E+00
4.800E+01,0.000E+00,0.000E+00,0.000E+00,3.921E-03,3.168E-03,0.000E+00,4.010E-03,5.501E-03,9.766E-07,2.930E-06,4.605E-03,1.856E-02,8.592E-01,1.746E+00,-5.829E-01,6.873E+00,1.726E+00,4.935E+00,3.282E-01,1.000E+00,1.000E+00,7.375E-02,3.734E+00,1.706E+00,-2.923E-01,2.878E+00,2.070E+00,4.935E+00,2.184E-01,1.000E+00,1.000E+00,2.187E-01,1.695E+00,1.672E+00,-3.681E-01,4.089E+00,2.013E+00,4.935E+00,2.517E-01,1.000E+00,1.000E+00,9.635E-02,3.599E+00,1.720E+00,-6.247E-01,8.496E+00,1.745E+00,4.935E+00,3.551E-01,1.000E+00,1.000E+00,5.144E-02,5.319E+00
4.900E+01,0.000E+00,0.000E+00,0.000E+00,4.227E-03,3.361E-03,0.000E+00,4.266E-03,5.674E-03,1.465E-06,3.418E-06,4.996E-03,1.971E-02,9.139E-01,1.728E+00,-5.841E-01,6.866E+00,1.806E+00,4.935E+00,3.467E-01,1.000E+00,1.000E+00,7.335E-02,3.749E+00,1.684E+00,-3.132E-01,3.281E+00,2.067E+00,4.935E+00,2.286E-01,1.000E+00,1.000E+00,2.133E-01,1.733E+00,1.674E+00,-3.698E-01,4.027E+00,2.032E+00,4.935E+00,2.540E-01,1.000E+00,1.000E+00,9.636E-02,3.598E+00,1.742E+00,-6.402E-01,8.751E+00,1.669E+00,4.935E+00,3.615E-01,1.000E+00,1.000E+00,5.108E-02,5.347E+00
5.000E+01,0.000E+00,0.000E+00,0.000E+00,4.380E-03,3.457E-03,0.000E+00,4.394E-03,5.761E-03,1.709E-06,3.662E-06,5.191E-03,2.028E-02,9.413E-01,1.719E+00,-5.848E-01,6.863E+00,1.846E+00,4.935E+00,3.559E-01,1.000E+00,1.000E+00,7.316E-02,3.757E+00,1.675E+00,-3.236E-01,3.482E+00,2.065E+00,4.935E+00,2.337E-01,1.000E+00,1.000E+00,2.106E-01,1.752E+00,1.675E+00,-3.706E-01,3.995E+00,2.041E+00,4.935E+00,2.551E-01,1.000E+00,1.000E+00,9.636E-02,3.598E+00,1.754E+00,-6.479E-01,8.879E+00,1.632E+00,4.935E+00,3.647E-01,1.000E+00,1.000E+00,5.090E-02,5.362E+00
5.100E+01,0.000E+00,0.000E+00,0.000E+00,4.533E-03,3.554E-03,0.000E+00,4.521E-03,5.848E-03,1.953E-06,3.906E-06,5.387E-03,2.085E-02,9.686E-01,1.711E+00,-5.854E-01,6.859E+00,1.885E+00,4.935E+00,3.652E-01,1.000E+00,1.000E+00,7.296E-02,3.764E+00,1.667E+00,-3.340E-01,3.684E+00,2.064E+00,4.935E+00,2.388E-01,1.000E+00,1.000E+00,2.079E-01,1.771E+00,1.676E+00,-3.714E-01,3.964E+00,2.050E+00,4.935E+00,2.562E-01,1.000E+00,1.000E+00,9.636E-02,3.598E+00,1.766E+00,-6.557E-01,9.006E+00,1.594E+00,4.935E+00,3.678E-01,1.000E+00,1.000E+00,5.071E-02,5.376E+00
5.200E+01,0.000E+00,0.000E+00,0.000E+00,4.740E-03,3.631E-03,0.000E+00,4.757E-03,6.176E-03,9.766E-07,4.883E-06,5.901E-03,2.219E-02,1.027E+00,1.699E+00,-6.092E-01,7.636E+00,1.892E+00,4.935E+00,3.796E-01,1.000E+00,1.000E+00,7.446E-02,3.708E+00,1.627E+00,-3.186E-01,3.426E+00,2.372E+00,4.935E+00,2.499E-01,1.000E+00,1.000E+00,2.089E-01,1.763E+00,1.666E+00,-3.915E-01,4.384E+00,2.035E+00,4.935E+00,2.597E-01,1.000E+00,1.000E+00,9.601E-02,3.609E+00,1.756E+00,-6.857E-01,1.051E+01,1.580E+00,4.935E+00,3.738E-01,1.000E+00,1.000E+00,5.081E-02,5.368E+00
5.300E+01,0.000E+00,0.000E+00,0.000E+00,4.843E-03,3.670E-03,0.000E+00,4.875E-03,6.340E-03,4.883E-07,5.371E-06,6.159E-03,2.286E-02,1.056E+00,1.694E+00,-6.211E-01,8.025E+00,1.896E+00,4.935E+00,3.868E-01,1.000E+00,1.000E+00,7.521E-02,3.681E+00,1.610E+00,-3.109E-01,3.297E+00,2.526E+00,4.935E+00,2.554E-01,1.000E+00,1.000E+00,2.094E-01,1.760E+00,1.662E+00,-4.015E-01,4.594E+00,2.028E+00,4.935E+00,2.614E-01,1.000E+00,1.000E+00,9.583E-02,3.615E+00,1.754E+00,-7.008E-01,1.126E+01,1.573E+00,4.935E+00,3.768E-01,1.000E+00,1.000E+00,5.086E-02,5.364E+00
5.400E+01,0.000E+00,0.000E+00,0.000E+00,4.946E-03,3.709E-03,0.000E+00,4.993E-03,6.504E-03,0.000E+00,5.859E-06,6.416E-03,2.353E-02,1.086E+00,1.690E+00,-6.330E-01,8.414E+00,1.900E+00,4.935E+00,3.940E-01,1.000E+00,1.000E+00,7.596E-02,3.653E+00,1.595E+00,-3.032E-01,3.169E+00,2.680E+00,4.935E+00,2.610E-01,1.000E+00,1.000E+00,2.099E-01,1.756E+00,1.658E+00,-4.115E-01,4.804E+00,2.021E+00,4.935E+00,2.632E-01,1.000E+00,1.000E+00,9.565E-02,3.621E+00,1.752E+00,-7.158E-01,1.201E+01,1.566E+00,4.935E+00,3.797E-01,1.000E+00,1.000E+00,5.091E-02,5.360E+00
5.500E+01,0.000E+00,0.000E+00,0.000E+00,5.289E-03,3.798E-03,0.000E+00,5.342E-03,6.878E-03,9.766E-07,5.371E-06,6.933E-03,2.531E-02,1.160E+00,1.680E+00,-5.944E-01,6.973E+00,2.036E+00,4.935E+00,3.937E-01,1.000E+00,1.000E+00,7.436E-02,3.712E+00,1.618E+00,-3.237E-01,3.456E+00,2.434E+00,4.935E+00,2.567E-01,1.000E+00,1.000E+00,2.018E-01,1.819E+00,1.646E+00,-4.146E-01,4.821E+00,2.094E+00,4.935E+00,2.722E-01,1.000E+00,1.000E+00,9.578E-02,3.616E+00,1.737E+00,-7.019E-01,1.100E+01,1.651E+00,4.935E+00,3.905E-01,1.000E+00,1.000E+00,4.976E-02,5.453E+00
5.600E+01,0.000E+00,0.000E+00,0.000E+00,5.460E-03,3.843E-03,0.000E+00,5.516E-03,7.065E-03,1.465E-06,5.127E-06,7.191E-03,2.620E-02,1.197E+00,1.680E+00,-5.751E-01,6.252E+00,2.105E+00,4.935E+00,3.936E-01,1.000E+00,1.000E+00,7.356E-02,3.742E+00,1.633E+00,-3.340E-01,3.599E+00,2.312E+00,4.935E+00,2.546E-01,1.000E+00,1.000E+00,1.977E-01,1.850E+00,1.640E+00,-4.161E-01,4.829E+00,2.130E+00,4.935E+00,2.767E-01,1.000E+00,1.000E+00,9.585E-02,3.614E+00,1.731E+00,-6.950E-01,1.050E+01,1.693E+00,4.935E+00,3.959E-01,1.000E+00,1.000E+00,4.919E-02,5.500E+00
5.700E+01,0.000E+00,0.000E+00,0.000E+00,5.632E-03,3.888E-03,0.000E+00,5.690E-03,7.252E-03,1.953E-06,4.883E-06,7.449E-03,2.709E-02,1.234E+00,1.684E+00,-5.558E-01,5.531E+00,2.173E+00,4.935E+00,3.935E-01,1.000E+00,1.000E+00,7.276E-02,3.772E+00,1.649E+00,-3.443E-01,3.743E+00,2.189E+00,4.935E+00,2.525E-01,1.000E+00,1.000E+00,1.936E-01,1.882E+00,1.634E+00,-4.176E-01,4.837E+00,2.167E+00,4.935E+00,2.812E-01,1.000E+00,1.000E+00,9.591E-02,3.612E+00,1.726E+00,-6.881E-01,1.000E+01,1.735E+00,4.935E+00,4.012E-01,1.000E+00,1.000E+00,4.862E-02,5.547E+00
5.800E+01,0.000E+00,0.000E+00,0.000E+00,6.056E-03,3.930E-03,0.000E+00,6.097E-03,7.775E-03,2.441E-06,3.906E-06,8.266E-03,2.897E-02,1.323E+00,1.641E+00,-6.080E-01,7.316E+00,2.220E+00,4.935E+00,4.104E-01,1.000E+00,1.000E+00,7.100E-02,3.843E+00,1.643E+00,-4.087E-01,5.183E+00,1.987E+00,4.935E+00,2.496E-01,1.000E+00,1.000E+00,1.982E-01,1.845E+00,1.627E+00,-4.573E-01,6.034E+00,2.045E+00,4.935E+00,2.798E-01,1.000E+00,1.000E+00,9.542E-02,3.628E+00,1.711E+00,-6.840E-01,9.565E+00,1.821E+00,4.935E+00,4.084E-01,1.000E+00,1.000E+00,4.802E-02,5.598E+00
5.900E+01,0.000E+00,0.000E+00,0.000E+00,6.268E-03,3.951E-03,0.000E+00,6.301E-03,8.036E-03,2.686E-06,3.418E-06,8.675E-03,2.991E-02,1.367E+00,1.626E+00,-6.342E-01,8.209E+00,2.243E+00,4.935E+00,4.188E-01,1.000E+00,1.000E+00,7.012E-02,3.878E+00,1.652E+00,-4.410E-01,5.903E+00,1.886E+00,4.935E+00,2.482E-01,1.000E+00,1.000E+00,2.005E-01,1.827E+00,1.628E+00,-4.772E-01,6.632E+00,1.984E+00,4.935E+00,2.792E-01,1.000E+00,1.000E+00,9.518E-02,3.636E+00,1.705E+00,-6.820E-01,9.346E+00,1.863E+00,4.935E+00,4.120E-01,1.000E+00,1.000E+00,4.772E-02,5.624E+00
6.000E+01,0.000E+00,0.000E+00,0.000E+00,6.480E-03,3.972E-03,0.000E+00,6.504E-03,8.298E-03,2.930E-06,2.930E-06,9.083E-03,3.085E-02,1.412E+00,1.614E+00,-6.603E-01,9.101E+00,2.266E+00,4.935E+00,4.272E-01,1.000E+00,1.000E+00,6.924E-02,3.914E+00,1.668E+00,-4.732E-01,6.623E+00,1.785E+00,4.935E+00,2.467E-01,1.000E+00,1.000E+00,2.027E-01,1.809E+00,1.633E+00,-4.971E-01,7.230E+00,1.924E+00,4.935E+00,2.785E-01,1.000E+00,1.000E+00,9.493E-02,3.643E+00,1.698E+00,-6.799E-01,9.127E+00,1.906E+00,4.935E+00,4.156E-01,1.000E+00,1.000E+00,4.742E-02,5.650E+00
6.100E+01,0.000E+00,0.000E+00,0.000E+00,6.981E-03,4.263E-03,0.000E+00,7.004E-03,8.913E-03,2.441E-06,6.836E-06,9.799E-03,3.328E-02,1.521E+00,1.597E+00,-6.488E-01,9.271E+00,2.305E+00,4.935E+00,4.233E-01,1.000E+00,1.000E+00,6.878E-02,3.933E+00,1.648E+00,-5.264E-01,9.039E+00,1.710E+00,4.935E+00,2.555E-01,1.000E+00,1.000E+00,1.993E-01,1.837E+00,1.625E+00,-5.098E-01,7.746E+00,1.926E+00,4.935E+00,2.833E-01,1.000E+00,1.000E+00,9.371E-02,3.683E+00,1.670E+00,-6.748E-01,8.965E+00,2.040E+00,4.935E+00,4.311E-01,1.000E+00,1.000E+00,4.605E-02,5.776E+00
6.200E+01,0.000E+00,0.000E+00,0.000E+00,7.231E-03,4.408E-03,0.000E+00,7.255E-03,9.221E-03,2.197E-06,8.789E-06,1.016E-02,3.450E-02,1.576E+00,1.588E+00,-6.430E-01,9.356E+00,2.325E+00,4.935E+00,4.214E-01,1.000E+00,1.000E+00,6.855E-02,3.943E+00,1.648E+00,-5.529E-01,1.025E+01,1.673E+00,4.935E+00,2.599E-01,1.000E+00,1.000E+00,1.975E-01,1.850E+00,1.621E+00,-5.161E-01,8.003E+00,1.927E+00,4.935E+00,2.857E-01,1.000E+00,1.000E+00,9.309E-02,3.704E+00,1.656E+00,-6.722E-01,8.884E+00,2.107E+00,4.935E+00,4.389E-01,1.000E+00,1.000E+00,4.537E-02,5.839E+00
6.300E+01,0.000E+00,0.000E+00,0.000E+00,7.481E-03,4.554E-03,0.000E+00,7.505E-03,9.528E-03,1.953E-06,1.074E-05,1.052E-02,3.571E-02,1.631E+00,1.579E+00,-6.372E-01,9.441E+00,2.345E+00,4.935E+00,4.194E-01,1.000E+00,1.000E+00,6.831E-02,3.953E+00,1.651E+00,-5.795E-01,1.146E+01,1.636E+00,4.935E+00,2.643E-01,1.000E+00,1.000E+00,1.958E-01,1.864E+00,1.618E+00,-5.224E-01,8.261E+00,1.928E+00,4.935E+00,2.881E-01,1.000E+00,1.000E+00,9.248E-02,3.724E+00,1.643E+00,-6.696E-01,8.803E+00,2.174E+00,4.935E+00,4.467E-01,1.000E+00,1.000E+00,4.468E-02,5.902E+00
6.400E+01,0.000E+00,0.000E+00,0.000E+00,8.240E-03,4.501E-03,0.000E+00,8.114E-03,1.025E-02,3.418E-06,1.367E-05,1.174E-02,3.873E-02,1.766E+00,1.546E+00,-7.231E-01,1.689E+01,2.160E+00,4.935E+00,4.354E-01,1.000E+00,1.000E+00,7.031E-02,3.871E+00,1.634E+00,-6.032E-01,1.329E+01,1.645E+00,4.935E+00,2.709E-01,1.000E+00,1.000E+00,2.005E-01,1.827E+00,1.605E+00,-5.571E-01,1.016E+01,1.875E+00,4.935E+00,2.909E-01,1.000E+00,1.000E+00,9.421E-02,3.668E+00,1.615E+00,-6.915E-01,1.033E+01,2.214E+00,4.935E+00,4.556E-01,1.000E+00,1.000E+00,4.496E-02,5.875E+00
6.500E+01,0.000E+00,0.000E+00,0.000E+00,8.620E-03,4.475E-03,0.000E+00,8.419E-03,1.061E-02,4.150E-06,1.514E-05,1.235E-02,4.023E-02,1.833E+00,1.555E+00,-7.661E-01,2.062E+01,2.068E+00,4.935E+00,4.434E-01,1.000E+00,1.000E+00,7.131E-02,3.831E+00,1.627E+00,-6.150E-01,1.421E+01,1.649E+00,4.935E+00,2.741E-01,1.000E+00,1.000E+00,2.029E-01,1.808E+00,1.603E+00,-5.744E-01,1.111E+01,1.849E+00,4.935E+00,2.924E-01,1.000E+00,1.000E+00,9.507E-02,3.640E+00,1.602E+00,-7.024E-01,1.109E+01,2.235E+00,4.935E+00,4.601E-01,1.000E+00,1.000E+00,4.510E-02,5.862E+00
6.600E+01,0.000E+00,0.000E+00,0.000E+00,8.999E-03,4.449E-03,0.000E+00,8.724E-03,1.097E-02,4.883E-06,1.660E-05,1.297E-02,4.174E-02,1.901E+00,1.572E+00,-8.090E-01,2.434E+01,1.976E+00,4.935E+00,4.514E-01,1.000E+00,1.000E+00,7.230E-02,3.790E+00,1.621E+00,-6.268E-01,1.513E+01,1.654E+00,4.935E+00,2.774E-01,1.000E+00,1.000E+00,2.053E-01,1.790E+00,1.603E+00,-5.917E-01,1.206E+01,1.822E+00,4.935E+00,2.938E-01,1.000E+00,1.000E+00,9.593E-02,3.612E+00,1.591E+00,-7.133E-01,1.186E+01,2.255E+00,4.935E+00,4.646E-01,1.000E+00,1.000E+00,4.524E-02,5.848E+00
6.700E+01,0.000E+00,0.000E+00,0.000E+00,9.546E-03,4.712E-03,0.000E+00,9.480E-03,1.157E-02,6.348E-06,1.758E-05,1.425E-02,4.558E-02,2.059E+00,1.511E+00,-8.084E-01,2.594E+01,2.204E+00,4.873E+00,4.662E-01,1.066E+00,1.000E+00,7.059E-02,3.859E+00,1.573E+00,-6.251E-01,1.710E+01,1.744E+00,4.904E+00,2.843E-01,1.033E+00,1.000E+00,2.035E-01,1.804E+00,1.578E+00,-6.083E-01,1.400E+01,1.844E+00,4.922E+00,3.004E-01,1.014E+00,1.000E+00,9.539E-02,3.629E+00,1.562E+00,-7.443E-01,1.507E+01,2.255E+00,4.907E+00,4.751E-01,1.030E+00,1.000E+00,4.547E-02,5.827E+00
6.800E+01,0.000E+00,0.000E+00,0.000E+00,9.820E-03,4.844E-03,0.000E+00,9.858E-03,1.187E-02,7.080E-06,1.807E-05,1.489E-02,4.750E-02,2.138E+00,1.483E+00,-8.081E-01,2.675E+01,2.318E+00,4.844E+00,4.736E-01,1.100E+00,1.000E+00,6.973E-02,3.894E+00,1.550E+00,-6.243E-01,1.809E+01,1.790E+00,4.889E+00,2.877E-01,1.049E+00,1.000E+00,2.026E-01,1.811E+00,1.567E+00,-6.167E-01,1.497E+01,1.855E+00,4.915E+00,3.037E-01,1.021E+00,1.000E+00,9.512E-02,3.638E+00,1.551E+00,-7.598E-01,1.667E+01,2.256E+00,4.893E+00,4.804E-01,1.045E+00,1.000E+00,4.558E-02,5.817E+00
6.900E+01,0.000E+00,0.000E+00,0.000E+00,1.009E-02,4.976E-03,0.000E+00,1.024E-02,1.217E-02,7.813E-06,1.855E-05,1.553E-02,4.942E-02,2.217E+00,1.457E+00,-8.078E-01,2.755E+01,2.432E+00,4.815E+00,4.810E-01,1.133E+00,1.000E+00,6.888E-02,3.929E+00,1.529E+00,-6.235E-01,1.908E+01,1.835E+00,4.874E+00,2.911E-01,1.065E+00,1.000E+00,2.017E-01,1.817E+00,1.558E+00,-6.250E-01,1.594E+01,1.866E+00,4.908E+00,3.070E-01,1.028E+00,1.000E+00,9.484E-02,3.646E+00,1.543E+00,-7.753E-01,1.827E+01,2.256E+00,4.879E+00,4.857E-01,1.060E+00,1.000E+00,4.569E-02,5.806E+00
7.000E+01,0.000E+00,0.000E+00,0.000E+00,1.094E-02,4.961E-03,0.000E+00,1.108E-02,1.328E-02,6.836E-06,2.051E-05,1.723E-02,5.363E-02,2.404E+00,1.423E+00,-8.023E-01,2.834E+01,2.579E+00,4.782E+00,4.791E-01,1.172E+00,1.000E+00,6.903E-02,3.922E+00,1.489E+00,-6.068E-01,1.777E+01,2.024E+00,4.834E+00,3.023E-01,1.110E+00,1.000E+00,2.017E-01,1.817E+00,1.512E+00,-6.071E-01,1.521E+01,2.064E+00,4.848E+00,3.122E-01,1.095E+00,1.000E+00,9.378E-02,3.681E+00,1.493E+00,-7.977E-01,2.240E+01,2.395E+00,4.842E+00,4.927E-01,1.102E+00,1.000E+00,4.511E-02,5.862E+00
7.100E+01,0.000E+00,0.000E+00,0.000E+00,1.136E-02,4.954E-03,0.000E+00,1.150E-02,1.383E-02,6.348E-06,2.148E-05,1.809E-02,5.574E-02,2.497E+00,1.407E+00,-7.996E-01,2.874E+01,2.653E+00,4.766E+00,4.781E-01,1.192E+00,1.000E+00,6.911E-02,3.919E+00,1.472E+00,-5.984E-01,1.712E+01,2.119E+00,4.815E+00,3.079E-01,1.133E+00,1.000E+00,2.018E-01,1.817E+00,1.492E+00,-5.982E-01,1.485E+01,2.163E+00,4.818E+00,3.148E-01,1.129E+00,1.000E+00,9.325E-02,3.698E+00,1.472E+00,-8.088E-01,2.446E+01,2.464E+00,4.823E+00,4.962E-01,1.123E+00,1.000E+00,4.482E-02,5.889E+00
7.200E+01,0.000E+00,0.000E+00,0.000E+00,1.179E-02,4.947E-03,0.000E+00,1.192E-02,1.438E-02,5.859E-06,2.246E-05,1.894E-02,5.785E-02,2.591E+00,1.391E+00,-7.968E-01,2.914E+01,2.727E+00,4.750E+00,4.771E-01,1.211E+00,1.000E+00,6.918E-02,3.916E+00,1.456E+00,-5.901E-01,1.646E+01,2.213E+00,4.796E+00,3.135E-01,1.156E+00,1.000E+00,2.018E-01,1.816E+00,1.473E+00,-5.893E-01,1.449E+01,2.262E+00,4.790E+00,3.173E-01,1.162E+00,1.000E+00,9.272E-02,3.716E+00,1.452E+00,-8.200E-01,2.652E+01,2.534E+00,4.805E+00,4.997E-01,1.144E+00,1.000E+00,4.453E-02,5.917E+00
7.300E+01,0.000E+00,0.000E+00,0.000E+00,1.266E-02,5.154E-03,0.000E+00,1.272E-02,1.523E-02,9.277E-06,2.393E-05,2.027E-02,6.122E-02,2.755E+00,1.368E+00,-7.808E-01,2.736E+01,2.890E+00,4.666E+00,4.962E-01,1.319E+00,1.000E+00,6.871E-02,3.936E+00,1.424E+00,-5.799E-01,1.610E+01,2.382E+00,4.768E+00,3.198E-01,1.189E+00,1.000E+00,1.991E-01,1.838E+00,1.447E+00,-5.883E-01,1.498E+01,2.363E+00,4.765E+00,3.281E-01,1.192E+00,1.000E+00,9.243E-02,3.725E+00,1.434E+00,-8.000E-01,2.461E+01,2.650E+00,4.746E+00,5.019E-01,1.216E+00,1.000E+00,4.397E-02,5.973E+00
7.400E+01,0.000E+00,0.000E+00,0.000E+00,1.353E-02,5.360E-03,0.000E+00,1.353E-02,1.608E-02,1.270E-05,2.539E-05,2.161E-02,6.459E-02,2.920E+00,1.347E+00,-7.648E-01,2.558E+01,3.052E+00,4.589E+00,5.153E-01,1.426E+00,1.000E+00,6.823E-02,3.957E+00,1.395E+00,-5.698E-01,1.573E+01,2.550E+00,4.741E+00,3.261E-01,1.222E+00,1.000E+00,1.965E-01,1.859E+00,1.423E+00,-5.873E-01,1.548E+01,2.464E+00,4.741E+00,3.389E-01,1.222E+00,1.000E+00,9.214E-02,3.735E+00,1.418E+00,-7.799E-01,2.270E+01,2.766E+00,4.690E+00,5.041E-01,1.288E+00,1.000E+00,4.341E-02,6.028E+00
7.500E+01,0.000E+00,0.000E+00,0.000E+00,1.437E-02,5.491E-03,0.000E+00,1.438E-02,1.697E-02,1.025E-05,2.002E-05,2.315E-02,6.892E-02,3.105E+00,1.305E+00,-7.527E-01,2.392E+01,3.426E+00,4.492E+00,5.278E-01,1.572E+00,1.000E+00,6.886E-02,3.930E+00,1.355E+00,-5.559E-01,1.522E+01,2.809E+00,4.663E+00,3.348E-01,1.324E+00,1.000E+00,2.033E-01,1.806E+00,1.394E+00,-5.729E-01,1.478E+01,2.649E+00,4.696E+00,3.461E-01,1.280E+00,1.000E+00,9.222E-02,3.732E+00,1.362E+00,-7.710E-01,2.317E+01,3.098E+00,4.601E+00,5.204E-01,1.410E+00,1.000E+00,4.186E-02,6.194E+00
7.600E+01,0.000E+00,0.000E+00,0.000E+00,1.522E-02,5.621E-03,0.000E+00,1.524E-02,1.787E-02,7.813E-06,1.465E-05,2.470E-02,7.325E-02,3.291E+00,1.271E+00,-7.407E-01,2.226E+01,3.799E+00,4.404E+00,5.402E-01,1.719E+00,1.000E+00,6.949E-02,3.903E+00,1.320E+00,-5.420E-01,1.470E+01,3.068E+00,4.590E+00,3.435E-01,1.426E+00,1.000E+00,2.102E-01,1.754E+00,1.369E+00,-5.585E-01,1.407E+01,2.835E+00,4.652E+00,3.533E-01,1.338E+00,1.000E+00,9.230E-02,3.730E+00,1.312E+00,-7.621E-01,2.364E+01,3.430E+00,4.519E+00,5.368E-01,1.531E+00,1.000E+00,4.032E-02,6.360E+00
7.700E+01,0.000E+00,0.000E+00,0.000E+00,1.595E-02,5.258E-03,0.000E+00,1.599E-02,1.854E-02,8.301E-06,2.148E-05,2.659E-02,7.725E-02,3.457E+00,1.249E+00,-7.316E-01,2.233E+01,3.968E+00,4.366E+00,5.406E-01,1.785E+00,1.000E+00,6.923E-02,3.914E+00,1.283E+00,-5.158E-01,1.384E+01,3.360E+00,4.488E+00,3.466E-01,1.579E+00,1.000E+00,2.039E-01,1.801E+00,1.337E+00,-5.434E-01,1.346E+01,3.086E+00,4.607E+00,3.555E-01,1.401E+00,1.000E+00,9.084E-02,3.780E+00,1.284E+00,-7.559E-01,2.340E+01,3.666E+00,4.484E+00,5.401E-01,1.585E+00,1.000E+00,4.125E-02,6.258E+00
7.800E+01,0.000E+00,0.000E+00,0.000E+00,1.667E-02,4.895E-03,0.000E+00,1.675E-02,1.921E-02,8.789E-06,2.832E-05,2.849E-02,8.126E-02,3.623E+00,1.228E+00,-7.226E-01,2.240E+01,4.136E+00,4.329E+00,5.409E-01,1.852E+00,1.000E+00,6.898E-02,3.925E+00,1.251E+00,-4.896E-01,1.298E+01,3.651E+00,4.396E+00,3.498E-01,1.732E+00,1.000E+00,1.976E-01,1.849E+00,1.309E+00,-5.282E-01,1.284E+01,3.337E+00,4.563E+00,3.578E-01,1.464E+00,1.000E+00,8.938E-02,3.831E+00,1.258E+00,-7.498E-01,2.316E+01,3.902E+00,4.451E+00,5.434E-01,1.640E+00,1.000E+00,4.218E-02,6.155E+00
7.900E+01,0.000E+00,0.000E+00,0.000E+00,1.741E-02,4.863E-03,0.000E+00,1.752E-02,1.993E-02,9.766E-06,2.246E-05,3.008E-02,8.482E-02,3.783E+00,1.173E+00,-7.213E-01,2.382E+01,4.659E+00,4.250E+00,5.464E-01,2.006E+00,1.000E+00,6.484E-02,4.118E+00,1.212E+00,-4.642E-01,1.193E+01,4.139E+00,4.294E+00,3.558E-01,1.919E+00,1.000E+00,2.054E-01,1.791E+00,1.279E+00,-5.197E-01,1.259E+01,3.620E+00,4.478E+00,3.724E-01,1.596E+00,1.000E+00,8.824E-02,3.872E+00,1.219E+00,-7.393E-01,2.258E+01,4.321E+00,4.370E+00,5.541E-01,1.778E+00,1.000E+00,4.087E-02,6.301E+00
8.000E+01,0.000E+00,0.000E+00,0.000E+00,1.816E-02,4.831E-03,0.000E+00,1.829E-02,2.065E-02,1.074E-05,1.660E-05,3.167E-02,8.838E-02,3.944E+00,1.125E+00,-7.200E-01,2.524E+01,5.181E+00,4.176E+00,5.518E-01,2.159E+00,1.000E+00,6.070E-02,4.311E+00,1.181E+00,-4.388E-01,1.087E+01,4.627E+00,4.201E+00,3.618E-01,2.105E+00,1.000E+00,2.131E-01,1.733E+00,1.252E+00,-5.112E-01,1.234E+01,3.903E+00,4.399E+00,3.869E-01,1.727E+00,1.000E+00,8.709E-02,3.914E+00,1.185E+00,-7.288E-01,2.200E+01,4.740E+00,4.296E+00,5.649E-01,1.916E+00,1.000E+00,3.957E-02,6.447E+00
8.100E+01,0.000E+00,0.000E+00,0.000E+00,1.846E-02,4.164E-03,0.000E+00,1.852E-02,2.060E-02,1.074E-05,1.904E-05,3.295E-02,9.014E-02,4.005E+00,1.095E+00,-6.948E-01,2.195E+01,5.883E+00,4.074E+00,5.645E-01,2.392E+00,1.000E+00,5.933E-02,4.385E+00,1.127E+00,-4.332E-01,1.106E+01,5.387E+00,4.101E+00,3.645E-01,2.327E+00,1.000E+00,2.020E-01,1.819E+00,1.207E+00,-5.014E-01,1.200E+01,4.457E+00,4.304E+00,4.007E-01,1.900E+00,1.000E+00,8.560E-02,3.971E+00,1.141E+00,-7.188E-01,2.114E+01,5.408E+00,4.164E+00,5.808E-01,2.186E+00,1.000E+00,3.780E-02,6.670E+00
8.200E+01,0.000E+00,0.000E+00,0.000E+00,1.875E-02,3.496E-03,0.000E+00,1.875E-02,2.055E-02,1.074E-05,2.148E-05,3.424E-02,9.190E-02,4.067E+00,1.077E+00,-6.696E-01,1.866E+01,6.584E+00,3.982E+00,5.772E-01,2.624E+00,1.000E+00,5.796E-02,4.459E+00,1.082E+00,-4.276E-01,1.125E+01,6.146E+00,4.011E+00,3.672E-01,2.549E+00,1.000E+00,1.908E-01,1.905E+00,1.170E+00,-4.916E-01,1.167E+01,5.011E+00,4.216E+00,4.144E-01,2.074E+00,1.000E+00,8.411E-02,4.028E+00,1.105E+00,-7.088E-01,2.028E+01,6.075E+00,4.047E+00,5.966E-01,2.456E+00,1.000E+00,3.604E-02,6.893E+00
8.300E+01,0.000E+00,0.000E+00,0.000E+00,1.773E-02,2.605E-03,0.000E+00,1.772E-02,1.916E-02,1.025E-05,2.246E-05,3.296E-02,8.707E-02,3.840E+00,1.020E+00,-6.687E-01,1.852E+01,7.999E+00,3.827E+00,5.906E-01,3.070E+00,1.000E+00,5.451E-02,4.672E+00,1.027E+00,-4.075E-01,1.081E+01,7.470E+00,3.812E+00,3.793E-01,3.116E+00,1.000E+00,1.832E-01,1.975E+00,1.126E+00,-4.803E-01,1.130E+01,5.804E+00,4.087E+00,4.258E-01,2.361E+00,1.000E+00,8.149E-02,4.138E+00,1.071E+00,-7.030E-01,1.944E+01,6.877E+00,3.962E+00,6.052E-01,2.677E+00,1.000E+00,3.340E-02,7.299E+00
8.400E+01,0.000E+00,0.000E+00,0.000E+00,1.671E-02,1.714E-03,0.000E+00,1.669E-02,1.777E-02,9.766E-06,2.344E-05,3.169E-02,8.224E-02,3.613E+00,9.762E-01,-6.677E-01,1.838E+01,9.413E+00,3.694E+00,6.040E-01,3.516E+00,1.000E+00,5.106E-02,4.884E+00,9.854E-01,-3.874E-01,1.037E+01,8.794E+00,3.649E+00,3.913E-01,3.684E+00,1.000E+00,1.756E-01,2.045E+00,1.090E+00,-4.690E-01,1.093E+01,6.597E+00,3.972E+00,4.371E-01,2.649E+00,1.000E+00,7.887E-02,4.247E+00,1.044E+00,-6.972E-01,1.859E+01,7.679E+00,3.884E+00,6.138E-01,2.898E+00,1.000E+00,3.077E-02,7.704E+00
8.500E+01,0.000E+00,0.000E+00,0.000E+00,1.257E-02,9.282E-04,0.000E+00,1.257E-02,1.322E-02,8.301E-06,1.758E-05,2.430E-02,6.230E-02,2.726E+00,1.002E+00,-6.581E-01,1.580E+01,9.403E+00,3.748E+00,6.090E-01,3.326E+00,1.000E+00,4.533E-02,5.359E+00,9.729E-01,-3.643E-01,8.988E+00,1.017E+01,3.641E+00,3.911E-01,3.714E+00,1.000E+00,1.711E-01,2.092E+00,1.069E+00,-4.493E-01,9.714E+00,7.576E+00,3.887E+00,4.415E-01,2.887E+00,1.000E+00,7.592E-02,4.387E+00,1.031E+00,-6.841E-01,1.637E+01,8.573E+00,3.836E+00,6.246E-01,3.041E+00,1.000E+00,2.717E-02,8.472E+00
8.600E+01,0.000E+00,0.000E+00,0.000E+00,8.438E-03,1.426E-04,0.000E+00,8.458E-03,8.661E-03,6.836E-06,1.172E-05,1.692E-02,4.236E-02,1.839E+00,1.035E+00,-6.485E-01,1.322E+01,9.393E+00,3.806E+00,6.140E-01,3.137E+00,1.000E+00,3.961E-02,5.834E+00,9.741E-01,-3.411E-01,7.603E+00,1.154E+01,3.633E+00,3.909E-01,3.744E+00,1.000E+00,1.665E-01,2.139E+00,1.060E+00,-4.297E-01,8.494E+00,8.555E+00,3.810E+00,4.460E-01,3.125E+00,1.000E+00,7.298E-02,4.526E+00,1.027E+00,-6.709E-01,1.416E+01,9.466E+00,3.791E+00,6.353E-01,3.183E+00,1.000E+00,2.357E-02,9.241E+00
8.700E+01,0.000E+00,0.000E+00,0.000E+00,4.288E-03,7.129E-05,0.000E+00,4.299E-03,4.421E-03,4.688E-05,4.248E-05,8.584E-03,2.158E-02,9.368E-01,8.797E-01,-6.551E-01,1.180E+01,2.101E+01,3.617E+00,6.929E-01,3.808E+00,1.000E+00,3.312E-02,6.719E+00,1.035E+00,-5.064E-01,1.011E+01,9.305E+00,3.819E+00,5.087E-01,3.095E+00,1.000E+00,1.235E-01,3.011E+00,1.111E+00,-5.005E-01,8.223E+00,8.278E+00,3.850E+00,5.262E-01,2.998E+00,1.000E+00,6.742E-02,4.850E+00,9.886E-01,-7.223E-01,1.425E+01,1.175E+01,3.637E+00,7.103E-01,3.729E+00,1.000E+00,1.957E-02,1.066E+01
8.800E+01,0.000E+00,0.000E+00,0.000E+00,1.387E-04,0.000E+00,0.000E+00,1.406E-04,1.816E-04,8.691E-05,7.324E-05,2.510E-04,7.959E-04,3.428E-02,8.338E-01,-6.618E-01,1.039E+01,3.263E+01,3.462E+00,7.717E-01,4.479E+00,1.000E+00,2.662E-02,7.605E+00,1.135E+00,-6.716E-01,1.261E+01,7.068E+00,4.052E+00,6.264E-01,2.446E+00,1.000E+00,8.058E-02,3.882E+00,1.159E+00,-5.713E-01,7.951E+00,8.000E+00,3.893E+00,6.064E-01,2.871E+00,1.000E+00,6.186E-02,5.174E+00,9.590E-01,-7.736E-01,1.435E+01,1.404E+01,3.506E+00,7.854E-01,4.275E+00,1.000E+00,1.557E-02,1.208E+01
8.900E+01,0.000E+00,0.000E+00,0.000E+00,0.000E+00,0.000E+00,0.000E+00,1.953E-06,2.930E-06,2.930E-06,1.953E-06,2.930E-06,6.836E-06,9.172E-05,3.142E+00,0.000E+00,0.000E+00,0.000E+00,9.870E+00,0.000E+00,0.000E+00,0.000E+00,0.000E+00,0.000E+00,3.142E+00,0.000E+00,0.000E+00,0.000E+00,9.870E+00,0.000E+00,0.000E+00,0.000E+00,0.000E+00,0.000E+00,3.142E+00,0.000E+00,0.000E+00,0.000E+00,9.870E+00,0.000E+00,0.000E+00,0.000E+00,0.000E+00,0.000E+00,3.142E+00,0.000E+00,0.000E+00,0.000E+00,9.870E+00,0.000E+00,0.000E+00,0.000E+00,0.000E+00,0.000E+00
