alpha,H,He,Fe,Cr,S,Fe_1,S_1,Cr_2,S_2,amu/ion,thetaK_Cr,thetaTilt_Cr,thetaM_Cr,thetaN_Cr,3dK_Cr,3dTilt_Cr,3dM_Cr,3dN_Cr,energyK_Cr,energyE_Cr,thetaK_Fe,thetaTilt_Fe,thetaM_Fe,thetaN_Fe,3dK_Fe,3dTilt_Fe,3dM_Fe,3dN_Fe,energyK_Fe,energyE_Fe,thetaK_S,thetaTilt_S,thetaM_S,thetaN_S,3dK_S,3dTilt_S,3dM_S,3dN_S,energyK_S,energyE_S
0.0,0.0,0.0,0.0025576171874999,0.0,0.0,1.953125e-06,2.9296875e-06,0.0055205078125,0.0109208984375,0.7799258305607382,1.8214255595936928,-0.019442092952635756,1.4778773994446979,1.2917199865566467,8.283185307179584,0.002052699472649406,1.0,1.0,0.04820572049601368,4.715267351862456,1.7808353173347626,-0.016156487455458477,1.5220288757338638,1.4100521327740028,8.283185307179584,0.00812851447656879,1.0,1.0,0.06692253858782198,3.675709860096933,1.6914376847210515,-0.018974880434925154,1.720551339625626,1.6747066227074785,8.283185307179584,0.0005906365956651196,1.0,1.0,0.12529824435735654,2.5896416428896307
1.0,0.0,0.0,0.0025787353515624124,0.0,0.0,1.708984375e-06,3.2958984375000004e-06,0.005557983398437499,0.010974487304687499,0.7847699625206451,1.8105862858564177,-0.02380886989242484,1.4989361464677073,1.3386434718143219,8.283185307179584,0.00724454790096936,1.0,1.0,0.04840189534188617,4.7024945057679055,1.7857300979693265,-0.023525678969727654,1.5484210393004127,1.4005418213945084,8.283185307179584,0.010987242776424135,1.0,1.0,0.06690305140665989,3.6764691689378237,1.6911115175372335,-0.023703116346500602,1.7390508753724396,1.68527071835367,8.283185307179584,0.005448664424583159,1.0,1.0,0.12510811217142723,2.5928515552543
2.0,0.0,0.0,0.0025998535156249248,0.0,0.0,1.46484375e-06,3.6621093750000003e-06,0.005595458984374999,0.011028076171875,0.7896140944805521,1.8001022081932474,-0.028175646832213925,1.519994893490717,1.385566957071997,8.283185307179584,0.012436396329289315,1.0,1.0,0.048598070187758656,4.689721659673354,1.790665776621364,-0.030894870483996834,1.5748132028669617,1.3910315100150141,8.283185307179584,0.013845971076279481,1.0,1.0,0.06688356422549782,3.677228477778714,1.6907953267591058,-0.028431352258076047,1.7575504111192535,1.6958348139998614,8.283185307179584,0.010306692253501198,1.0,1.0,0.12491797998549792,2.596061467618969
3.0,0.0,0.0,0.002620971679687437,0.0,0.0,1.220703125e-06,4.0283203125e-06,0.0056329345703124995,0.0110816650390625,0.794458226440459,1.7899547238028704,-0.03254242377200301,1.5410536405137267,1.4324904423296725,8.283185307179584,0.017628244757609268,1.0,1.0,0.04879424503363114,4.676948813578802,1.795641529012637,-0.038264061998266014,1.6012053664335106,1.3815211986355198,8.283185307179584,0.016704699376134828,1.0,1.0,0.06686407704433574,3.6779877866196045,1.6904883917574849,-0.03315958816965149,1.7760499468660673,1.7063989096460528,8.283185307179584,0.015164720082419238,1.0,1.0,0.12472784779956861,2.599271379983638
4.0,0.0,0.0,0.0026315307617186933,0.0,0.0,1.0986328125000001e-06,4.21142578125e-06,0.00565167236328125,0.01110845947265625,0.7968802924204126,1.7850017715936268,-0.03472581224189755,1.5515830140252316,1.4559521849585102,8.283185307179584,0.020224168971769246,1.0,1.0,0.048892332456567385,4.6705623905315266,1.7981443501154561,-0.041948657755400603,1.614401448216785,1.3767660429457727,8.283185307179584,0.0181340635260625,1.0,1.0,0.06685433345375469,3.6783674410400495,1.690338207698805,-0.03552370612543922,1.7852997147394742,1.7116809574691483,8.283185307179584,0.017593733996878257,1.0,1.0,0.12463278170660395,2.600876336165973
5.0,0.0,0.0,0.00264208984374995,0.0,0.0,9.765625e-07,4.3945312500000005e-06,0.00567041015625,0.01113525390625,0.799302358400366,1.7801266076353994,-0.036909200711792094,1.5621123875367364,1.4794139275873477,8.283185307179584,0.022820093185929223,1.0,1.0,0.04899041987950363,4.664175967484251,1.8006571329163805,-0.045633253512535187,1.6275975300000596,1.3720108872560253,8.283185307179584,0.019563427675990175,1.0,1.0,0.06684458986317365,3.678747095460495,1.6901901255557341,-0.03788782408122694,1.7945494826128812,1.716963005292244,8.283185307179584,0.020022747911337277,1.0,1.0,0.1245377156136393,2.602481292348307
6.0,0.0,0.0,0.0026632080078124627,0.0,0.0,7.32421875e-07,4.760742187500001e-06,0.0057078857421875,0.011188842773437499,0.804146490360273,1.7706018668464214,-0.04127597765158118,1.5831711345597461,1.526337412845023,8.283185307179584,0.028011941614249178,1.0,1.0,0.049186594725376113,4.651403121389699,1.805712645967172,-0.05300244502680436,1.6539896935666085,1.3625005758765307,8.283185307179584,0.02242215597584552,1.0,1.0,0.06682510268201157,3.679506404301385,1.689900035570656,-0.04261605999280239,1.813049018359695,1.7275271009384352,8.283185307179584,0.024880775740255316,1.0,1.0,0.12434758342770999,2.6056912047129757
7.0,0.0,0.0,0.002684326171874975,0.0,0.0,4.8828125e-07,5.126953125e-06,0.005745361328125,0.011242431640625,0.8089906223201799,1.7613656191108147,-0.045642754591370266,1.6042298815827558,1.5732608981026983,8.283185307179584,0.03320379004256913,1.0,1.0,0.0493827695712486,4.638630275295148,1.810808246733016,-0.06037163654107354,1.6803818571331575,1.3529902644970364,8.283185307179584,0.02528088427570087,1.0,1.0,0.06680561550084949,3.680265713142276,1.689617697302784,-0.04734429590437783,1.8315485541065086,1.7380911965846266,8.283185307179584,0.029738803569173355,1.0,1.0,0.12415745124178068,2.608901117077645
8.0,0.0,0.0,0.0027054443359374875,0.0,0.0,2.44140625e-07,5.4931640625e-06,0.005782836914062501,0.0112960205078125,0.8138347542800869,1.752403988556714,-0.05000953153115935,1.6252886286057655,1.6201843833603735,8.283185307179584,0.03839563847088909,1.0,1.0,0.04957894441712109,4.625857429200597,1.815944151954243,-0.06774082805534272,1.7067740206997064,1.343479953117542,8.283185307179584,0.028139612575556215,1.0,1.0,0.06678612831968742,3.6810250219831664,1.6893427360868771,-0.05207253181595328,1.8500480898533223,1.748655292230818,8.283185307179584,0.034596831398091395,1.0,1.0,0.12396731905585137,2.612111029442314
9.0,0.0,0.0,0.0027160034179687436,0.0,0.0,1.220703125e-07,5.67626953125e-06,0.00580157470703125,0.01132281494140625,0.8162568202600404,1.7480220711772683,-0.05219292000105389,1.6358180021172704,1.643646125989211,8.283185307179584,0.04099156268504907,1.0,1.0,0.049677031840057326,4.61947100615332,1.8185272856481907,-0.07142542381247731,1.7199701024829808,1.338724797427795,8.283185307179584,0.02956897672548389,1.0,1.0,0.06677638472910638,3.6814046764036115,1.6892079151426773,-0.05443664977174101,1.8592978577267292,1.7539373400539138,8.283185307179584,0.03702584531255042,1.0,1.0,0.12387225296288673,2.6137159856246486
10.0,0.0,0.0,0.0027265625,0.0,0.0,0.0,5.859375e-06,0.0058203125,0.011349609375,0.8186788862399939,1.7437040151619456,-0.05437630847094843,1.646347375628775,1.6671078686180487,8.283185307179584,0.04358748689920904,1.0,1.0,0.04977511926299357,4.613084583106045,1.8211205727576831,-0.0751100195696119,1.7331661842662553,1.3339696417380478,8.283185307179584,0.030998340875411562,1.0,1.0,0.06676664113852533,3.6817843308240565,1.6890748141051923,-0.05680076772752873,1.868547625600136,1.7592193878770095,8.283185307179584,0.039454859227009434,1.0,1.0,0.12377718686992208,2.615320941806983
11.0,0.0,0.0,0.0027689208984375,0.0,0.0,1.220703125e-07,5.9814453125e-06,0.005892211914062501,0.011488525390625,0.8292487981699556,1.750436003721226,-0.07115456958540636,1.7367643683216247,1.6334122851666475,8.283185307179584,0.05069476231173868,1.0,1.0,0.04962865598586606,4.6225609313463885,1.8179181556006192,-0.0829587632658283,1.761980514621043,1.3590984800077655,8.283185307179584,0.037768301722949496,1.0,1.0,0.06656211291108607,3.6899250267960912,1.6898623970833022,-0.06505375075277003,1.9036093104693719,1.7682710453677588,8.283185307179584,0.04556122348774588,1.0,1.0,0.12399701881352754,2.611615651380956
12.0,0.0,0.0,0.0028112792968749997,0.0,0.0,2.44140625e-07,6.103515625e-06,0.0059641113281250005,0.01162744140625,0.8398187100999173,1.7579653301965248,-0.08793283069986431,1.8271813610144743,1.5997167017152463,8.283185307179584,0.05780203772426831,1.0,1.0,0.04948219270873855,4.632037279586732,1.814778628802896,-0.09080750696204468,1.7907948449758306,1.3842273182774831,8.283185307179584,0.04453826257048744,1.0,1.0,0.0663575846836468,3.698065722768126,1.6906734649267579,-0.07330673377801133,1.9386709953386074,1.777322702858508,8.283185307179584,0.05166758774848234,1.0,1.0,0.12421685075713298,2.6079103609549286
13.0,0.0,0.0,0.0028536376953124994,0.0,0.0,3.662109375e-07,6.2255859375000004e-06,0.0060360107421875,0.011766357421874998,0.850388622029879,1.766259382928844,-0.10471109181432225,1.917598353707324,1.566021118263845,8.283185307179584,0.06490931313679796,1.0,1.0,0.04933572943161104,4.641513627827075,1.8116997393273357,-0.09865625065826107,1.8196091753306183,1.4093561565472008,8.283185307179584,0.05130822341802538,1.0,1.0,0.06615305645620755,3.7062064187401607,1.6915064486287834,-0.08155971680325264,1.973732680207843,1.786374360349257,8.283185307179584,0.057773952009218796,1.0,1.0,0.12443668270073845,2.6042050705289013
14.0,0.0,0.0,0.0028748168945312495,0.0,0.0,4.2724609375e-07,6.2866210937500005e-06,0.00607196044921875,0.011835815429687499,0.8556735779948599,1.7706834237243196,-0.11310022237155122,1.9628068500537488,1.5491733265381447,8.283185307179584,0.06846295084306278,1.0,1.0,0.04926249779304728,4.646251801947248,1.8101823309154395,-0.10258062250636926,1.834016340508012,1.4219205756820597,8.283185307179584,0.054693203841794345,1.0,1.0,0.06605079234248792,3.710276766726178,1.691930683434448,-0.08568620831587329,1.9912635226424609,1.7909001890946317,8.283185307179584,0.06082713413958702,1.0,1.0,0.12454659867254117,2.6023524253158876
15.0,0.0,0.0,0.0028959960937499996,0.0,0.0,4.8828125e-07,6.3476562500000006e-06,0.00610791015625,0.011905273437499999,0.8609585339598407,1.775287229171956,-0.12148935292878019,2.0080153464001738,1.532325534812444,8.283185307179584,0.07201658854932759,1.0,1.0,0.04918926615448353,4.650989976067419,1.8086792393153015,-0.10650499435447747,1.848423505685406,1.4344849948169185,8.283185307179584,0.05807818426556331,1.0,1.0,0.06594852822876829,3.714347114712196,1.692359830806784,-0.08981269982849395,2.0087943650770788,1.7954260178400063,8.283185307179584,0.06388031626995525,1.0,1.0,0.12465651464434391,2.600499780102874
16.0,0.0,0.0,0.0029383544921874998,0.0,0.0,6.103515625e-07,6.469726562500001e-06,0.0061798095703125,0.012044189453125,0.8715284458898024,1.7850204329246808,-0.13826761404323812,2.0984323390930233,1.498629951361043,8.283185307179584,0.07912386396185722,1.0,1.0,0.049042802877356025,4.660466324307762,1.8057148869399358,-0.11435373805069386,1.8772378360401936,1.4596138330866362,8.283185307179584,0.06484814511310125,1.0,1.0,0.06574400000132903,3.722487810684231,1.6932321227440794,-0.09806568285373526,2.0438560499463145,1.8044776753307556,8.283185307179584,0.0699866805306917,1.0,1.0,0.12487634658794937,2.5967944896768467
17.0,0.0,0.0,0.002980712890625,0.0,0.0,7.32421875e-07,6.591796875000001e-06,0.006251708984375,0.01218310546875,0.8820983578197641,1.7954334389779776,-0.15504587515769608,2.188849331785873,1.4649343679096418,8.283185307179584,0.08623113937438687,1.0,1.0,0.04889633960022852,4.669942672548106,1.8028044486966626,-0.12220248174691026,1.9060521663949812,1.4847426713563538,8.283185307179584,0.0716181059606392,1.0,1.0,0.06553947177388977,3.7306285066562657,1.694121851277293,-0.10631866587897656,2.07891773481555,1.8135293328215047,8.283185307179584,0.07609304479142814,1.0,1.0,0.12509617853155483,2.5930891992508194
18.0,0.0,0.0,0.0030230712890625,0.0,0.0,8.544921875e-07,6.713867187500001e-06,0.0063236083984375,0.012322021484375001,0.8926682697497259,1.806503703643793,-0.171824136272154,2.279266324478723,1.4312387844582406,8.283185307179584,0.09333841478691651,1.0,1.0,0.048749876323101,4.679419020788449,1.7999457021601961,-0.13005122544312664,1.9348664967497688,1.5098715096260715,8.283185307179584,0.07838806680817713,1.0,1.0,0.06533494354645052,3.7387692026283004,1.6950275514867048,-0.11457164890421787,2.113979419684785,1.8225809903122538,8.283185307179584,0.08219940905216461,1.0,1.0,0.12531601047516028,2.589383908824792
19.0,0.0,0.0,0.0030442504882812497,0.0,0.0,9.1552734375e-07,6.774902343750001e-06,0.00635955810546875,0.0123914794921875,0.8979532257147067,1.812279085915564,-0.180213266829383,2.324474820825148,1.41439099273254,8.283185307179584,0.09689205249318134,1.0,1.0,0.04867664468453725,4.684157194908622,1.7985350225508316,-0.13397559729123484,1.9492736619271627,1.5224359287609301,8.283185307179584,0.08177304723194609,1.0,1.0,0.0652326794327309,3.7428395506143177,1.6954859344871582,-0.11869814041683852,2.131510262119403,1.8271068190576285,8.283185307179584,0.08525259118253284,1.0,1.0,0.12542592644696302,2.587531263611779
20.0,0.0,0.0,0.0030654296875,0.0,0.0,9.765625e-07,6.8359375e-06,0.0063955078125,0.0124609375,0.9032381816796876,1.8182116855275776,-0.18860239738661194,2.3696833171715723,1.3975432010068394,8.283185307179584,0.10044569019944614,1.0,1.0,0.048603413045973494,4.688895369028793,1.797136439006211,-0.13789996913934305,1.9636808271045565,1.535000347895789,8.283185307179584,0.08515802765571506,1.0,1.0,0.06513041531901126,3.746909898600335,1.6959477630284763,-0.12282463192945917,2.149041104554021,1.8316326478030032,8.283185307179584,0.08830577331290106,1.0,1.0,0.12553584241876575,2.5856786183987652
21.0,0.0,0.0,0.0031545410156249877,0.0,0.0,1.220703125e-06,6.713867187500001e-06,0.0065517578125,0.012756958007812487,0.9259127720901981,1.8185802301646063,-0.19608570198345054,2.409378761152352,1.4028905136822631,8.283185307179584,0.1060171311577757,1.0,1.0,0.048582188428331285,4.690297748435713,1.7820574365756379,-0.13486339523831123,1.9191929516521418,1.6257035056867166,8.283185307179584,0.08989861714304916,1.0,1.0,0.06525647520916567,3.741855068329924,1.690523258085432,-0.12746145153906696,2.1604804882522117,1.8767216577890498,8.283185307179584,0.09463830335159143,1.0,1.0,0.12472974527946712,2.5997218875698183
22.0,0.0,0.0,0.003243652343749975,0.0,0.0,1.46484375e-06,6.591796875000001e-06,0.0067080078125,0.013052978515624975,0.9485873625007086,1.8189874136004707,-0.20356900658028912,2.4490742051331313,1.408237826357687,8.283185307179584,0.11158857211610526,1.0,1.0,0.04856096381068907,4.691700127842633,1.768333767576856,-0.1318268213372794,1.874705076199727,1.716406663477644,8.283185307179584,0.09463920663038325,1.0,1.0,0.06538253509932007,3.736800238059513,1.6852544886072578,-0.13209827114867476,2.171919871950403,1.9218106677750963,8.283185307179584,0.10097083339028179,1.0,1.0,0.12392364814016849,2.613765156740871
23.0,0.0,0.0,0.0033327636718749627,0.0,0.0,1.708984375e-06,6.469726562500001e-06,0.0068642578125,0.013348999023437462,0.9712619529112192,1.8194309154688817,-0.2110523111771277,2.4887696491139106,1.4135851390331107,8.283185307179584,0.11716001307443483,1.0,1.0,0.04853973919304686,4.693102507249554,1.7558649522823977,-0.12879024743624762,1.8302172007473123,1.8071098212685714,8.283185307179584,0.09937979611771734,1.0,1.0,0.06550859498947448,3.731745407789102,1.6801339101075299,-0.13673509075828255,2.183359255648594,1.966899677761143,8.283185307179584,0.10730336342897215,1.0,1.0,0.12311755100086985,2.6278084259119234
24.0,0.0,0.0,0.0033773193359374564,0.0,0.0,1.8310546875e-06,6.408691406250001e-06,0.0069423828125,0.013497009277343706,0.9825992481164745,1.8196655791398446,-0.214793963475547,2.5086173711043003,1.4162587953708226,8.283185307179584,0.11994573355359961,1.0,1.0,0.048529126884225754,4.693803696953014,1.7500734779279106,-0.1272719604857317,1.807973263021105,1.8524614001640352,8.283185307179584,0.1017500908613844,1.0,1.0,0.06557162493455168,3.7292179926538966,1.6776269549856215,-0.13905350056308646,2.1890789474976895,1.9894441827541662,8.283185307179584,0.11046962844831733,1.0,1.0,0.12271450243122053,2.6348300604974497
25.0,0.0,0.0,0.00342187499999995,0.0,0.0,1.953125e-06,6.3476562500000006e-06,0.0070205078125,0.01364501953124995,0.9939365433217298,1.819908482572327,-0.2185356157739663,2.52846509309469,1.4189324517085344,8.283185307179584,0.12273145403276439,1.0,1.0,0.04851851457540465,4.694504886656475,1.7445640718573578,-0.1257536735352158,1.7857293252948976,1.8978129790594989,8.283185307179584,0.10412038560505144,1.0,1.0,0.06563465487962888,3.726690577518691,1.6751544143114705,-0.14137191036789035,2.194798639346785,2.0119886877471895,8.283185307179584,0.11363589346766251,1.0,1.0,0.12231145386157122,2.641851695082976
26.0,0.0,0.0,0.0035109863281249376,0.0,0.0,2.1972656250000003e-06,6.2255859375000004e-06,0.0071767578125,0.013941040039062437,1.01661113373224,1.820417926228779,-0.22601892037080487,2.568160537075469,1.4242797643839582,8.283185307179584,0.12830289499109396,1.0,1.0,0.04849728995776244,4.695907266063395,1.7343558499131349,-0.12271709963418398,1.7412414498424829,1.9885161368504265,8.283185307179584,0.10886097509238553,1.0,1.0,0.06576071476978329,3.72163574724828,1.6703092973656268,-0.14600872997749814,2.206238023044976,2.057077697733236,8.283185307179584,0.11996842350635287,1.0,1.0,0.12150535672227258,2.6558949642540286
27.0,0.0,0.0,0.003600097656249925,0.0,0.0,2.44140625e-06,6.103515625e-06,0.0073330078125,0.014237060546874925,1.0392857241427507,1.8209571196284393,-0.23350222496764345,2.6078559810562485,1.429627077059382,8.283185307179584,0.13387433594942352,1.0,1.0,0.04847606534012023,4.697309645470316,1.7251750805096528,-0.11968052573315217,1.6967535743900681,2.079219294641354,8.283185307179584,0.11360156457971962,1.0,1.0,0.0658867746599377,3.716580916977869,1.6655922307581041,-0.15064554958710594,2.2176774067431673,2.1021667077192827,8.283185307179584,0.12630095354504323,1.0,1.0,0.12069925958297395,2.6699382334250816
28.0,0.0,0.0,0.0036892089843749126,0.0,0.0,2.685546875e-06,5.9814453125e-06,0.0074892578125000005,0.014533081054687412,1.0619603145532612,1.821523995224081,-0.24098552956448205,2.647551425037028,1.4349743897348057,8.283185307179584,0.1394457769077531,1.0,1.0,0.04845484072247802,4.698712024877237,1.7169653345966138,-0.11664395183212037,1.6522656989376534,2.1699224524322815,8.283185307179584,0.1183421540670537,1.0,1.0,0.0660128345500921,3.711526086707458,1.6609972347353272,-0.15528236919671373,2.229116790441358,2.1472557177053293,8.283185307179584,0.13263348358373359,1.0,1.0,0.11989316244367532,2.6839815025961347
29.0,0.0,0.0,0.0037337646484374063,0.0,0.0,2.8076171875e-06,5.92041015625e-06,0.0075673828125000005,0.014681091308593656,1.0732976097585165,1.8218171833106775,-0.24472718186290132,2.6673991470274174,1.4376480460725176,8.283185307179584,0.14223149738691787,1.0,1.0,0.04844422841365691,4.699413214580697,1.7132090946403444,-0.11512566488160446,1.630021761211446,2.2152740313277453,8.283185307179584,0.12071244881072074,1.0,1.0,0.0660758644951693,3.708998671572253,1.6587437338530642,-0.15760077900151764,2.2348364822904534,2.1698002226983526,8.283185307179584,0.13579974860307875,1.0,1.0,0.119490113874026,2.691003137181661
30.0,0.0,0.0,0.0037783203124999,0.0,0.0,2.9296875e-06,5.859375e-06,0.0076455078125,0.0148291015624999,1.0846349049637718,1.8221165421729508,-0.24846883416132062,2.6872468690178075,1.4403217024102297,8.283185307179584,0.14501721786608265,1.0,1.0,0.048433616104835805,4.700114404284157,1.7096778924573366,-0.11360737793108855,1.6077778234852385,2.260625610223209,8.283185307179584,0.1230827435543878,1.0,1.0,0.0661388944402465,3.7064712564370477,1.6565186539680758,-0.15991918880632153,2.240556174139549,2.192344727691376,8.283185307179584,0.13896601362242395,1.0,1.0,0.11908706530437668,2.6980247717671872
31.0,0.0,0.0,0.003993774414062413,0.0,0.0,3.2958984375000004e-06,5.7373046875e-06,0.0081134033203125,0.015754272460937413,1.1506516488834193,1.8266218980453202,-0.27194998752961835,2.8668808663731307,1.4252002428420703,8.283185307179584,0.15805838157871227,1.0,1.0,0.048375100961849354,4.704020035320102,1.7016937572388184,-0.15087258664198588,1.9103816635539763,2.1673735788327773,8.283185307179584,0.13882637205064113,1.0,1.0,0.06607551370633974,3.7089975211917237,1.6606159072099023,-0.1805335060829838,2.4109225863487707,2.132580461455764,8.283185307179584,0.14603898011198896,1.0,1.0,0.1189881013722987,2.699838883609295
32.0,0.0,0.0,0.004101501464843669,0.0,0.0,3.4790039062500005e-06,5.67626953125e-06,0.00834735107421875,0.016216857910156167,1.1836600208432433,1.8293028192697385,-0.2836905642137672,2.9566978650507925,1.4176395130579906,8.283185307179584,0.16457896343502706,1.0,1.0,0.04834584339035613,4.705972850838075,1.7010390447826653,-0.16950519099743455,2.061683583588345,2.120747563137561,8.283185307179584,0.1466981862987678,1.0,1.0,0.06604382333938635,3.7102606535690614,1.6633908318876847,-0.19084066472131492,2.496105792453381,2.1026983283379583,8.283185307179584,0.14957546335677147,1.0,1.0,0.11893861940625972,2.700745939530349
33.0,0.0,0.0,0.004209228515624925,0.0,0.0,3.6621093750000003e-06,5.615234375e-06,0.008581298828125,0.016679443359374924,1.216668392803067,1.8322433165780796,-0.29543114089791606,3.0465148637284543,1.410078783273911,8.283185307179584,0.17109954529134186,1.0,1.0,0.0483165858188629,4.707925666356047,1.702260632469343,-0.18813779535288322,2.2129855036227144,2.0741215474423456,8.283185307179584,0.15457000054689446,1.0,1.0,0.06601213297243298,3.711523785946399,1.6666195771679235,-0.20114782335964604,2.581288998557992,2.0728161952201525,8.283185307179584,0.15311194660155397,1.0,1.0,0.11888913744022073,2.701652995451403
34.0,0.0,0.0,0.004316955566406181,0.0,0.0,3.84521484375e-06,5.55419921875e-06,0.00881524658203125,0.01714202880859368,1.2496767647628908,1.8354258572525248,-0.3071717175820649,3.136331862406116,1.4025180534898314,8.283185307179584,0.17762012714765668,1.0,1.0,0.04828732824736968,4.70987848187402,1.7051589384327173,-0.2067703997083319,2.3642874236570837,2.02749553174713,8.283185307179584,0.16244181479502112,1.0,1.0,0.06598044260547961,3.712786918323737,1.6702824069435747,-0.2114549819979772,2.666472204662603,2.0429340621023466,8.283185307179584,0.15664842984633648,1.0,1.0,0.11883965547418174,2.7025600513724566
35.0,0.0,0.0,0.0044246826171874375,0.0,0.0,4.0283203125e-06,5.4931640625e-06,0.0090491943359375,0.017604614257812436,1.2826851367227148,1.8388342331459913,-0.31891229426621376,3.226148861083778,1.3949573237057515,8.283185307179584,0.18414070900397148,1.0,1.0,0.04825807067587645,4.711831297391992,1.7095711139754721,-0.22540300406378055,2.5155893436914525,1.9808695160519139,8.283185307179584,0.17031362904314779,1.0,1.0,0.06594875223852623,3.7140500507010747,1.674361714485416,-0.2217621406363083,2.7516554107672135,2.0130519289845408,8.283185307179584,0.16018491309111899,1.0,1.0,0.11879017350814275,2.703467107293511
36.0,0.0,0.0,0.004532409667968694,0.0,0.0,4.21142578125e-06,5.43212890625e-06,0.00928314208984375,0.018067199707031193,1.3156935086825385,1.842453417861044,-0.3306528709503626,3.3159658597614396,1.3873965939216717,8.283185307179584,0.19066129086028627,1.0,1.0,0.04822881310438323,4.7137841129099645,1.7153635401774108,-0.24403560841922922,2.6668912637258213,1.934243500356698,8.283185307179584,0.17818544329127445,1.0,1.0,0.06591706187157284,3.7153131830784125,1.6788418058046275,-0.23206929927463943,2.836838616871824,1.983169795866735,8.283185307179584,0.1637213963359015,1.0,1.0,0.11874069154210376,2.7043741632145646
37.0,0.0,0.0,0.00464013671874995,0.0,0.0,4.3945312500000005e-06,5.37109375e-06,0.00951708984375,0.01852978515624995,1.3487018806423623,1.846269441573574,-0.34239344763451146,3.4057828584391014,1.379835864137592,8.283185307179584,0.1971818727166011,1.0,1.0,0.04819955553289,4.715736928427936,1.7224261580644276,-0.2626682127746779,2.81819318376019,1.8876174846614822,8.283185307179584,0.18605725753940114,1.0,1.0,0.06588537150461947,3.7165763154557503,1.6837087120840617,-0.24237645791297058,2.922021822976435,1.9532876627489288,8.283185307179584,0.167257879580684,1.0,1.0,0.11869120957606477,2.7052812191356184
38.0,0.0,0.0,0.004747863769531206,0.0,0.0,4.577636718750001e-06,5.31005859375e-06,0.00975103759765625,0.018992370605468704,1.3817102526021863,1.8502692810284374,-0.35413402431866037,3.4955998571167632,1.3722751343535124,8.283185307179584,0.20370245457291591,1.0,1.0,0.048170297961396775,4.717689743945908,1.730668139082316,-0.28130081713012656,2.969495103794559,1.8409914689662663,8.283185307179584,0.19392907178752783,1.0,1.0,0.0658536811376661,3.717839447833088,1.6889500269960687,-0.25268361655130167,3.007205029081046,1.9234055296311228,8.283185307179584,0.1707943628254665,1.0,1.0,0.11864172761002578,2.706188275056672
39.0,0.0,0.0,0.004855590820312462,0.0,0.0,4.760742187500001e-06,5.2490234375e-06,0.0099849853515625,0.019454956054687462,1.41471862456201,1.8544407626257122,-0.3658746010028092,3.585416855794425,1.3647144045694328,8.283185307179584,0.2102230364292307,1.0,1.0,0.04814104038990355,4.71964255946388,1.7400145483945861,-0.2999334214855752,3.1207970238289278,1.7943654532710505,8.283185307179584,0.2018008860356545,1.0,1.0,0.06582199077071271,3.719102580210426,1.6945547655734838,-0.2629907751896328,3.0923882351856564,1.893523396513317,8.283185307179584,0.174330846070249,1.0,1.0,0.1185922456439868,2.707095330977726
40.0,0.0,0.0,0.004963317871093718,0.0,0.0,4.943847656250001e-06,5.1879882812499995e-06,0.01021893310546875,0.01991754150390622,1.4477269965218338,1.85877247683991,-0.37761517768695807,3.6752338544720864,1.3571536747853532,8.283185307179584,0.2167436182855455,1.0,1.0,0.048111782818410324,4.7215953749818524,1.7504037534288455,-0.3185660258410239,3.2720989438632966,1.7477394375758346,8.283185307179584,0.20967270028378115,1.0,1.0,0.06579030040375933,3.7203657125877636,1.7005132415457516,-0.27329793382796397,3.177571441290267,1.863641263395511,8.283185307179584,0.17786732931503152,1.0,1.0,0.1185427636779478,2.7080023868987797
41.0,0.0,0.0,0.005071044921874975,0.0,0.0,5.126953125e-06,5.1269531249999995e-06,0.010452880859375,0.020380126953124973,1.4807353684816578,1.8632537024830236,-0.3893557543711069,3.765050853149748,1.3495929450012734,8.283185307179584,0.22326420014186033,1.0,1.0,0.0480825252469171,4.723548190499825,1.7617853996352284,-0.33719863019647256,3.423400863897666,1.7011134218806188,8.283185307179584,0.21754451453190782,1.0,1.0,0.06575861003680596,3.7216288449651014,1.7068169608824042,-0.28360509246629506,3.262754647394878,1.8337591302777052,8.283185307179584,0.18140381255981403,1.0,1.0,0.11849328171190882,2.7089094428198335
42.0,0.0,0.0,0.005178771972656232,0.0,0.0,5.31005859375e-06,5.065917968749999e-06,0.01068682861328125,0.02084271240234373,1.5137437404414815,1.8678743395457955,-0.4010963310552558,3.85486785182741,1.3420322152171935,8.283185307179584,0.22978478199817515,1.0,1.0,0.04805326767542387,4.725501006017797,1.7741188235726502,-0.3558312345519212,3.574702783932035,1.654487406185403,8.283185307179584,0.22541632878003448,1.0,1.0,0.06572691966985258,3.722891977342439,1.7134585292948077,-0.2939122511046262,3.347937853499489,1.8038769971598994,8.283185307179584,0.18494029580459653,1.0,1.0,0.11844379974586983,2.7098164987408873
43.0,0.0,0.0,0.005286499023437488,0.0,0.0,5.4931640625e-06,5.004882812499999e-06,0.0109207763671875,0.021305297851562488,1.5467521124013053,1.8726248495382338,-0.4128369077394046,3.9446848505050713,1.334471485433114,8.283185307179584,0.23630536385448994,1.0,1.0,0.04802401010393065,4.72745382153577,1.7873718080782548,-0.3744638389073699,3.726004703966404,1.607861390490187,8.283185307179584,0.23328814302816114,1.0,1.0,0.0656952293028992,3.724155109719777,1.7204315720039327,-0.30421940974295736,3.4331210596040993,1.7739948640420935,8.283185307179584,0.18847677904937904,1.0,1.0,0.11839431777983084,2.710723554661941
44.0,0.0,0.0,0.005394226074218744,0.0,0.0,5.67626953125e-06,4.943847656249999e-06,0.011154724121093751,0.021767883300781242,1.5797604843611293,1.877496202406754,-0.4245774844235535,4.034501849182734,1.3269107556490343,8.283185307179584,0.24282594571080474,1.0,1.0,0.04799475253243742,4.729406637053742,1.8015196087248664,-0.39309644326281856,3.8773066240007728,1.5612353747949712,8.283185307179584,0.2411599572762878,1.0,1.0,0.06566353893594581,3.725418242097115,1.7277306643636092,-0.31452656838128845,3.51830426570871,1.7441127309242876,8.283185307179584,0.19201326229416155,1.0,1.0,0.11834483581379185,2.7116306105829953
45.0,0.0,0.0,0.005501953125,0.0,0.0,5.859375e-06,4.8828125e-06,0.011388671875,0.02223046875,1.612768856320953,1.8824798292367126,-0.4363180611077023,4.124318847860395,1.3193500258649546,8.283185307179584,0.24934652756711956,1.0,1.0,0.0479654949609442,4.731359452571715,1.8165441990627231,-0.4117290476182672,4.028608544035142,1.5146093590997554,8.283185307179584,0.2490317715244145,1.0,1.0,0.06563184856899244,3.726681374474453,1.7353512719527382,-0.3248337270196196,3.6034874718133207,1.7142305978064818,8.283185307179584,0.19554974553894405,1.0,1.0,0.11829535384775285,2.712537666504049
46.0,0.0,0.0,0.0057973632812500005,0.0,4.8828125e-07,5.37109375e-06,1.025390625e-05,0.01198876953124995,0.02346240234375,1.6996972476457324,1.8541123924689278,-0.4529059823108468,4.471941131885842,1.3855529479903064,8.283185307179584,0.260414804293162,1.0,1.0,0.04654454941744098,4.831466121455336,1.8092960272881746,-0.44763167209740784,4.590157155417782,1.5103566654009812,8.283185307179584,0.25916584818084415,1.0,1.0,0.06358980989877357,3.8127765348214004,1.7208041825843376,-0.3429934919008531,3.8735623741264424,1.7525572559744913,8.283185307179584,0.21045145151179773,1.0,1.0,0.11711769222751434,2.7346249478547175
47.0,0.0,0.0,0.005945068359375,0.0,7.32421875e-07,5.1269531249999995e-06,1.2939453125000001e-05,0.012288818359374926,0.024078369140625,1.7431614433081222,1.8408244539202296,-0.46119994291241895,4.645752273898566,1.4186544090529822,8.283185307179584,0.26594894265618324,1.0,1.0,0.04583407664568938,4.881519455897147,1.8073373336866296,-0.4655829843369782,4.870931461109103,1.5082303185515942,8.283185307179584,0.26423288650905896,1.0,1.0,0.06256879056366413,3.855824114994874,1.7141054907768458,-0.35207337434146985,4.008599825283003,1.771720585058496,8.283185307179584,0.21790230449822456,1.0,1.0,0.11652886141739509,2.745668588530052
48.0,0.0,0.0,0.0060927734375,0.0,9.765625e-07,4.8828125e-06,1.5625e-05,0.0125888671874999,0.0246943359375,1.786625638970512,1.8280814732719315,-0.4694939035139912,4.819563415911289,1.4517558701156583,8.283185307179584,0.2714830810192045,1.0,1.0,0.04512360387393777,4.931572790338958,1.8062978814093245,-0.48353429657654856,5.151705766800423,1.5061039717022073,8.283185307179584,0.2692999248372738,1.0,1.0,0.06154777122855469,3.898871695168348,1.7077531858151378,-0.3611532567820866,4.143637276439564,1.7908839141425006,8.283185307179584,0.22535315748465137,1.0,1.0,0.11594003060727584,2.7567122292053865
49.0,0.0,0.0,0.0063916015625,0.0,9.765625e-07,6.3476562500000006e-06,1.3671875e-05,0.01321044921874995,0.02602001953125,1.8787498027386262,1.830899192178486,-0.5197995316842026,5.614659757166687,1.4311388067343125,8.283185307179584,0.2846180245774249,1.0,1.0,0.04513207683104489,4.930947497556861,1.7653955610641257,-0.5030372674252778,5.717076089371002,1.6155228565676245,8.283185307179584,0.28821179943299247,1.0,1.0,0.0621996363854961,3.870440026286268,1.7022766550907413,-0.36662342569086415,4.182584798617183,1.8242024531336885,8.283185307179584,0.23022693996430776,1.0,1.0,0.11493369399088216,2.776202294322053
50.0,0.0,0.0,0.006541015625,0.0,9.765625e-07,7.080078125e-06,1.2695312500000001e-05,0.013521240234374975,0.026682861328125,1.9248118846226836,1.8344859666674491,-0.5449523457693082,6.012207927794386,1.4208302750436395,8.283185307179584,0.2911854963565351,1.0,1.0,0.045136313309598455,4.930634851165813,1.746580877682232,-0.5127887528496424,5.999761250656292,1.670232299000333,8.283185307179584,0.2976677367308518,1.0,1.0,0.06252556896396681,3.8562241918452282,1.6995799962590143,-0.3693585101452529,4.202058559705994,1.8408617226292823,8.283185307179584,0.23266383120413597,1.0,1.0,0.11443052568268532,2.785947326880386
51.0,0.0,0.0,0.0066904296875,0.0,9.765625e-07,7.8125e-06,1.171875e-05,0.01383203125,0.027345703125,1.9708739665067407,1.8392163497330127,-0.5701051598544139,6.409756098422085,1.4105217433529667,8.283185307179584,0.2977529681356454,1.0,1.0,0.04514054978815202,4.9303222047747655,1.7287388044250875,-0.522540238274007,6.282446411941581,1.7249417414330417,8.283185307179584,0.3071236740287111,1.0,1.0,0.06285150154243752,3.8420083574041883,1.6969103997996304,-0.37209359459964164,4.221532320794804,1.857520992124876,8.283185307179584,0.23510072244396416,1.0,1.0,0.11392735737448847,2.7956923594387195
52.0,0.0,0.0,0.00707080078125,0.0,9.765625e-07,8.30078125e-06,1.4648437500000001e-05,0.01447705078125,0.02868701171875,2.068762450433939,1.8101828137955591,-0.601213326336322,7.5834754803944175,1.4488680031892662,8.283185307179584,0.30890067116870085,1.0,1.0,0.04497774147398539,4.942400170731999,1.7608922230765707,-0.5856457771226262,8.192766233039002,1.5241664453041155,8.283185307179584,0.31475852672996696,1.0,1.0,0.06228752819892558,3.8665519911813835,1.697557168706092,-0.3781307294407942,4.197047310600459,1.8835729075687762,8.283185307179584,0.2430054525622352,1.0,1.0,0.11339847445929815,2.8061725982671195
53.0,0.0,0.0,0.007260986328125,0.0,9.765625e-07,8.544921875e-06,1.611328125e-05,0.014799560546875,0.029357666015625,2.117706692397538,1.7981676279279535,-0.616767409577276,8.170335171380582,1.468041133107416,8.283185307179584,0.3144745226852286,1.0,1.0,0.04489633731690207,4.948439153710616,1.7870365272747182,-0.6171985465469358,9.147926143587712,1.4237787972396523,8.283185307179584,0.31857595308059494,1.0,1.0,0.06200554152716961,3.878823808069981,1.6978798334497287,-0.38114929686137045,4.184804805503287,1.8965988652907262,8.283185307179584,0.24695781762137076,1.0,1.0,0.113134033001703,2.8114127176813195
54.0,0.0,0.0,0.007451171875,0.0,9.765625e-07,8.789062500000001e-06,1.7578125000000002e-05,0.0151220703125,0.0300283203125,2.166650934361137,1.787501526659986,-0.6323214928182301,8.757194862366749,1.4872142630255656,8.283185307179584,0.3200483742017563,1.0,1.0,0.04481493315981876,4.954478136689233,1.8190771577608311,-0.6487513159712456,10.103086054136423,1.323391149175189,8.283185307179584,0.32239337943122287,1.0,1.0,0.06172355485541365,3.891095624958578,1.6982014128838139,-0.38416786428194677,4.172562300406114,1.909624823012676,8.283185307179584,0.2509101826805063,1.0,1.0,0.11286959154410783,2.81665283709552
55.0,0.0,0.0,0.00784814453125,0.0,9.765625e-07,8.30078125e-06,1.66015625e-05,0.016226074218749997,0.03190771484375,2.3071167441751737,1.7631345023480556,-0.6348772035351152,8.727613840307917,1.581078474720128,8.283185307179584,0.34316659243428144,1.0,1.0,0.04403646429154079,5.014127795217078,1.7948513752613153,-0.6369741029847837,9.403455070903853,1.422057265658303,8.283185307179584,0.33643878616813566,1.0,1.0,0.06290508415417742,3.8404532795162654,1.6735912969444766,-0.3841750357352647,4.221497643271761,2.0212025255515065,8.283185307179584,0.25879191923539163,1.0,1.0,0.1117696924077264,2.838993396674651
56.0,0.0,0.0,0.008046630859375,0.0,9.765625e-07,8.056640625e-06,1.611328125e-05,0.016778076171874996,0.032847412109375,2.377349649082192,1.7515455247402887,-0.6361550588935578,8.7128233292785,1.6280105805674094,8.283185307179584,0.354725701550544,1.0,1.0,0.04364722985740181,5.043952624481001,1.7842067775540882,-0.6310854964915529,9.05363957928757,1.4713903238998602,8.283185307179584,0.34346148953659206,1.0,1.0,0.0634958488035593,3.815132106795109,1.661799289491536,-0.3841786214619236,4.245965314704583,2.0769913768209216,8.283185307179584,0.2627327875128343,1.0,1.0,0.11121974283953567,2.8501636764642164
57.0,0.0,0.0,0.0082451171875,0.0,9.765625e-07,7.8125e-06,1.5625e-05,0.017330078125,0.033787109375,2.4475825539892107,1.7403264108169378,-0.6374329142520003,8.698032818249084,1.6749426864146906,8.283185307179584,0.36628481066680657,1.0,1.0,0.04325799542326283,5.073777453744923,1.7745302591209213,-0.6251968899983219,8.703824087671284,1.5207233821414172,8.283185307179584,0.35048419290504845,1.0,1.0,0.06408661345294119,3.7898109340739525,1.6503270686012268,-0.38418220718858254,4.270432986137406,2.1327802280903367,8.283185307179584,0.26667365579027696,1.0,1.0,0.11066979327134496,2.8613339562537816
58.0,0.0,0.0,0.0087333984375,0.0,4.8828125e-07,8.789062500000001e-06,2.24609375e-05,0.018314453124999998,0.03590771484375,2.593364463958413,1.7071469340328904,-0.6429694724950328,8.97760971565539,1.7939292261976436,8.283185307179584,0.3791544325035516,1.0,1.0,0.043252396729477914,5.074218225681896,1.747209945732166,-0.6316964063228103,8.919988804961225,1.6150088912687732,8.283185307179584,0.3579363875159563,1.0,1.0,0.0615571387531076,3.9020500672269995,1.6429387521679324,-0.3918179063634487,4.398812863574453,2.1597850602642685,8.283185307179584,0.27208729012087673,1.0,1.0,0.1095386469274014,2.8851114161014992
59.0,0.0,0.0,0.0089775390625,0.0,2.44140625e-07,9.277343750000001e-06,2.587890625e-05,0.018806640625,0.036968017578125,2.666255418943014,1.691399975770199,-0.645737751616549,9.117398164358542,1.8534224960891201,8.283185307179584,0.3855892434219241,1.0,1.0,0.04324959738258546,5.074438611650383,1.734153051768775,-0.6349461644850545,9.028071163606194,1.6621516458324512,8.283185307179584,0.3616624848214102,1.0,1.0,0.06029240140319081,3.9581696338035233,1.639351546385873,-0.39563575595088174,4.463002802292976,2.173287476351234,8.283185307179584,0.2747941072861766,1.0,1.0,0.10897307375542961,2.897000146025358
60.0,0.0,0.0,0.0092216796875,0.0,0.0,9.765625e-06,2.9296875e-05,0.019298828125,0.0380283203125,2.739146373927615,1.6761738444963887,-0.6485060307380651,9.257186613061695,1.9129157659805966,8.283185307179584,0.3920240543402966,1.0,1.0,0.043246798035693,5.074658997618869,1.721472880780791,-0.6381959226472987,9.136153522251163,1.7092944003961292,8.283185307179584,0.36538858212686415,1.0,1.0,0.05902766405327402,4.0142892003800466,1.6358328240815803,-0.3994536055383148,4.5271927410115005,2.1867898924382003,8.283185307179584,0.27750092445147645,1.0,1.0,0.10840750058345784,2.9088888759492164
61.0,0.0,0.0,0.009851562500000001,0.0,9.765625e-07,1.953125e-05,3.9550781249999994e-05,0.02066650390625,0.040562988281250004,2.9269152876147704,1.653102701959078,-0.6478758343225918,9.254666546735177,2.016998813850355,8.283185307179584,0.4050130036937595,1.0,1.0,0.04281009869432591,5.109581401151143,1.6745578901350586,-0.6262181443880506,8.66058923144002,1.9249502829903813,8.283185307179584,0.3831369014673246,1.0,1.0,0.05849694282720258,4.0397550955992045,1.6348954362108559,-0.4319749105731314,5.149116714083869,2.1256603281646327,8.283185307179584,0.2881613032587491,1.0,1.0,0.10804625842328723,2.9166610328482987
62.0,0.0,0.0,0.01016650390625,0.0,1.46484375e-06,2.44140625e-05,4.4677734375e-05,0.021350341796875,0.041830322265625,3.0207997444583476,1.6420669541827557,-0.6475607361148551,9.253406513571917,2.069040337785234,8.283185307179584,0.41150747837049095,1.0,1.0,0.04259174902364236,5.12704260291728,1.6539360536528716,-0.6202292552584264,8.42280708603445,2.032778224287507,8.283185307179584,0.3920110611375548,1.0,1.0,0.05823158221416686,4.052488043208783,1.6363629932548316,-0.44823556309053975,5.460078700620054,2.095095546027849,8.283185307179584,0.2934914926623855,1.0,1.0,0.10786563734320193,2.92054711129784
63.0,0.0,0.0,0.0104814453125,0.0,1.953125e-06,2.9296875e-05,4.98046875e-05,0.0220341796875,0.04309765625,3.1146842013019254,1.6313436956161764,-0.6472456379071184,9.25214648040866,2.1210818617201133,8.283185307179584,0.41800195304722243,1.0,1.0,0.04237339935295881,5.144503804683416,1.6350032769942577,-0.6142403661288023,8.185024940628878,2.1406061655846336,8.283185307179584,0.400885220807785,1.0,1.0,0.05796622160113114,4.065220990818362,1.6389419283976714,-0.46449621560794807,5.771040687156238,2.064530763891065,8.283185307179584,0.29882168206602183,1.0,1.0,0.10768501626311662,2.924433189747381
64.0,0.0,0.0,0.01130029296875,0.0,2.44140625e-06,4.6875e-05,8.3984375e-05,0.023688476562499998,0.04628466796875,3.351350631655405,1.6226341474274109,-0.6511009630288211,9.036560813543574,2.2018581892056353,8.283185307179584,0.43004450342648093,1.0,1.0,0.042626615818181876,5.124123017954563,1.6223892689314217,-0.6328470688370741,8.673256686723409,2.195640860789653,8.283185307179584,0.4193899535676169,1.0,1.0,0.0569130463327566,4.117959690177168,1.6106351391753533,-0.48070198239950507,6.279142705874712,2.1614897366633077,8.283185307179584,0.31137599131771276,1.0,1.0,0.10745915478195053,2.9293377834403747
65.0,0.0,0.0,0.011709716796875,0.0,2.685546875e-06,5.56640625e-05,0.00010107421875,0.024515625,0.047878173828124995,3.4696838468321447,1.618526235942722,-0.6530286255896726,8.92876798011103,2.2422463529483965,8.283185307179584,0.4360657786161102,1.0,1.0,0.042753224050793404,5.113932624590137,1.6164293864476709,-0.64215042019121,8.917372559770676,2.223158208392163,8.283185307179584,0.4286423199475328,1.0,1.0,0.05638645869856933,4.14432903985657,1.5974592660667501,-0.4888048657952836,6.533193715233949,2.209969223049429,8.283185307179584,0.31765314594355826,1.0,1.0,0.1073462240413675,2.9317900802868717
66.0,0.0,0.0,0.012119140625,0.0,2.9296875e-06,6.4453125e-05,0.0001181640625,0.0253427734375,0.0494716796875,3.5880170620088845,1.6145753113651877,-0.654956288150524,8.820975146678487,2.2826345166911572,8.283185307179584,0.4420870538057394,1.0,1.0,0.04287983228340494,5.103742231225711,1.610681074722043,-0.6514537715453459,9.161488432817942,2.2506755559946727,8.283185307179584,0.43789468632744877,1.0,1.0,0.05585987106438206,4.170698389535974,1.5848731941831842,-0.49690774919106206,6.787244724593186,2.2584487094355508,8.283185307179584,0.32393030056940375,1.0,1.0,0.10723329330078446,2.9342423771333683
67.0,0.0,0.0,0.01306591796875,0.0,2.44140625e-06,0.00011523437500000001,0.00019482421874995,0.02722021484375,0.0532802734375,3.8654175240513178,1.6041511389673921,-0.66659040605399,8.903332277664255,2.3630829874459875,8.283185307179584,0.4635353956602725,1.0,1.0,0.041426168460731654,5.22599826622475,1.5925841893135724,-0.6647588600633584,9.308144973852507,2.3711944410897363,8.283185307179584,0.45773945143571493,1.0,1.0,0.05438859501512598,4.249737823064063,1.5829866221024531,-0.5317247170295216,8.073042527933424,2.163042433444482,8.283185307179584,0.3241730237838466,1.0,1.0,0.10628957828231562,2.9551206870039524
68.0,0.0,0.0,0.013539306640625,0.0,2.1972656250000003e-06,0.00014062500000000002,0.000233154296874925,0.028158935546875,0.0551845703125,4.004117755072534,1.5990653745380845,-0.672407465005723,8.94451084315714,2.403307222823403,8.283185307179584,0.4742595665875391,1.0,1.0,0.04069933654939501,5.28712628372427,1.583909295812895,-0.6714114043223647,9.38147324436979,2.4314538836372686,8.283185307179584,0.46766183398984795,1.0,1.0,0.05365295699049795,4.289257539828108,1.585459854733834,-0.5491332009487515,8.715941429603543,2.1153392954489476,8.283185307179584,0.32429438539106803,1.0,1.0,0.10581772077308121,2.9655598419392444
69.0,0.0,0.0,0.0140126953125,0.0,1.953125e-06,0.000166015625,0.0002714843749999,0.02909765625,0.0570888671875,4.142817986093751,1.5940583278547695,-0.678224523957456,8.985689408650025,2.4435314582008183,8.283185307179584,0.4849837375148056,1.0,1.0,0.03997250463805837,5.34825430122379,1.5754651191081148,-0.6780639485813709,9.454801514887071,2.4917133261848003,8.283185307179584,0.47758421654398103,1.0,1.0,0.05291731896586991,4.3287772565921525,1.5898320328734883,-0.5665416848679813,9.358840331273662,2.067636157453413,8.283185307179584,0.32441574699828946,1.0,1.0,0.10534586326384679,2.975998996874537
70.0,0.0,0.0,0.01498681640624995,0.0,3.41796875e-06,0.00022705078124999998,0.00041406249999994995,0.03134472656249995,0.06119433593749995,4.454218148440966,1.561001052665528,-0.7114229233077809,10.766037887970722,2.522899126939981,8.283185307179584,0.5012970303757442,1.0,1.0,0.03848514834457882,5.488021722193326,1.556261254378704,-0.6799148397600421,9.596300525008136,2.596120735622846,8.256357650591116,0.4863563032251015,1.0106044607048639,1.0,0.05312779164776357,4.317060096647986,1.5613743657509642,-0.6067814944494618,12.054861135395585,2.061523534164277,8.283185307179584,0.3385512798503548,1.0,1.0,0.10404477713690281,3.00584652104414
71.0,0.0,0.0,0.015473876953124925,0.0,4.150390625e-06,0.000257568359375,0.00048535156249997495,0.032468261718749926,0.06324707031249992,4.609918229614574,1.5471543647157702,-0.7280221229829433,11.65621212763107,2.562582961309562,8.283185307179584,0.5094536768062136,1.0,1.0,0.03774147019783905,5.557905432678094,1.5469775380208592,-0.6808402853493778,9.667050030068669,2.6483244403418693,8.243037536032732,0.49074234656566174,1.0159066910572958,1.0,0.0532330279887104,4.311201516675903,1.552695215597242,-0.6269013992402022,13.402871537456548,2.058467222519709,8.283185307179584,0.3456190462763875,1.0,1.0,0.10339423407343082,3.0207702831289414
72.0,0.0,0.0,0.0159609374999999,0.0,4.8828125e-06,0.0002880859375,0.000556640625,0.0335917968749999,0.0652998046874999,4.765618310788182,1.5347330620863946,-0.7446213226581057,12.546386367291419,2.602266795679143,8.283185307179584,0.5176103232366829,1.0,1.0,0.03699779205109928,5.627789143162863,1.537895332420664,-0.6817657309387134,9.7377995351292,2.7005281450608924,8.229779271244334,0.495128389906222,1.0212089214097277,1.0,0.05333826432965723,4.30534293670382,1.5466739520942108,-0.6470213040309424,14.750881939517509,2.0554109108751413,8.283185307179584,0.3526868127024202,1.0,1.0,0.10274369100995884,3.035694045213743
73.0,0.0,0.0,0.016436035156249952,0.0,3.90625e-06,0.00062353515625,0.0011874999999999499,0.0353129882812499,0.06818408203124995,5.013163867280431,1.5041445554525963,-0.7743320826721696,15.101750098140394,2.668261153223471,8.132630498260212,0.5381644347253973,1.0608251478145518,1.0,0.036503002789462405,5.678069982375039,1.5014783376762975,-0.7413629947582142,14.738682482987354,2.6074829102028154,8.172844054784449,0.5060943051596687,1.0442614137942106,1.0,0.051704586614381626,4.400219584271629,1.5026708598779333,-0.6530449360472839,15.928095113761055,2.218324501947081,8.115570692363049,0.3677398710409565,1.0679237519414384,1.0,0.10132115776724934,3.069827823835129
74.0,0.0,0.0,0.0169111328125,0.0,2.9296875e-06,0.000958984375,0.0018183593749999,0.0370341796874999,0.071068359375,5.26070942377268,1.4802609244249314,-0.8040428426862334,17.65711382898937,2.734255510767799,7.989723628034045,0.5587185462141119,1.1216502956291037,1.0,0.036008213527825524,5.728350821587215,1.4955381895810804,-0.800960258577715,19.739565430845506,2.514437675344739,8.11703225037475,0.5170602204131153,1.0673139061786934,1.0,0.05007090889910603,4.4950962318394385,1.4625631710136169,-0.6590685680636252,17.1053082880046,2.3812380930190216,7.957401781475443,0.3827929293794929,1.1358475038828766,1.0,0.09989862452453985,3.1039616024565158
75.0,0.0,0.0,0.01739111328124995,0.0,2.44140625e-06,0.00127783203125,0.00232421874999995,0.03863623046874995,0.07368212890625,5.488251516826329,1.4519425907297046,-0.8479152986115253,24.3120396906967,2.7086652314768775,7.904225107998949,0.569420605661668,1.159572037219072,1.0,0.035429931434506345,5.789788407948499,1.4509925234557977,-0.821728928143318,23.436928512684137,2.6674278588923093,7.794896593607462,0.5400885816359577,1.2098303124458931,1.0,0.04968879304058761,4.5186661125485745,1.4264733051037357,-0.6551480236665346,17.53800700944722,2.5521188338829264,7.77726369425774,0.39664820065879247,1.218128649375624,1.0,0.09790130282070356,3.154758448115401
76.0,0.0,0.0,0.0178710937499999,0.0,1.953125e-06,0.0015966796875,0.002830078125,0.04023828125,0.0762958984375,5.715793609879979,1.440400069379509,-0.8917877545368172,30.96696555240403,2.6830749521859563,7.821325919213672,0.5801226651092241,1.1974937788090405,1.0,0.03485164934118716,5.851225994309782,1.413244658834238,-0.8424975977089211,27.134291594522768,2.8204180424398793,7.507266352619869,0.5631169428588001,1.3523467187130929,1.0,0.049306677182069186,4.5422359932577105,1.3928597198982766,-0.6512274792694438,17.970705730889843,2.722999574746831,7.608475625489734,0.41050347193809206,1.3004097948683713,1.0,0.09590398111686725,3.2055552937742857
77.0,0.0,0.0,0.01785546874999995,0.0,2.44140625e-06,0.00236865234374995,0.00417041015625,0.0419404296875,0.07812207031249994,5.94817585487163,1.3798550945471515,-0.8850327652036534,31.84215906897262,3.021360168772282,7.513021438856512,0.597743576856137,1.3493387071679335,1.0,0.034365958689182255,5.905212946568593,1.361872193397405,-0.8376833016359212,27.830536305377645,3.128478386226658,7.341509879133199,0.573553331903065,1.4419520793615206,1.0,0.04689114644080974,4.70523663461621,1.3638190838445228,-0.6373164583959642,17.07969680732358,2.938992759324611,7.503839461128232,0.41813203229756657,1.3541410444552868,1.0,0.0951180781099728,3.2265333290845124
78.0,0.0,0.0,0.01783984375,0.0,2.9296875e-06,0.0031406249999999,0.0055107421875,0.043642578125,0.0799482421874999,6.180558099863282,1.3265445485024103,-0.8782777758704896,32.71735258554121,3.359645385358608,7.237628854814939,0.61536448860305,1.5011836355268262,1.0,0.03388026803717735,5.959199898827404,1.3159675802306459,-0.8328690055629213,28.526781016232523,3.436538730013437,7.185997563613871,0.5839897209473298,1.5315574400099485,1.0,0.04447561569955029,4.8682372759747095,1.3384622913168647,-0.6234054375224846,16.18868788375731,3.1549859439023904,7.403286688156739,0.42576059265704114,1.4078722940422024,1.0,0.09433217510307834,3.2475113643947386
79.0,0.0,0.0,0.01767626953125,0.0,3.41796875e-06,0.00394824218749995,0.0067197265625,0.04480224609375,0.0811396484374999,6.354590227342333,1.2836098035210575,-0.881223240170798,33.43738229999551,3.70541405761079,7.06370739428387,0.6332133607662128,1.606104271145853,1.0,0.032145945410627,6.172291550127854,1.2755940260474923,-0.8246243375608702,27.836380307013343,3.7933876325330123,6.925334317181628,0.6041111186665109,1.6951417675115068,1.0,0.04298202360480406,4.9830989102343,1.2867748129363275,-0.6106494636529214,15.657094248135754,3.6103253600446523,7.059892689525885,0.4455760751032096,1.6084905943515277,1.0,0.09274132305565194,3.291830552198978
80.0,0.0,0.0,0.0175126953125,0.0,3.90625e-06,0.004755859375,0.0079287109375,0.0459619140625,0.0823310546874999,6.528622354821385,1.2453516671580958,-0.8841687044711063,34.15741201444982,4.051182729862973,6.90147519952398,0.6510622329293756,1.71102490676488,1.0,0.030411622784076643,6.385383201428303,1.2402291622273856,-0.816379669558819,27.145979597794163,4.150236535052588,6.690568645451384,0.624232516385692,1.8587260950130648,1.0,0.04148843151005784,5.097960544493891,1.2435504968575422,-0.5978934897833582,15.125500612514198,4.065664776186914,6.759293776308766,0.46539155754937805,1.809108894660853,1.0,0.09115047100822553,3.3361497400032176
81.0,0.0,0.0,0.0164755859375,0.0,3.41796875e-06,0.005509277343750001,0.009271972656249999,0.04550244140625,0.08011767578124995,6.4606023605440415,1.1931120564027091,-0.8778931024993344,34.042223128144684,4.59761482236296,6.675846189543216,0.6671608046933135,1.8695507480250262,1.0,0.029063231084768472,6.577306748768842,1.1871187173976196,-0.8211758854009881,27.665485693377484,4.760615460716441,6.530947628498358,0.6398124695287322,1.9799412889878876,1.0,0.03963733929385236,5.2587897500011005,1.20614272561129,-0.589018523832412,14.703831443967339,4.538976711868839,6.507968295151188,0.4766802775950107,1.9981150602855147,1.0,0.08924146842875114,3.392887426775937
82.0,0.0,0.0,0.0154384765625,0.0,2.9296875e-06,0.0062626953125,0.010615234375,0.04504296875,0.077904296875,6.392582366266698,1.1484135928198858,-0.8716175005275624,33.92703424183956,5.1440469148629475,6.470598268803055,0.6832593764572514,2.0280765892851726,1.0,0.0277148393854603,6.76923029610938,1.1421597013026226,-0.825972101243157,28.184991788960808,5.3709943863802945,6.382034141118109,0.6553924226717723,2.1011564829627103,1.0,0.03778624707764688,5.41961895550831,1.1742007846675497,-0.5801435578814659,14.28216227542048,5.012288647550766,6.282290734622194,0.48796899764064333,2.187121225910176,1.0,0.08733246584927673,3.449625113548656
83.0,0.0,0.0,0.013264648437499998,0.0,1.46484375e-06,0.00654296875,0.01101025390625,0.04110888671875,0.06986474609375,5.8367057248458,1.1024832164102976,-0.864497423411146,31.347389752605643,5.996477854186147,6.195218109124051,0.7013755017636903,2.265524841118965,1.0,0.025281368240306724,7.194541977348836,1.088998123696533,-0.8135192977032963,26.530250443332463,6.347552720009202,6.0750958842336376,0.6692524604166705,2.3791771638120407,1.0,0.035845258975175695,5.615508231676916,1.1289516405031548,-0.5674009566197291,13.480452784397512,5.877987162781219,5.961622771326492,0.49884477403260974,2.4928086370449005,1.0,0.0835212922954213,3.5763199349756896
84.0,0.0,0.0,0.0110908203125,0.0,0.0,0.0068232421875,0.0114052734375,0.0371748046875,0.0618251953125,5.280829083424901,1.0680232749742427,-0.8573773462947296,28.767745263371733,6.848908793509347,5.951775095810417,0.7194916270701293,2.5029730929527574,1.0,0.022847897095153148,7.619853658588292,1.0483047603872089,-0.8010664941634356,24.875509097704114,7.324111053638109,5.8080250416370465,0.6831124981615686,2.6571978446613715,1.0,0.03390427087270451,5.8113975078455224,1.0944714375729643,-0.5546583553579923,12.678743293374543,6.743685678011671,5.684964770408873,0.5097205504245762,2.7984960481796253,1.0,0.07971011874156586,3.7030147564027236
85.0,0.0,0.0,0.00757666015625,0.0,4.8828125e-07,0.0054731445312499495,0.009021484375,0.0271357421875,0.0443681640625,3.851387871932177,1.0637340042803967,-0.8650611729427169,28.824687674204547,6.9936958390523705,5.943586496717687,0.7278032164177617,2.5114630479845337,1.0,0.019900990733193638,8.347066109517929,1.069617054403676,-0.8098832837168033,23.10315124970517,7.204721934781843,5.808298520317652,0.6990928811739661,2.656893673350991,1.0,0.028875602117733115,6.518283590163898,1.1044890403155105,-0.5459844669355417,11.365536270008064,6.97305961655693,5.669348979002429,0.5173363711216293,2.817078529821319,1.0,0.07359549154211242,3.954678729726978
86.0,0.0,0.0,0.0040625,0.0,9.765625e-07,0.0041230468749999,0.0066376953125,0.0170966796875,0.0269111328125,2.421946660439453,1.0595617732689688,-0.8727449995907043,28.881630085037365,7.138482884595394,5.935431121792259,0.7361148057653941,2.51995300301631,1.0,0.016954084371234125,9.074278560447565,1.0920545024459627,-0.8187000732701709,21.330793401706224,7.085332815925577,5.808572037119921,0.7150732641863634,2.6565895020406103,1.0,0.023846933362761717,7.225169672482273,1.1187721985666919,-0.537310578513091,10.052329246641584,7.202433555102189,5.653859613045717,0.5249521918186825,2.8356610114630127,1.0,0.06748086434265899,4.206342703051232
87.0,0.0,0.0,0.00203125,0.0,2.9296875e-06,0.0021582031249999,0.0034853515625,0.00873974609375,0.013823242187499949,1.2432570591294423,0.945395597055908,-0.8880382754262892,22.96384783366022,12.06440469137398,5.297204744617696,0.7607564845814212,3.309103640641956,1.0,0.014089842679029543,10.217245826528977,0.90874135886027,-0.8654740355762184,24.36236509322063,13.091354769576462,4.973865131959335,0.7502357137919058,3.828294751020305,1.0,0.019482110699659272,8.304696987361357,1.1125346950916533,-0.5853925476396453,9.374184433917808,8.43422740829261,5.611923902529019,0.6023095479725702,2.8867360416906775,1.0,0.06023991622560103,4.622393847785367
88.0,0.0,0.0,0.0,0.0,4.8828125e-06,0.0001933593749999,0.0003330078125,0.0003828125,0.0007353515624999,0.0645674578194315,0.9095065362234596,-0.903331551261874,17.046065582283077,16.990326498152566,4.8273850308306,0.7853981633974483,4.098254278267602,1.0,0.011225600986824963,11.360213092610387,0.8129889458347174,-0.9122479978822658,27.393936784735036,19.09737672322735,4.417698830495779,0.7853981633974483,5.0,1.0,0.015117288036556823,9.384224302240442,1.1107827835609698,-0.6334745167661996,8.696039621194032,9.666021261483033,5.570897049123453,0.679666904126458,2.9378110719183423,1.0,0.052998968108543064,5.038444992519502
89.0,0.0,0.0,0.0,0.0,9.765625e-06,4.8828125e-06,7.8125e-06,2.9296875e-06,2.34375e-05,0.0028922140820313,3.141592653589793,0.0,0.0,0.0,9.869604401089358,0.0,0.0,0.0,0.0,0.0,3.141592653589793,0.0,0.0,0.0,9.869604401089358,0.0,0.0,0.0,0.0,0.0,3.141592653589793,0.0,0.0,0.0,9.869604401089358,0.0,0.0,0.0,0.0,0.0
