alpha,H,He,Ca,Mg,Si,O,Ca_1,O_1,Mg_2,O_2,Si_3,O_3,amu/ion,phiK_Ca,phiTilt_Ca,phiM_Ca,phiN_Ca,thetaK_Ca,thetaTilt_Ca,thetaM_Ca,thetaN_Ca,energyK_Ca,energyE_Ca,phiK_Mg,phiTilt_Mg,phiM_Mg,phiN_Mg,thetaK_Mg,thetaTilt_Mg,thetaM_Mg,thetaN_Mg,energyK_Mg,energyE_Mg,phiK_O,phiTilt_O,phiM_O,phiN_O,thetaK_O,thetaTilt_O,thetaM_O,thetaN_O,energyK_O,energyE_O,phiK_Si,phiTilt_Si,phiM_Si,phiN_Si,thetaK_Si,thetaTilt_Si,thetaM_Si,thetaN_Si,energyK_Si,energyE_Si
0,0.000E+00,0.000E+00,1.228E-03,1.572E-03,8.164E-04,0.000E+00,4.180E-04,5.088E-04,0.000E+00,0.000E+00,2.369E-03,9.335E-03,3.435E-01,1.854E+00,-2.396E-02,1.446E+00,1.210E+00,3.142E+00,-6.751E-03,2.471E+00,2.371E+00,8.959E-02,3.223E+00,1.745E+00,2.590E-02,1.321E+00,1.724E+00,3.142E+00,-4.321E-03,2.583E+00,2.515E+00,2.325E-01,1.608E+00,1.704E+00,-2.764E-03,1.599E+00,1.639E+00,3.142E+00,4.784E-04,2.540E+00,2.548E+00,1.105E-01,3.208E+00,1.868E+00,1.729E-02,1.249E+00,1.225E+00,3.142E+00,-4.382E-03,2.441E+00,2.376E+00,5.583E-02,5.003E+00
1,0.000E+00,0.000E+00,1.074E-03,1.567E-03,8.932E-04,0.000E+00,5.577E-04,7.104E-04,0.000E+00,0.000E+00,2.264E-03,9.006E-03,3.410E-01,1.835E+00,-2.383E-02,1.432E+00,1.298E+00,3.142E+00,-5.944E-03,2.470E+00,2.382E+00,8.891E-02,3.243E+00,1.712E+00,6.311E-03,1.472E+00,1.720E+00,3.142E+00,-4.241E-03,2.604E+00,2.536E+00,2.318E-01,1.612E+00,1.706E+00,-1.541E-02,1.653E+00,1.642E+00,3.142E+00,3.686E-04,2.549E+00,2.555E+00,1.105E-01,3.208E+00,1.837E+00,-1.130E-03,1.357E+00,1.252E+00,3.142E+00,-4.097E-03,2.428E+00,2.368E+00,5.603E-02,4.990E+00
2,0.000E+00,0.000E+00,9.207E-04,1.562E-03,9.700E-04,0.000E+00,6.975E-04,9.121E-04,0.000E+00,0.000E+00,2.159E-03,8.677E-03,3.385E-01,1.817E+00,-2.369E-02,1.418E+00,1.386E+00,3.142E+00,-5.137E-03,2.468E+00,2.392E+00,8.822E-02,3.263E+00,1.696E+00,-1.327E-02,1.622E+00,1.716E+00,3.142E+00,-4.160E-03,2.624E+00,2.558E+00,2.311E-01,1.616E+00,1.709E+00,-2.806E-02,1.706E+00,1.646E+00,3.142E+00,2.587E-04,2.559E+00,2.563E+00,1.105E-01,3.209E+00,1.828E+00,-1.955E-02,1.464E+00,1.279E+00,3.142E+00,-3.811E-03,2.415E+00,2.359E+00,5.622E-02,4.977E+00
3,0.000E+00,0.000E+00,7.672E-04,1.557E-03,1.047E-03,0.000E+00,8.373E-04,1.114E-03,0.000E+00,0.000E+00,2.055E-03,8.348E-03,3.360E-01,1.800E+00,-2.356E-02,1.405E+00,1.475E+00,3.142E+00,-4.331E-03,2.467E+00,2.402E+00,8.754E-02,3.283E+00,1.690E+00,-3.286E-02,1.772E+00,1.712E+00,3.142E+00,-4.080E-03,2.645E+00,2.579E+00,2.304E-01,1.621E+00,1.712E+00,-4.070E-02,1.759E+00,1.649E+00,3.142E+00,1.489E-04,2.568E+00,2.570E+00,1.104E-01,3.209E+00,1.819E+00,-3.798E-02,1.572E+00,1.306E+00,3.142E+00,-3.526E-03,2.402E+00,2.351E+00,5.642E-02,4.964E+00
4,0.000E+00,0.000E+00,6.905E-04,1.554E-03,1.085E-03,0.000E+00,9.072E-04,1.215E-03,0.000E+00,0.000E+00,2.002E-03,8.184E-03,3.347E-01,1.792E+00,-2.349E-02,1.398E+00,1.519E+00,3.142E+00,-3.927E-03,2.466E+00,2.408E+00,8.719E-02,3.293E+00,1.687E+00,-4.265E-02,1.847E+00,1.710E+00,3.142E+00,-4.040E-03,2.655E+00,2.589E+00,2.300E-01,1.623E+00,1.714E+00,-4.703E-02,1.786E+00,1.651E+00,3.142E+00,9.405E-05,2.572E+00,2.574E+00,1.104E-01,3.209E+00,1.815E+00,-4.719E-02,1.625E+00,1.320E+00,3.142E+00,-3.383E-03,2.396E+00,2.346E+00,5.651E-02,4.958E+00
5,0.000E+00,0.000E+00,6.138E-04,1.552E-03,1.124E-03,0.000E+00,9.771E-04,1.315E-03,0.000E+00,0.000E+00,1.950E-03,8.020E-03,3.335E-01,1.785E+00,-2.343E-02,1.391E+00,1.563E+00,3.142E+00,-3.524E-03,2.465E+00,2.413E+00,8.685E-02,3.303E+00,1.685E+00,-5.244E-02,1.923E+00,1.708E+00,3.142E+00,-4.000E-03,2.665E+00,2.600E+00,2.297E-01,1.625E+00,1.715E+00,-5.335E-02,1.813E+00,1.653E+00,3.142E+00,3.915E-05,2.577E+00,2.577E+00,1.104E-01,3.209E+00,1.812E+00,-5.640E-02,1.679E+00,1.334E+00,3.142E+00,-3.240E-03,2.389E+00,2.342E+00,5.661E-02,4.951E+00
6,0.000E+00,0.000E+00,4.603E-04,1.547E-03,1.200E-03,0.000E+00,1.117E-03,1.517E-03,0.000E+00,0.000E+00,1.845E-03,7.691E-03,3.310E-01,1.770E+00,-2.330E-02,1.377E+00,1.651E+00,3.142E+00,-2.717E-03,2.464E+00,2.423E+00,8.616E-02,3.323E+00,1.682E+00,-7.203E-02,2.073E+00,1.704E+00,3.142E+00,-3.919E-03,2.685E+00,2.621E+00,2.290E-01,1.629E+00,1.718E+00,-6.599E-02,1.866E+00,1.656E+00,3.142E+00,-7.065E-05,2.586E+00,2.585E+00,1.104E-01,3.209E+00,1.805E+00,-7.482E-02,1.786E+00,1.361E+00,3.142E+00,-2.954E-03,2.376E+00,2.334E+00,5.680E-02,4.939E+00
7,0.000E+00,0.000E+00,3.069E-04,1.542E-03,1.277E-03,0.000E+00,1.257E-03,1.719E-03,0.000E+00,0.000E+00,1.740E-03,7.362E-03,3.285E-01,1.757E+00,-2.316E-02,1.364E+00,1.740E+00,3.142E+00,-1.910E-03,2.462E+00,2.434E+00,8.548E-02,3.343E+00,1.680E+00,-9.161E-02,2.223E+00,1.700E+00,3.142E+00,-3.839E-03,2.706E+00,2.642E+00,2.283E-01,1.633E+00,1.721E+00,-7.864E-02,1.920E+00,1.660E+00,3.142E+00,-1.805E-04,2.595E+00,2.592E+00,1.104E-01,3.210E+00,1.799E+00,-9.325E-02,1.894E+00,1.388E+00,3.142E+00,-2.669E-03,2.364E+00,2.325E+00,5.700E-02,4.926E+00
8,0.000E+00,0.000E+00,1.534E-04,1.536E-03,1.354E-03,0.000E+00,1.396E-03,1.920E-03,0.000E+00,0.000E+00,1.635E-03,7.033E-03,3.260E-01,1.745E+00,-2.303E-02,1.350E+00,1.828E+00,3.142E+00,-1.103E-03,2.461E+00,2.444E+00,8.479E-02,3.363E+00,1.680E+00,-1.112E-01,2.373E+00,1.697E+00,3.142E+00,-3.759E-03,2.726E+00,2.663E+00,2.276E-01,1.638E+00,1.724E+00,-9.129E-02,1.973E+00,1.663E+00,3.142E+00,-2.903E-04,2.604E+00,2.600E+00,1.104E-01,3.210E+00,1.793E+00,-1.117E-01,2.001E+00,1.415E+00,3.142E+00,-2.383E-03,2.351E+00,2.317E+00,5.719E-02,4.913E+00
9,0.000E+00,0.000E+00,7.672E-05,1.534E-03,1.392E-03,0.000E+00,1.466E-03,2.021E-03,0.000E+00,0.000E+00,1.583E-03,6.869E-03,3.247E-01,1.739E+00,-2.296E-02,1.343E+00,1.872E+00,3.142E+00,-7.000E-04,2.460E+00,2.449E+00,8.445E-02,3.373E+00,1.680E+00,-1.210E-01,2.449E+00,1.695E+00,3.142E+00,-3.718E-03,2.736E+00,2.673E+00,2.273E-01,1.640E+00,1.726E+00,-9.761E-02,2.000E+00,1.665E+00,3.142E+00,-3.452E-04,2.609E+00,2.603E+00,1.104E-01,3.210E+00,1.791E+00,-1.209E-01,2.055E+00,1.429E+00,3.142E+00,-2.241E-03,2.344E+00,2.312E+00,5.729E-02,4.907E+00
10,0.000E+00,0.000E+00,0.000E+00,1.531E-03,1.431E-03,0.000E+00,1.536E-03,2.122E-03,0.000E+00,0.000E+00,1.530E-03,6.704E-03,3.234E-01,1.733E+00,-2.290E-02,1.336E+00,1.916E+00,3.142E+00,-2.966E-04,2.459E+00,2.455E+00,8.410E-02,3.382E+00,1.680E+00,-1.308E-01,2.524E+00,1.693E+00,3.142E+00,-3.678E-03,2.747E+00,2.684E+00,2.269E-01,1.642E+00,1.728E+00,-1.039E-01,2.027E+00,1.666E+00,3.142E+00,-4.001E-04,2.614E+00,2.607E+00,1.104E-01,3.210E+00,1.789E+00,-1.301E-01,2.109E+00,1.442E+00,3.142E+00,-2.098E-03,2.338E+00,2.308E+00,5.739E-02,4.900E+00
11,0.000E+00,0.000E+00,0.000E+00,1.570E-03,1.490E-03,0.000E+00,1.565E-03,2.169E-03,0.000E+00,2.441E-07,1.553E-03,6.801E-03,3.301E-01,1.739E+00,-4.177E-02,1.412E+00,1.894E+00,3.142E+00,-1.072E-03,2.473E+00,2.457E+00,8.431E-02,3.376E+00,1.681E+00,-1.333E-01,2.490E+00,1.722E+00,3.142E+00,-4.006E-03,2.723E+00,2.655E+00,2.267E-01,1.643E+00,1.723E+00,-1.095E-01,2.043E+00,1.703E+00,3.142E+00,-4.890E-04,2.613E+00,2.605E+00,1.100E-01,3.220E+00,1.789E+00,-1.413E-01,2.169E+00,1.448E+00,3.142E+00,-2.852E-03,2.372E+00,2.330E+00,5.726E-02,4.908E+00
12,0.000E+00,0.000E+00,0.000E+00,1.609E-03,1.549E-03,0.000E+00,1.593E-03,2.215E-03,0.000E+00,4.883E-07,1.576E-03,6.898E-03,3.367E-01,1.745E+00,-6.063E-02,1.488E+00,1.872E+00,3.142E+00,-1.847E-03,2.488E+00,2.459E+00,8.451E-02,3.370E+00,1.682E+00,-1.358E-01,2.456E+00,1.751E+00,3.142E+00,-4.334E-03,2.698E+00,2.627E+00,2.265E-01,1.645E+00,1.719E+00,-1.150E-01,2.060E+00,1.740E+00,3.142E+00,-5.780E-04,2.613E+00,2.604E+00,1.096E-01,3.229E+00,1.790E+00,-1.525E-01,2.230E+00,1.454E+00,3.142E+00,-3.607E-03,2.406E+00,2.352E+00,5.714E-02,4.916E+00
13,0.000E+00,0.000E+00,0.000E+00,1.648E-03,1.608E-03,0.000E+00,1.622E-03,2.262E-03,0.000E+00,7.324E-07,1.599E-03,6.995E-03,3.434E-01,1.751E+00,-7.950E-02,1.564E+00,1.850E+00,3.142E+00,-2.623E-03,2.502E+00,2.461E+00,8.472E-02,3.364E+00,1.683E+00,-1.384E-01,2.421E+00,1.780E+00,3.142E+00,-4.662E-03,2.674E+00,2.599E+00,2.263E-01,1.646E+00,1.714E+00,-1.206E-01,2.077E+00,1.777E+00,3.142E+00,-6.669E-04,2.613E+00,2.602E+00,1.093E-01,3.239E+00,1.791E+00,-1.637E-01,2.290E+00,1.460E+00,3.142E+00,-4.361E-03,2.440E+00,2.374E+00,5.702E-02,4.924E+00
14,0.000E+00,0.000E+00,0.000E+00,1.668E-03,1.637E-03,0.000E+00,1.636E-03,2.285E-03,0.000E+00,8.545E-07,1.611E-03,7.043E-03,3.467E-01,1.755E+00,-8.894E-02,1.602E+00,1.839E+00,3.142E+00,-3.010E-03,2.509E+00,2.462E+00,8.482E-02,3.361E+00,1.684E+00,-1.396E-01,2.404E+00,1.794E+00,3.142E+00,-4.827E-03,2.662E+00,2.584E+00,2.262E-01,1.647E+00,1.712E+00,-1.234E-01,2.085E+00,1.796E+00,3.142E+00,-7.114E-04,2.612E+00,2.601E+00,1.091E-01,3.244E+00,1.791E+00,-1.693E-01,2.321E+00,1.463E+00,3.142E+00,-4.739E-03,2.458E+00,2.385E+00,5.696E-02,4.928E+00
15,0.000E+00,0.000E+00,0.000E+00,1.687E-03,1.667E-03,0.000E+00,1.650E-03,2.308E-03,0.000E+00,9.766E-07,1.622E-03,7.092E-03,3.500E-01,1.758E+00,-9.837E-02,1.640E+00,1.828E+00,3.142E+00,-3.398E-03,2.516E+00,2.464E+00,8.493E-02,3.358E+00,1.684E+00,-1.409E-01,2.387E+00,1.809E+00,3.142E+00,-4.991E-03,2.650E+00,2.570E+00,2.261E-01,1.647E+00,1.710E+00,-1.261E-01,2.094E+00,1.814E+00,3.142E+00,-7.559E-04,2.612E+00,2.600E+00,1.089E-01,3.248E+00,1.791E+00,-1.749E-01,2.351E+00,1.466E+00,3.142E+00,-5.116E-03,2.475E+00,2.396E+00,5.690E-02,4.932E+00
16,0.000E+00,0.000E+00,0.000E+00,1.726E-03,1.726E-03,0.000E+00,1.679E-03,2.355E-03,0.000E+00,1.221E-06,1.645E-03,7.189E-03,3.566E-01,1.766E+00,-1.172E-01,1.716E+00,1.806E+00,3.142E+00,-4.174E-03,2.531E+00,2.466E+00,8.513E-02,3.352E+00,1.686E+00,-1.434E-01,2.353E+00,1.837E+00,3.142E+00,-5.319E-03,2.626E+00,2.542E+00,2.259E-01,1.648E+00,1.706E+00,-1.317E-01,2.110E+00,1.851E+00,3.142E+00,-8.449E-04,2.612E+00,2.598E+00,1.085E-01,3.258E+00,1.792E+00,-1.861E-01,2.411E+00,1.472E+00,3.142E+00,-5.871E-03,2.509E+00,2.418E+00,5.677E-02,4.940E+00
17,0.000E+00,0.000E+00,0.000E+00,1.765E-03,1.785E-03,0.000E+00,1.708E-03,2.401E-03,0.000E+00,1.465E-06,1.668E-03,7.286E-03,3.633E-01,1.773E+00,-1.361E-01,1.792E+00,1.784E+00,3.142E+00,-4.949E-03,2.545E+00,2.468E+00,8.534E-02,3.345E+00,1.687E+00,-1.460E-01,2.319E+00,1.866E+00,3.142E+00,-5.647E-03,2.602E+00,2.514E+00,2.257E-01,1.650E+00,1.702E+00,-1.373E-01,2.127E+00,1.888E+00,3.142E+00,-9.338E-04,2.612E+00,2.596E+00,1.081E-01,3.268E+00,1.794E+00,-1.973E-01,2.472E+00,1.478E+00,3.142E+00,-6.625E-03,2.543E+00,2.439E+00,5.665E-02,4.948E+00
18,0.000E+00,0.000E+00,0.000E+00,1.804E-03,1.844E-03,0.000E+00,1.736E-03,2.448E-03,0.000E+00,1.709E-06,1.691E-03,7.383E-03,3.699E-01,1.781E+00,-1.550E-01,1.868E+00,1.762E+00,3.142E+00,-5.724E-03,2.559E+00,2.470E+00,8.554E-02,3.339E+00,1.689E+00,-1.485E-01,2.285E+00,1.895E+00,3.142E+00,-5.975E-03,2.578E+00,2.485E+00,2.254E-01,1.651E+00,1.698E+00,-1.428E-01,2.144E+00,1.925E+00,3.142E+00,-1.023E-03,2.611E+00,2.595E+00,1.077E-01,3.277E+00,1.795E+00,-2.085E-01,2.533E+00,1.484E+00,3.142E+00,-7.380E-03,2.577E+00,2.461E+00,5.653E-02,4.956E+00
19,0.000E+00,0.000E+00,0.000E+00,1.823E-03,1.874E-03,0.000E+00,1.750E-03,2.471E-03,0.000E+00,1.831E-06,1.702E-03,7.431E-03,3.732E-01,1.785E+00,-1.644E-01,1.906E+00,1.751E+00,3.142E+00,-6.112E-03,2.567E+00,2.471E+00,8.565E-02,3.336E+00,1.690E+00,-1.498E-01,2.268E+00,1.910E+00,3.142E+00,-6.139E-03,2.566E+00,2.471E+00,2.253E-01,1.652E+00,1.696E+00,-1.456E-01,2.152E+00,1.944E+00,3.142E+00,-1.067E-03,2.611E+00,2.594E+00,1.075E-01,3.282E+00,1.795E+00,-2.141E-01,2.563E+00,1.487E+00,3.142E+00,-7.757E-03,2.594E+00,2.472E+00,5.647E-02,4.960E+00
20,0.000E+00,0.000E+00,0.000E+00,1.843E-03,1.903E-03,0.000E+00,1.765E-03,2.494E-03,0.000E+00,1.953E-06,1.714E-03,7.479E-03,3.765E-01,1.789E+00,-1.738E-01,1.944E+00,1.740E+00,3.142E+00,-6.500E-03,2.574E+00,2.472E+00,8.575E-02,3.333E+00,1.691E+00,-1.510E-01,2.251E+00,1.924E+00,3.142E+00,-6.303E-03,2.554E+00,2.457E+00,2.252E-01,1.652E+00,1.694E+00,-1.484E-01,2.161E+00,1.962E+00,3.142E+00,-1.112E-03,2.611E+00,2.593E+00,1.074E-01,3.287E+00,1.796E+00,-2.197E-01,2.593E+00,1.490E+00,3.142E+00,-8.134E-03,2.611E+00,2.483E+00,5.641E-02,4.964E+00
21,0.000E+00,0.000E+00,0.000E+00,1.895E-03,1.937E-03,0.000E+00,1.828E-03,2.578E-03,0.000E+00,1.709E-06,1.792E-03,7.787E-03,3.897E-01,1.784E+00,-1.933E-01,2.107E+00,1.729E+00,3.142E+00,-5.497E-03,2.545E+00,2.459E+00,8.499E-02,3.357E+00,1.689E+00,-1.766E-01,2.538E+00,1.854E+00,3.142E+00,-6.001E-03,2.582E+00,2.488E+00,2.236E-01,1.664E+00,1.694E+00,-1.696E-01,2.346E+00,1.925E+00,3.142E+00,-1.275E-03,2.617E+00,2.596E+00,1.067E-01,3.304E+00,1.797E+00,-2.353E-01,2.661E+00,1.510E+00,3.142E+00,-7.082E-03,2.579E+00,2.467E+00,5.649E-02,4.959E+00
22,0.000E+00,0.000E+00,0.000E+00,1.946E-03,1.971E-03,0.000E+00,1.891E-03,2.661E-03,0.000E+00,1.465E-06,1.870E-03,8.095E-03,4.028E-01,1.780E+00,-2.127E-01,2.270E+00,1.718E+00,3.142E+00,-4.495E-03,2.516E+00,2.445E+00,8.423E-02,3.381E+00,1.692E+00,-2.021E-01,2.825E+00,1.784E+00,3.142E+00,-5.700E-03,2.610E+00,2.520E+00,2.219E-01,1.675E+00,1.696E+00,-1.909E-01,2.531E+00,1.888E+00,3.142E+00,-1.438E-03,2.623E+00,2.600E+00,1.060E-01,3.322E+00,1.798E+00,-2.509E-01,2.728E+00,1.530E+00,3.142E+00,-6.031E-03,2.546E+00,2.451E+00,5.657E-02,4.953E+00
23,0.000E+00,0.000E+00,0.000E+00,1.998E-03,2.004E-03,0.000E+00,1.954E-03,2.745E-03,0.000E+00,1.221E-06,1.948E-03,8.402E-03,4.160E-01,1.777E+00,-2.321E-01,2.432E+00,1.707E+00,3.142E+00,-3.492E-03,2.486E+00,2.431E+00,8.348E-02,3.404E+00,1.699E+00,-2.276E-01,3.112E+00,1.714E+00,3.142E+00,-5.398E-03,2.638E+00,2.552E+00,2.203E-01,1.686E+00,1.699E+00,-2.122E-01,2.716E+00,1.851E+00,3.142E+00,-1.601E-03,2.629E+00,2.603E+00,1.054E-01,3.340E+00,1.799E+00,-2.666E-01,2.796E+00,1.549E+00,3.142E+00,-4.979E-03,2.513E+00,2.435E+00,5.666E-02,4.948E+00
24,0.000E+00,0.000E+00,0.000E+00,2.024E-03,2.021E-03,0.000E+00,1.985E-03,2.786E-03,0.000E+00,1.099E-06,1.987E-03,8.556E-03,4.225E-01,1.776E+00,-2.419E-01,2.513E+00,1.701E+00,3.142E+00,-2.991E-03,2.472E+00,2.425E+00,8.310E-02,3.416E+00,1.704E+00,-2.404E-01,3.256E+00,1.679E+00,3.142E+00,-5.247E-03,2.652E+00,2.568E+00,2.195E-01,1.691E+00,1.702E+00,-2.229E-01,2.808E+00,1.833E+00,3.142E+00,-1.683E-03,2.632E+00,2.605E+00,1.051E-01,3.348E+00,1.800E+00,-2.744E-01,2.829E+00,1.559E+00,3.142E+00,-4.453E-03,2.497E+00,2.427E+00,5.670E-02,4.945E+00
25,0.000E+00,0.000E+00,0.000E+00,2.050E-03,2.038E-03,0.000E+00,2.017E-03,2.828E-03,0.000E+00,9.766E-07,2.026E-03,8.710E-03,4.291E-01,1.776E+00,-2.516E-01,2.595E+00,1.696E+00,3.142E+00,-2.490E-03,2.457E+00,2.418E+00,8.272E-02,3.428E+00,1.710E+00,-2.531E-01,3.399E+00,1.643E+00,3.142E+00,-5.096E-03,2.666E+00,2.583E+00,2.186E-01,1.697E+00,1.705E+00,-2.335E-01,2.901E+00,1.814E+00,3.142E+00,-1.765E-03,2.635E+00,2.606E+00,1.047E-01,3.357E+00,1.800E+00,-2.822E-01,2.863E+00,1.569E+00,3.142E+00,-3.927E-03,2.481E+00,2.418E+00,5.674E-02,4.943E+00
26,0.000E+00,0.000E+00,0.000E+00,2.102E-03,2.072E-03,0.000E+00,2.080E-03,2.912E-03,0.000E+00,7.324E-07,2.104E-03,9.018E-03,4.422E-01,1.776E+00,-2.710E-01,2.757E+00,1.685E+00,3.142E+00,-1.488E-03,2.428E+00,2.404E+00,8.196E-02,3.452E+00,1.723E+00,-2.787E-01,3.686E+00,1.573E+00,3.142E+00,-4.795E-03,2.694E+00,2.615E+00,2.170E-01,1.708E+00,1.711E+00,-2.548E-01,3.086E+00,1.778E+00,3.142E+00,-1.928E-03,2.641E+00,2.610E+00,1.041E-01,3.375E+00,1.801E+00,-2.978E-01,2.931E+00,1.589E+00,3.142E+00,-2.875E-03,2.448E+00,2.402E+00,5.682E-02,4.937E+00
27,0.000E+00,0.000E+00,0.000E+00,2.153E-03,2.105E-03,0.000E+00,2.143E-03,2.995E-03,0.000E+00,4.883E-07,2.183E-03,9.325E-03,4.554E-01,1.777E+00,-2.905E-01,2.920E+00,1.674E+00,3.142E+00,-4.851E-04,2.399E+00,2.390E+00,8.121E-02,3.476E+00,1.740E+00,-3.042E-01,3.974E+00,1.503E+00,3.142E+00,-4.493E-03,2.721E+00,2.647E+00,2.153E-01,1.719E+00,1.719E+00,-2.761E-01,3.271E+00,1.741E+00,3.142E+00,-2.091E-03,2.648E+00,2.613E+00,1.034E-01,3.392E+00,1.802E+00,-3.134E-01,2.998E+00,1.608E+00,3.142E+00,-1.824E-03,2.415E+00,2.386E+00,5.690E-02,4.932E+00
28,0.000E+00,0.000E+00,0.000E+00,2.205E-03,2.139E-03,0.000E+00,2.206E-03,3.079E-03,0.000E+00,2.441E-07,2.261E-03,9.633E-03,4.685E-01,1.779E+00,-3.099E-01,3.083E+00,1.663E+00,3.142E+00,5.173E-04,2.370E+00,2.377E+00,8.045E-02,3.499E+00,1.760E+00,-3.297E-01,4.261E+00,1.433E+00,3.142E+00,-4.191E-03,2.749E+00,2.678E+00,2.137E-01,1.730E+00,1.728E+00,-2.974E-01,3.456E+00,1.704E+00,3.142E+00,-2.254E-03,2.654E+00,2.616E+00,1.028E-01,3.410E+00,1.803E+00,-3.291E-01,3.066E+00,1.628E+00,3.142E+00,-7.720E-04,2.383E+00,2.370E+00,5.699E-02,4.926E+00
29,0.000E+00,0.000E+00,0.000E+00,2.231E-03,2.156E-03,0.000E+00,2.237E-03,3.120E-03,0.000E+00,1.221E-07,2.300E-03,9.787E-03,4.751E-01,1.780E+00,-3.196E-01,3.164E+00,1.657E+00,3.142E+00,1.019E-03,2.356E+00,2.370E+00,8.007E-02,3.511E+00,1.771E+00,-3.425E-01,4.404E+00,1.398E+00,3.142E+00,-4.041E-03,2.763E+00,2.694E+00,2.129E-01,1.735E+00,1.733E+00,-3.080E-01,3.548E+00,1.685E+00,3.142E+00,-2.336E-03,2.657E+00,2.618E+00,1.024E-01,3.419E+00,1.803E+00,-3.369E-01,3.100E+00,1.638E+00,3.142E+00,-2.462E-04,2.366E+00,2.362E+00,5.703E-02,4.924E+00
30,0.000E+00,0.000E+00,0.000E+00,2.257E-03,2.173E-03,0.000E+00,2.269E-03,3.162E-03,0.000E+00,0.000E+00,2.339E-03,9.940E-03,4.816E-01,1.782E+00,-3.293E-01,3.245E+00,1.651E+00,3.142E+00,1.520E-03,2.341E+00,2.363E+00,7.969E-02,3.523E+00,1.782E+00,-3.552E-01,4.548E+00,1.362E+00,3.142E+00,-3.890E-03,2.777E+00,2.710E+00,2.120E-01,1.741E+00,1.738E+00,-3.187E-01,3.641E+00,1.667E+00,3.142E+00,-2.417E-03,2.660E+00,2.620E+00,1.021E-01,3.428E+00,1.803E+00,-3.447E-01,3.133E+00,1.648E+00,3.142E+00,2.797E-04,2.350E+00,2.354E+00,5.707E-02,4.921E+00
31,0.000E+00,0.000E+00,0.000E+00,2.415E-03,2.271E-03,0.000E+00,2.419E-03,3.345E-03,0.000E+00,1.221E-07,2.553E-03,1.076E-02,5.163E-01,1.772E+00,-3.569E-01,3.603E+00,1.659E+00,3.142E+00,8.042E-04,2.357E+00,2.369E+00,7.911E-02,3.544E+00,1.755E+00,-3.455E-01,4.363E+00,1.474E+00,3.142E+00,-3.368E-03,2.771E+00,2.713E+00,2.111E-01,1.747E+00,1.731E+00,-3.224E-01,3.672E+00,1.700E+00,3.142E+00,-2.253E-03,2.660E+00,2.622E+00,1.015E-01,3.447E+00,1.793E+00,-3.679E-01,3.457E+00,1.651E+00,3.142E+00,-4.048E-04,2.375E+00,2.368E+00,5.627E-02,4.978E+00
32,0.000E+00,0.000E+00,0.000E+00,2.495E-03,2.320E-03,0.000E+00,2.494E-03,3.436E-03,0.000E+00,1.831E-07,2.660E-03,1.117E-02,5.336E-01,1.768E+00,-3.707E-01,3.782E+00,1.662E+00,3.142E+00,4.464E-04,2.365E+00,2.371E+00,7.881E-02,3.554E+00,1.743E+00,-3.406E-01,4.271E+00,1.529E+00,3.142E+00,-3.106E-03,2.768E+00,2.714E+00,2.107E-01,1.751E+00,1.728E+00,-3.242E-01,3.688E+00,1.717E+00,3.142E+00,-2.171E-03,2.660E+00,2.624E+00,1.012E-01,3.456E+00,1.788E+00,-3.795E-01,3.619E+00,1.653E+00,3.142E+00,-7.471E-04,2.387E+00,2.375E+00,5.588E-02,5.006E+00
33,0.000E+00,0.000E+00,0.000E+00,2.574E-03,2.369E-03,0.000E+00,2.570E-03,3.527E-03,0.000E+00,2.441E-07,2.767E-03,1.158E-02,5.510E-01,1.765E+00,-3.845E-01,3.962E+00,1.666E+00,3.142E+00,8.864E-05,2.374E+00,2.374E+00,7.852E-02,3.564E+00,1.732E+00,-3.357E-01,4.178E+00,1.585E+00,3.142E+00,-2.845E-03,2.765E+00,2.716E+00,2.102E-01,1.754E+00,1.724E+00,-3.260E-01,3.703E+00,1.734E+00,3.142E+00,-2.089E-03,2.659E+00,2.625E+00,1.008E-01,3.465E+00,1.784E+00,-3.911E-01,3.781E+00,1.654E+00,3.142E+00,-1.089E-03,2.399E+00,2.382E+00,5.548E-02,5.035E+00
34,0.000E+00,0.000E+00,0.000E+00,2.653E-03,2.418E-03,0.000E+00,2.645E-03,3.619E-03,0.000E+00,3.052E-07,2.874E-03,1.199E-02,5.683E-01,1.762E+00,-3.983E-01,4.141E+00,1.670E+00,3.142E+00,-2.691E-04,2.382E+00,2.377E+00,7.823E-02,3.574E+00,1.721E+00,-3.308E-01,4.086E+00,1.641E+00,3.142E+00,-2.584E-03,2.762E+00,2.717E+00,2.098E-01,1.757E+00,1.721E+00,-3.279E-01,3.719E+00,1.751E+00,3.142E+00,-2.007E-03,2.659E+00,2.626E+00,1.005E-01,3.475E+00,1.781E+00,-4.027E-01,3.943E+00,1.656E+00,3.142E+00,-1.432E-03,2.412E+00,2.389E+00,5.508E-02,5.063E+00
35,0.000E+00,0.000E+00,0.000E+00,2.733E-03,2.467E-03,0.000E+00,2.720E-03,3.710E-03,0.000E+00,3.662E-07,2.981E-03,1.240E-02,5.857E-01,1.760E+00,-4.121E-01,4.320E+00,1.673E+00,3.142E+00,-6.269E-04,2.390E+00,2.380E+00,7.794E-02,3.585E+00,1.711E+00,-3.259E-01,3.993E+00,1.696E+00,3.142E+00,-2.323E-03,2.758E+00,2.718E+00,2.093E-01,1.761E+00,1.718E+00,-3.297E-01,3.734E+00,1.767E+00,3.142E+00,-1.925E-03,2.659E+00,2.627E+00,1.002E-01,3.484E+00,1.778E+00,-4.143E-01,4.105E+00,1.657E+00,3.142E+00,-1.774E-03,2.424E+00,2.397E+00,5.468E-02,5.092E+00
36,0.000E+00,0.000E+00,0.000E+00,2.812E-03,2.516E-03,0.000E+00,2.795E-03,3.801E-03,0.000E+00,4.272E-07,3.088E-03,1.281E-02,6.030E-01,1.758E+00,-4.259E-01,4.499E+00,1.677E+00,3.142E+00,-9.847E-04,2.398E+00,2.383E+00,7.765E-02,3.595E+00,1.702E+00,-3.210E-01,3.901E+00,1.752E+00,3.142E+00,-2.062E-03,2.755E+00,2.720E+00,2.089E-01,1.764E+00,1.714E+00,-3.316E-01,3.750E+00,1.784E+00,3.142E+00,-1.843E-03,2.659E+00,2.629E+00,9.987E-02,3.494E+00,1.776E+00,-4.259E-01,4.267E+00,1.659E+00,3.142E+00,-2.116E-03,2.437E+00,2.404E+00,5.428E-02,5.120E+00
37,0.000E+00,0.000E+00,0.000E+00,2.891E-03,2.565E-03,0.000E+00,2.871E-03,3.893E-03,0.000E+00,4.883E-07,3.195E-03,1.322E-02,6.203E-01,1.756E+00,-4.397E-01,4.678E+00,1.681E+00,3.142E+00,-1.342E-03,2.406E+00,2.386E+00,7.735E-02,3.605E+00,1.693E+00,-3.161E-01,3.809E+00,1.808E+00,3.142E+00,-1.801E-03,2.752E+00,2.721E+00,2.084E-01,1.767E+00,1.711E+00,-3.334E-01,3.766E+00,1.801E+00,3.142E+00,-1.761E-03,2.659E+00,2.630E+00,9.955E-02,3.503E+00,1.774E+00,-4.376E-01,4.429E+00,1.661E+00,3.142E+00,-2.458E-03,2.449E+00,2.411E+00,5.389E-02,5.149E+00
38,0.000E+00,0.000E+00,0.000E+00,2.970E-03,2.615E-03,0.000E+00,2.946E-03,3.984E-03,0.000E+00,5.493E-07,3.302E-03,1.363E-02,6.377E-01,1.755E+00,-4.535E-01,4.857E+00,1.684E+00,3.142E+00,-1.700E-03,2.414E+00,2.388E+00,7.706E-02,3.615E+00,1.685E+00,-3.112E-01,3.716E+00,1.863E+00,3.142E+00,-1.540E-03,2.749E+00,2.722E+00,2.079E-01,1.771E+00,1.708E+00,-3.353E-01,3.781E+00,1.818E+00,3.142E+00,-1.679E-03,2.659E+00,2.631E+00,9.923E-02,3.513E+00,1.772E+00,-4.492E-01,4.591E+00,1.662E+00,3.142E+00,-2.801E-03,2.461E+00,2.418E+00,5.349E-02,5.177E+00
39,0.000E+00,0.000E+00,0.000E+00,3.050E-03,2.664E-03,0.000E+00,3.021E-03,4.075E-03,0.000E+00,6.104E-07,3.409E-03,1.404E-02,6.550E-01,1.755E+00,-4.672E-01,5.036E+00,1.688E+00,3.142E+00,-2.058E-03,2.422E+00,2.391E+00,7.677E-02,3.626E+00,1.678E+00,-3.063E-01,3.624E+00,1.919E+00,3.142E+00,-1.279E-03,2.746E+00,2.724E+00,2.075E-01,1.774E+00,1.705E+00,-3.371E-01,3.797E+00,1.835E+00,3.142E+00,-1.597E-03,2.659E+00,2.632E+00,9.891E-02,3.522E+00,1.771E+00,-4.608E-01,4.753E+00,1.664E+00,3.142E+00,-3.143E-03,2.474E+00,2.425E+00,5.309E-02,5.206E+00
40,0.000E+00,0.000E+00,0.000E+00,3.129E-03,2.713E-03,0.000E+00,3.096E-03,4.167E-03,0.000E+00,6.714E-07,3.516E-03,1.445E-02,6.724E-01,1.754E+00,-4.810E-01,5.215E+00,1.692E+00,3.142E+00,-2.416E-03,2.430E+00,2.394E+00,7.648E-02,3.636E+00,1.671E+00,-3.014E-01,3.531E+00,1.975E+00,3.142E+00,-1.018E-03,2.743E+00,2.725E+00,2.070E-01,1.777E+00,1.702E+00,-3.390E-01,3.813E+00,1.851E+00,3.142E+00,-1.515E-03,2.659E+00,2.634E+00,9.859E-02,3.532E+00,1.770E+00,-4.724E-01,4.915E+00,1.666E+00,3.142E+00,-3.485E-03,2.486E+00,2.432E+00,5.269E-02,5.234E+00
41,0.000E+00,0.000E+00,0.000E+00,3.208E-03,2.762E-03,0.000E+00,3.172E-03,4.258E-03,0.000E+00,7.324E-07,3.624E-03,1.486E-02,6.897E-01,1.754E+00,-4.948E-01,5.395E+00,1.695E+00,3.142E+00,-2.774E-03,2.439E+00,2.397E+00,7.618E-02,3.646E+00,1.665E+00,-2.965E-01,3.439E+00,2.030E+00,3.142E+00,-7.567E-04,2.740E+00,2.727E+00,2.066E-01,1.781E+00,1.699E+00,-3.408E-01,3.828E+00,1.868E+00,3.142E+00,-1.433E-03,2.659E+00,2.635E+00,9.826E-02,3.541E+00,1.769E+00,-4.840E-01,5.077E+00,1.667E+00,3.142E+00,-3.828E-03,2.499E+00,2.439E+00,5.230E-02,5.263E+00
42,0.000E+00,0.000E+00,0.000E+00,3.288E-03,2.811E-03,0.000E+00,3.247E-03,4.349E-03,0.000E+00,7.935E-07,3.731E-03,1.527E-02,7.071E-01,1.755E+00,-5.086E-01,5.574E+00,1.699E+00,3.142E+00,-3.131E-03,2.447E+00,2.400E+00,7.589E-02,3.656E+00,1.659E+00,-2.917E-01,3.347E+00,2.086E+00,3.142E+00,-4.956E-04,2.737E+00,2.728E+00,2.061E-01,1.784E+00,1.695E+00,-3.427E-01,3.844E+00,1.885E+00,3.142E+00,-1.351E-03,2.659E+00,2.636E+00,9.794E-02,3.551E+00,1.768E+00,-4.956E-01,5.239E+00,1.669E+00,3.142E+00,-4.170E-03,2.511E+00,2.446E+00,5.190E-02,5.291E+00
43,0.000E+00,0.000E+00,0.000E+00,3.367E-03,2.860E-03,0.000E+00,3.322E-03,4.440E-03,0.000E+00,8.545E-07,3.838E-03,1.568E-02,7.244E-01,1.755E+00,-5.224E-01,5.753E+00,1.703E+00,3.142E+00,-3.489E-03,2.455E+00,2.403E+00,7.560E-02,3.666E+00,1.654E+00,-2.868E-01,3.254E+00,2.141E+00,3.142E+00,-2.345E-04,2.733E+00,2.729E+00,2.057E-01,1.787E+00,1.692E+00,-3.445E-01,3.859E+00,1.902E+00,3.142E+00,-1.268E-03,2.659E+00,2.637E+00,9.762E-02,3.560E+00,1.768E+00,-5.072E-01,5.401E+00,1.670E+00,3.142E+00,-4.512E-03,2.524E+00,2.453E+00,5.150E-02,5.320E+00
44,0.000E+00,0.000E+00,0.000E+00,3.446E-03,2.909E-03,0.000E+00,3.397E-03,4.532E-03,0.000E+00,9.155E-07,3.945E-03,1.609E-02,7.417E-01,1.756E+00,-5.362E-01,5.932E+00,1.706E+00,3.142E+00,-3.847E-03,2.463E+00,2.405E+00,7.531E-02,3.677E+00,1.650E+00,-2.819E-01,3.162E+00,2.197E+00,3.142E+00,2.661E-05,2.730E+00,2.731E+00,2.052E-01,1.790E+00,1.689E+00,-3.464E-01,3.875E+00,1.918E+00,3.142E+00,-1.186E-03,2.658E+00,2.639E+00,9.730E-02,3.570E+00,1.768E+00,-5.188E-01,5.563E+00,1.672E+00,3.142E+00,-4.854E-03,2.536E+00,2.461E+00,5.110E-02,5.348E+00
45,0.000E+00,0.000E+00,0.000E+00,3.525E-03,2.958E-03,0.000E+00,3.473E-03,4.623E-03,0.000E+00,9.766E-07,4.052E-03,1.650E-02,7.591E-01,1.756E+00,-5.500E-01,6.111E+00,1.710E+00,3.142E+00,-4.205E-03,2.471E+00,2.408E+00,7.502E-02,3.687E+00,1.646E+00,-2.770E-01,3.070E+00,2.253E+00,3.142E+00,2.877E-04,2.727E+00,2.732E+00,2.048E-01,1.794E+00,1.686E+00,-3.482E-01,3.891E+00,1.935E+00,3.142E+00,-1.104E-03,2.658E+00,2.640E+00,9.698E-02,3.579E+00,1.768E+00,-5.304E-01,5.725E+00,1.674E+00,3.142E+00,-5.197E-03,2.548E+00,2.468E+00,5.070E-02,5.376E+00
46,0.000E+00,0.000E+00,0.000E+00,3.723E-03,3.063E-03,0.000E+00,3.741E-03,5.062E-03,4.883E-07,1.953E-06,4.329E-03,1.753E-02,8.091E-01,1.762E+00,-5.755E-01,6.746E+00,1.660E+00,3.142E+00,-4.203E-03,2.561E+00,2.495E+00,7.276E-02,3.774E+00,1.663E+00,-2.805E-01,2.902E+00,2.266E+00,3.142E+00,2.715E-03,2.558E+00,2.599E+00,2.140E-01,1.730E+00,1.682E+00,-3.523E-01,3.916E+00,1.965E+00,3.142E+00,-1.790E-03,2.677E+00,2.647E+00,9.682E-02,3.584E+00,1.756E+00,-5.901E-01,7.404E+00,1.637E+00,3.142E+00,-4.467E-03,2.537E+00,2.468E+00,5.158E-02,5.309E+00
47,0.000E+00,0.000E+00,0.000E+00,3.822E-03,3.115E-03,0.000E+00,3.875E-03,5.281E-03,7.324E-07,2.441E-06,4.467E-03,1.805E-02,8.342E-01,1.766E+00,-5.883E-01,7.064E+00,1.635E+00,3.142E+00,-4.202E-03,2.605E+00,2.538E+00,7.163E-02,3.818E+00,1.671E+00,-2.822E-01,2.818E+00,2.272E+00,3.142E+00,3.929E-03,2.473E+00,2.532E+00,2.186E-01,1.698E+00,1.680E+00,-3.544E-01,3.929E+00,1.980E+00,3.142E+00,-2.133E-03,2.686E+00,2.650E+00,9.675E-02,3.586E+00,1.756E+00,-6.200E-01,8.243E+00,1.619E+00,3.142E+00,-4.102E-03,2.532E+00,2.468E+00,5.202E-02,5.276E+00
48,0.000E+00,0.000E+00,0.000E+00,3.921E-03,3.168E-03,0.000E+00,4.010E-03,5.501E-03,9.766E-07,2.930E-06,4.605E-03,1.856E-02,8.592E-01,1.771E+00,-6.010E-01,7.382E+00,1.611E+00,3.142E+00,-4.202E-03,2.650E+00,2.582E+00,7.051E-02,3.861E+00,1.680E+00,-2.839E-01,2.734E+00,2.279E+00,3.142E+00,5.143E-03,2.388E+00,2.465E+00,2.232E-01,1.666E+00,1.677E+00,-3.564E-01,3.942E+00,1.995E+00,3.142E+00,-2.476E-03,2.695E+00,2.654E+00,9.667E-02,3.589E+00,1.758E+00,-6.498E-01,9.082E+00,1.601E+00,3.142E+00,-3.737E-03,2.526E+00,2.469E+00,5.246E-02,5.242E+00
49,0.000E+00,0.000E+00,0.000E+00,4.227E-03,3.361E-03,0.000E+00,4.266E-03,5.674E-03,1.465E-06,3.418E-06,4.996E-03,1.971E-02,9.139E-01,1.725E+00,-5.934E-01,7.234E+00,1.793E+00,3.142E+00,-4.253E-03,2.632E+00,2.564E+00,7.066E-02,3.855E+00,1.655E+00,-2.787E-01,2.885E+00,2.320E+00,3.142E+00,4.458E-03,2.431E+00,2.498E+00,2.176E-01,1.704E+00,1.677E+00,-3.801E-01,4.271E+00,1.973E+00,3.142E+00,-1.661E-03,2.692E+00,2.664E+00,9.598E-02,3.610E+00,1.763E+00,-6.513E-01,8.887E+00,1.605E+00,3.142E+00,-5.065E-04,2.453E+00,2.444E+00,5.080E-02,5.372E+00
50,0.000E+00,0.000E+00,0.000E+00,4.380E-03,3.457E-03,0.000E+00,4.394E-03,5.761E-03,1.709E-06,3.662E-06,5.191E-03,2.028E-02,9.413E-01,1.704E+00,-5.896E-01,7.160E+00,1.885E+00,3.142E+00,-4.279E-03,2.624E+00,2.555E+00,7.073E-02,3.852E+00,1.642E+00,-2.762E-01,2.960E+00,2.341E+00,3.142E+00,4.116E-03,2.452E+00,2.515E+00,2.147E-01,1.723E+00,1.677E+00,-3.919E-01,4.435E+00,1.962E+00,3.142E+00,-1.253E-03,2.690E+00,2.669E+00,9.563E-02,3.621E+00,1.765E+00,-6.520E-01,8.790E+00,1.607E+00,3.142E+00,1.109E-03,2.416E+00,2.432E+00,4.997E-02,5.437E+00
51,0.000E+00,0.000E+00,0.000E+00,4.533E-03,3.554E-03,0.000E+00,4.521E-03,5.848E-03,1.953E-06,3.906E-06,5.387E-03,2.085E-02,9.686E-01,1.684E+00,-5.858E-01,7.086E+00,1.976E+00,3.142E+00,-4.305E-03,2.615E+00,2.546E+00,7.081E-02,3.849E+00,1.630E+00,-2.736E-01,3.036E+00,2.361E+00,3.142E+00,3.774E-03,2.473E+00,2.532E+00,2.119E-01,1.742E+00,1.678E+00,-4.037E-01,4.599E+00,1.951E+00,3.142E+00,-8.452E-04,2.688E+00,2.674E+00,9.529E-02,3.632E+00,1.767E+00,-6.527E-01,8.693E+00,1.609E+00,3.142E+00,2.724E-03,2.379E+00,2.419E+00,4.915E-02,5.503E+00
52,0.000E+00,0.000E+00,0.000E+00,4.740E-03,3.631E-03,0.000E+00,4.757E-03,6.176E-03,9.766E-07,4.883E-06,5.901E-03,2.219E-02,1.027E+00,1.679E+00,-6.322E-01,8.641E+00,1.923E+00,3.142E+00,-5.603E-03,2.666E+00,2.574E+00,7.380E-02,3.736E+00,1.641E+00,-3.024E-01,3.183E+00,2.335E+00,3.142E+00,6.579E-05,2.594E+00,2.593E+00,2.101E-01,1.755E+00,1.673E+00,-4.232E-01,5.063E+00,1.918E+00,3.142E+00,-1.767E-03,2.692E+00,2.662E+00,9.513E-02,3.637E+00,1.755E+00,-6.579E-01,8.888E+00,1.649E+00,3.142E+00,-2.899E-04,2.448E+00,2.443E+00,5.003E-02,5.431E+00
53,0.000E+00,0.000E+00,0.000E+00,4.843E-03,3.670E-03,0.000E+00,4.875E-03,6.340E-03,4.883E-07,5.371E-06,6.159E-03,2.286E-02,1.056E+00,1.680E+00,-6.554E-01,9.418E+00,1.897E+00,3.142E+00,-6.252E-03,2.691E+00,2.588E+00,7.529E-02,3.679E+00,1.647E+00,-3.168E-01,3.257E+00,2.322E+00,3.142E+00,-1.788E-03,2.654E+00,2.623E+00,2.092E-01,1.761E+00,1.672E+00,-4.330E-01,5.295E+00,1.901E+00,3.142E+00,-2.229E-03,2.693E+00,2.656E+00,9.505E-02,3.639E+00,1.749E+00,-6.604E-01,8.985E+00,1.669E+00,3.142E+00,-1.797E-03,2.482E+00,2.454E+00,5.048E-02,5.395E+00
54,0.000E+00,0.000E+00,0.000E+00,4.946E-03,3.709E-03,0.000E+00,4.993E-03,6.504E-03,0.000E+00,5.859E-06,6.416E-03,2.353E-02,1.086E+00,1.683E+00,-6.786E-01,1.020E+01,1.870E+00,3.142E+00,-6.901E-03,2.717E+00,2.602E+00,7.679E-02,3.623E+00,1.653E+00,-3.313E-01,3.330E+00,2.308E+00,3.142E+00,-3.642E-03,2.714E+00,2.653E+00,2.083E-01,1.768E+00,1.671E+00,-4.428E-01,5.527E+00,1.885E+00,3.142E+00,-2.690E-03,2.695E+00,2.650E+00,9.498E-02,3.642E+00,1.743E+00,-6.630E-01,9.083E+00,1.689E+00,3.142E+00,-3.303E-03,2.517E+00,2.466E+00,5.092E-02,5.359E+00
55,0.000E+00,0.000E+00,0.000E+00,5.289E-03,3.798E-03,0.000E+00,5.342E-03,6.878E-03,9.766E-07,5.371E-06,6.933E-03,2.531E-02,1.160E+00,1.670E+00,-5.966E-01,7.397E+00,2.026E+00,3.142E+00,-1.176E-03,2.573E+00,2.550E+00,7.665E-02,3.628E+00,1.633E+00,-3.168E-01,3.276E+00,2.408E+00,3.142E+00,-2.443E-03,2.647E+00,2.607E+00,1.991E-01,1.840E+00,1.654E+00,-4.379E-01,5.372E+00,1.989E+00,3.142E+00,-1.176E-03,2.672E+00,2.652E+00,9.566E-02,3.620E+00,1.732E+00,-6.663E-01,9.235E+00,1.727E+00,3.142E+00,-4.039E-03,2.534E+00,2.471E+00,4.937E-02,5.487E+00
56,0.000E+00,0.000E+00,0.000E+00,5.460E-03,3.843E-03,0.000E+00,5.516E-03,7.065E-03,1.465E-06,5.127E-06,7.191E-03,2.620E-02,1.197E+00,1.678E+00,-5.556E-01,5.998E+00,2.104E+00,3.142E+00,1.687E-03,2.501E+00,2.524E+00,7.657E-02,3.631E+00,1.623E+00,-3.096E-01,3.248E+00,2.457E+00,3.142E+00,-1.843E-03,2.614E+00,2.583E+00,1.946E-01,1.876E+00,1.646E+00,-4.355E-01,5.295E+00,2.041E+00,3.142E+00,-4.196E-04,2.660E+00,2.653E+00,9.600E-02,3.609E+00,1.726E+00,-6.679E-01,9.311E+00,1.746E+00,3.142E+00,-4.406E-03,2.542E+00,2.474E+00,4.860E-02,5.551E+00
57,0.000E+00,0.000E+00,0.000E+00,5.632E-03,3.888E-03,0.000E+00,5.690E-03,7.252E-03,1.953E-06,4.883E-06,7.449E-03,2.709E-02,1.234E+00,1.702E+00,-5.146E-01,4.599E+00,2.182E+00,3.142E+00,4.550E-03,2.428E+00,2.498E+00,7.650E-02,3.633E+00,1.613E+00,-3.023E-01,3.221E+00,2.507E+00,3.142E+00,-1.243E-03,2.580E+00,2.560E+00,1.900E-01,1.913E+00,1.638E+00,-4.331E-01,5.218E+00,2.094E+00,3.142E+00,3.370E-04,2.648E+00,2.654E+00,9.635E-02,3.599E+00,1.721E+00,-6.696E-01,9.387E+00,1.765E+00,3.142E+00,-4.774E-03,2.551E+00,2.477E+00,4.783E-02,5.614E+00
58,0.000E+00,0.000E+00,0.000E+00,6.056E-03,3.930E-03,0.000E+00,6.097E-03,7.775E-03,2.441E-06,3.906E-06,8.266E-03,2.897E-02,1.323E+00,1.644E+00,-5.979E-01,7.111E+00,2.205E+00,3.142E+00,2.428E-04,2.564E+00,2.565E+00,7.253E-02,3.788E+00,1.601E+00,-3.934E-01,4.991E+00,2.215E+00,3.142E+00,-2.328E-04,2.636E+00,2.633E+00,1.977E-01,1.850E+00,1.636E+00,-4.635E-01,6.043E+00,2.015E+00,3.142E+00,6.292E-04,2.639E+00,2.649E+00,9.498E-02,3.643E+00,1.720E+00,-6.402E-01,7.644E+00,1.875E+00,3.142E+00,-5.472E-03,2.582E+00,2.496E+00,4.774E-02,5.622E+00
59,0.000E+00,0.000E+00,0.000E+00,6.268E-03,3.951E-03,0.000E+00,6.301E-03,8.036E-03,2.686E-06,3.418E-06,8.675E-03,2.991E-02,1.367E+00,1.630E+00,-6.395E-01,8.367E+00,2.216E+00,3.142E+00,-1.911E-03,2.632E+00,2.598E+00,7.055E-02,3.865E+00,1.616E+00,-4.389E-01,5.875E+00,2.070E+00,3.142E+00,2.725E-04,2.665E+00,2.669E+00,2.016E-01,1.819E+00,1.638E+00,-4.787E-01,6.455E+00,1.976E+00,3.142E+00,7.753E-04,2.634E+00,2.647E+00,9.429E-02,3.664E+00,1.726E+00,-6.255E-01,6.773E+00,1.930E+00,3.142E+00,-5.821E-03,2.597E+00,2.505E+00,4.770E-02,5.625E+00
60,0.000E+00,0.000E+00,0.000E+00,6.480E-03,3.972E-03,0.000E+00,6.504E-03,8.298E-03,2.930E-06,2.930E-06,9.083E-03,3.085E-02,1.412E+00,1.621E+00,-6.812E-01,9.624E+00,2.228E+00,3.142E+00,-4.064E-03,2.700E+00,2.632E+00,6.856E-02,3.942E+00,1.641E+00,-4.845E-01,6.760E+00,1.924E+00,3.142E+00,7.778E-04,2.693E+00,2.706E+00,2.055E-01,1.788E+00,1.641E+00,-4.939E-01,6.867E+00,1.937E+00,3.142E+00,9.214E-04,2.629E+00,2.644E+00,9.360E-02,3.686E+00,1.735E+00,-6.108E-01,5.902E+00,1.985E+00,3.142E+00,-6.170E-03,2.612E+00,2.515E+00,4.766E-02,5.629E+00
61,0.000E+00,0.000E+00,0.000E+00,6.981E-03,4.263E-03,0.000E+00,7.004E-03,8.913E-03,2.441E-06,6.836E-06,9.799E-03,3.328E-02,1.521E+00,1.601E+00,-6.467E-01,9.055E+00,2.304E+00,3.142E+00,-4.204E-03,2.681E+00,2.612E+00,6.907E-02,3.921E+00,1.628E+00,-5.131E-01,8.029E+00,1.883E+00,3.142E+00,-5.698E-04,2.632E+00,2.623E+00,1.985E-01,1.844E+00,1.617E+00,-5.008E-01,7.309E+00,2.004E+00,3.142E+00,7.374E-04,2.627E+00,2.639E+00,9.258E-02,3.720E+00,1.679E+00,-6.218E-01,6.777E+00,2.142E+00,3.142E+00,-2.283E-03,2.526E+00,2.489E+00,4.613E-02,5.769E+00
62,0.000E+00,0.000E+00,0.000E+00,7.231E-03,4.408E-03,0.000E+00,7.255E-03,9.221E-03,2.197E-06,8.789E-06,1.016E-02,3.450E-02,1.576E+00,1.591E+00,-6.294E-01,8.770E+00,2.342E+00,3.142E+00,-4.275E-03,2.672E+00,2.601E+00,6.932E-02,3.910E+00,1.624E+00,-5.275E-01,8.663E+00,1.862E+00,3.142E+00,-1.244E-03,2.601E+00,2.582E+00,1.950E-01,1.872E+00,1.605E+00,-5.042E-01,7.531E+00,2.038E+00,3.142E+00,6.454E-04,2.626E+00,2.637E+00,9.207E-02,3.738E+00,1.654E+00,-6.273E-01,7.214E+00,2.221E+00,3.142E+00,-3.398E-04,2.483E+00,2.476E+00,4.537E-02,5.840E+00
63,0.000E+00,0.000E+00,0.000E+00,7.481E-03,4.554E-03,0.000E+00,7.505E-03,9.528E-03,1.953E-06,1.074E-05,1.052E-02,3.571E-02,1.631E+00,1.582E+00,-6.122E-01,8.486E+00,2.381E+00,3.142E+00,-4.345E-03,2.662E+00,2.591E+00,6.957E-02,3.900E+00,1.622E+00,-5.418E-01,9.298E+00,1.841E+00,3.142E+00,-1.917E-03,2.571E+00,2.540E+00,1.915E-01,1.900E+00,1.594E+00,-5.076E-01,7.752E+00,2.072E+00,3.142E+00,5.534E-04,2.625E+00,2.635E+00,9.156E-02,3.755E+00,1.630E+00,-6.328E-01,7.652E+00,2.299E+00,3.142E+00,1.604E-03,2.439E+00,2.463E+00,4.460E-02,5.910E+00
64,0.000E+00,0.000E+00,0.000E+00,8.240E-03,4.501E-03,0.000E+00,8.114E-03,1.025E-02,3.418E-06,1.367E-05,1.174E-02,3.873E-02,1.766E+00,1.543E+00,-6.981E-01,1.488E+01,2.223E+00,3.142E+00,-3.769E-03,2.697E+00,2.634E+00,6.957E-02,3.900E+00,1.608E+00,-5.618E-01,1.057E+01,1.836E+00,3.142E+00,-2.629E-03,2.623E+00,2.580E+00,1.986E-01,1.843E+00,1.585E+00,-5.417E-01,9.645E+00,1.976E+00,3.142E+00,-1.071E-04,2.667E+00,2.665E+00,9.282E-02,3.713E+00,1.605E+00,-6.693E-01,9.593E+00,2.280E+00,3.142E+00,-2.601E-03,2.478E+00,2.439E+00,4.452E-02,5.918E+00
65,0.000E+00,0.000E+00,0.000E+00,8.620E-03,4.475E-03,0.000E+00,8.419E-03,1.061E-02,4.150E-06,1.514E-05,1.235E-02,4.023E-02,1.833E+00,1.547E+00,-7.410E-01,1.808E+01,2.145E+00,3.142E+00,-3.482E-03,2.714E+00,2.655E+00,6.957E-02,3.900E+00,1.603E+00,-5.718E-01,1.121E+01,1.833E+00,3.142E+00,-2.985E-03,2.649E+00,2.599E+00,2.022E-01,1.815E+00,1.585E+00,-5.587E-01,1.059E+01,1.928E+00,3.142E+00,-4.373E-04,2.687E+00,2.680E+00,9.345E-02,3.692E+00,1.597E+00,-6.876E-01,1.056E+01,2.271E+00,3.142E+00,-4.703E-03,2.498E+00,2.427E+00,4.447E-02,5.922E+00
66,0.000E+00,0.000E+00,0.000E+00,8.999E-03,4.449E-03,0.000E+00,8.724E-03,1.097E-02,4.883E-06,1.660E-05,1.297E-02,4.174E-02,1.901E+00,1.560E+00,-7.840E-01,2.128E+01,2.066E+00,3.142E+00,-3.194E-03,2.731E+00,2.677E+00,6.957E-02,3.900E+00,1.598E+00,-5.818E-01,1.184E+01,1.830E+00,3.142E+00,-3.341E-03,2.675E+00,2.619E+00,2.057E-01,1.787E+00,1.589E+00,-5.758E-01,1.154E+01,1.880E+00,3.142E+00,-7.675E-04,2.708E+00,2.695E+00,9.408E-02,3.671E+00,1.591E+00,-7.058E-01,1.153E+01,2.262E+00,3.142E+00,-6.805E-03,2.517E+00,2.414E+00,4.443E-02,5.927E+00
67,0.000E+00,0.000E+00,0.000E+00,9.546E-03,4.712E-03,0.000E+00,9.480E-03,1.157E-02,6.348E-06,1.758E-05,1.425E-02,4.558E-02,2.059E+00,1.520E+00,-8.093E-01,2.667E+01,2.141E+00,3.142E+00,-4.002E-03,2.741E+00,2.673E+00,7.030E-02,3.870E+00,1.544E+00,-5.941E-01,1.471E+01,1.906E+00,3.142E+00,-1.872E-03,2.588E+00,2.557E+00,2.015E-01,1.819E+00,1.561E+00,-6.099E-01,1.466E+01,1.879E+00,3.142E+00,-4.169E-04,2.660E+00,2.653E+00,9.445E-02,3.659E+00,1.564E+00,-7.474E-01,1.555E+01,2.220E+00,3.142E+00,-3.527E-03,2.476E+00,2.422E+00,4.519E-02,5.854E+00
68,0.000E+00,0.000E+00,0.000E+00,9.820E-03,4.844E-03,0.000E+00,9.858E-03,1.187E-02,7.080E-06,1.807E-05,1.489E-02,4.750E-02,2.138E+00,1.504E+00,-8.220E-01,2.937E+01,2.179E+00,3.142E+00,-4.406E-03,2.746E+00,2.671E+00,7.067E-02,3.855E+00,1.521E+00,-6.003E-01,1.615E+01,1.944E+00,3.142E+00,-1.138E-03,2.545E+00,2.527E+00,1.995E-01,1.835E+00,1.553E+00,-6.269E-01,1.623E+01,1.878E+00,3.142E+00,-2.416E-04,2.636E+00,2.632E+00,9.463E-02,3.653E+00,1.558E+00,-7.681E-01,1.755E+01,2.199E+00,3.142E+00,-1.888E-03,2.455E+00,2.426E+00,4.557E-02,5.818E+00
69,0.000E+00,0.000E+00,0.000E+00,1.009E-02,4.976E-03,0.000E+00,1.024E-02,1.217E-02,7.813E-06,1.855E-05,1.553E-02,4.942E-02,2.217E+00,1.490E+00,-8.347E-01,3.207E+01,2.217E+00,3.142E+00,-4.810E-03,2.751E+00,2.669E+00,7.104E-02,3.840E+00,1.500E+00,-6.065E-01,1.758E+01,1.982E+00,3.142E+00,-4.034E-04,2.502E+00,2.496E+00,1.974E-01,1.851E+00,1.546E+00,-6.440E-01,1.779E+01,1.877E+00,3.142E+00,-6.634E-05,2.613E+00,2.612E+00,9.482E-02,3.647E+00,1.554E+00,-7.889E-01,1.956E+01,2.178E+00,3.142E+00,-2.490E-04,2.434E+00,2.430E+00,4.595E-02,5.782E+00
70,0.000E+00,0.000E+00,0.000E+00,1.094E-02,4.961E-03,0.000E+00,1.108E-02,1.328E-02,6.836E-06,2.051E-05,1.723E-02,5.363E-02,2.404E+00,1.422E+00,-7.978E-01,2.818E+01,2.573E+00,3.142E+00,-4.208E-03,2.762E+00,2.690E+00,7.047E-02,3.863E+00,1.477E+00,-5.755E-01,1.527E+01,2.133E+00,3.142E+00,1.405E-03,2.462E+00,2.483E+00,2.035E-01,1.805E+00,1.501E+00,-6.190E-01,1.645E+01,2.082E+00,3.142E+00,-6.134E-04,2.632E+00,2.622E+00,9.261E-02,3.721E+00,1.495E+00,-8.130E-01,2.473E+01,2.342E+00,3.142E+00,2.517E-03,2.431E+00,2.469E+00,4.436E-02,5.938E+00
71,0.000E+00,0.000E+00,0.000E+00,1.136E-02,4.954E-03,0.000E+00,1.150E-02,1.383E-02,6.348E-06,2.148E-05,1.809E-02,5.574E-02,2.497E+00,1.395E+00,-7.793E-01,2.624E+01,2.752E+00,3.142E+00,-3.906E-03,2.768E+00,2.700E+00,7.019E-02,3.875E+00,1.468E+00,-5.601E-01,1.411E+01,2.209E+00,3.142E+00,2.309E-03,2.443E+00,2.477E+00,2.065E-01,1.782E+00,1.481E+00,-6.065E-01,1.577E+01,2.184E+00,3.142E+00,-8.869E-04,2.642E+00,2.627E+00,9.150E-02,3.758E+00,1.470E+00,-8.250E-01,2.732E+01,2.424E+00,3.142E+00,3.901E-03,2.429E+00,2.489E+00,4.356E-02,6.016E+00
72,0.000E+00,0.000E+00,0.000E+00,1.179E-02,4.947E-03,0.000E+00,1.192E-02,1.438E-02,5.859E-06,2.246E-05,1.894E-02,5.785E-02,2.591E+00,1.371E+00,-7.609E-01,2.430E+01,2.930E+00,3.142E+00,-3.605E-03,2.773E+00,2.711E+00,6.990E-02,3.886E+00,1.462E+00,-5.446E-01,1.296E+01,2.284E+00,3.142E+00,3.213E-03,2.423E+00,2.471E+00,2.096E-01,1.758E+00,1.463E+00,-5.940E-01,1.510E+01,2.286E+00,3.142E+00,-1.160E-03,2.651E+00,2.632E+00,9.040E-02,3.795E+00,1.447E+00,-8.370E-01,2.991E+01,2.506E+00,3.142E+00,5.284E-03,2.428E+00,2.508E+00,4.277E-02,6.094E+00
73,0.000E+00,0.000E+00,0.000E+00,1.266E-02,5.154E-03,0.000E+00,1.272E-02,1.523E-02,9.277E-06,2.393E-05,2.027E-02,6.122E-02,2.755E+00,1.353E+00,-7.654E-01,2.543E+01,3.018E+00,3.142E+00,-6.204E-04,2.668E+00,2.656E+00,6.762E-02,3.986E+00,1.435E+00,-5.552E-01,1.416E+01,2.374E+00,3.142E+00,1.926E-03,2.448E+00,2.477E+00,2.051E-01,1.792E+00,1.446E+00,-5.902E-01,1.530E+01,2.350E+00,3.142E+00,-5.236E-04,2.601E+00,2.592E+00,9.159E-02,3.754E+00,1.422E+00,-8.029E-01,2.564E+01,2.690E+00,3.142E+00,8.051E-03,2.365E+00,2.484E+00,4.204E-02,6.171E+00
74,0.000E+00,0.000E+00,0.000E+00,1.353E-02,5.360E-03,0.000E+00,1.353E-02,1.608E-02,1.270E-05,2.539E-05,2.161E-02,6.459E-02,2.920E+00,1.337E+00,-7.699E-01,2.655E+01,3.105E+00,3.142E+00,2.364E-03,2.563E+00,2.601E+00,6.534E-02,4.085E+00,1.411E+00,-5.658E-01,1.537E+01,2.463E+00,3.142E+00,6.380E-04,2.473E+00,2.483E+00,2.007E-01,1.825E+00,1.430E+00,-5.864E-01,1.549E+01,2.415E+00,3.142E+00,1.132E-04,2.550E+00,2.552E+00,9.279E-02,3.713E+00,1.406E+00,-7.688E-01,2.137E+01,2.873E+00,3.142E+00,1.082E-02,2.301E+00,2.460E+00,4.131E-02,6.249E+00
75,0.000E+00,0.000E+00,0.000E+00,1.437E-02,5.491E-03,0.000E+00,1.438E-02,1.697E-02,1.025E-05,2.002E-05,2.315E-02,6.892E-02,3.105E+00,1.303E+00,-7.528E-01,2.411E+01,3.435E+00,3.142E+00,-3.871E-04,2.622E+00,2.614E+00,6.635E-02,4.040E+00,1.380E+00,-5.577E-01,1.498E+01,2.662E+00,3.142E+00,-5.721E-04,2.492E+00,2.483E+00,2.101E-01,1.757E+00,1.407E+00,-5.766E-01,1.519E+01,2.543E+00,3.142E+00,4.588E-03,2.454E+00,2.522E+00,9.229E-02,3.730E+00,1.366E+00,-7.724E-01,2.377E+01,3.040E+00,3.142E+00,1.286E-02,2.232E+00,2.414E+00,4.123E-02,6.258E+00
76,0.000E+00,0.000E+00,0.000E+00,1.522E-02,5.621E-03,0.000E+00,1.524E-02,1.787E-02,7.813E-06,1.465E-05,2.470E-02,7.325E-02,3.291E+00,1.277E+00,-7.357E-01,2.168E+01,3.766E+00,3.142E+00,-3.139E-03,2.680E+00,2.628E+00,6.737E-02,3.994E+00,1.353E+00,-5.496E-01,1.460E+01,2.861E+00,3.142E+00,-1.782E-03,2.511E+00,2.484E+00,2.196E-01,1.689E+00,1.386E+00,-5.669E-01,1.489E+01,2.672E+00,3.142E+00,9.062E-03,2.357E+00,2.492E+00,9.179E-02,3.747E+00,1.329E+00,-7.760E-01,2.617E+01,3.208E+00,3.142E+00,1.490E-02,2.163E+00,2.368E+00,4.115E-02,6.267E+00
77,0.000E+00,0.000E+00,0.000E+00,1.595E-02,5.258E-03,0.000E+00,1.599E-02,1.854E-02,8.301E-06,2.148E-05,2.659E-02,7.725E-02,3.457E+00,1.270E+00,-7.334E-01,2.250E+01,3.756E+00,3.142E+00,1.994E-03,2.497E+00,2.522E+00,6.939E-02,3.909E+00,1.314E+00,-5.288E-01,1.421E+01,3.104E+00,3.142E+00,-2.724E-03,2.475E+00,2.434E+00,2.086E-01,1.769E+00,1.359E+00,-5.492E-01,1.386E+01,2.890E+00,3.142E+00,1.006E-02,2.315E+00,2.462E+00,9.010E-02,3.806E+00,1.304E+00,-7.669E-01,2.527E+01,3.423E+00,3.142E+00,7.755E-03,2.291E+00,2.398E+00,4.192E-02,6.185E+00
78,0.000E+00,0.000E+00,0.000E+00,1.667E-02,4.895E-03,0.000E+00,1.675E-02,1.921E-02,8.789E-06,2.832E-05,2.849E-02,8.126E-02,3.623E+00,1.263E+00,-7.312E-01,2.333E+01,3.747E+00,3.142E+00,7.127E-03,2.313E+00,2.417E+00,7.141E-02,3.825E+00,1.280E+00,-5.079E-01,1.382E+01,3.348E+00,3.142E+00,-3.666E-03,2.438E+00,2.384E+00,1.976E-01,1.850E+00,1.337E+00,-5.315E-01,1.283E+01,3.108E+00,3.142E+00,1.106E-02,2.272E+00,2.432E+00,8.840E-02,3.866E+00,1.281E+00,-7.577E-01,2.437E+01,3.638E+00,3.142E+00,6.112E-04,2.420E+00,2.429E+00,4.269E-02,6.102E+00
79,0.000E+00,0.000E+00,0.000E+00,1.741E-02,4.863E-03,0.000E+00,1.752E-02,1.993E-02,9.766E-06,2.246E-05,3.008E-02,8.482E-02,3.783E+00,1.202E+00,-7.288E-01,2.423E+01,4.318E+00,3.142E+00,1.189E-02,2.202E+00,2.365E+00,6.574E-02,4.085E+00,1.247E+00,-4.827E-01,1.255E+01,3.727E+00,3.142E+00,9.090E-03,2.198E+00,2.308E+00,2.021E-01,1.815E+00,1.314E+00,-5.263E-01,1.285E+01,3.280E+00,3.142E+00,1.312E-02,2.197E+00,2.380E+00,8.801E-02,3.880E+00,1.236E+00,-7.476E-01,2.370E+01,4.081E+00,3.142E+00,5.127E-03,2.290E+00,2.359E+00,4.115E-02,6.272E+00
80,0.000E+00,0.000E+00,0.000E+00,1.816E-02,4.831E-03,0.000E+00,1.829E-02,2.065E-02,1.074E-05,1.660E-05,3.167E-02,8.838E-02,3.944E+00,1.149E+00,-7.265E-01,2.513E+01,4.888E+00,3.142E+00,1.666E-02,2.091E+00,2.312E+00,6.006E-02,4.345E+00,1.223E+00,-4.574E-01,1.127E+01,4.107E+00,3.142E+00,2.185E-02,1.957E+00,2.232E+00,2.066E-01,1.780E+00,1.292E+00,-5.211E-01,1.287E+01,3.452E+00,3.142E+00,1.518E-02,2.123E+00,2.327E+00,8.761E-02,3.895E+00,1.197E+00,-7.375E-01,2.304E+01,4.524E+00,3.142E+00,9.643E-03,2.160E+00,2.289E+00,3.961E-02,6.441E+00
81,0.000E+00,0.000E+00,0.000E+00,1.846E-02,4.164E-03,0.000E+00,1.852E-02,2.060E-02,1.074E-05,1.904E-05,3.295E-02,9.014E-02,4.005E+00,1.123E+00,-7.038E-01,2.224E+01,5.443E+00,3.142E+00,2.131E-02,1.988E+00,2.258E+00,6.226E-02,4.236E+00,1.169E+00,-4.445E-01,1.099E+01,4.826E+00,3.142E+00,1.129E-02,2.061E+00,2.203E+00,1.980E-01,1.849E+00,1.245E+00,-5.121E-01,1.254E+01,3.943E+00,3.142E+00,2.545E-02,1.930E+00,2.240E+00,8.486E-02,4.002E+00,1.152E+00,-7.214E-01,2.143E+01,5.217E+00,3.142E+00,4.488E-02,1.745E+00,2.227E+00,3.792E-02,6.654E+00
82,0.000E+00,0.000E+00,0.000E+00,1.875E-02,3.496E-03,0.000E+00,1.875E-02,2.055E-02,1.074E-05,2.148E-05,3.424E-02,9.190E-02,4.067E+00,1.105E+00,-6.811E-01,1.935E+01,5.997E+00,3.142E+00,2.596E-02,1.885E+00,2.203E+00,6.445E-02,4.126E+00,1.125E+00,-4.315E-01,1.072E+01,5.546E+00,3.142E+00,7.390E-04,2.164E+00,2.174E+00,1.894E-01,1.918E+00,1.206E+00,-5.030E-01,1.221E+01,4.435E+00,3.142E+00,3.572E-02,1.738E+00,2.152E+00,8.210E-02,4.109E+00,1.117E+00,-7.053E-01,1.981E+01,5.910E+00,3.142E+00,8.011E-02,1.330E+00,2.165E+00,3.623E-02,6.867E+00
83,0.000E+00,0.000E+00,0.000E+00,1.773E-02,2.605E-03,0.000E+00,1.772E-02,1.916E-02,1.025E-05,2.246E-05,3.296E-02,8.707E-02,3.840E+00,1.025E+00,-6.673E-01,1.841E+01,7.893E+00,3.142E+00,4.599E-02,1.656E+00,2.164E+00,5.822E-02,4.474E+00,1.067E+00,-4.158E-01,1.039E+01,6.772E+00,3.142E+00,4.488E-02,1.619E+00,2.003E+00,1.844E-01,1.963E+00,1.162E+00,-4.931E-01,1.171E+01,5.145E+00,3.142E+00,6.158E-02,1.475E+00,2.109E+00,8.084E-02,4.163E+00,1.076E+00,-7.032E-01,1.917E+01,6.822E+00,3.142E+00,8.456E-02,1.270E+00,2.121E+00,3.421E-02,7.166E+00
84,0.000E+00,0.000E+00,0.000E+00,1.671E-02,1.714E-03,0.000E+00,1.669E-02,1.777E-02,9.766E-06,2.344E-05,3.169E-02,8.224E-02,3.613E+00,9.697E-01,-6.535E-01,1.748E+01,9.788E+00,3.142E+00,6.602E-02,1.428E+00,2.124E+00,5.199E-02,4.822E+00,1.022E+00,-4.001E-01,1.006E+01,7.998E+00,3.142E+00,8.901E-02,1.073E+00,1.833E+00,1.794E-01,2.009E+00,1.127E+00,-4.831E-01,1.121E+01,5.856E+00,3.142E+00,8.745E-02,1.213E+00,2.065E+00,7.958E-02,4.216E+00,1.044E+00,-7.012E-01,1.852E+01,7.734E+00,3.142E+00,8.901E-02,1.210E+00,2.076E+00,3.219E-02,7.465E+00
85,0.000E+00,0.000E+00,0.000E+00,1.257E-02,9.282E-04,0.000E+00,1.257E-02,1.322E-02,8.301E-06,1.758E-05,2.430E-02,6.230E-02,2.726E+00,1.001E+00,-6.565E-01,1.547E+01,9.557E+00,3.142E+00,7.752E-02,1.199E+00,1.880E+00,4.429E-02,5.491E+00,1.017E+00,-3.744E-01,8.698E+00,8.877E+00,3.142E+00,8.901E-02,1.021E+00,1.734E+00,1.751E-01,2.051E+00,1.101E+00,-4.599E-01,9.937E+00,6.752E+00,3.142E+00,8.823E-02,1.077E+00,1.825E+00,7.578E-02,4.397E+00,1.036E+00,-6.917E-01,1.671E+01,8.408E+00,3.142E+00,8.901E-02,1.098E+00,1.870E+00,2.786E-02,8.358E+00
86,0.000E+00,0.000E+00,0.000E+00,8.438E-03,1.426E-04,0.000E+00,8.458E-03,8.661E-03,6.836E-06,1.172E-05,1.692E-02,4.236E-02,1.839E+00,1.037E+00,-6.596E-01,1.346E+01,9.325E+00,3.142E+00,8.901E-02,9.697E-01,1.636E+00,3.659E-02,6.159E+00,1.024E+00,-3.486E-01,7.334E+00,9.756E+00,3.142E+00,8.901E-02,9.697E-01,1.636E+00,1.709E-01,2.093E+00,1.087E+00,-4.366E-01,8.664E+00,7.647E+00,3.142E+00,8.901E-02,9.409E-01,1.585E+00,7.197E-02,4.577E+00,1.033E+00,-6.822E-01,1.490E+01,9.082E+00,3.142E+00,8.901E-02,9.856E-01,1.664E+00,2.353E-02,9.251E+00
87,0.000E+00,0.000E+00,0.000E+00,4.288E-03,7.129E-05,0.000E+00,4.299E-03,4.421E-03,4.688E-05,4.248E-05,8.584E-03,2.158E-02,9.368E-01,8.848E-01,-6.632E-01,1.205E+01,2.024E+01,3.142E+00,-1.886E-01,5.057E+00,1.220E+00,3.161E-02,6.882E+00,1.063E+00,-5.143E-01,1.030E+01,8.327E+00,3.142E+00,-2.279E-01,4.571E+00,1.097E+00,1.260E-01,2.978E+00,1.129E+00,-5.103E-01,8.549E+00,7.590E+00,3.142E+00,8.894E-02,7.827E-01,1.333E+00,6.690E-02,4.877E+00,9.862E-01,-7.291E-01,1.483E+01,1.161E+01,3.142E+00,8.894E-02,8.051E-01,1.372E+00,1.956E-02,1.066E+01
88,0.000E+00,0.000E+00,0.000E+00,1.387E-04,0.000E+00,0.000E+00,1.406E-04,1.816E-04,8.691E-05,7.324E-05,2.510E-04,7.959E-04,3.428E-02,8.370E-01,-6.669E-01,1.064E+01,3.116E+01,3.142E+00,-4.662E-01,9.144E+00,8.050E-01,2.662E-02,7.605E+00,1.135E+00,-6.801E-01,1.327E+01,6.898E+00,3.142E+00,-5.448E-01,8.172E+00,5.572E-01,8.111E-02,3.862E+00,1.167E+00,-5.839E-01,8.434E+00,7.532E+00,3.142E+00,8.887E-02,6.245E-01,1.081E+00,6.182E-02,5.176E+00,9.528E-01,-7.759E-01,1.476E+01,1.413E+01,3.142E+00,8.887E-02,6.245E-01,1.081E+00,1.560E-02,1.207E+01
89,0.000E+00,0.000E+00,0.000E+00,0.000E+00,0.000E+00,0.000E+00,1.953E-06,2.930E-06,2.930E-06,1.953E-06,2.930E-06,6.836E-06,9.172E-05,3.142E+00,0.000E+00,0.000E+00,0.000E+00,0.000E+00,0.000E+00,0.000E+00,0.000E+00,0.000E+00,0.000E+00,3.142E+00,0.000E+00,0.000E+00,0.000E+00,0.000E+00,0.000E+00,0.000E+00,0.000E+00,0.000E+00,0.000E+00,3.142E+00,0.000E+00,0.000E+00,0.000E+00,0.000E+00,0.000E+00,0.000E+00,0.000E+00,0.000E+00,0.000E+00,3.142E+00,0.000E+00,0.000E+00,0.000E+00,0.000E+00,0.000E+00,0.000E+00,0.000E+00,0.000E+00,0.000E+00
