alpha,H,He,Mg,Si,O,Mg_1,O_1,Si_2,O_2,amu/ion,thetaK_Mg,thetaTilt_Mg,thetaM_Mg,thetaN_Mg,3dK_Mg,3dTilt_Mg,3dM_Mg,3dN_Mg,energyK_Mg,energyE_Mg,thetaK_O,thetaTilt_O,thetaM_O,thetaN_O,3dK_O,3dTilt_O,3dM_O,3dN_O,energyK_O,energyE_O,thetaK_Si,thetaTilt_Si,thetaM_Si,thetaN_Si,3dK_Si,3dTilt_Si,3dM_Si,3dN_Si,energyK_Si,energyE_Si
0.0,0.0,0.0,0.0031054687499999,0.0011259765625,0.0,0.0,0.0,0.0020244140625,0.0087285156249999,0.3037442511523438,1.8066068965561861,-0.007385847414377636,1.5117316592207264,1.2673851137617365,8.283185307179584,0.0,1.0,1.0,0.23649579533107862,1.5841337710592325,1.7135410700176594,-0.0022196338950162754,1.5598195749565344,1.6243814186062675,8.283185307179584,0.0,1.0,1.0,0.11318929257535064,3.143145076396026,1.7641905427333884,0.018846652166292846,1.2514037390167152,1.7133814747058516,8.283185307179584,0.0,1.0,1.0,0.05952824691786161,4.766385212304721
1.0,0.0,0.0,0.0031400146484374123,0.0011087646484375,0.0,0.0,1.220703125e-07,0.0020458984374999876,0.008836303710937413,0.30647132337646493,1.7840372544130716,-0.010668933711777212,1.5114567689917413,1.3783846106601847,8.283185307179584,0.0072356971936533825,1.0,1.0,0.2363473209600865,1.5849998375666425,1.7161006509746732,-0.014015363497999757,1.6073900286279998,1.628781867907346,8.283185307179584,0.008550233067327367,1.0,1.0,0.11297784603510644,3.148174810216268,1.7444892276196904,-0.0032026736168955204,1.3797545791332562,1.6690011237147881,8.283185307179584,0.008547183050273409,1.0,1.0,0.059383790017771124,4.775292973554178
2.0,0.0,0.0,0.003174560546874925,0.001091552734375,0.0,0.0,2.44140625e-07,0.002067382812499975,0.008944091796874925,0.30919839560058604,1.7634143241288833,-0.013952020009176787,1.5111818787627564,1.489384107558633,8.283185307179584,0.014471394387306765,1.0,1.0,0.2361988465890944,1.5858659040740526,1.718731328292626,-0.02581109310098324,1.6549604822994652,1.6331823172084243,8.283185307179584,0.017100466134654733,1.0,1.0,0.11276639949486222,3.1532045440365097,1.7490218379220506,-0.025251999400083887,1.508105419249797,1.6246207727237247,8.283185307179584,0.017094366100546817,1.0,1.0,0.059239333117680634,4.784200734803634
3.0,0.0,0.0,0.0032091064453124377,0.0010743408203125,0.0,0.0,3.662109375e-07,0.0020888671874999625,0.009051879882812437,0.3119254678247071,1.7444985716089292,-0.01723510630657636,1.5109069885337716,1.6003836044570812,8.283185307179584,0.021707091580960146,1.0,1.0,0.23605037221810227,1.5867319705814626,1.72141799255514,-0.03760682270396672,1.7025309359709306,1.6375827665095026,8.283185307179584,0.0256506992019821,1.0,1.0,0.11255495295461801,3.1582342778567516,1.7554042828302894,-0.04730132518327225,1.6364562593663377,1.580240421732661,8.283185307179584,0.025641549150820224,1.0,1.0,0.059094876217590145,4.79310849605309
4.0,0.0,0.0,0.003226379394531194,0.00106573486328125,0.0,0.0,4.2724609375e-07,0.002099609374999956,0.009105773925781192,0.3132890039367676,1.7356167093834767,-0.018876649455276152,1.5107695434192792,1.6558833529063053,8.283185307179584,0.025324940177786838,1.0,1.0,0.23597613503260623,1.5871650038351675,1.7227799638890011,-0.04350468750545847,1.7263161628066634,1.639782991160042,8.283185307179584,0.029925815735645782,1.0,1.0,0.1124492296844959,3.1607491447668723,1.7592545148090415,-0.058325988074866435,1.7006316794246081,1.5580502462371295,8.283185307179584,0.02991514067595693,1.0,1.0,0.0590226477675449,4.797562376677819
5.0,0.0,0.0,0.00324365234374995,0.00105712890625,0.0,0.0,4.8828125e-07,0.00211035156249995,0.00915966796874995,0.3146525400488282,1.727088718585498,-0.02051819260397594,1.5106320983047865,1.7113831013555294,8.283185307179584,0.02894278877461353,1.0,1.0,0.23590189784711016,1.5875980370888725,1.7241535076904229,-0.049402552306950204,1.750101389642396,1.6419832158105812,8.283185307179584,0.03420093226930947,1.0,1.0,0.1123435064143738,3.1632640116769934,1.7635258199776072,-0.06935065096646062,1.7648070994828786,1.5358600707415977,8.283185307179584,0.034188732201093634,1.0,1.0,0.05895041931749965,4.802016257302547
6.0,0.0,0.0,0.0032781982421874623,0.0010399169921875,0.0,0.0,6.103515625e-07,0.0021318359374999374,0.009267456054687463,0.3173796122729493,1.7110143013006738,-0.023801278901375518,1.5103572080758014,1.8223825982539776,8.283185307179584,0.03617848596826691,1.0,1.0,0.23575342347611805,1.5884641035962823,1.7269332695294217,-0.061198281909933684,1.7976718433138614,1.6463836651116597,8.283185307179584,0.04275116533663684,1.0,1.0,0.11213205987412958,3.1682937454972353,1.773278093807805,-0.09139997674964898,1.8931579395994194,1.4914797197505343,8.283185307179584,0.04273591525136704,1.0,1.0,0.05880596241740915,4.8109240185520035
7.0,0.0,0.0,0.003312744140624975,0.001022705078125,0.0,0.0,7.32421875e-07,0.002153320312499925,0.009375244140624975,0.32010668449707036,1.6961299143853048,-0.027084365198775093,1.5100823178468166,1.9333820951524259,8.283185307179584,0.04341418316192029,1.0,1.0,0.23560494910512592,1.5893301701036924,1.7297535610402326,-0.07299401151291716,1.8452422969853268,1.650784114412738,8.283185307179584,0.0513013984039642,1.0,1.0,0.11192061333388538,3.173323479317477,1.7845597702809979,-0.11344930253283735,2.02150877971596,1.4470993687594707,8.283185307179584,0.05128309830164045,1.0,1.0,0.05866150551731866,4.81983177980146
8.0,0.0,0.0,0.0033472900390624878,0.0010054931640625,0.0,0.0,8.544921875e-07,0.0021748046874999127,0.009483032226562486,0.32283375672119147,1.6823107077871051,-0.030367451496174667,1.5098074276178317,2.044381592050874,8.283185307179584,0.050649880355573676,1.0,1.0,0.2354564747341338,1.5901962366111024,1.7326109319507645,-0.08478974111590065,1.8928127506567924,1.6551845637138163,8.283185307179584,0.059851631471291564,1.0,1.0,0.11170916679364118,3.1783532131377195,1.7972813355975124,-0.13549862831602572,2.149859619832501,1.4027190177684072,8.283185307179584,0.05983028135191386,1.0,1.0,0.05851704861722817,4.828739541050917
9.0,0.0,0.0,0.003364562988281244,0.00099688720703125,0.0,0.0,9.1552734375e-07,0.0021855468749999063,0.009536926269531242,0.32419729283325205,1.6757662606980102,-0.03200899464487446,1.5096699825033393,2.0998813405000982,8.283185307179584,0.05426772895240037,1.0,1.0,0.23538223754863774,1.5906292698648075,1.734052452452916,-0.09068760591739239,1.916597977492525,1.6573847883643555,8.283185307179584,0.06412674800495524,1.0,1.0,0.11160344352351907,3.1808680800478406,1.8041577439436391,-0.1465232912076199,2.2140350398907716,1.3805288422728754,8.283185307179584,0.06410387287705056,1.0,1.0,0.05844482016718293,4.833193421675645
10.0,0.0,0.0,0.0033818359375,0.00098828125,0.0,0.0,9.765625e-07,0.0021962890624999,0.0095908203125,0.3255608289453126,1.669448827948501,-0.03365053779357424,1.5095325373888466,2.1553810889493223,8.283185307179584,0.05788557754922706,1.0,1.0,0.2353080003631417,1.5910623031185125,1.7355019515648316,-0.09658547071888413,1.9403832043282578,1.6595850130148948,8.283185307179584,0.06840186453861893,1.0,1.0,0.11149772025339696,3.1833829469579613,1.8113665987652778,-0.15754795409921407,2.278210459949042,1.3583386667773438,8.283185307179584,0.06837746440218727,1.0,1.0,0.058372591717137684,4.837647302300373
11.0,0.0,0.0,0.003420166015625,0.001014892578125,0.0,0.0,1.0986328125000001e-06,0.0022459716796874125,0.00974658203125,0.3312220932666016,1.6716818437299161,-0.06015431200481661,1.6870085876307477,2.0795163839639796,8.283185307179584,0.06850236144698407,1.0,1.0,0.235098554400921,1.5922975000029176,1.7299101221475768,-0.11086082506354973,2.033794279375498,1.6829622131478719,8.283185307179584,0.07686461087605738,1.0,1.0,0.11112566035224503,3.192568881355755,1.803557791695987,-0.15641521988039356,2.214900181498833,1.420759354615661,8.283185307179584,0.07768305016129404,1.0,1.0,0.05800297009021199,4.861814654219376
12.0,0.0,0.0,0.00345849609375,0.00104150390625,0.0,0.0,1.220703125e-06,0.002295654296874925,0.00990234375,0.3368833575878907,1.6773591590903738,-0.08665808621605897,1.8644846378726485,2.0036516789786365,8.283185307179584,0.0791191453447411,1.0,1.0,0.2348891084387003,1.5935326968873225,1.7248079905283378,-0.12513617940821534,2.1272053544227383,1.706339413280849,8.283185307179584,0.08532735721349582,1.0,1.0,0.11075360045109307,3.2017548157535494,1.7967034794307368,-0.15528248566157304,2.151589903048624,1.483180042453978,8.283185307179584,0.08698863592040082,1.0,1.0,0.0576333484632863,4.885982006138379
13.0,0.0,0.0,0.003496826171875,0.001068115234375,0.0,0.0,1.3427734375e-06,0.0023453369140624377,0.01005810546875,0.3425446219091797,1.686126658322542,-0.11316186042730134,2.0419606881145493,1.9277869739932938,8.283185307179584,0.08973592924249812,1.0,1.0,0.23467966247647962,1.5947678937717273,1.7201513913408475,-0.13941153375288096,2.2206164294699784,1.729716613413826,8.283185307179584,0.09379010355093428,1.0,1.0,0.11038154054994112,3.210940750151343,1.7907679006974693,-0.1541497514427525,2.0882796245984148,1.5456007302922952,8.283185307179584,0.09629422167950759,1.0,1.0,0.05726372683636061,4.910149358057382
14.0,0.0,0.0,0.0035159912109375,0.0010814208984375,0.0,0.0,1.40380859375e-06,0.002370178222656194,0.010135986328124999,0.3453752540698243,1.6915768973271301,-0.1264137475329225,2.1306987132354998,1.8898546215006224,8.283185307179584,0.09504432119137664,1.0,1.0,0.23457493949536928,1.59538549221393,1.7179774493900635,-0.14654921092521375,2.267321966993599,1.7414052134803146,8.283185307179584,0.0980214767196535,1.0,1.0,0.11019551059936515,3.2155337173502403,1.78813492309147,-0.15358338433334223,2.0566244853733098,1.5768110742114536,8.283185307179584,0.10094701455906097,1.0,1.0,0.05707891602289776,4.922233034016884
15.0,0.0,0.0,0.00353515625,0.0010947265625,0.0,0.0,1.46484375e-06,0.0023950195312499502,0.0102138671875,0.3482058862304688,1.6976972363357161,-0.1396656346385437,2.21943673835645,1.851922269007951,8.283185307179584,0.10035271314025515,1.0,1.0,0.23447021651425892,1.5960030906561324,1.7159000905247157,-0.15368688809754655,2.314027504517219,1.753093813546803,8.283185307179584,0.10225284988837273,1.0,1.0,0.11000948064878918,3.220126684549137,1.7857205936085752,-0.153017017223932,2.0249693461482052,1.6080214181306123,8.283185307179584,0.10559980743861436,1.0,1.0,0.056894105209434914,4.934316709976385
16.0,0.0,0.0,0.003573486328125,0.001121337890625,0.0,0.0,1.5869140625000001e-06,0.002444702148437463,0.01036962890625,0.3538671505517578,1.7118482955201038,-0.16616940884978607,2.3969127885983514,1.7760575640226082,8.283185307179584,0.11096949703801218,1.0,1.0,0.23426077055203823,1.5972382875405375,1.7120174281576457,-0.16796224244221217,2.4074385795644595,1.77647101367978,8.283185307179584,0.11071559622581117,1.0,1.0,0.10963742074763724,3.229312618946931,1.7815359390292556,-0.15188428300511148,1.961659067697996,1.6704421059689294,8.283185307179584,0.11490539319772114,1.0,1.0,0.05652448358250922,4.958484061895389
17.0,0.0,0.0,0.00361181640625,0.00114794921875,0.0,0.0,1.708984375e-06,0.0024943847656249754,0.010525390624999999,0.3595284148730469,1.7284135479526164,-0.19267318306102843,2.5743888388402523,1.7001928590372652,8.283185307179584,0.1215862809357692,1.0,1.0,0.23405132458981753,1.5984734844249426,1.708469959541196,-0.1822375967868778,2.5008496546116996,1.7998482138127572,8.283185307179584,0.11917834256324963,1.0,1.0,0.10926536084648529,3.2384985533447246,1.7781927800806399,-0.15075154878629093,1.8983487892477866,1.7328627938072465,8.283185307179584,0.12421097895682791,1.0,1.0,0.05615486195558353,4.982651413814391
18.0,0.0,0.0,0.003650146484375,0.001174560546875,0.0,0.0,1.8310546875e-06,0.002544067382812488,0.01068115234375,0.3651896791943359,1.747274850676812,-0.21917695727227077,2.751864889082153,1.6243281540519225,8.283185307179584,0.13220306483352623,1.0,1.0,0.2338418786275968,1.5997086813093477,1.7052271141249844,-0.19651295113154338,2.5942607296589397,1.823225413945734,8.283185307179584,0.1276410889006881,1.0,1.0,0.10889330094533334,3.247684487742519,1.7756741073144173,-0.14961881456747042,1.8350385107975775,1.7952834816455634,8.283185307179584,0.13351656471593468,1.0,1.0,0.05578524032865784,5.006818765733394
19.0,0.0,0.0,0.0036693115234375,0.0011878662109375,0.0,0.0,1.89208984375e-06,0.002568908691406244,0.010759033203125,0.3680203113549805,1.7575410950738442,-0.23242884437789196,2.8406029142031035,1.586395801559251,8.283185307179584,0.13751145678240473,1.0,1.0,0.23373715564648645,1.6003262797515503,1.703711079758419,-0.2036506283038762,2.6409662671825602,1.8349140140122224,8.283185307179584,0.1318724620694073,1.0,1.0,0.10870727099475737,3.2522774549414155,1.7747197074479653,-0.14905244745806018,1.803383371572473,1.826493825564722,8.283185307179584,0.13816935759548807,1.0,1.0,0.05560042951519499,5.018902441692896
20.0,0.0,0.0,0.0036884765625,0.001201171875,0.0,0.0,1.953125e-06,0.00259375,0.0108369140625,0.370850943515625,1.7683555631191656,-0.24568073148351313,2.929340939324054,1.5484634490665796,8.283185307179584,0.14281984873128326,1.0,1.0,0.23363243266537612,1.6009438781937526,1.7022608811646844,-0.210788305476209,2.6876718047061803,1.846602614078711,8.283185307179584,0.13610383523812652,1.0,1.0,0.1085212410441814,3.2568704221403126,1.7739668012993013,-0.1484860803486499,1.7717282323473682,1.8577041694838805,8.283185307179584,0.14282215047504146,1.0,1.0,0.055415618701732144,5.030986117652398
21.0,0.0,0.0,0.003807861328125,0.0012106933593749875,0.0,0.0,2.1972656250000003e-06,0.0026934814453124997,0.0112183837890625,0.382823657394311,1.7599467007634977,-0.25372509158553813,3.0305774171885203,1.5710001544648104,8.283185307179584,0.14800040440482562,1.0,1.0,0.23283542832181947,1.605793745900097,1.704060095093693,-0.22701615153101662,2.8421008039002817,1.8207421160473305,8.283185307179584,0.14314774783647166,1.0,1.0,0.10798670158304718,3.2708749867642455,1.779814346878695,-0.1740740620435101,1.9254224698592242,1.8059692627693233,8.283185307179584,0.1525992317170612,1.0,1.0,0.05519872126513875,5.046173143240038
22.0,0.0,0.0,0.00392724609375,0.0012202148437499751,0.0,0.0,2.44140625e-06,0.0027932128906249997,0.011599853515625,0.394796371272997,1.7519110911640432,-0.2617694516875631,3.131813895052986,1.5935368598630415,8.283185307179584,0.15318096007836798,1.0,1.0,0.23203842397826285,1.6106436136064417,1.706866243873779,-0.2432439975858242,2.9965298030943828,1.7948816180159501,8.283185307179584,0.15019166043481683,1.0,1.0,0.10745216212191298,3.284879551388178,1.7878215333295977,-0.19966204373837035,2.07911670737108,1.754234356054766,8.283185307179584,0.16237631295908095,1.0,1.0,0.05498182382854536,5.0613601688276795
23.0,0.0,0.0,0.004046630859375,0.0012297363281249625,0.0,0.0,2.685546875e-06,0.0028929443359374998,0.0119813232421875,0.406769085151683,1.7442245397095788,-0.2698138117895881,3.233050372917452,1.6160735652612723,8.283185307179584,0.15836151575191035,1.0,1.0,0.23124141963470624,1.6154934813127864,1.7105873756318655,-0.2594718436406318,3.150958802288484,1.7690211199845698,8.283185307179584,0.157235573033162,1.0,1.0,0.10691762266077878,3.2988841160121107,1.797762323320154,-0.22525002543323058,2.232810944882936,1.7024994493402086,8.283185307179584,0.1721533942011007,1.0,1.0,0.054764926391951976,5.076547194415321
24.0,0.0,0.0,0.0041063232421874995,0.0012344970703124561,0.0,0.0,2.8076171875e-06,0.0029428100585937498,0.01217205810546875,0.412755442091026,1.740505173910558,-0.2738359918406006,3.283668611849685,1.6273419179603876,8.283185307179584,0.16095179358868153,1.0,1.0,0.23084291746292793,1.6179184151659587,1.7127659870139595,-0.26758576666803563,3.2281733018855343,1.7560908709688796,8.283185307179584,0.16075752933233456,1.0,1.0,0.10665035293021168,3.305886398324077,1.8033996212184649,-0.2380440162806607,2.3096580636388637,1.67663199598293,8.283185307179584,0.17704193482211059,1.0,1.0,0.05465647767365528,5.084140707209142
25.0,0.0,0.0,0.004166015625,0.00123925781249995,0.0,0.0,2.9296875e-06,0.00299267578125,0.01236279296875,0.418741799030369,1.7368649271021288,-0.2778581718916131,3.3342868507819183,1.6386102706595032,8.283185307179584,0.1635420714254527,1.0,1.0,0.23044441529114962,1.620343349019131,1.7151446905250225,-0.27569968969543945,3.305387801482585,1.7431606219531894,8.283185307179584,0.16427948563150713,1.0,1.0,0.10638308319964457,3.3128886806360436,1.809455238331894,-0.2508380071280908,2.386505182394792,1.6507645426256512,8.283185307179584,0.18193047544312047,1.0,1.0,0.05454802895535858,5.091734220002962
26.0,0.0,0.0,0.004285400390625,0.0012487792968749376,0.0,0.0,3.1738281250000003e-06,0.0030924072265625,0.0127442626953125,0.430714512909055,1.7298119805910752,-0.2859025319936381,3.435523328646384,1.661146976057734,8.283185307179584,0.16872262709899508,1.0,1.0,0.229647410947593,1.6251932167254757,1.7204702677562602,-0.29192753575024705,3.459816800676686,1.717300123921809,8.283185307179584,0.1713233982298523,1.0,1.0,0.10584854373851035,3.326893245259976,1.822754618785818,-0.276425988822951,2.5401994199066475,1.5990296359110938,8.283185307179584,0.19170755668514022,1.0,1.0,0.054331131518765195,5.106921245590604
27.0,0.0,0.0,0.00440478515625,0.001258300781249925,0.0,0.0,3.41796875e-06,0.003192138671875,0.013125732421875,0.442687226787741,1.723047075150993,-0.29394689209566305,3.53675980651085,1.6836836814559648,8.283185307179584,0.17390318277253744,1.0,1.0,0.22885040660403638,1.6300430844318203,1.7265052526776352,-0.30815538180505464,3.614245799870787,1.6914396258904287,8.283185307179584,0.17836731082819746,1.0,1.0,0.10531400427737615,3.340897809883909,1.8375439400495854,-0.3020139705178112,2.6938936574185037,1.5472947291965364,8.283185307179584,0.20148463792715995,1.0,1.0,0.05411423408217181,5.122108271178245
28.0,0.0,0.0,0.004524169921875,0.0012678222656249125,0.0,0.0,3.662109375e-06,0.0032918701171875,0.0135072021484375,0.454659940666427,1.7165530599447802,-0.3019912521976881,3.6379962843753164,1.7062203868541959,8.283185307179584,0.1790837384460798,1.0,1.0,0.22805340226047977,1.634892952138165,1.733198398472495,-0.3243832278598623,3.768674799064888,1.6655791278590484,8.283185307179584,0.1854112234265426,1.0,1.0,0.10477946481624195,3.3549023745078417,1.8537307386037944,-0.3276019522126714,2.8475878949303595,1.495559822481979,8.283185307179584,0.21126171916917968,1.0,1.0,0.053897336645578414,5.1372952967658865
29.0,0.0,0.0,0.0045838623046875,0.0012725830078124064,0.0,0.0,3.7841796875e-06,0.00334173583984375,0.01369793701171875,0.46064629760577,1.7134026418944766,-0.3060134322487006,3.6886145233075496,1.7174887395533114,8.283185307179584,0.181674016282851,1.0,1.0,0.22765490008870143,1.6373178859913373,1.7367775517259272,-0.33249715088726606,3.8458892986619384,1.6526488788433582,8.283185307179584,0.18893317972571516,1.0,1.0,0.10451219508567484,3.361904656819808,1.8623249125090884,-0.34039594306010157,2.9244350136862876,1.4696923691247004,8.283185307179584,0.21615025979018956,1.0,1.0,0.05378888792728172,5.144888809559706
30.0,0.0,0.0,0.0046435546875,0.0012773437499999,0.0,0.0,3.90625e-06,0.0033916015625,0.013888671875,0.466632654545113,1.710314106525809,-0.31003561229971305,3.7392327622397823,1.7287570922524267,8.283185307179584,0.18426429411962217,1.0,1.0,0.22725639791692312,1.6397428198445096,1.7405048839163646,-0.3406110739146699,3.9231037982589894,1.6397186298276678,8.283185307179584,0.19245513602488776,1.0,1.0,0.10424492535510774,3.368906939131774,1.871242780066554,-0.3531899339075317,3.001282132442215,1.443824915767422,8.283185307179584,0.22103880041119944,1.0,1.0,0.05368043920898503,5.152482322353527
31.0,0.0,0.0,0.005011962890624999,0.0012799072265624125,0.0,1.220703125e-07,4.516601562500001e-06,0.0037635498046875,0.0150262451171875,0.5042906040990442,1.707577614386744,-0.3112781528652355,3.6858714399608346,1.7655393289095498,8.283185307179584,0.19092000320708835,1.0,1.0,0.2249757662211559,1.6550795388533261,1.7326723543836033,-0.3433765073730888,3.931340966339599,1.6810453394001938,8.283185307179584,0.1994862136626436,1.0,1.0,0.10370872368266358,3.384010399600717,1.8588800157380927,-0.3780368642757729,3.3198431242181976,1.4557828846738627,8.283185307179584,0.23402680200455825,1.0,1.0,0.053058567523758995,5.200832140239726
32.0,0.0,0.0,0.005196166992187499,0.0012811889648436689,0.0,1.8310546875e-07,4.821777343750001e-06,0.00394952392578125,0.01559503173828125,0.5231195788760099,1.7062912006613815,-0.3118994231479968,3.6591907788213605,1.7839304472381112,8.283185307179584,0.19424785775082143,1.0,1.0,0.2238354503732723,1.6627478983577344,1.7288368689410416,-0.3447592241022982,3.935459550379904,1.701708694186457,8.283185307179584,0.20300175248152152,1.0,1.0,0.10344062284644151,3.3915621298351883,1.8537010518138939,-0.39046032945989345,3.479123620106189,1.461761869127083,8.283185307179584,0.24052080280123767,1.0,1.0,0.052747631681145976,5.225007049182825
33.0,0.0,0.0,0.005380371093749999,0.001282470703124925,0.0,2.44140625e-07,5.126953125e-06,0.004135498046875,0.016163818359375,0.5419485536529755,1.705058408231549,-0.31252069343075806,3.6325101176818864,1.8023215655666727,8.283185307179584,0.1975757122945545,1.0,1.0,0.2226951345253887,1.6704162578621424,1.7250536397734617,-0.3461419408315076,3.939578134420209,1.7223720489727201,8.283185307179584,0.20651729130039945,1.0,1.0,0.10317252201021943,3.39911386006966,1.8491026660092333,-0.402883794644014,3.63840411599418,1.4677408535803034,8.283185307179584,0.24701480359791705,1.0,1.0,0.05243669583853296,5.249181958125924
34.0,0.0,0.0,0.005564575195312499,0.0012837524414061811,0.0,3.0517578125e-07,5.43212890625e-06,0.00432147216796875,0.01673260498046875,0.560777528429941,1.7038785611483789,-0.3131419637135193,3.6058294565424123,1.820712683895234,8.283185307179584,0.20090356683828758,1.0,1.0,0.2215548186775051,1.6780846173665505,1.721321513143852,-0.34752465756071704,3.9436967184605143,1.743035403758983,8.283185307179584,0.21003283011927737,1.0,1.0,0.10290442117399735,3.406665590304132,1.8450285609417572,-0.41530725982813466,3.797684611882171,1.473719838033524,8.283185307179584,0.25350880439459644,1.0,1.0,0.05212575999591994,5.2733568670690225
35.0,0.0,0.0,0.005748779296874999,0.0012850341796874375,0.0,3.662109375e-07,5.7373046875e-06,0.0045074462890625,0.0173013916015625,0.5796065032069067,1.702751002132925,-0.31376323399628053,3.579148795402938,1.8391038022237955,8.283185307179584,0.20423142138202066,1.0,1.0,0.22041450282962147,1.6857529768709587,1.717639368741807,-0.3489073742899265,3.9478153025008194,1.7636987585452462,8.283185307179584,0.2135483689381553,1.0,1.0,0.10263632033777528,3.4142173205386035,1.8414286835631972,-0.42773072501225523,3.9569651077701624,1.4796988224867442,8.283185307179584,0.26000280519127583,1.0,1.0,0.051814824153306925,5.297531776012121
36.0,0.0,0.0,0.005932983398437499,0.0012863159179686938,0.0,4.2724609375e-07,6.04248046875e-06,0.0046934204101562495,0.017870178222656248,0.5984354779838723,1.7016750919232089,-0.31438450427904174,3.552468134263464,1.857494920552357,8.283185307179584,0.20755927592575374,1.0,1.0,0.21927418698173784,1.693421336375367,1.7140061184616098,-0.350290091019136,3.9519338865411244,1.7843621133315093,8.283185307179584,0.21706390775703321,1.0,1.0,0.1023682195015532,3.421769050773075,1.8382583309699774,-0.4401541901963758,4.116245603658154,1.4856778069399645,8.283185307179584,0.2664968059879552,1.0,1.0,0.05150388831069391,5.32170668495522
37.0,0.0,0.0,0.006117187499999999,0.00128759765624995,0.0,4.8828125e-07,6.3476562500000006e-06,0.004879394531249999,0.01843896484375,0.6172644527608379,1.7006502087256696,-0.315005774561803,3.52578747312399,1.8758860388809184,8.283185307179584,0.21088713046948682,1.0,1.0,0.21813387113385424,1.7010896958797752,1.7104207052338916,-0.3516728077483454,3.9560524705814295,1.8050254681177722,8.283185307179584,0.22057944657591114,1.0,1.0,0.10210011866533113,3.4293207810075463,1.835477403825928,-0.45257765538049644,4.275526099546145,1.491656791393185,8.283185307179584,0.27299080678463467,1.0,1.0,0.05119295246808089,5.34588159389832
38.0,0.0,0.0,0.006301391601562499,0.001288879394531206,0.0,5.493164062500001e-07,6.652832031250001e-06,0.005065368652343749,0.01900775146484375,0.6360934275378034,1.6996757476446116,-0.3156270448445643,3.499106811984516,1.8942771572094799,8.283185307179584,0.2142149850132199,1.0,1.0,0.21699355528597064,1.7087580553841835,1.7068821019016012,-0.35305552447755484,3.9601710546217346,1.8256888229040351,8.283185307179584,0.22409498539478906,1.0,1.0,0.10183201782910906,3.4368725112420178,1.8330497796751053,-0.46500112056461707,4.434806595434136,1.4976357758464054,8.283185307179584,0.2794848075813141,1.0,1.0,0.050882016625467874,5.37005650284142
39.0,0.0,0.0,0.0064855957031249994,0.0012901611328124624,0.0,6.103515625e-07,6.958007812500001e-06,0.005251342773437499,0.019576538085937498,0.6549224023147691,1.6987511201415166,-0.31624831512732554,3.472426150845042,1.9126682755380413,8.283185307179584,0.21754283955695297,1.0,1.0,0.215853239438087,1.7164264148885917,1.7033893101788955,-0.3544382412067643,3.9642896386620396,1.8463521776902982,8.283185307179584,0.22761052421366698,1.0,1.0,0.10156391699288697,3.444424241476489,1.8309427842267716,-0.47742458574873764,4.594087091322127,1.5036147602996257,8.283185307179584,0.2859788083779935,1.0,1.0,0.05057108078285486,5.394231411784519
40.0,0.0,0.0,0.0066697998046874995,0.0012914428710937187,0.0,6.7138671875e-07,7.263183593750001e-06,0.005437316894531249,0.02014532470703125,0.6737513770917347,1.6978757535092321,-0.3168695854100868,3.4457454897055677,1.9310593938666027,8.283185307179584,0.22087069410068605,1.0,1.0,0.2147129235902034,1.724094774393,1.6999413595821915,-0.3558209579359738,3.9684082227023447,1.8670155324765614,8.283185307179584,0.2311260630325449,1.0,1.0,0.1012958161566649,3.4519759717109606,1.8291267431682483,-0.4898480509328582,4.753367587210118,1.5095937447528462,8.283185307179584,0.2924728091746729,1.0,1.0,0.05026014494024185,5.418406320727618
41.0,0.0,0.0,0.0068540039062499995,0.0012927246093749748,0.0,7.32421875e-07,7.568359375000001e-06,0.0056232910156249994,0.020714111328125,0.6925803518687003,1.6970490903911855,-0.317490855692848,3.4190648285660936,1.9494505121951644,8.283185307179584,0.22419854864441913,1.0,1.0,0.2135726077423198,1.731763133897408,1.6965373064834548,-0.3572036746651832,3.9725268067426494,1.8876788872628243,8.283185307179584,0.23464160185142283,1.0,1.0,0.10102771532044283,3.4595277019454325,1.8275746005347737,-0.5022715161169788,4.91264808309811,1.5155727292060666,8.283185307179584,0.2989668099713523,1.0,1.0,0.04994920909762883,5.442581229670717
42.0,0.0,0.0,0.0070382080078125,0.0012940063476562312,0.0,7.934570312500001e-07,7.87353515625e-06,0.00580926513671875,0.02128289794921875,0.7114093266456658,1.6962705882608637,-0.31811212597560923,3.3923841674266195,1.967841630523726,8.283185307179584,0.2275264031881522,1.0,1.0,0.2124322918944362,1.739431493401816,1.6931762331627178,-0.35858639139439263,3.976645390782954,1.9083422420490874,8.283185307179584,0.23815714067030075,1.0,1.0,0.10075961448422074,3.4670794321799043,1.826261592380992,-0.5146949813010995,5.0719285789861015,1.5215517136592869,8.283185307179584,0.30546081076803167,1.0,1.0,0.04963827325501581,5.466756138613816
43.0,0.0,0.0,0.007222412109375,0.0012952880859374875,0.0,8.544921875e-07,8.1787109375e-06,0.0059952392578125,0.021851684570312502,0.7302383014226315,1.6955397189803345,-0.3187333962583705,3.3657035062871454,1.9862327488522875,8.283185307179584,0.23085425773188528,1.0,1.0,0.21129197604655256,1.7470998529062243,1.6898572469038513,-0.35996910812360206,3.980763974823259,1.9290055968353506,8.283185307179584,0.24167267948917867,1.0,1.0,0.10049151364799867,3.4746311624143758,1.8251649666355232,-0.52711844648522,5.2312090748740925,1.5275306981125074,8.283185307179584,0.31195481156471105,1.0,1.0,0.04932733741240279,5.490931047556915
44.0,0.0,0.0,0.0074066162109375,0.0012965698242187436,0.0,9.1552734375e-07,8.48388671875e-06,0.00618121337890625,0.02242047119140625,0.7490672761995971,1.6948559683530808,-0.31935466654113176,3.3390228451476713,2.004623867180849,8.283185307179584,0.23418211227561836,1.0,1.0,0.21015166019866893,1.7547682124106325,1.6865794791565167,-0.3613518248528115,3.984882558863564,1.9496689516216135,8.283185307179584,0.2451882183080566,1.0,1.0,0.1002234128117766,3.482182892648847,1.8242637417120668,-0.5395419116693405,5.3904895707620835,1.5335096825657277,8.283185307179584,0.31844881236139044,1.0,1.0,0.04901640156978977,5.515105956500014
45.0,0.0,0.0,0.0075908203125,0.0012978515625,0.0,9.765625e-07,8.789062500000001e-06,0.0063671875,0.0229892578125,0.7678962509765627,1.6942188356654895,-0.319975936823893,3.3123421840081972,2.0230149855094104,8.283185307179584,0.23750996681935144,1.0,1.0,0.20901134435078533,1.7624365719150408,1.6833420846699658,-0.36273454158202095,3.989001142903869,1.9703323064078766,8.283185307179584,0.24870375712693452,1.0,1.0,0.09995531197555452,3.4897346228833186,1.823538497798093,-0.5519653768534611,5.549770066650074,1.539488667018948,8.283185307179584,0.3249428131580699,1.0,1.0,0.04870546572717676,5.539280865443113
46.0,0.0,0.0,0.0080458984375,0.00111181640625,0.0,3.41796875e-06,1.025390625e-05,0.00699804687499995,0.02425,0.8118004355935342,1.6873116407513975,-0.34652716435415887,3.7495643089077846,1.9774888192918072,8.283185307179584,0.24000755116414263,1.0,1.0,0.21055549694134157,1.7513881004994536,1.6734780180286957,-0.3715213354742377,4.069070461480699,2.027456345087116,8.283185307179584,0.2558471066964181,1.0,1.0,0.09962454064958334,3.4994593480746774,1.7886765470723722,-0.5935210519849463,7.046072272065712,1.5641929190295258,8.283185307179584,0.3356627160487174,1.0,1.0,0.049423164478610296,5.480294721800249
47.0,0.0,0.0,0.008273437500000001,0.001018798828125,0.0,4.638671875e-06,1.0986328125e-05,0.007313476562499924,0.02488037109375,0.8337525279020199,1.6856430666087123,-0.35980277811929173,3.968175371357578,1.9547257361830055,8.283185307179584,0.24125634333653823,1.0,1.0,0.21132757323661966,1.74586386479166,1.6686703548369664,-0.3759147324203461,4.109105120769114,2.056018364426736,8.283185307179584,0.2594187814811598,1.0,1.0,0.09945915498659777,3.5043217106703572,1.7759998165479316,-0.6142988895506889,7.79422337477353,1.5765450450348149,8.283185307179584,0.34102266749404114,1.0,1.0,0.04978201385432706,5.450801649978816
48.0,0.0,0.0,0.0085009765625,0.00092578125,0.0,5.859375e-06,1.171875e-05,0.0076289062499999,0.0255107421875,0.8557046202105056,1.6850044166695048,-0.37307839188442465,4.186786433807372,1.931962653074204,8.283185307179584,0.24250513550893382,1.0,1.0,0.21209964953189778,1.7403396290838666,1.6639425110792925,-0.38030812936645453,4.14913978005753,2.0845803837663555,8.283185307179584,0.2629904562659016,1.0,1.0,0.09929376932361218,3.5091840732660367,1.7656982528896257,-0.6350767271164314,8.54237447748135,1.5888971710401036,8.283185307179584,0.3463826189393649,1.0,1.0,0.050140863230043825,5.421308578157384
49.0,0.0,0.0,0.008970703125,0.0009243164062499999,0.0,3.90625e-06,1.4648437500000001e-05,0.0081425781249999,0.027154296875,0.9079235706800076,1.675011142263818,-0.3632046881034643,3.971943335095107,2.0228725542612205,8.283185307179584,0.24793565987398924,1.0,1.0,0.2112952043631396,1.7460592218394204,1.6581032471575181,-0.3911984925863651,4.384154430403842,2.076943180697398,8.283185307179584,0.2641787227200036,1.0,1.0,0.09977489771806165,3.4950761393451737,1.7456010329389475,-0.6315510506331199,7.989406376324886,1.7113781665864969,8.283185307179584,0.36793811681692734,1.0,1.0,0.048958937991061484,5.519967558535323
50.0,0.0,0.0,0.00920556640625,0.0009235839843749999,0.0,2.9296875e-06,1.611328125e-05,0.0083994140624999,0.02797607421875,0.9340330459147586,1.6707338891038606,-0.3582678362129841,3.864521785738975,2.0683275048547287,8.283185307179584,0.25065092205651696,1.0,1.0,0.21089298177876048,1.7489190182171974,1.6555218515316157,-0.39664367419632035,4.501661755576999,2.0731245791629194,8.283185307179584,0.2647728559470546,1.0,1.0,0.10001546191528639,3.4880221723847424,1.7368937075307604,-0.6297882123914642,7.7129223257466535,1.7726186643596935,8.283185307179584,0.3787158657557086,1.0,1.0,0.04836797537157031,5.569297048724293
51.0,0.0,0.0,0.0094404296875,0.0009228515625,0.0,1.953125e-06,1.7578125000000002e-05,0.0086562499999999,0.0287978515625,0.9601425211495096,1.6669385068821072,-0.3533309843225039,3.7571002363828425,2.113782455448237,8.283185307179584,0.25336618423904467,1.0,1.0,0.21049075919438137,1.7517788145949744,1.6531503424971954,-0.4020888558062756,4.619169080750154,2.0693059776284404,8.283185307179584,0.26536698917410556,1.0,1.0,0.10025602611251112,3.480968205424311,1.729046511782164,-0.6280253741498084,7.436438275168422,1.83385916213289,8.283185307179584,0.3894936146944898,1.0,1.0,0.04777701275207914,5.618626538913262
52.0,0.0,0.0,0.01032470703125,0.0009018554687499499,0.0,2.44140625e-06,2.001953125e-05,0.0092763671874999,0.030637695312499998,1.027222098091452,1.6699109115191284,-0.3740931919601843,4.133806838347551,2.0334694046511737,8.283185307179584,0.2532592263270094,1.0,1.0,0.21092599568817208,1.748674601891645,1.6520555687663685,-0.41237520792951854,4.8388952267788286,2.047405890422292,8.283185307179584,0.26720467074215926,1.0,1.0,0.09879233508008448,3.524647177718326,1.7153629823814818,-0.6424860808521615,8.335051382794987,1.8241572778230566,8.283185307179584,0.3834182185216413,1.0,1.0,0.04723385234007506,5.666653933078562
53.0,0.0,0.0,0.010766845703125,0.0008913574218749249,0.0,2.685546875e-06,2.1240234375e-05,0.0095864257812499,0.0315576171875,1.0607618865624233,1.6727308382268802,-0.3844742957790245,4.322160139329905,1.9933128792526422,8.283185307179584,0.2532057473709918,1.0,1.0,0.21114361393506742,1.7471224955399802,1.6517767496586007,-0.41751838399114005,4.948758299793166,2.0364558468192175,8.283185307179584,0.26812351152618613,1.0,1.0,0.09806048956387114,3.546486663865334,1.7096345688938563,-0.649716434203338,8.784357936608268,1.8193063356681398,8.283185307179584,0.3803805204352171,1.0,1.0,0.046962272134073016,5.6906676301612125
54.0,0.0,0.0,0.011208984375,0.0008808593749999,0.0,2.9296875e-06,2.24609375e-05,0.0098964843749999,0.0324775390625,1.0943016750333945,1.6763736689997195,-0.3948553995978647,4.510513440312259,1.9531563538541106,8.283185307179584,0.2531522684149742,1.0,1.0,0.2113612321819628,1.7455703891883156,1.6516674949805867,-0.4226615600527615,5.058621372807503,2.025505803216143,8.283185307179584,0.269042352310213,1.0,1.0,0.09732864404765781,3.5683261500123415,1.7045592123191842,-0.6569467875545145,9.23366449042155,1.814455393513223,8.283185307179584,0.37734282234879285,1.0,1.0,0.046690691928070974,5.714681327243863
55.0,0.0,0.0,0.01185986328125,0.00085595703124995,0.0,6.3476562500000006e-06,2.294921875e-05,0.01072558593749995,0.034725097656249995,1.1695754808481924,1.6501848138652695,-0.4051280216970477,4.75794951008569,2.054359269112692,8.283185307179584,0.2655361279801587,1.0,1.0,0.20659077886125807,1.780899129938795,1.6476472852245012,-0.41099359003138014,4.810890341320826,2.0743221980479145,8.283185307179584,0.26980120955113496,1.0,1.0,0.09824707775651409,3.5406537023275595,1.6985965626037443,-0.6564618255302727,8.760307182516474,1.8854035337983195,8.283185307179584,0.3990061095751165,1.0,1.0,0.04659331454352304,5.723482366622553
56.0,0.0,0.0,0.012185302734375,0.000843505859374975,0.0,8.056640625e-06,2.3193359375e-05,0.011140136718749975,0.035848876953125,1.2072123837555915,1.637729313049589,-0.4102643327466392,4.881667544972405,2.1049607267419828,8.283185307179584,0.271728057762751,1.0,1.0,0.2042055522009057,1.7985635003140348,1.6460594446211587,-0.40515960502068943,4.687024825577488,2.0987303954638,8.283185307179584,0.27018063817159593,1.0,1.0,0.09870629461094224,3.5268174784851682,1.6960840109980608,-0.6562193445181517,8.523628528563936,1.920877603940868,8.283185307179584,0.4098377531882783,1.0,1.0,0.04654462585124908,5.727882886311899
57.0,0.0,0.0,0.0125107421875,0.0008310546875,0.0,9.765625000000002e-06,2.34375e-05,0.0115546875,0.03697265625,1.2448492866629906,1.6256721200773911,-0.4154006437962307,5.005385579859121,2.1555621843712736,8.283185307179584,0.27791998754534325,1.0,1.0,0.20182032554055335,1.8162278706892747,1.6447653872710086,-0.3993256200099987,4.563159309834151,2.123138592879686,8.283185307179584,0.2705600667920569,1.0,1.0,0.09916551146537038,3.512981254642777,1.6938824319017871,-0.6559768635060308,8.286949874611397,1.9563516740834161,8.283185307179584,0.4206693968014401,1.0,1.0,0.046495937158975105,5.732283406001244
58.0,0.0,0.0,0.013425781249999949,0.0007001953125,0.0,8.789062500000001e-06,2.392578125e-05,0.0125537109375,0.03967138671875,1.3345655535599394,1.623808279721854,-0.4545582359839373,6.177707824128303,2.018364079860662,8.283185307179584,0.2765571923052085,1.0,1.0,0.20136035621966164,1.8197926675999536,1.61617103653067,-0.42119914360595145,5.241564414962444,2.16368957916096,8.283185307179584,0.2751814241714632,1.0,1.0,0.09874581933689255,3.525513934658828,1.680470326274501,-0.6753434830780491,9.264590090693218,1.9611794647677634,8.283185307179584,0.4243779812755403,1.0,1.0,0.04530755016462849,5.844686575695206
59.0,0.0,0.0,0.013883300781249924,0.0006347656249999999,0.0,8.30078125e-06,2.4169921875e-05,0.01305322265625,0.041020751953125004,1.3794236870084138,1.6283280423557083,-0.4741370320777906,6.763868946262894,1.9497650276053564,8.283185307179584,0.27587579468514106,1.0,1.0,0.20113037155921576,1.821575066055293,1.6038505106684877,-0.43213590540392777,5.580766967526591,2.183965072301597,8.283185307179584,0.2774921028611663,1.0,1.0,0.09853597327265365,3.531780274666853,1.6748228180445544,-0.6850267928640583,9.75341019873413,1.963593360109937,8.283185307179584,0.42623227351259035,1.0,1.0,0.04471335666745519,5.900888160542188
60.0,0.0,0.0,0.0143408203124999,0.0005693359375,0.0,7.8125e-06,2.44140625e-05,0.013552734375,0.0423701171875,1.4242818204568883,1.6358598751249886,-0.49371582817164394,7.350030068397486,1.881165975350051,8.283185307179584,0.27519439706507365,1.0,1.0,0.2009003868987699,1.8233574645106323,1.5926363230542724,-0.44307266720190414,5.919969520090738,2.204240565442234,8.283185307179584,0.2798027815508694,1.0,1.0,0.09832612720841474,3.538046614674879,1.6697884617877623,-0.6947101026500675,10.24223030677504,1.9660072554521106,8.283185307179584,0.42808656574964044,1.0,1.0,0.04411916317028189,5.95708974538917
61.0,0.0,0.0,0.01533984374999995,0.00039160156249999997,0.0,7.32421875e-06,3.076171875e-05,0.0147646484375,0.04547705078125,1.5275403652265267,1.6295366156887572,-0.5064676606135388,7.963642290426266,1.8619981611848968,8.283185307179584,0.2716609335944924,1.0,1.0,0.2012603710258863,1.8205650863951828,1.5982791763929212,-0.48466270949229606,7.215392178356263,2.0579854758820812,8.283185307179584,0.28369443145529394,1.0,1.0,0.0977943660401604,3.554198339755053,1.6523232442108378,-0.6875489513942139,9.932552861332205,2.056807725673269,8.283185307179584,0.43309528469776015,1.0,1.0,0.04397638879035775,5.97124929262316
62.0,0.0,0.0,0.015839355468749976,0.000302734375,0.0,7.0800781249999995e-06,3.3935546875e-05,0.01537060546875,0.047030517578125,1.5791696376113458,1.6270722858809017,-0.5128435768344861,8.270448401440657,1.8524142541023199,8.283185307179584,0.26989420185920177,1.0,1.0,0.20144036308944446,1.819168897337458,1.6061251020640548,-0.505457730637492,7.863103507489026,1.9848579311020047,8.283185307179584,0.2856402564075062,1.0,1.0,0.09752848545603322,3.5622742022951397,1.6440946718802025,-0.6839683757662871,9.777714138610786,2.1022079607838484,8.283185307179584,0.43559964417181996,1.0,1.0,0.04390500160039568,5.978329066240155
63.0,0.0,0.0,0.0163388671875,0.0002138671875,0.0,6.8359375e-06,3.7109375e-05,0.0159765625,0.048583984375,1.630798909996165,1.6250278849609707,-0.5192194930554336,8.577254512455045,1.842830347019743,8.283185307179584,0.26812747012391114,1.0,1.0,0.20162035515300264,1.817772708279733,1.6168048516954716,-0.5262527517826879,8.510814836621789,1.9117303863219284,8.283185307179584,0.2875860813597184,1.0,1.0,0.09726260487190605,3.5703500648352264,1.636190108923496,-0.6803878001383602,9.62287541588937,2.1476081958944278,8.283185307179584,0.4381040036458798,1.0,1.0,0.04383361441043361,5.9854088398571506
64.0,0.0,0.0,0.0176845703125,0.000123046875,0.0,2.05078125e-05,4.833984375e-05,0.017382812499999997,0.052631835937499996,1.7652565237704478,1.6016735286577637,-0.5876085152733153,13.728268590079715,1.701024886650155,8.283185307179584,0.275577757423669,1.0,1.0,0.20544974842110272,1.789135027775746,1.5961041780425842,-0.5389796292929324,9.388947576144249,1.942681397168131,8.25959227679524,0.2924422542565381,1.0093206025286348,1.0,0.09700751389523188,3.578208727169797,1.5943557951064369,-0.7080007521200891,11.633993985681721,2.2423967978811596,8.283185307179584,0.45564024047604534,1.0,1.0,0.043511060555299436,6.017948519203509
65.0,0.0,0.0,0.018357421875000002,7.763671875e-05,0.0,2.7343750000000004e-05,5.3955078125e-05,0.018085937499999996,0.05465576171875,1.832485330657589,1.6090594730814693,-0.621803026382256,16.303775628892048,1.630122156465361,8.283185307179584,0.27930290107354794,1.0,1.0,0.20736444505515278,1.7748161875237527,1.5867259363357653,-0.5453430680480547,9.828013945905479,1.9581569025912322,8.247868267831846,0.2948703407049479,1.0139809037929521,1.0,0.09687996840689479,3.5821380583370823,1.5764973134050533,-0.7218072281109534,12.639553270577897,2.2897910988745256,8.283185307179584,0.4644083588911281,1.0,1.0,0.043349783627732355,6.0342183588766884
66.0,0.0,0.0,0.0190302734375,3.22265625e-05,0.0,3.41796875e-05,5.95703125e-05,0.0187890625,0.0566796875,1.8997141375447304,1.6242119596806006,-0.6559975374911969,18.879282667704384,1.559219426280567,8.283185307179584,0.2830280447234269,1.0,1.0,0.2092791416892028,1.7604973472717593,1.5779175064117172,-0.5517065068031769,10.267080315666709,1.9736324080143335,8.236192170071405,0.29729842715335775,1.0186412050572697,1.0,0.0967524229185577,3.5860673895043673,1.560277597359462,-0.7356137041018178,13.645112555474073,2.337185399867891,8.283185307179584,0.4731764773062109,1.0,1.0,0.04318850670016527,6.050488198549868
67.0,0.0,0.0,0.020483886718749997,2.6367187500000003e-05,0.0,3.369140625e-05,6.591796875e-05,0.02058300781249995,0.06170214843749999,2.0660751038895526,1.5768620193692509,-0.6382291416082317,17.72377466034694,1.7362263996093688,8.186521092817964,0.2887752421447388,1.0386814355193095,1.0,0.20765515958758185,1.7724093870591509,1.5567272040481495,-0.5603429224297054,11.10100547669127,2.0201417501166166,8.163844253153872,0.2985971009939984,1.047947908896551,1.0,0.09658525427684775,3.591256963060822,1.524878428637465,-0.751363927439798,15.805931349960264,2.4249621477439964,8.204043997506185,0.4799284805251617,1.031571650837697,1.0,0.043032325730603754,6.066524902254173
68.0,0.0,0.0,0.021210693359374998,2.34375e-05,0.0,3.3447265625e-05,6.909179687500001e-05,0.021479980468749924,0.06421337890625,2.1492555870619636,1.5557328107737074,-0.6293449436667491,17.146020656668217,1.8247298862737695,8.139395434959328,0.2916488408553948,1.0580221532789642,1.0,0.20684316853677137,1.7783654069528465,1.5467995457220673,-0.5646611302429697,11.51796805720355,2.043396421167758,8.12835231030556,0.2992464379143187,1.0626012608161917,1.0,0.09650166995599277,3.5938517498390494,1.5090516661331685,-0.759239039108788,16.886340747203363,2.4688505216820493,8.165283744256477,0.48330448213463706,1.0473574762565456,1.0,0.042954235245823,6.074543254106326
69.0,0.0,0.0,0.0219375,2.05078125e-05,0.0,3.3203125e-05,7.226562500000001e-05,0.0223769531249999,0.066724609375,2.232436070234375,1.5361638202544308,-0.6204607457252665,16.568266652989493,1.9132333729381705,8.093045481825806,0.2945224395660508,1.077362871038619,1.0,0.20603117748596092,1.7843214268465424,1.5372752916126267,-0.568979338056234,11.934930637715832,2.0666510922189,8.093302801826292,0.2998957748346391,1.0772546127358325,1.0,0.0964180856351378,3.596446536617277,1.4942825329590008,-0.7671141507777781,17.966750144446458,2.512738895620102,8.127047972012198,0.4866804837441125,1.0631433016753942,1.0,0.04287614476104225,6.082561605958478
70.0,0.0,0.0,0.02404638671875,1.025390625e-05,0.0,4.58984375e-05,9.375e-05,0.0243740234374999,0.0728232421875,2.4373442656333486,1.491911267059563,-0.603781289505233,16.512459807847474,2.072253963220125,8.031109726574162,0.30410621338990396,1.103712700268657,1.0,0.20965594499955603,1.758181113364647,1.5132770712864287,-0.5781609778613903,13.091042537210063,2.118791282291327,8.041671713801373,0.30866856413825067,1.0991776666004038,1.0,0.09630552176983473,3.5999587859666216,1.4587535494666521,-0.7829930578425495,21.45550762090876,2.585035762944467,7.916928836232721,0.49973165154892474,1.1538623204998266,1.0,0.042619916495792345,6.109279776001527
71.0,0.0,0.0,0.025100830078125,5.126953125e-06,0.0,5.224609375e-05,0.0001044921875,0.0253725585937499,0.07587255859375,2.539798363332835,1.4710336195731892,-0.5954415613952162,16.484556385276463,2.151764258361102,8.000651966113526,0.30889810030183057,1.1168876148836762,1.0,0.2114683287563536,1.7451109566236993,1.5021753184071471,-0.5827517977639685,13.669098486957179,2.1448613773275405,8.01621110729819,0.31305495879005646,1.1101391935326896,1.0,0.0962492398371832,3.6017149106412933,1.4434498152279551,-0.7909325113749353,23.199886359139917,2.6211841966066496,7.817608141768974,0.5062572354513308,1.1992218299120427,1.0,0.042491802363167394,6.122638861023051
72.0,0.0,0.0,0.0261552734375,0.0,0.0,5.859375e-05,0.000115234375,0.0263710937499999,0.078921875,2.642252461032322,1.4509130351119768,-0.5871018332851995,16.456652962705455,2.231274553502079,7.970526267017013,0.3136899872137572,1.1300625294986955,1.0,0.21328071251315117,1.7320407998827514,1.4916047206693577,-0.5873426176665465,14.247154436704294,2.1709314723637543,7.990982464862563,0.31744135344186225,1.1211007204649754,1.0,0.09619295790453167,3.6034710353159656,1.4294681258331905,-0.7988719649073209,24.94426509737107,2.657332630268832,7.721818798251272,0.5127828193537369,1.244581339324259,1.0,0.04236368823054245,6.135997946044576
73.0,0.0,0.0,0.02785400390625,0.0,0.0,6.25e-05,0.000119140625,0.02795312499999995,0.0837490234375,2.8059314279756813,1.425447397509833,-0.5711171693191044,15.75372284385442,2.365316405004017,7.861160891335774,0.3169788258510048,1.1791267470199887,1.0,0.20782303150500797,1.7720360171829297,1.4637610560068621,-0.5828418670217365,14.41801883441115,2.2929980593315147,7.911307672138048,0.31693946517315486,1.1563854864254277,1.0,0.0946483975714175,3.6531645413413347,1.4067951998638726,-0.7946501603307076,24.523665063793704,2.804121778719117,7.661678760896344,0.5136703406506475,1.2739049796160096,1.0,0.042599220557175285,6.111418864159935
74.0,0.0,0.0,0.029552734375,0.0,0.0,6.640625e-05,0.000123046875,0.02953515625,0.088576171875,2.9696103949190404,1.4023060775757312,-0.5551325053530092,15.050792725003387,2.4993582565059547,7.756037120505306,0.32026766448825233,1.228190964541282,1.0,0.2023653504968648,1.8120312344831082,1.4373995883714488,-0.5783411163769264,14.588883232118008,2.415064646299275,7.833892693219346,0.3164375769044475,1.19167025238588,1.0,0.09310383723830334,3.702858047366704,1.3857157484902967,-0.7904283557540942,24.10306503021634,2.9509109271694025,7.602880398142,0.514557861947558,1.3032286199077603,1.0,0.042834752883808114,6.086839782275294
75.0,0.0,0.0,0.03109033203125,4.8828125e-07,0.0,6.34765625e-05,0.00012744140625,0.0311806640625,0.09330615234375,3.1283979005308096,1.3634149549701915,-0.5310093641928542,13.859267229002405,2.7733070333246976,7.589813216125904,0.32057228870446586,1.3098353074015523,1.0,0.20124421362051736,1.8207292808260636,1.4110818634621085,-0.5661675621927403,14.06505093516759,2.5782584233265835,7.704109341957042,0.3303492577930779,1.2531472186943953,1.0,0.09442479100889749,3.6601845273023663,1.359493236188666,-0.7912645955198312,24.952106019284017,3.099990774114077,7.4852461409025715,0.5247178382874753,1.3639182755178174,1.0,0.042279261152468814,6.145516309080816
76.0,0.0,0.0,0.0326279296875,9.765625e-07,0.0,6.0546875e-05,0.0001318359375,0.032826171875,0.0980361328125,3.2871854061425783,1.3318287572187613,-0.5068862230326991,12.667741733001426,3.0472558101434406,7.433546659515947,0.32087691292067944,1.3914796502618227,1.0,0.20012307674416993,1.829427327169019,1.3872980293076005,-0.5539940080085543,13.541218638217174,2.7414522003538915,7.580382172601256,0.34426093868170826,1.3146241850029106,1.0,0.09574574477949163,3.6175110072380283,1.3347219517740725,-0.7921008352855683,25.801147008351695,3.2490706210587508,7.372761133461607,0.5348778146273925,1.4246079311278748,1.0,0.04172376942112951,6.204192835886338
77.0,0.0,0.0,0.03454541015624995,4.8828125e-07,9.765625e-07,7.568359375e-05,0.00015478515625,0.0347587890625,0.10384472656249995,3.481710041842237,1.2953171058182624,-0.4867891234585965,11.996664372311201,3.363189500626319,7.235051735289618,0.3292448554656032,1.502684711230414,1.0,0.2032489105178453,1.8055984633032816,1.3465154255532785,-0.5384433879573491,12.936801366626085,3.050873927069847,7.4292389404177515,0.35361921323493295,1.3938013824677948,1.0,0.09387011826481781,3.6787417946209313,1.302651986851638,-0.7759140775210509,24.495314633249002,3.518523259733847,7.189369011338354,0.5430050996227578,1.5295546062904282,1.0,0.04138985397587759,6.240678630723266
78.0,0.0,0.0,0.0364628906249999,0.0,1.953125e-06,9.08203125e-05,0.000177734375,0.03669140625,0.1096533203124999,3.676234677541896,1.2642302525382867,-0.4666920238844939,11.325587011620975,3.679123191109197,7.051283928812954,0.33761279801052707,1.613889772199005,1.0,0.20637474429152067,1.7817695994375442,1.3116750634783227,-0.5228927679061441,12.332384095034996,3.3602956537858026,7.286556577559146,0.3629774877881577,1.472978579932679,1.0,0.09199449175014399,3.7399725820038348,1.2746338096361218,-0.7597273197565335,23.189482258146313,3.787975898408943,7.018700058994943,0.551132384618123,1.6345012814529813,1.0,0.041055938530625675,6.277164425560193
79.0,0.0,0.0,0.03808691406249995,4.8828125e-07,9.765625e-07,0.000107421875,0.00017578125,0.03836181640624995,0.11481445312499991,3.8458542989760263,1.2242811909191789,-0.4572598605942959,11.06838430315317,4.134907732961029,6.800017690061234,0.35119958144255903,1.7803998197744066,1.0,0.2038773727669928,1.8007013753825747,1.2780740659847374,-0.5154425336448805,12.281927137243517,3.6542783405684043,7.054351935926487,0.3745842948961182,1.6119633910244715,1.0,0.09138201679303729,3.7609239788215234,1.2244901096810707,-0.7463941820806461,22.79122611331882,4.278060531461327,6.670933511667427,0.5645333477528183,1.8731784084049172,1.0,0.03930386025566411,6.485283952328949
80.0,0.0,0.0,0.0397109375,9.765625e-07,0.0,0.0001240234375,0.000173828125,0.0400322265624999,0.1199755859374999,4.015473920410156,1.190112066148938,-0.4478276973040979,10.811181594685364,4.590692274812861,6.5733316018006205,0.36478636487459104,1.9469098673498082,1.0,0.2013800012424649,1.8196331513276052,1.2476246374682642,-0.5079922993836169,12.231470179452039,3.9482610273510064,6.842551996851667,0.38619110200407875,1.750948202116264,1.0,0.0907695418359306,3.781875375639212,1.1813808972545825,-0.7330610444047587,22.39296996849133,4.768145164513712,6.369365504298514,0.5779343108875136,2.1118555353568533,1.0,0.03755178198070254,6.6934034790977055
81.0,0.0,0.0,0.04031494140625,4.8828125e-07,0.0,0.00016015625,0.00022851562499999999,0.040532226562499954,0.12145166015624995,4.069036584526367,1.1285862469226462,-0.42958890928381366,10.722020423049461,5.455252015394461,6.189328076384038,0.36721013922566764,2.2709462540420615,1.0,0.19938007024681847,1.8354102523342963,1.2034027131524592,-0.4967067654259705,11.82987726448577,4.515018948666192,6.543327127414233,0.403352893647667,1.9702283916353334,1.0,0.08828437807938277,3.8722204343790168,1.1472921081983056,-0.7280740942248165,21.873839554179785,5.28054829076725,6.274935935121514,0.5859494737699094,2.193619935172227,1.0,0.0365818114244522,6.822363481625802
82.0,0.0,0.0,0.0409189453125,0.0,0.0,0.0001962890625,0.000283203125,0.0410322265625,0.122927734375,4.122599248642578,1.078165828421676,-0.4113501212635295,10.632859251413556,6.319811755976059,5.864768418122513,0.36963391357674424,2.594982640734315,1.0,0.19738013925117204,1.8511873533409875,1.166842385579968,-0.4854212314683241,11.428284349519501,5.081776869981377,6.279585934747749,0.42051468529125524,2.189508581154403,1.0,0.08579921432283495,3.9625654931188214,1.117905850823543,-0.7230871440448742,21.35470913986824,5.792951417020789,6.1845186549050375,0.593964636652305,2.275384334987601,1.0,0.03561184086820186,6.951323484153897
83.0,0.0,0.0,0.038241210937500006,4.8828125e-07,0.0,0.0004580078125,0.00050439453125,0.03858935546874995,0.11537451171875,3.8776804390639166,1.0146646029693194,-0.39804149721130455,10.640626697563231,7.807032093448981,5.403603233242251,0.3747533545203373,3.1581195447949364,1.0,0.19325913562836583,1.8855686134724703,1.121356584974535,-0.47657075727659226,11.115941242398469,5.9289507446683105,5.966507136368067,0.42919755751749866,2.487785543822782,1.0,0.08347329892885827,4.055794346333267,1.0738819359718046,-0.7087476795128123,19.871723398022766,6.7815322024695615,5.815361503568251,0.6048971226595943,2.6490526705670603,1.0,0.03363904906731002,7.251075731562851
84.0,0.0,0.0,0.0355634765625,9.765625e-07,0.0,0.0007197265625,0.0007255859375,0.0361464843749999,0.1078212890625,3.632761629485256,0.9650876513728193,-0.38473287315907967,10.648394143712904,9.294252430921905,5.035719910395318,0.3798727954639303,3.7212564488555575,1.0,0.18913813200555962,1.9199498736039533,1.0847895029072232,-0.4677202830848604,10.803598135277436,6.776124619355244,5.695484743009053,0.43788042974374214,2.7860625064911617,1.0,0.08114738353488157,4.149023199547711,1.0410782059763874,-0.6944082149807502,18.388737656177295,7.770112987918333,5.504617298424275,0.6158296086668834,3.0227210061465195,1.0,0.03166625726641819,7.550827978971806
85.0,0.0,0.0,0.02624658203125,9.765625e-07,0.0,0.0010361328125,0.0010224609375,0.027239746093749947,0.08061376953124995,2.734100232944336,0.9698066264648333,-0.36317757955983887,8.98373198032808,10.291071068778354,5.044724594195162,0.38462682037766616,3.70599888361696,1.0,0.1737021042964616,2.076595862801389,1.0661452127867586,-0.44585028895071077,9.520534593924486,7.754553588158544,5.563058778840185,0.442597110760133,2.947696351766745,1.0,0.07791751759000534,4.295037400622632,1.0358784372787366,-0.6869390040453192,16.35186518803448,8.467754106684586,5.47681914657999,0.6275408332532122,3.0592433528436977,1.0,0.027898424081372695,8.323334430225946
86.0,0.0,0.0,0.0169296875,9.765625e-07,0.0,0.0013525390625,0.0013193359375,0.0183330078125,0.0534062499999999,1.835438836403416,0.9884922158662122,-0.3416222859605981,7.319069816943258,11.287889706634804,5.053777358829323,0.38938084529140204,3.6907413183783624,1.0,0.15826607658736355,2.2332418519988253,1.0594355640394766,-0.42398029481656113,8.237471052571536,8.732982556961844,5.439365349618042,0.44731379177652386,3.1093301970423286,1.0,0.07468765164512911,4.441051601697552,1.0373729776822158,-0.6794697931098881,14.314992719891666,9.165395225450839,5.4494334529359785,0.639252057839541,3.095765699540876,1.0,0.0241305908963272,9.095840881480086
87.0,0.0,0.0,0.00848681640625,4.8828125e-07,0.0,0.000771484375,0.00074316406249995,0.009244140625,0.026934570312499947,0.9274433778940908,1.0417377621087829,-0.4790635193480657,8.776788603015024,9.833057034261243,5.43699213479133,0.5046776265465782,3.1125384311138564,1.0,0.1222419213177661,2.9559498559479644,1.0910315092803997,-0.5172174254360503,8.882691579726322,8.56705801754308,5.532857652729307,0.5347361600905585,2.9861737527574927,1.0,0.06604193464069205,4.966982751680444,0.9258702314072463,-0.7681532654198441,19.08783018262064,12.864067381066196,4.929586823770444,0.7123251106184947,3.907384738546253,1.0,0.017174040493589997,12.329397330465975
88.0,0.0,0.0,4.39453125e-05,0.0,0.0,0.0001904296875,0.0001669921874999,0.0001552734375,0.000462890625,0.0194479193847657,1.10757304880704,-0.6165047527355332,10.234507389086792,8.378224361887682,5.921690577174781,0.6199744078017545,2.5343355438493504,1.0,0.08621776604816864,3.678657859897103,1.1201065031997477,-0.6104545560555396,9.527912106881107,8.401133478124317,5.631283391181202,0.622158528404593,2.863017308472657,1.0,0.057396217636255,5.492913901663336,0.85331324903749,-0.8568367377298001,23.86066764534961,16.56273953668155,4.534071421291682,0.7853981633974483,4.71900377755163,1.0,0.01021749009085279,15.562953779451863
89.0,0.0,0.0,0.0,0.0,0.0,9.765625e-07,0.0,9.765625e-07,1.953125e-06,-0.0002626728906249,3.141592653589793,0.0,0.0,0.0,9.869604401089358,0.0,0.0,0.0,0.0,0.0,3.141592653589793,0.0,0.0,0.0,9.869604401089358,0.0,0.0,0.0,0.0,0.0,3.141592653589793,0.0,0.0,0.0,9.869604401089358,0.0,0.0,0.0,0.0,0.0
