alpha,H,He,Mg,Si,O,Mg_1,O_1,Si_2,O_2,amu/ion,phiK_Mg,phiTilt_Mg,phiM_Mg,phiN_Mg,thetaK_Mg,thetaTilt_Mg,thetaM_Mg,thetaN_Mg,energyK_Mg,energyE_Mg,phiK_O,phiTilt_O,phiM_O,phiN_O,thetaK_O,thetaTilt_O,thetaM_O,thetaN_O,energyK_O,energyE_O,phiK_Si,phiTilt_Si,phiM_Si,phiN_Si,thetaK_Si,thetaTilt_Si,thetaM_Si,thetaN_Si,energyK_Si,energyE_Si
0,0.000E+00,0.000E+00,2.770E-03,9.523E-04,0.000E+00,0.000E+00,7.812E-07,2.277E-03,9.666E-03,3.129E-01,1.810E+00,2.414E-02,1.323E+00,1.392E+00,3.142E+00,-4.424E-04,2.483E+00,2.476E+00,2.291E-01,1.628E+00,1.736E+00,-3.073E-02,1.762E+00,1.478E+00,3.142E+00,2.135E-03,2.480E+00,2.512E+00,1.109E-01,3.197E+00,1.934E+00,-1.114E-01,2.122E+00,8.737E-01,3.142E+00,-3.467E-03,2.414E+00,2.364E+00,5.487E-02,5.069E+00
1,0.000E+00,0.000E+00,2.784E-03,9.518E-04,0.000E+00,0.000E+00,8.789E-07,2.291E-03,9.726E-03,3.146E-01,1.786E+00,1.619E-02,1.353E+00,1.475E+00,3.142E+00,-3.401E-04,2.482E+00,2.477E+00,2.309E-01,1.618E+00,1.727E+00,-3.023E-02,1.727E+00,1.548E+00,3.142E+00,1.460E-03,2.501E+00,2.523E+00,1.112E-01,3.190E+00,1.901E+00,-1.149E-01,2.136E+00,9.727E-01,3.142E+00,-3.421E-03,2.410E+00,2.360E+00,5.496E-02,5.062E+00
2,0.000E+00,0.000E+00,2.799E-03,9.512E-04,0.000E+00,0.000E+00,9.766E-07,2.304E-03,9.787E-03,3.163E-01,1.762E+00,8.249E-03,1.383E+00,1.558E+00,3.142E+00,-2.379E-04,2.481E+00,2.477E+00,2.326E-01,1.608E+00,1.719E+00,-2.974E-02,1.692E+00,1.619E+00,3.142E+00,7.852E-04,2.522E+00,2.533E+00,1.115E-01,3.183E+00,1.871E+00,-1.184E-01,2.149E+00,1.072E+00,3.142E+00,-3.376E-03,2.406E+00,2.356E+00,5.506E-02,5.055E+00
3,0.000E+00,0.000E+00,2.813E-03,9.506E-04,0.000E+00,0.000E+00,1.074E-06,2.317E-03,9.847E-03,3.180E-01,1.739E+00,3.045E-04,1.413E+00,1.641E+00,3.142E+00,-1.356E-04,2.479E+00,2.477E+00,2.344E-01,1.598E+00,1.711E+00,-2.924E-02,1.657E+00,1.690E+00,3.142E+00,1.103E-04,2.543E+00,2.543E+00,1.118E-01,3.175E+00,1.843E+00,-1.220E-01,2.163E+00,1.171E+00,3.142E+00,-3.330E-03,2.401E+00,2.353E+00,5.516E-02,5.049E+00
4,0.000E+00,0.000E+00,2.820E-03,9.503E-04,0.000E+00,0.000E+00,1.123E-06,2.323E-03,9.878E-03,3.188E-01,1.732E+00,-3.668E-03,1.428E+00,1.683E+00,3.142E+00,-8.447E-05,2.479E+00,2.477E+00,2.353E-01,1.592E+00,1.708E+00,-2.899E-02,1.639E+00,1.726E+00,3.142E+00,-2.272E-04,2.553E+00,2.548E+00,1.120E-01,3.172E+00,1.830E+00,-1.237E-01,2.170E+00,1.220E+00,3.142E+00,-3.307E-03,2.399E+00,2.351E+00,5.521E-02,5.045E+00
5,0.000E+00,0.000E+00,2.827E-03,9.500E-04,0.000E+00,0.000E+00,1.172E-06,2.330E-03,9.908E-03,3.196E-01,1.725E+00,-7.640E-03,1.443E+00,1.725E+00,3.142E+00,-3.334E-05,2.478E+00,2.478E+00,2.361E-01,1.587E+00,1.704E+00,-2.874E-02,1.622E+00,1.761E+00,3.142E+00,-5.646E-04,2.563E+00,2.553E+00,1.121E-01,3.168E+00,1.817E+00,-1.255E-01,2.177E+00,1.269E+00,3.142E+00,-3.284E-03,2.397E+00,2.349E+00,5.526E-02,5.042E+00
6,0.000E+00,0.000E+00,2.841E-03,9.494E-04,0.000E+00,0.000E+00,1.270E-06,2.343E-03,9.968E-03,3.213E-01,1.713E+00,-1.558E-02,1.473E+00,1.808E+00,3.142E+00,6.892E-05,2.477E+00,2.478E+00,2.379E-01,1.577E+00,1.698E+00,-2.824E-02,1.587E+00,1.832E+00,3.142E+00,-1.240E-03,2.584E+00,2.563E+00,1.125E-01,3.161E+00,1.794E+00,-1.290E-01,2.191E+00,1.368E+00,3.142E+00,-3.239E-03,2.393E+00,2.346E+00,5.535E-02,5.035E+00
7,0.000E+00,0.000E+00,2.855E-03,9.488E-04,0.000E+00,0.000E+00,1.367E-06,2.356E-03,1.003E-02,3.230E-01,1.701E+00,-2.353E-02,1.503E+00,1.891E+00,3.142E+00,1.712E-04,2.476E+00,2.478E+00,2.396E-01,1.567E+00,1.693E+00,-2.775E-02,1.552E+00,1.903E+00,3.142E+00,-1.915E-03,2.605E+00,2.574E+00,1.128E-01,3.154E+00,1.771E+00,-1.326E-01,2.204E+00,1.467E+00,3.142E+00,-3.193E-03,2.388E+00,2.342E+00,5.545E-02,5.029E+00
8,0.000E+00,0.000E+00,2.869E-03,9.482E-04,0.000E+00,0.000E+00,1.465E-06,2.370E-03,1.009E-02,3.247E-01,1.689E+00,-3.147E-02,1.533E+00,1.974E+00,3.142E+00,2.735E-04,2.474E+00,2.479E+00,2.414E-01,1.557E+00,1.688E+00,-2.725E-02,1.517E+00,1.974E+00,3.142E+00,-2.589E-03,2.626E+00,2.584E+00,1.131E-01,3.146E+00,1.751E+00,-1.361E-01,2.218E+00,1.566E+00,3.142E+00,-3.148E-03,2.384E+00,2.339E+00,5.555E-02,5.022E+00
9,0.000E+00,0.000E+00,2.877E-03,9.479E-04,0.000E+00,0.000E+00,1.514E-06,2.376E-03,1.012E-02,3.255E-01,1.684E+00,-3.545E-02,1.548E+00,2.016E+00,3.142E+00,3.246E-04,2.474E+00,2.479E+00,2.423E-01,1.552E+00,1.686E+00,-2.700E-02,1.499E+00,2.009E+00,3.142E+00,-2.927E-03,2.637E+00,2.589E+00,1.132E-01,3.143E+00,1.741E+00,-1.379E-01,2.225E+00,1.616E+00,3.142E+00,-3.125E-03,2.382E+00,2.337E+00,5.560E-02,5.019E+00
10,0.000E+00,0.000E+00,2.884E-03,9.477E-04,0.000E+00,0.000E+00,1.562E-06,2.383E-03,1.015E-02,3.264E-01,1.679E+00,-3.942E-02,1.563E+00,2.057E+00,3.142E+00,3.757E-04,2.473E+00,2.479E+00,2.431E-01,1.547E+00,1.684E+00,-2.675E-02,1.482E+00,2.045E+00,3.142E+00,-3.264E-03,2.647E+00,2.594E+00,1.134E-01,3.139E+00,1.732E+00,-1.396E-01,2.232E+00,1.665E+00,3.142E+00,-3.102E-03,2.380E+00,2.335E+00,5.564E-02,5.015E+00
11,0.000E+00,0.000E+00,2.971E-03,9.894E-04,0.000E+00,9.766E-08,1.758E-06,2.425E-03,1.032E-02,3.336E-01,1.674E+00,-6.115E-02,1.722E+00,2.027E+00,3.142E+00,5.883E-04,2.468E+00,2.477E+00,2.407E-01,1.561E+00,1.684E+00,-5.136E-02,1.646E+00,1.997E+00,3.142E+00,-3.136E-03,2.649E+00,2.598E+00,1.124E-01,3.163E+00,1.733E+00,-1.373E-01,2.145E+00,1.711E+00,3.142E+00,-3.315E-03,2.392E+00,2.344E+00,5.580E-02,5.005E+00
12,0.000E+00,0.000E+00,3.058E-03,1.031E-03,0.000E+00,1.953E-07,1.953E-06,2.467E-03,1.049E-02,3.408E-01,1.672E+00,-8.289E-02,1.880E+00,1.996E+00,3.142E+00,8.009E-04,2.463E+00,2.475E+00,2.384E-01,1.575E+00,1.685E+00,-7.597E-02,1.810E+00,1.949E+00,3.142E+00,-3.007E-03,2.652E+00,2.602E+00,1.114E-01,3.188E+00,1.735E+00,-1.350E-01,2.057E+00,1.756E+00,3.142E+00,-3.528E-03,2.404E+00,2.353E+00,5.596E-02,4.994E+00
13,0.000E+00,0.000E+00,3.146E-03,1.073E-03,0.000E+00,2.930E-07,2.148E-06,2.509E-03,1.065E-02,3.480E-01,1.672E+00,-1.046E-01,2.038E+00,1.965E+00,3.142E+00,1.013E-03,2.458E+00,2.474E+00,2.360E-01,1.589E+00,1.690E+00,-1.006E-01,1.973E+00,1.901E+00,3.142E+00,-2.879E-03,2.654E+00,2.606E+00,1.104E-01,3.212E+00,1.737E+00,-1.327E-01,1.970E+00,1.802E+00,3.142E+00,-3.741E-03,2.417E+00,2.362E+00,5.612E-02,4.984E+00
14,0.000E+00,0.000E+00,3.190E-03,1.094E-03,0.000E+00,3.418E-07,2.246E-06,2.530E-03,1.074E-02,3.516E-01,1.673E+00,-1.155E-01,2.117E+00,1.950E+00,3.142E+00,1.120E-03,2.456E+00,2.473E+00,2.348E-01,1.596E+00,1.693E+00,-1.129E-01,2.055E+00,1.877E+00,3.142E+00,-2.815E-03,2.655E+00,2.609E+00,1.099E-01,3.224E+00,1.739E+00,-1.316E-01,1.927E+00,1.825E+00,3.142E+00,-3.848E-03,2.423E+00,2.366E+00,5.620E-02,4.978E+00
15,0.000E+00,0.000E+00,3.233E-03,1.114E-03,0.000E+00,3.906E-07,2.344E-06,2.551E-03,1.082E-02,3.552E-01,1.674E+00,-1.264E-01,2.197E+00,1.935E+00,3.142E+00,1.226E-03,2.454E+00,2.472E+00,2.336E-01,1.603E+00,1.696E+00,-1.252E-01,2.137E+00,1.853E+00,3.142E+00,-2.750E-03,2.656E+00,2.611E+00,1.095E-01,3.237E+00,1.741E+00,-1.304E-01,1.883E+00,1.847E+00,3.142E+00,-3.954E-03,2.429E+00,2.371E+00,5.628E-02,4.973E+00
16,0.000E+00,0.000E+00,3.321E-03,1.156E-03,0.000E+00,4.883E-07,2.539E-06,2.593E-03,1.099E-02,3.624E-01,1.678E+00,-1.481E-01,2.355E+00,1.904E+00,3.142E+00,1.439E-03,2.449E+00,2.470E+00,2.312E-01,1.617E+00,1.704E+00,-1.498E-01,2.301E+00,1.805E+00,3.142E+00,-2.622E-03,2.658E+00,2.615E+00,1.085E-01,3.261E+00,1.746E+00,-1.281E-01,1.796E+00,1.893E+00,3.142E+00,-4.167E-03,2.441E+00,2.380E+00,5.644E-02,4.963E+00
17,0.000E+00,0.000E+00,3.408E-03,1.198E-03,0.000E+00,5.859E-07,2.734E-06,2.635E-03,1.116E-02,3.696E-01,1.682E+00,-1.698E-01,2.513E+00,1.873E+00,3.142E+00,1.651E-03,2.444E+00,2.469E+00,2.289E-01,1.631E+00,1.714E+00,-1.744E-01,2.465E+00,1.757E+00,3.142E+00,-2.494E-03,2.660E+00,2.619E+00,1.075E-01,3.285E+00,1.751E+00,-1.258E-01,1.708E+00,1.938E+00,3.142E+00,-4.380E-03,2.454E+00,2.389E+00,5.660E-02,4.952E+00
18,0.000E+00,0.000E+00,3.495E-03,1.240E-03,0.000E+00,6.836E-07,2.930E-06,2.677E-03,1.133E-02,3.769E-01,1.688E+00,-1.916E-01,2.672E+00,1.843E+00,3.142E+00,1.864E-03,2.439E+00,2.467E+00,2.265E-01,1.645E+00,1.726E+00,-1.990E-01,2.629E+00,1.709E+00,3.142E+00,-2.365E-03,2.662E+00,2.623E+00,1.065E-01,3.310E+00,1.758E+00,-1.235E-01,1.621E+00,1.984E+00,3.142E+00,-4.593E-03,2.466E+00,2.397E+00,5.676E-02,4.942E+00
19,0.000E+00,0.000E+00,3.539E-03,1.260E-03,0.000E+00,7.324E-07,3.027E-06,2.698E-03,1.141E-02,3.805E-01,1.692E+00,-2.024E-01,2.751E+00,1.827E+00,3.142E+00,1.970E-03,2.436E+00,2.466E+00,2.253E-01,1.653E+00,1.732E+00,-2.113E-01,2.711E+00,1.685E+00,3.142E+00,-2.301E-03,2.663E+00,2.625E+00,1.060E-01,3.322E+00,1.762E+00,-1.223E-01,1.577E+00,2.007E+00,3.142E+00,-4.700E-03,2.472E+00,2.402E+00,5.683E-02,4.936E+00
20,0.000E+00,0.000E+00,3.583E-03,1.281E-03,0.000E+00,7.812E-07,3.125E-06,2.719E-03,1.149E-02,3.841E-01,1.696E+00,-2.133E-01,2.830E+00,1.812E+00,3.142E+00,2.076E-03,2.434E+00,2.465E+00,2.241E-01,1.660E+00,1.739E+00,-2.236E-01,2.793E+00,1.661E+00,3.142E+00,-2.237E-03,2.664E+00,2.627E+00,1.055E-01,3.334E+00,1.766E+00,-1.212E-01,1.534E+00,2.030E+00,3.142E+00,-4.806E-03,2.479E+00,2.406E+00,5.691E-02,4.931E+00
21,0.000E+00,0.000E+00,3.709E-03,1.297E-03,0.000E+00,8.789E-07,3.320E-06,2.833E-03,1.191E-02,3.974E-01,1.696E+00,-2.249E-01,2.938E+00,1.805E+00,3.142E+00,1.408E-03,2.451E+00,2.472E+00,2.225E-01,1.671E+00,1.736E+00,-2.337E-01,2.862E+00,1.681E+00,3.142E+00,-2.164E-03,2.655E+00,2.620E+00,1.054E-01,3.339E+00,1.763E+00,-1.471E-01,1.708E+00,1.978E+00,3.142E+00,-4.804E-03,2.474E+00,2.401E+00,5.634E-02,4.971E+00
22,0.000E+00,0.000E+00,3.835E-03,1.312E-03,0.000E+00,9.766E-07,3.516E-06,2.947E-03,1.232E-02,4.107E-01,1.696E+00,-2.366E-01,3.045E+00,1.798E+00,3.142E+00,7.397E-04,2.469E+00,2.479E+00,2.208E-01,1.682E+00,1.733E+00,-2.438E-01,2.932E+00,1.700E+00,3.142E+00,-2.092E-03,2.646E+00,2.612E+00,1.052E-01,3.343E+00,1.764E+00,-1.730E-01,1.881E+00,1.926E+00,3.142E+00,-4.803E-03,2.468E+00,2.397E+00,5.576E-02,5.012E+00
23,0.000E+00,0.000E+00,3.962E-03,1.328E-03,0.000E+00,1.074E-06,3.711E-06,3.061E-03,1.274E-02,4.240E-01,1.697E+00,-2.482E-01,3.153E+00,1.791E+00,3.142E+00,7.141E-05,2.486E+00,2.486E+00,2.192E-01,1.693E+00,1.730E+00,-2.539E-01,3.001E+00,1.720E+00,3.142E+00,-2.019E-03,2.637E+00,2.604E+00,1.050E-01,3.348E+00,1.768E+00,-1.989E-01,2.055E+00,1.875E+00,3.142E+00,-4.801E-03,2.463E+00,2.392E+00,5.518E-02,5.052E+00
24,0.000E+00,0.000E+00,4.025E-03,1.335E-03,0.000E+00,1.123E-06,3.809E-06,3.118E-03,1.294E-02,4.306E-01,1.697E+00,-2.540E-01,3.207E+00,1.788E+00,3.142E+00,-2.627E-04,2.495E+00,2.490E+00,2.184E-01,1.699E+00,1.729E+00,-2.589E-01,3.036E+00,1.730E+00,3.142E+00,-1.983E-03,2.633E+00,2.600E+00,1.049E-01,3.350E+00,1.770E+00,-2.118E-01,2.142E+00,1.849E+00,3.142E+00,-4.800E-03,2.461E+00,2.389E+00,5.490E-02,5.072E+00
25,0.000E+00,0.000E+00,4.088E-03,1.343E-03,0.000E+00,1.172E-06,3.906E-06,3.175E-03,1.315E-02,4.373E-01,1.698E+00,-2.598E-01,3.261E+00,1.784E+00,3.142E+00,-5.969E-04,2.503E+00,2.493E+00,2.175E-01,1.704E+00,1.728E+00,-2.639E-01,3.071E+00,1.740E+00,3.142E+00,-1.947E-03,2.628E+00,2.596E+00,1.049E-01,3.353E+00,1.774E+00,-2.248E-01,2.229E+00,1.823E+00,3.142E+00,-4.799E-03,2.458E+00,2.387E+00,5.461E-02,5.092E+00
26,0.000E+00,0.000E+00,4.214E-03,1.358E-03,0.000E+00,1.270E-06,4.102E-06,3.290E-03,1.357E-02,4.506E-01,1.699E+00,-2.715E-01,3.368E+00,1.777E+00,3.142E+00,-1.265E-03,2.521E+00,2.500E+00,2.159E-01,1.715E+00,1.725E+00,-2.740E-01,3.140E+00,1.759E+00,3.142E+00,-1.874E-03,2.619E+00,2.588E+00,1.047E-01,3.357E+00,1.782E+00,-2.507E-01,2.402E+00,1.772E+00,3.142E+00,-4.798E-03,2.453E+00,2.382E+00,5.403E-02,5.133E+00
27,0.000E+00,0.000E+00,4.340E-03,1.374E-03,0.000E+00,1.367E-06,4.297E-06,3.404E-03,1.398E-02,4.639E-01,1.701E+00,-2.831E-01,3.476E+00,1.771E+00,3.142E+00,-1.933E-03,2.538E+00,2.507E+00,2.142E-01,1.726E+00,1.723E+00,-2.841E-01,3.210E+00,1.779E+00,3.142E+00,-1.802E-03,2.610E+00,2.581E+00,1.045E-01,3.362E+00,1.792E+00,-2.765E-01,2.576E+00,1.720E+00,3.142E+00,-4.796E-03,2.448E+00,2.377E+00,5.345E-02,5.173E+00
28,0.000E+00,0.000E+00,4.467E-03,1.389E-03,0.000E+00,1.465E-06,4.492E-06,3.518E-03,1.440E-02,4.772E-01,1.703E+00,-2.947E-01,3.583E+00,1.764E+00,3.142E+00,-2.602E-03,2.556E+00,2.514E+00,2.126E-01,1.737E+00,1.721E+00,-2.942E-01,3.279E+00,1.798E+00,3.142E+00,-1.729E-03,2.601E+00,2.573E+00,1.043E-01,3.366E+00,1.804E+00,-3.024E-01,2.750E+00,1.669E+00,3.142E+00,-4.794E-03,2.443E+00,2.373E+00,5.288E-02,5.213E+00
29,0.000E+00,0.000E+00,4.530E-03,1.397E-03,0.000E+00,1.514E-06,4.590E-06,3.575E-03,1.460E-02,4.839E-01,1.704E+00,-3.005E-01,3.637E+00,1.760E+00,3.142E+00,-2.936E-03,2.564E+00,2.518E+00,2.118E-01,1.743E+00,1.720E+00,-2.992E-01,3.314E+00,1.808E+00,3.142E+00,-1.693E-03,2.596E+00,2.569E+00,1.043E-01,3.368E+00,1.811E+00,-3.154E-01,2.837E+00,1.643E+00,3.142E+00,-4.793E-03,2.441E+00,2.370E+00,5.259E-02,5.234E+00
30,0.000E+00,0.000E+00,4.593E-03,1.405E-03,0.000E+00,1.562E-06,4.688E-06,3.632E-03,1.481E-02,4.905E-01,1.705E+00,-3.064E-01,3.691E+00,1.757E+00,3.142E+00,-3.270E-03,2.573E+00,2.521E+00,2.109E-01,1.749E+00,1.719E+00,-3.043E-01,3.349E+00,1.818E+00,3.142E+00,-1.657E-03,2.592E+00,2.565E+00,1.042E-01,3.371E+00,1.818E+00,-3.283E-01,2.924E+00,1.617E+00,3.142E+00,-4.793E-03,2.438E+00,2.368E+00,5.230E-02,5.254E+00
31,0.000E+00,0.000E+00,5.042E-03,1.384E-03,0.000E+00,1.855E-06,5.078E-06,4.034E-03,1.595E-02,5.304E-01,1.697E+00,-3.048E-01,3.639E+00,1.810E+00,3.142E+00,-2.882E-03,2.572E+00,2.527E+00,2.114E-01,1.745E+00,1.713E+00,-3.126E-01,3.443E+00,1.837E+00,3.142E+00,-1.426E-03,2.592E+00,2.569E+00,1.035E-01,3.390E+00,1.806E+00,-3.571E-01,3.283E+00,1.620E+00,3.142E+00,-4.246E-03,2.440E+00,2.378E+00,5.199E-02,5.278E+00
32,0.000E+00,0.000E+00,5.266E-03,1.373E-03,0.000E+00,2.002E-06,5.273E-06,4.235E-03,1.653E-02,5.503E-01,1.693E+00,-3.041E-01,3.614E+00,1.837E+00,3.142E+00,-2.688E-03,2.572E+00,2.529E+00,2.117E-01,1.743E+00,1.711E+00,-3.168E-01,3.490E+00,1.846E+00,3.142E+00,-1.311E-03,2.592E+00,2.571E+00,1.032E-01,3.399E+00,1.802E+00,-3.715E-01,3.463E+00,1.622E+00,3.142E+00,-3.972E-03,2.441E+00,2.383E+00,5.183E-02,5.291E+00
33,0.000E+00,0.000E+00,5.490E-03,1.363E-03,0.000E+00,2.148E-06,5.469E-06,4.436E-03,1.710E-02,5.703E-01,1.689E+00,-3.033E-01,3.588E+00,1.864E+00,3.142E+00,-2.494E-03,2.572E+00,2.532E+00,2.119E-01,1.742E+00,1.708E+00,-3.210E-01,3.537E+00,1.855E+00,3.142E+00,-1.196E-03,2.592E+00,2.572E+00,1.028E-01,3.409E+00,1.798E+00,-3.859E-01,3.643E+00,1.623E+00,3.142E+00,-3.699E-03,2.442E+00,2.388E+00,5.167E-02,5.303E+00
34,0.000E+00,0.000E+00,5.715E-03,1.353E-03,0.000E+00,2.295E-06,5.664E-06,4.637E-03,1.767E-02,5.902E-01,1.685E+00,-3.026E-01,3.562E+00,1.891E+00,3.142E+00,-2.300E-03,2.571E+00,2.535E+00,2.121E-01,1.740E+00,1.706E+00,-3.252E-01,3.584E+00,1.865E+00,3.142E+00,-1.080E-03,2.592E+00,2.574E+00,1.025E-01,3.418E+00,1.795E+00,-4.002E-01,3.822E+00,1.624E+00,3.142E+00,-3.425E-03,2.443E+00,2.393E+00,5.152E-02,5.315E+00
35,0.000E+00,0.000E+00,5.939E-03,1.342E-03,0.000E+00,2.441E-06,5.859E-06,4.838E-03,1.824E-02,6.101E-01,1.682E+00,-3.018E-01,3.536E+00,1.918E+00,3.142E+00,-2.106E-03,2.571E+00,2.538E+00,2.124E-01,1.738E+00,1.704E+00,-3.294E-01,3.631E+00,1.874E+00,3.142E+00,-9.649E-04,2.592E+00,2.576E+00,1.022E-01,3.428E+00,1.792E+00,-4.146E-01,4.002E+00,1.626E+00,3.142E+00,-3.152E-03,2.444E+00,2.398E+00,5.136E-02,5.327E+00
36,0.000E+00,0.000E+00,6.163E-03,1.332E-03,0.000E+00,2.588E-06,6.055E-06,5.039E-03,1.881E-02,6.301E-01,1.678E+00,-3.010E-01,3.510E+00,1.944E+00,3.142E+00,-1.913E-03,2.571E+00,2.540E+00,2.126E-01,1.737E+00,1.701E+00,-3.336E-01,3.677E+00,1.884E+00,3.142E+00,-8.495E-04,2.592E+00,2.578E+00,1.018E-01,3.437E+00,1.791E+00,-4.290E-01,4.182E+00,1.627E+00,3.142E+00,-2.878E-03,2.445E+00,2.403E+00,5.120E-02,5.340E+00
37,0.000E+00,0.000E+00,6.388E-03,1.321E-03,0.000E+00,2.734E-06,6.250E-06,5.240E-03,1.938E-02,6.500E-01,1.675E+00,-3.003E-01,3.485E+00,1.971E+00,3.142E+00,-1.719E-03,2.570E+00,2.543E+00,2.129E-01,1.735E+00,1.699E+00,-3.378E-01,3.724E+00,1.893E+00,3.142E+00,-7.342E-04,2.592E+00,2.580E+00,1.015E-01,3.447E+00,1.789E+00,-4.434E-01,4.362E+00,1.629E+00,3.142E+00,-2.605E-03,2.446E+00,2.408E+00,5.104E-02,5.352E+00
38,0.000E+00,0.000E+00,6.612E-03,1.311E-03,0.000E+00,2.881E-06,6.445E-06,5.441E-03,1.995E-02,6.699E-01,1.671E+00,-2.995E-01,3.459E+00,1.998E+00,3.142E+00,-1.525E-03,2.570E+00,2.546E+00,2.131E-01,1.733E+00,1.697E+00,-3.420E-01,3.771E+00,1.902E+00,3.142E+00,-6.188E-04,2.592E+00,2.582E+00,1.012E-01,3.456E+00,1.788E+00,-4.578E-01,4.541E+00,1.630E+00,3.142E+00,-2.331E-03,2.447E+00,2.413E+00,5.089E-02,5.364E+00
39,0.000E+00,0.000E+00,6.836E-03,1.301E-03,0.000E+00,3.027E-06,6.641E-06,5.642E-03,2.053E-02,6.899E-01,1.668E+00,-2.988E-01,3.433E+00,2.025E+00,3.142E+00,-1.331E-03,2.570E+00,2.549E+00,2.133E-01,1.732E+00,1.695E+00,-3.462E-01,3.818E+00,1.912E+00,3.142E+00,-5.035E-04,2.592E+00,2.584E+00,1.008E-01,3.466E+00,1.788E+00,-4.721E-01,4.721E+00,1.632E+00,3.142E+00,-2.058E-03,2.448E+00,2.418E+00,5.073E-02,5.376E+00
40,0.000E+00,0.000E+00,7.060E-03,1.290E-03,0.000E+00,3.174E-06,6.836E-06,5.843E-03,2.110E-02,7.098E-01,1.665E+00,-2.980E-01,3.407E+00,2.052E+00,3.142E+00,-1.137E-03,2.569E+00,2.551E+00,2.136E-01,1.730E+00,1.693E+00,-3.504E-01,3.865E+00,1.921E+00,3.142E+00,-3.881E-04,2.592E+00,2.585E+00,1.005E-01,3.475E+00,1.788E+00,-4.865E-01,4.901E+00,1.633E+00,3.142E+00,-1.784E-03,2.449E+00,2.423E+00,5.057E-02,5.388E+00
41,0.000E+00,0.000E+00,7.285E-03,1.280E-03,0.000E+00,3.320E-06,7.031E-06,6.044E-03,2.167E-02,7.298E-01,1.662E+00,-2.972E-01,3.381E+00,2.079E+00,3.142E+00,-9.430E-04,2.569E+00,2.554E+00,2.138E-01,1.728E+00,1.690E+00,-3.546E-01,3.912E+00,1.930E+00,3.142E+00,-2.728E-04,2.592E+00,2.587E+00,1.002E-01,3.485E+00,1.788E+00,-5.009E-01,5.081E+00,1.635E+00,3.142E+00,-1.511E-03,2.450E+00,2.428E+00,5.042E-02,5.401E+00
42,0.000E+00,0.000E+00,7.509E-03,1.269E-03,0.000E+00,3.467E-06,7.227E-06,6.245E-03,2.224E-02,7.497E-01,1.659E+00,-2.965E-01,3.356E+00,2.105E+00,3.142E+00,-7.491E-04,2.569E+00,2.557E+00,2.141E-01,1.727E+00,1.688E+00,-3.587E-01,3.959E+00,1.940E+00,3.142E+00,-1.574E-04,2.592E+00,2.589E+00,9.984E-02,3.494E+00,1.788E+00,-5.153E-01,5.261E+00,1.636E+00,3.142E+00,-1.237E-03,2.451E+00,2.433E+00,5.026E-02,5.413E+00
43,0.000E+00,0.000E+00,7.733E-03,1.259E-03,0.000E+00,3.613E-06,7.422E-06,6.446E-03,2.281E-02,7.696E-01,1.656E+00,-2.957E-01,3.330E+00,2.132E+00,3.142E+00,-5.551E-04,2.568E+00,2.559E+00,2.143E-01,1.725E+00,1.686E+00,-3.629E-01,4.006E+00,1.949E+00,3.142E+00,-4.206E-05,2.592E+00,2.591E+00,9.951E-02,3.504E+00,1.789E+00,-5.297E-01,5.440E+00,1.638E+00,3.142E+00,-9.640E-04,2.452E+00,2.438E+00,5.010E-02,5.425E+00
44,0.000E+00,0.000E+00,7.958E-03,1.249E-03,0.000E+00,3.760E-06,7.617E-06,6.647E-03,2.338E-02,7.896E-01,1.653E+00,-2.950E-01,3.304E+00,2.159E+00,3.142E+00,-3.612E-04,2.568E+00,2.562E+00,2.145E-01,1.723E+00,1.684E+00,-3.671E-01,4.053E+00,1.958E+00,3.142E+00,7.330E-05,2.592E+00,2.593E+00,9.917E-02,3.513E+00,1.790E+00,-5.440E-01,5.620E+00,1.639E+00,3.142E+00,-6.905E-04,2.453E+00,2.443E+00,4.995E-02,5.437E+00
45,0.000E+00,0.000E+00,8.182E-03,1.238E-03,0.000E+00,3.906E-06,7.813E-06,6.848E-03,2.396E-02,8.095E-01,1.650E+00,-2.942E-01,3.278E+00,2.186E+00,3.142E+00,-1.673E-04,2.568E+00,2.565E+00,2.148E-01,1.722E+00,1.683E+00,-3.713E-01,4.100E+00,1.968E+00,3.142E+00,1.887E-04,2.592E+00,2.595E+00,9.884E-02,3.523E+00,1.791E+00,-5.584E-01,5.800E+00,1.641E+00,3.142E+00,-4.170E-04,2.454E+00,2.448E+00,4.979E-02,5.450E+00
46,0.000E+00,0.000E+00,8.643E-03,1.246E-03,0.000E+00,2.734E-06,1.094E-05,7.259E-03,2.520E-02,8.521E-01,1.655E+00,-3.168E-01,3.456E+00,2.170E+00,3.142E+00,-1.250E-03,2.643E+00,2.622E+00,2.143E-01,1.725E+00,1.680E+00,-3.689E-01,4.004E+00,2.004E+00,3.142E+00,-1.015E-03,2.624E+00,2.608E+00,9.930E-02,3.509E+00,1.767E+00,-5.723E-01,6.217E+00,1.704E+00,3.142E+00,-9.142E-04,2.460E+00,2.447E+00,4.802E-02,5.602E+00
47,0.000E+00,0.000E+00,8.874E-03,1.250E-03,0.000E+00,2.148E-06,1.250E-05,7.464E-03,2.583E-02,8.735E-01,1.657E+00,-3.280E-01,3.544E+00,2.162E+00,3.142E+00,-1.792E-03,2.681E+00,2.651E+00,2.141E-01,1.727E+00,1.679E+00,-3.678E-01,3.957E+00,2.022E+00,3.142E+00,-1.617E-03,2.641E+00,2.614E+00,9.952E-02,3.502E+00,1.756E+00,-5.793E-01,6.425E+00,1.735E+00,3.142E+00,-1.163E-03,2.463E+00,2.446E+00,4.714E-02,5.678E+00
48,0.000E+00,0.000E+00,9.105E-03,1.254E-03,0.000E+00,1.562E-06,1.406E-05,7.669E-03,2.645E-02,8.948E-01,1.659E+00,-3.393E-01,3.633E+00,2.155E+00,3.142E+00,-2.334E-03,2.719E+00,2.680E+00,2.138E-01,1.728E+00,1.679E+00,-3.666E-01,3.909E+00,2.040E+00,3.142E+00,-2.219E-03,2.657E+00,2.620E+00,9.975E-02,3.496E+00,1.746E+00,-5.862E-01,6.633E+00,1.767E+00,3.142E+00,-1.411E-03,2.467E+00,2.445E+00,4.626E-02,5.754E+00
49,0.000E+00,0.000E+00,9.432E-03,1.188E-03,0.000E+00,4.688E-06,1.406E-05,8.259E-03,2.833E-02,9.471E-01,1.647E+00,-3.748E-01,4.313E+00,2.102E+00,3.142E+00,-2.103E-03,2.643E+00,2.608E+00,2.079E-01,1.772E+00,1.658E+00,-3.681E-01,4.018E+00,2.121E+00,3.142E+00,-1.611E-03,2.662E+00,2.636E+00,9.860E-02,3.530E+00,1.754E+00,-6.197E-01,7.746E+00,1.679E+00,3.142E+00,-3.857E-04,2.441E+00,2.435E+00,4.589E-02,5.788E+00
50,0.000E+00,0.000E+00,9.595E-03,1.155E-03,0.000E+00,6.250E-06,1.406E-05,8.554E-03,2.928E-02,9.733E-01,1.643E+00,-3.926E-01,4.652E+00,2.076E+00,3.142E+00,-1.987E-03,2.605E+00,2.572E+00,2.049E-01,1.794E+00,1.648E+00,-3.689E-01,4.073E+00,2.161E+00,3.142E+00,-1.307E-03,2.665E+00,2.643E+00,9.802E-02,3.548E+00,1.760E+00,-6.365E-01,8.302E+00,1.635E+00,3.142E+00,1.271E-04,2.428E+00,2.430E+00,4.571E-02,5.805E+00
51,0.000E+00,0.000E+00,9.759E-03,1.122E-03,0.000E+00,7.813E-06,1.406E-05,8.849E-03,3.022E-02,9.995E-01,1.642E+00,-4.103E-01,4.992E+00,2.050E+00,3.142E+00,-1.872E-03,2.566E+00,2.537E+00,2.019E-01,1.816E+00,1.638E+00,-3.697E-01,4.127E+00,2.201E+00,3.142E+00,-1.003E-03,2.667E+00,2.651E+00,9.744E-02,3.565E+00,1.769E+00,-6.532E-01,8.858E+00,1.591E+00,3.142E+00,6.399E-04,2.416E+00,2.425E+00,4.553E-02,5.822E+00
52,0.000E+00,0.000E+00,1.032E-02,1.139E-03,0.000E+00,5.469E-06,1.563E-05,9.580E-03,3.220E-02,1.066E+00,1.661E+00,-3.986E-01,4.644E+00,2.007E+00,3.142E+00,-1.419E-03,2.569E+00,2.547E+00,2.039E-01,1.800E+00,1.637E+00,-3.912E-01,4.535E+00,2.146E+00,3.142E+00,1.144E-04,2.620E+00,2.622E+00,9.745E-02,3.565E+00,1.735E+00,-6.691E-01,9.883E+00,1.668E+00,3.142E+00,-9.858E-04,2.434E+00,2.420E+00,4.494E-02,5.878E+00
53,0.000E+00,0.000E+00,1.059E-02,1.147E-03,0.000E+00,4.297E-06,1.641E-05,9.946E-03,3.319E-02,1.099E+00,1.671E+00,-3.928E-01,4.470E+00,1.986E+00,3.142E+00,-1.192E-03,2.571E+00,2.552E+00,2.049E-01,1.793E+00,1.637E+00,-4.019E-01,4.738E+00,2.118E+00,3.142E+00,6.731E-04,2.597E+00,2.608E+00,9.746E-02,3.564E+00,1.719E+00,-6.771E-01,1.040E+01,1.706E+00,3.142E+00,-1.799E-03,2.444E+00,2.417E+00,4.465E-02,5.905E+00
54,0.000E+00,0.000E+00,1.087E-02,1.155E-03,0.000E+00,3.125E-06,1.719E-05,1.031E-02,3.418E-02,1.132E+00,1.682E+00,-3.869E-01,4.296E+00,1.965E+00,3.142E+00,-9.658E-04,2.573E+00,2.557E+00,2.059E-01,1.785E+00,1.639E+00,-4.127E-01,4.942E+00,2.091E+00,3.142E+00,1.232E-03,2.574E+00,2.593E+00,9.747E-02,3.564E+00,1.704E+00,-6.851E-01,1.091E+01,1.745E+00,3.142E+00,-2.611E-03,2.453E+00,2.414E+00,4.436E-02,5.933E+00
55,0.000E+00,0.000E+00,1.195E-02,8.449E-04,0.000E+00,6.250E-06,2.266E-05,1.134E-02,3.655E-02,1.217E+00,1.652E+00,-3.723E-01,4.232E+00,2.090E+00,3.142E+00,-1.550E-03,2.624E+00,2.599E+00,2.029E-01,1.808E+00,1.644E+00,-4.110E-01,4.909E+00,2.064E+00,3.142E+00,-3.675E-04,2.647E+00,2.640E+00,9.732E-02,3.569E+00,1.714E+00,-6.863E-01,1.074E+01,1.723E+00,3.142E+00,-3.948E-03,2.529E+00,2.468E+00,4.382E-02,5.987E+00
56,0.000E+00,0.000E+00,1.249E-02,6.896E-04,0.000E+00,7.813E-06,2.539E-05,1.185E-02,3.773E-02,1.260E+00,1.638E+00,-3.649E-01,4.200E+00,2.153E+00,3.142E+00,-1.842E-03,2.650E+00,2.620E+00,2.013E-01,1.820E+00,1.647E+00,-4.101E-01,4.892E+00,2.050E+00,3.142E+00,-1.167E-03,2.684E+00,2.663E+00,9.724E-02,3.571E+00,1.718E+00,-6.869E-01,1.065E+01,1.712E+00,3.142E+00,-4.616E-03,2.567E+00,2.494E+00,4.355E-02,6.014E+00
57,0.000E+00,0.000E+00,1.303E-02,5.344E-04,0.000E+00,9.375E-06,2.812E-05,1.236E-02,3.892E-02,1.303E+00,1.624E+00,-3.576E-01,4.167E+00,2.216E+00,3.142E+00,-2.134E-03,2.676E+00,2.641E+00,1.998E-01,1.832E+00,1.650E+00,-4.093E-01,4.876E+00,2.037E+00,3.142E+00,-1.967E-03,2.720E+00,2.687E+00,9.717E-02,3.573E+00,1.723E+00,-6.876E-01,1.057E+01,1.702E+00,3.142E+00,-5.284E-03,2.605E+00,2.521E+00,4.328E-02,6.041E+00
58,0.000E+00,0.000E+00,1.385E-02,4.645E-04,0.000E+00,1.289E-05,2.969E-05,1.335E-02,4.170E-02,1.392E+00,1.613E+00,-4.678E-01,6.976E+00,1.964E+00,3.142E+00,-1.874E-03,2.619E+00,2.588E+00,2.052E-01,1.791E+00,1.625E+00,-4.357E-01,5.642E+00,2.063E+00,3.142E+00,-1.405E-03,2.688E+00,2.664E+00,9.702E-02,3.578E+00,1.686E+00,-6.827E-01,1.009E+01,1.878E+00,3.142E+00,-4.207E-03,2.565E+00,2.499E+00,4.342E-02,6.027E+00
59,0.000E+00,0.000E+00,1.425E-02,4.295E-04,0.000E+00,1.465E-05,3.047E-05,1.384E-02,4.309E-02,1.437E+00,1.634E+00,-5.230E-01,8.381E+00,1.839E+00,3.142E+00,-1.744E-03,2.590E+00,2.562E+00,2.079E-01,1.771E+00,1.615E+00,-4.489E-01,6.025E+00,2.075E+00,3.142E+00,-1.123E-03,2.671E+00,2.653E+00,9.695E-02,3.580E+00,1.670E+00,-6.802E-01,9.854E+00,1.966E+00,3.142E+00,-3.668E-03,2.545E+00,2.488E+00,4.349E-02,6.020E+00
60,0.000E+00,0.000E+00,1.466E-02,3.945E-04,0.000E+00,1.641E-05,3.125E-05,1.433E-02,4.448E-02,1.482E+00,1.666E+00,-5.781E-01,9.785E+00,1.713E+00,3.142E+00,-1.613E-03,2.561E+00,2.535E+00,2.106E-01,1.751E+00,1.607E+00,-4.621E-01,6.408E+00,2.088E+00,3.142E+00,-8.424E-04,2.655E+00,2.641E+00,9.687E-02,3.582E+00,1.654E+00,-6.778E-01,9.616E+00,2.054E+00,3.142E+00,-3.130E-03,2.525E+00,2.477E+00,4.356E-02,6.013E+00
61,0.000E+00,0.000E+00,1.589E-02,2.207E-04,0.000E+00,2.031E-05,5.117E-05,1.568E-02,4.784E-02,1.599E+00,1.619E+00,-5.708E-01,1.038E+01,1.836E+00,3.142E+00,-9.138E-04,2.573E+00,2.558E+00,2.043E-01,1.799E+00,1.604E+00,-4.878E-01,7.361E+00,2.012E+00,3.142E+00,5.579E-04,2.636E+00,2.645E+00,9.591E-02,3.612E+00,1.644E+00,-6.887E-01,1.062E+01,2.033E+00,3.142E+00,-3.913E-03,2.584E+00,2.522E+00,4.438E-02,5.933E+00
62,0.000E+00,0.000E+00,1.651E-02,1.338E-04,0.000E+00,2.227E-05,6.113E-05,1.635E-02,4.952E-02,1.658E+00,1.596E+00,-5.671E-01,1.068E+01,1.897E+00,3.142E+00,-5.639E-04,2.578E+00,2.570E+00,2.012E-01,1.822E+00,1.606E+00,-5.006E-01,7.838E+00,1.974E+00,3.142E+00,1.258E-03,2.627E+00,2.647E+00,9.543E-02,3.628E+00,1.640E+00,-6.942E-01,1.113E+01,2.023E+00,3.142E+00,-4.304E-03,2.614E+00,2.545E+00,4.479E-02,5.893E+00
63,0.000E+00,0.000E+00,1.712E-02,4.688E-05,0.000E+00,2.422E-05,7.109E-05,1.703E-02,5.119E-02,1.716E+00,1.574E+00,-5.635E-01,1.098E+01,1.958E+00,3.142E+00,-2.141E-04,2.584E+00,2.581E+00,1.980E-01,1.846E+00,1.608E+00,-5.135E-01,8.314E+00,1.936E+00,3.142E+00,1.958E-03,2.617E+00,2.650E+00,9.495E-02,3.643E+00,1.637E+00,-6.996E-01,1.163E+01,2.012E+00,3.142E+00,-4.696E-03,2.644E+00,2.568E+00,4.519E-02,5.853E+00
64,0.000E+00,0.000E+00,1.851E-02,2.773E-05,0.000E+00,3.750E-05,7.930E-05,1.837E-02,5.539E-02,1.854E+00,1.578E+00,-5.862E-01,1.251E+01,1.879E+00,3.142E+00,3.311E-05,2.579E+00,2.579E+00,2.032E-01,1.807E+00,1.591E+00,-5.393E-01,9.654E+00,1.939E+00,3.142E+00,4.229E-04,2.630E+00,2.637E+00,9.642E-02,3.597E+00,1.614E+00,-6.858E-01,1.105E+01,2.135E+00,3.142E+00,-2.728E-03,2.587E+00,2.543E+00,4.355E-02,6.019E+00
65,0.000E+00,0.000E+00,1.921E-02,1.816E-05,0.000E+00,4.414E-05,8.340E-05,1.904E-02,5.749E-02,1.923E+00,1.583E+00,-5.976E-01,1.328E+01,1.839E+00,3.142E+00,1.567E-04,2.576E+00,2.578E+00,2.058E-01,1.787E+00,1.584E+00,-5.521E-01,1.032E+01,1.940E+00,3.142E+00,-3.447E-04,2.637E+00,2.631E+00,9.715E-02,3.574E+00,1.603E+00,-6.789E-01,1.076E+01,2.197E+00,3.142E+00,-1.744E-03,2.559E+00,2.531E+00,4.273E-02,6.102E+00
66,0.000E+00,0.000E+00,1.991E-02,8.594E-06,0.000E+00,5.078E-05,8.750E-05,1.972E-02,5.959E-02,1.993E+00,1.588E+00,-6.089E-01,1.404E+01,1.800E+00,3.142E+00,2.803E-04,2.573E+00,2.577E+00,2.083E-01,1.767E+00,1.579E+00,-5.650E-01,1.099E+01,1.941E+00,3.142E+00,-1.112E-03,2.643E+00,2.625E+00,9.788E-02,3.551E+00,1.593E+00,-6.720E-01,1.046E+01,2.258E+00,3.142E+00,-7.604E-04,2.531E+00,2.519E+00,4.190E-02,6.185E+00
67,0.000E+00,0.000E+00,2.162E-02,4.688E-06,0.000E+00,5.195E-05,1.012E-04,2.152E-02,6.467E-02,2.167E+00,1.551E+00,-5.801E-01,1.301E+01,1.948E+00,3.142E+00,3.181E-03,2.481E+00,2.528E+00,2.061E-01,1.784E+00,1.560E+00,-5.594E-01,1.096E+01,2.014E+00,3.142E+00,-5.140E-05,2.619E+00,2.618E+00,9.798E-02,3.549E+00,1.557E+00,-6.734E-01,1.089E+01,2.415E+00,3.142E+00,6.046E-04,2.526E+00,2.536E+00,4.242E-02,6.131E+00
68,0.000E+00,0.000E+00,2.247E-02,2.734E-06,0.000E+00,5.254E-05,1.080E-04,2.242E-02,6.721E-02,2.254E+00,1.534E+00,-5.657E-01,1.249E+01,2.021E+00,3.142E+00,4.632E-03,2.435E+00,2.504E+00,2.049E-01,1.793E+00,1.551E+00,-5.566E-01,1.095E+01,2.050E+00,3.142E+00,4.791E-04,2.607E+00,2.615E+00,9.802E-02,3.547E+00,1.540E+00,-6.741E-01,1.111E+01,2.493E+00,3.142E+00,1.287E-03,2.524E+00,2.544E+00,4.267E-02,6.104E+00
69,0.000E+00,0.000E+00,2.333E-02,7.812E-07,0.000E+00,5.313E-05,1.148E-04,2.333E-02,6.976E-02,2.341E+00,1.519E+00,-5.513E-01,1.198E+01,2.095E+00,3.142E+00,6.083E-03,2.388E+00,2.480E+00,2.038E-01,1.801E+00,1.543E+00,-5.538E-01,1.093E+01,2.086E+00,3.142E+00,1.010E-03,2.595E+00,2.612E+00,9.807E-02,3.546E+00,1.524E+00,-6.748E-01,1.132E+01,2.571E+00,3.142E+00,1.970E-03,2.522E+00,2.553E+00,4.293E-02,6.077E+00
70,0.000E+00,0.000E+00,2.529E-02,4.688E-06,3.906E-07,5.508E-05,1.309E-04,2.539E-02,7.592E-02,2.545E+00,1.479E+00,-5.685E-01,1.437E+01,2.160E+00,3.142E+00,3.555E-03,2.454E+00,2.508E+00,2.000E-01,1.831E+00,1.512E+00,-5.628E-01,1.214E+01,2.155E+00,3.142E+00,2.511E-03,2.546E+00,2.586E+00,9.766E-02,3.558E+00,1.482E+00,-7.248E-01,1.630E+01,2.554E+00,3.142E+00,9.917E-04,2.498E+00,2.514E+00,4.210E-02,6.165E+00
71,0.000E+00,0.000E+00,2.626E-02,6.641E-06,5.859E-07,5.605E-05,1.389E-04,2.642E-02,7.900E-02,2.647E+00,1.463E+00,-5.770E-01,1.557E+01,2.192E+00,3.142E+00,2.291E-03,2.487E+00,2.522E+00,1.981E-01,1.846E+00,1.498E+00,-5.673E-01,1.274E+01,2.190E+00,3.142E+00,3.262E-03,2.522E+00,2.573E+00,9.745E-02,3.565E+00,1.471E+00,-7.499E-01,1.879E+01,2.546E+00,3.142E+00,5.027E-04,2.487E+00,2.495E+00,4.168E-02,6.210E+00
72,0.000E+00,0.000E+00,2.724E-02,8.594E-06,7.812E-07,5.703E-05,1.469E-04,2.745E-02,8.209E-02,2.750E+00,1.448E+00,-5.856E-01,1.676E+01,2.224E+00,3.142E+00,1.027E-03,2.520E+00,2.536E+00,1.963E-01,1.860E+00,1.485E+00,-5.718E-01,1.334E+01,2.224E+00,3.142E+00,4.012E-03,2.497E+00,2.560E+00,9.724E-02,3.571E+00,1.464E+00,-7.749E-01,2.128E+01,2.538E+00,3.142E+00,1.369E-05,2.475E+00,2.475E+00,4.127E-02,6.254E+00
73,0.000E+00,0.000E+00,2.891E-02,4.297E-06,3.906E-07,7.617E-05,1.543E-04,2.906E-02,8.717E-02,2.917E+00,1.429E+00,-5.696E-01,1.583E+01,2.331E+00,3.142E+00,5.022E-03,2.383E+00,2.454E+00,2.062E-01,1.786E+00,1.463E+00,-5.653E-01,1.330E+01,2.330E+00,3.142E+00,5.676E-03,2.452E+00,2.539E+00,9.714E-02,3.574E+00,1.451E+00,-7.837E-01,2.262E+01,2.577E+00,3.142E+00,1.739E-03,2.399E+00,2.423E+00,4.218E-02,6.157E+00
74,0.000E+00,0.000E+00,3.059E-02,0.000E+00,0.000E+00,9.531E-05,1.617E-04,3.067E-02,9.226E-02,3.085E+00,1.413E+00,-5.535E-01,1.491E+01,2.438E+00,3.142E+00,9.017E-03,2.246E+00,2.373E+00,2.162E-01,1.712E+00,1.441E+00,-5.589E-01,1.327E+01,2.436E+00,3.142E+00,7.341E-03,2.407E+00,2.519E+00,9.703E-02,3.577E+00,1.440E+00,-7.925E-01,2.396E+01,2.617E+00,3.142E+00,3.465E-03,2.322E+00,2.372E+00,4.309E-02,6.060E+00
75,0.000E+00,0.000E+00,3.254E-02,0.000E+00,0.000E+00,9.023E-05,1.715E-04,3.262E-02,9.790E-02,3.278E+00,1.375E+00,-5.344E-01,1.428E+01,2.666E+00,3.142E+00,6.854E-03,2.281E+00,2.378E+00,2.087E-01,1.767E+00,1.422E+00,-5.482E-01,1.324E+01,2.514E+00,3.142E+00,5.186E-03,2.435E+00,2.515E+00,9.531E-02,3.632E+00,1.394E+00,-7.900E-01,2.587E+01,2.810E+00,3.142E+00,2.689E-03,2.342E+00,2.381E+00,4.211E-02,6.165E+00
76,0.000E+00,0.000E+00,3.450E-02,0.000E+00,0.000E+00,8.516E-05,1.812E-04,3.456E-02,1.035E-01,3.472E+00,1.341E+00,-5.153E-01,1.365E+01,2.894E+00,3.142E+00,4.691E-03,2.316E+00,2.384E+00,2.011E-01,1.822E+00,1.404E+00,-5.375E-01,1.321E+01,2.592E+00,3.142E+00,3.030E-03,2.463E+00,2.510E+00,9.359E-02,3.687E+00,1.353E+00,-7.875E-01,2.779E+01,3.002E+00,3.142E+00,1.914E-03,2.362E+00,2.390E+00,4.113E-02,6.269E+00
77,0.000E+00,0.000E+00,3.625E-02,0.000E+00,0.000E+00,9.648E-05,1.879E-04,3.633E-02,1.088E-01,3.648E+00,1.310E+00,-5.037E-01,1.311E+01,3.153E+00,3.142E+00,1.013E-02,2.228E+00,2.368E+00,2.008E-01,1.824E+00,1.373E+00,-5.303E-01,1.285E+01,2.818E+00,3.142E+00,8.088E-03,2.340E+00,2.456E+00,9.385E-02,3.678E+00,1.326E+00,-7.664E-01,2.545E+01,3.227E+00,3.142E+00,1.961E-03,2.369E+00,2.397E+00,4.129E-02,6.251E+00
78,0.000E+00,0.000E+00,3.801E-02,0.000E+00,0.000E+00,1.078E-04,1.945E-04,3.810E-02,1.141E-01,3.825E+00,1.283E+00,-4.922E-01,1.258E+01,3.412E+00,3.142E+00,1.558E-02,2.139E+00,2.352E+00,2.004E-01,1.827E+00,1.345E+00,-5.232E-01,1.250E+01,3.045E+00,3.142E+00,1.315E-02,2.216E+00,2.401E+00,9.412E-02,3.670E+00,1.304E+00,-7.453E-01,2.310E+01,3.452E+00,3.142E+00,2.007E-03,2.376E+00,2.405E+00,4.145E-02,6.234E+00
79,0.000E+00,0.000E+00,3.979E-02,0.000E+00,0.000E+00,1.320E-04,2.344E-04,3.996E-02,1.196E-01,4.010E+00,1.251E+00,-4.771E-01,1.256E+01,3.652E+00,3.142E+00,1.812E-02,2.042E+00,2.277E+00,2.020E-01,1.815E+00,1.324E+00,-5.168E-01,1.236E+01,3.210E+00,3.142E+00,1.271E-02,2.190E+00,2.367E+00,9.189E-02,3.745E+00,1.261E+00,-7.420E-01,2.330E+01,3.825E+00,3.142E+00,5.742E-03,2.292E+00,2.372E+00,4.013E-02,6.386E+00
80,0.000E+00,0.000E+00,4.157E-02,0.000E+00,0.000E+00,1.562E-04,2.742E-04,4.182E-02,1.251E-01,4.195E+00,1.220E+00,-4.621E-01,1.254E+01,3.893E+00,3.142E+00,2.066E-02,1.946E+00,2.202E+00,2.037E-01,1.802E+00,1.304E+00,-5.103E-01,1.222E+01,3.375E+00,3.142E+00,1.228E-02,2.164E+00,2.332E+00,8.966E-02,3.821E+00,1.222E+00,-7.387E-01,2.349E+01,4.199E+00,3.142E+00,9.478E-03,2.207E+00,2.338E+00,3.880E-02,6.538E+00
81,0.000E+00,0.000E+00,4.215E-02,3.906E-07,3.906E-07,2.039E-04,3.262E-04,4.235E-02,1.268E-01,4.253E+00,1.165E+00,-4.384E-01,1.167E+01,4.632E+00,3.142E+00,2.304E-02,1.894E+00,2.174E+00,1.963E-01,1.862E+00,1.245E+00,-4.974E-01,1.188E+01,3.979E+00,3.142E+00,1.612E-02,2.040E+00,2.245E+00,8.793E-02,3.884E+00,1.172E+00,-7.270E-01,2.235E+01,4.864E+00,3.142E+00,2.366E-02,1.969E+00,2.256E+00,3.820E-02,6.613E+00
82,0.000E+00,0.000E+00,4.273E-02,7.812E-07,7.812E-07,2.516E-04,3.781E-04,4.288E-02,1.285E-01,4.311E+00,1.123E+00,-4.147E-01,1.080E+01,5.372E+00,3.142E+00,2.542E-02,1.843E+00,2.146E+00,1.889E-01,1.922E+00,1.197E+00,-4.844E-01,1.154E+01,4.583E+00,3.142E+00,1.996E-02,1.916E+00,2.159E+00,8.621E-02,3.947E+00,1.131E+00,-7.153E-01,2.121E+01,5.530E+00,3.142E+00,3.785E-02,1.731E+00,2.173E+00,3.759E-02,6.688E+00
83,0.000E+00,0.000E+00,4.008E-02,3.906E-07,3.906E-07,4.879E-04,5.523E-04,4.054E-02,1.212E-01,4.072E+00,1.074E+00,-4.048E-01,1.071E+01,6.301E+00,3.142E+00,5.722E-02,1.450E+00,1.971E+00,1.859E-01,1.948E+00,1.163E+00,-4.740E-01,1.101E+01,5.187E+00,3.142E+00,5.019E-02,1.582E+00,2.095E+00,8.404E-02,4.033E+00,1.088E+00,-6.967E-01,1.921E+01,6.500E+00,3.142E+00,6.343E-02,1.480E+00,2.143E+00,3.420E-02,7.192E+00
84,0.000E+00,0.000E+00,3.744E-02,0.000E+00,0.000E+00,7.242E-04,7.266E-04,3.819E-02,1.138E-01,3.833E+00,1.033E+00,-3.950E-01,1.063E+01,7.231E+00,3.142E+00,8.901E-02,1.058E+00,1.796E+00,1.830E-01,1.975E+00,1.135E+00,-4.636E-01,1.048E+01,5.790E+00,3.142E+00,8.042E-02,1.249E+00,2.032E+00,8.187E-02,4.119E+00,1.058E+00,-6.781E-01,1.722E+01,7.470E+00,3.142E+00,8.901E-02,1.229E+00,2.112E+00,3.081E-02,7.696E+00
85,0.000E+00,0.000E+00,2.736E-02,3.906E-07,0.000E+00,1.434E-03,1.302E-03,2.880E-02,8.520E-02,2.893E+00,1.019E+00,-3.713E-01,9.050E+00,8.416E+00,3.142E+00,8.901E-02,1.143E+00,1.954E+00,1.726E-01,2.082E+00,1.106E+00,-4.422E-01,9.468E+00,6.677E+00,3.142E+00,8.472E-02,1.087E+00,1.797E+00,7.741E-02,4.323E+00,1.070E+00,-6.809E-01,1.566E+01,7.684E+00,3.142E+00,8.901E-02,1.088E+00,1.849E+00,2.791E-02,8.287E+00
86,0.000E+00,0.000E+00,1.728E-02,7.812E-07,0.000E+00,2.143E-03,1.878E-03,1.941E-02,5.655E-02,1.952E+00,1.022E+00,-3.476E-01,7.472E+00,9.602E+00,3.142E+00,8.901E-02,1.229E+00,2.112E+00,1.621E-01,2.188E+00,1.088E+00,-4.207E-01,8.456E+00,7.564E+00,3.142E+00,8.901E-02,9.250E-01,1.561E+00,7.295E-02,4.527E+00,1.084E+00,-6.837E-01,1.410E+01,7.899E+00,3.142E+00,8.901E-02,9.459E-01,1.586E+00,2.501E-02,8.878E+00
87,0.000E+00,0.000E+00,8.730E-03,3.906E-07,0.000E+00,1.163E-03,1.027E-03,9.818E-03,2.862E-02,9.906E-01,1.091E+00,-4.763E-01,8.344E+00,8.428E+00,3.142E+00,8.897E-02,8.884E-01,1.533E+00,1.242E-01,2.933E+00,1.142E+00,-4.971E-01,7.998E+00,7.499E+00,3.142E+00,8.900E-02,7.560E-01,1.292E+00,6.853E-02,4.777E+00,9.739E-01,-7.400E-01,1.478E+01,1.240E+01,3.142E+00,0.000E+00,0.000E+00,0.000E+00,2.024E-02,1.051E+01
88,0.000E+00,0.000E+00,1.805E-04,0.000E+00,0.000E+00,1.836E-04,1.766E-04,2.250E-04,6.922E-04,2.894E-02,1.167E+00,-6.050E-01,9.215E+00,7.255E+00,3.142E+00,8.894E-02,5.475E-01,9.549E-01,8.624E-02,3.678E+00,1.192E+00,-5.734E-01,7.539E+00,7.433E+00,3.142E+00,8.898E-02,5.869E-01,1.022E+00,6.412E-02,5.026E+00,9.086E-01,-7.963E-01,1.546E+01,1.690E+01,3.142E+00,0.000E+00,0.000E+00,0.000E+00,1.546E-02,1.214E+01
89,0.000E+00,0.000E+00,0.000E+00,0.000E+00,0.000E+00,3.125E-06,2.344E-06,3.125E-06,1.562E-06,1.480E-03,3.142E+00,0.000E+00,0.000E+00,0.000E+00,0.000E+00,0.000E+00,0.000E+00,0.000E+00,0.000E+00,0.000E+00,3.142E+00,0.000E+00,0.000E+00,0.000E+00,0.000E+00,0.000E+00,0.000E+00,0.000E+00,0.000E+00,0.000E+00,3.142E+00,0.000E+00,0.000E+00,0.000E+00,0.000E+00,0.000E+00,0.000E+00,0.000E+00,0.000E+00,0.000E+00
