alpha,H,He,Fe,Si,O,Fe_1,O_1,Si_2,O_2,amu/ion,thetaK_Fe,thetaTilt_Fe,thetaM_Fe,thetaN_Fe,3dK_Fe,3dTilt_Fe,3dM_Fe,3dN_Fe,energyK_Fe,energyE_Fe,thetaK_O,thetaTilt_O,thetaM_O,thetaN_O,3dK_O,3dTilt_O,3dM_O,3dN_O,energyK_O,energyE_O,thetaK_Si,thetaTilt_Si,thetaM_Si,thetaN_Si,3dK_Si,3dTilt_Si,3dM_Si,3dN_Si,energyK_Si,energyE_Si
0.0,0.0,0.0,0.004556640625,0.0,0.0,5.6640625e-05,0.0002197265625,0.0022880859375,0.0090185546875,0.4702508590876996,1.7611223834111787,0.01579340192629597,1.2644228652123721,1.7117961542930467,8.283185307179584,0.0,1.0,1.0,0.05918694451371295,4.006768850027208,1.6095710037777833,0.005256169855542136,1.779952906368172,1.9800385509412102,8.283185307179584,0.0,1.0,1.0,0.10857509169032395,3.2555092987242658,1.7329007592553682,0.0234463807212798,1.3647765714603737,1.7366168520499061,8.283185307179584,0.0036367468173866603,1.0,1.0,0.0517325892576897,5.296723848397625
1.0,0.0,0.0,0.0045759277343750005,0.0,0.0,5.444335937500001e-05,0.00020886230468749998,0.0022946777343750002,0.009085205078124999,0.4721502575370523,1.7554852422350815,0.012174934091435162,1.2782824636232573,1.7234453883319225,8.283185307179584,0.0053032496614991145,1.0,1.0,0.05913610122501113,4.009177228013758,1.607757604218317,-0.00039286261673919477,1.7950766456716991,1.9768223041627055,8.283185307179584,0.004859801868204484,1.0,1.0,0.10851790331892906,3.25695954947558,1.7291653060349668,0.020336601524703797,1.3679986922838894,1.75341956709082,8.283185307179584,0.008352199201246233,1.0,1.0,0.05200776566698345,5.276424752647639
2.0,0.0,0.0,0.004595214843750001,0.0,0.0,5.2246093750000006e-05,0.00019799804687499999,0.00230126953125,0.00915185546875,0.4740496559864051,1.7498756914839455,0.008556466256574354,1.2921420620341424,1.7350946223707986,8.283185307179584,0.010606499322998229,1.0,1.0,0.0590852579363093,4.01158560600031,1.6114460865015436,-0.006041895089020526,1.8102003849752264,1.9736060573842007,8.283185307179584,0.009719603736408969,1.0,1.0,0.10846071494753418,3.2584098002268944,1.7254362183030767,0.017226822328127795,1.371220813107405,1.7702222821317337,8.283185307179584,0.013067651585105805,1.0,1.0,0.052282942076277206,5.256125656897652
3.0,0.0,0.0,0.004614501953125001,0.0,0.0,5.0048828125000004e-05,0.0001871337890625,0.002307861328125,0.009218505859375,0.47594905443575786,1.7442980818687945,0.004937998421713547,1.3060016604450277,1.7467438564096744,8.283185307179584,0.015909748984497343,1.0,1.0,0.059034414647607475,4.013993983986861,1.6151386501340201,-0.011690927561301856,1.8253241242787535,1.9703898106056958,8.283185307179584,0.014579405604613453,1.0,1.0,0.10840352657613929,3.259860050978209,1.7217143658865746,0.014117043131551793,1.3744429339309208,1.7870249971726475,8.283185307179584,0.017783103968965378,1.0,1.0,0.05255811848557096,5.235826561147665
4.0,0.0,0.0,0.0046241455078125,0.0,0.0,4.89501953125e-05,0.00018170166015625,0.0023111572265625,0.0092518310546875,0.4768987536604342,1.7415227823655233,0.003128764504283143,1.3129314596504704,1.7525684734291125,8.283185307179584,0.0185613738152469,1.0,1.0,0.059008993003256564,4.015198172980137,1.6169854194967423,-0.014515443797442521,1.832885993930517,1.9687816872164436,8.283185307179584,0.017009306538715695,1.0,1.0,0.10837493239044185,3.260585176353866,1.7198564599347694,0.012562153533263794,1.3760539943426786,1.7954263546931044,8.283185307179584,0.020140830160895164,1.0,1.0,0.052695706690217836,5.225677013272671
5.0,0.0,0.0,0.0046337890625,0.0,0.0,4.78515625e-05,0.00017626953125,0.002314453125,0.00928515625,0.4778484528851106,1.7387574678861337,0.0013195305868527393,1.3198612588559129,1.7583930904485503,8.283185307179584,0.021212998645996458,1.0,1.0,0.058983571358905654,4.0164023619734115,1.6188320865380277,-0.017339960033583186,1.8404478635822805,1.9671735638271912,8.283185307179584,0.019439207472817938,1.0,1.0,0.1083463382047444,3.261310301729523,1.7180007510209614,0.011007263934975793,1.3776650547544365,1.8038277122135613,8.283185307179584,0.02249855635282495,1.0,1.0,0.052833294894864706,5.215527465397678
6.0,0.0,0.0,0.004653076171874999,0.0,0.0,4.5654296875e-05,0.0001654052734375,0.002321044921875,0.009351806640625,0.47974785133446335,1.7359262645665237,-0.002298937248008068,1.333720857266798,1.7700423244874264,8.283185307179584,0.02651624830749557,1.0,1.0,0.058932728070203826,4.018810739959962,1.6225240706156998,-0.022988992505864517,1.8555716028858078,1.9639573170486866,8.283185307179584,0.024299009341022422,1.0,1.0,0.10828914983334952,3.262760552480837,1.7142965521172397,0.007897484738399792,1.3808871755779522,1.820630427254475,8.283185307179584,0.027214008736684524,1.0,1.0,0.05310847130415845,5.195228369647692
7.0,0.0,0.0,0.0046723632812499995,0.0,0.0,4.345703125e-05,0.000154541015625,0.0023276367187499997,0.00941845703125,0.4816472497838161,1.734644394813572,-0.0059174050828688755,1.3475804556776834,1.7816915585263022,8.283185307179584,0.031819497968994685,1.0,1.0,0.058881884781502,4.021219117946513,1.626212798932892,-0.028638024978145847,1.8706953421893349,1.9607410702701817,8.283185307179584,0.029158811209226906,1.0,1.0,0.10823196146195463,3.2642108032321517,1.7106032060349778,0.0047877055418237904,1.3841092964014678,1.837433142295389,8.283185307179584,0.031929461120544095,1.0,1.0,0.053383647713452206,5.174929273897705
8.0,0.0,0.0,0.004691650390625,0.0,0.0,4.1259765624999996e-05,0.0001436767578125,0.002334228515625,0.009485107421875,0.48354664823316884,1.733373540562483,-0.009535872917729683,1.3614400540885685,1.793340792565178,8.283185307179584,0.0371227476304938,1.0,1.0,0.058831041492800176,4.023627495933065,1.6298968228834,-0.03428705745042718,1.885819081492862,1.957524823491677,8.283185307179584,0.03401861307743139,1.0,1.0,0.10817477309055973,3.2656610539834663,1.7069226059053686,0.001677926345247789,1.3873314172249835,1.8542358573363027,8.283185307179584,0.036644913504403666,1.0,1.0,0.05365882412274596,5.154630178147718
9.0,0.0,0.0,0.0047012939453125,0.0,0.0,4.0161132812499995e-05,0.00013824462890625,0.0023375244140625,0.0095184326171875,0.4844963474578452,1.732741909457144,-0.011345106835160088,1.368369853294011,1.7991654095846161,8.283185307179584,0.03977437246124336,1.0,1.0,0.05880561984844926,4.02483168492634,1.6317366903207233,-0.03711157368656784,1.8933809511446256,1.9559167001024247,8.283185307179584,0.036448514011533636,1.0,1.0,0.10814617890486228,3.2663861793591233,1.7050879678316622,0.00012303674695978838,1.3889424776367414,1.8626372148567596,8.283185307179584,0.039002639696333455,1.0,1.0,0.05379641232739284,5.144480630272724
10.0,0.0,0.0,0.0047109375,0.0,0.0,3.90625e-05,0.0001328125,0.0023408203125,0.0095517578125,0.4854460466825216,1.7321127162041141,-0.01315434075259049,1.3752996524994536,1.8049900266040542,8.283185307179584,0.042425997291992916,1.0,1.0,0.05878019820409835,4.026035873919615,1.6335749513357463,-0.03993608992270851,1.9009428207963892,1.9543085767131723,8.283185307179584,0.038878414945635875,1.0,1.0,0.10811758471916484,3.2671113047347804,1.7048942797849556,-0.0014318528513282123,1.3905535380484995,1.8710385723772165,8.283185307179584,0.04136036588826324,1.0,1.0,0.053934000532039714,5.134331082397732
11.0,0.0,0.0,0.0047824707031249875,0.0,0.0,3.6499023437500005e-05,0.00012548828125,0.0023901367187499876,0.009672241210937502,0.4926425005172623,1.7427572951320716,-0.02975509202442293,1.4451044441583076,1.7564082315464684,8.283185307179584,0.047947375487900415,1.0,1.0,0.05879485367155467,4.025339016829145,1.629818462867902,-0.04423823573660904,1.9069148994605585,1.999020852527341,8.283185307179584,0.04401316348852177,1.0,1.0,0.10771570059627916,3.277616785195196,1.7060102932217303,-0.01194294922619284,1.443983773431556,1.861302246127798,8.283185307179584,0.04605590909968574,1.0,1.0,0.05373103745760478,5.149168889820549
12.0,0.0,0.0,0.004854003906249975,0.0,0.0,3.3935546875e-05,0.00011816406250000001,0.002439453124999975,0.009792724609375001,0.499838954352003,1.7540571304076276,-0.04635584329625537,1.5149092358171616,1.7078264364888827,8.283185307179584,0.05346875368380791,1.0,1.0,0.05880950913901099,4.024642159738674,1.6261886711924092,-0.04854038155050956,1.9128869781247277,2.0437331283415094,8.283185307179584,0.04914791203140767,1.0,1.0,0.1073138164733935,3.2881222656556117,1.7073631863942285,-0.022454045601057467,1.4974140088146122,1.8515659198783796,8.283185307179584,0.05075145231110824,1.0,1.0,0.05352807438316985,5.164006697243368
13.0,0.0,0.0,0.004925537109374963,0.0,0.0,3.13720703125e-05,0.00011083984375000002,0.0024887695312499625,0.0099132080078125,0.5070354081867436,1.7660359109171568,-0.0629565945680878,1.5847140274760156,1.659244641431297,8.283185307179584,0.0589901318797154,1.0,1.0,0.05882416460646732,4.023945302648204,1.6226791578576916,-0.05284252736441009,1.918859056788897,2.088445404155678,8.283185307179584,0.05428266057429357,1.0,1.0,0.10691193235050782,3.2986277461160274,1.7089415972514035,-0.032965141975922096,1.5508442441976686,1.8418295936289613,8.283185307179584,0.05544699552253074,1.0,1.0,0.05332511130873492,5.178844504666186
14.0,0.0,0.0,0.004961303710937457,0.0,0.0,3.009033203125e-05,0.00010717773437500001,0.002513427734374956,0.00997344970703125,0.5106336351041141,1.7722861613358916,-0.07125697020400402,1.6196164233054429,1.634953743902504,8.283185307179584,0.061750820977669145,1.0,1.0,0.05883149234019548,4.023596874102969,1.6209676001651006,-0.054993600271360354,1.9218450961209816,2.110801542062762,8.283185307179584,0.056850034845736516,1.0,1.0,0.10671099028906497,3.303880486346235,1.7098132262484844,-0.03822069016335441,1.5775593618891968,1.836961430504252,8.283185307179584,0.057794767128242,1.0,1.0,0.053223629771517456,5.186263408377595
15.0,0.0,0.0,0.0049970703124999506,0.0,0.0,2.880859375e-05,0.00010351562500000001,0.00253808593749995,0.01003369140625,0.5142318620214844,1.778713153426563,-0.07955734583992025,1.6545188191348699,1.6106628463737112,8.283185307179584,0.06451151007562289,1.0,1.0,0.05883882007392364,4.0232484455577335,1.6192838687276743,-0.05714467317831062,1.9248311354530665,2.1331576799698464,8.283185307179584,0.05941740911717947,1.0,1.0,0.10651004822762214,3.309133226576443,1.7107387347783596,-0.04347623835078672,1.604274479580725,1.832093267379543,8.283185307179584,0.06014253873395325,1.0,1.0,0.05312214823429998,5.193682312089004
16.0,0.0,0.0,0.005068603515624938,0.0,0.0,2.62451171875e-05,9.619140625e-05,0.0025874023437499373,0.010154174804687499,0.5214283158562252,1.7921049374448712,-0.09615809711175269,1.724323610793724,1.5620810513161254,8.283185307179584,0.07003288827153038,1.0,1.0,0.05885347554137996,4.022551588467263,1.6159970873646163,-0.061446818992211154,1.930803214117236,2.177869955784015,8.283185307179584,0.06455215766006538,1.0,1.0,0.10610816410473647,3.3196387070368587,1.7127480742906016,-0.05398733472565135,1.6577047149637814,1.8223569411301246,8.283185307179584,0.06483808194537576,1.0,1.0,0.052919185159865045,5.208520119511823
17.0,0.0,0.0,0.005140136718749926,0.0,0.0,2.3681640625e-05,8.886718750000001e-05,0.0026367187499999247,0.010274658203125,0.5286247696909658,1.8062257489775326,-0.11275884838358512,1.794128402452578,1.5134992562585396,8.283185307179584,0.07555426646743787,1.0,1.0,0.05886813100883628,4.021854731376793,1.61281341089258,-0.06574896480611168,1.9367752927814053,2.2225822315981834,8.283185307179584,0.06968690620295127,1.0,1.0,0.1057062799818508,3.3301441874972744,1.7149627172019184,-0.06449843110051598,1.7111349503468378,1.8126206148807062,8.283185307179584,0.06953362515679826,1.0,1.0,0.052716222085430114,5.22335792693464
18.0,0.0,0.0,0.005211669921874914,0.0,0.0,2.11181640625e-05,8.154296875000002e-05,0.002686035156249912,0.010395141601562501,0.5358212235257065,1.8210900034267667,-0.12935959965541755,1.863933194111432,1.4649174612009541,8.283185307179584,0.08107564466334538,1.0,1.0,0.05888278647629261,4.021157874286323,1.6097277280383944,-0.07005111062001221,1.9427473714455745,2.267294507412352,8.283185307179584,0.07482165474583717,1.0,1.0,0.10530439585896512,3.34064966795769,1.7173753922324329,-0.0750095274753806,1.7645651857298943,1.802884288631288,8.283185307179584,0.07422916836822076,1.0,1.0,0.052513259010995184,5.238195734357458
19.0,0.0,0.0,0.005247436523437407,0.0,0.0,1.9836425781249997e-05,7.788085937500001e-05,0.002710693359374906,0.010455383300781251,0.5394194504430769,1.8288056932292003,-0.13765997529133378,1.898835589940859,1.4406265636721614,8.283185307179584,0.08383633376129912,1.0,1.0,0.05889011421002077,4.020809445741088,1.60822011171421,-0.07220218352696248,1.9457334107776592,2.289650645319436,8.283185307179584,0.07738902901728012,1.0,1.0,0.10510345379752228,3.3459024081878974,1.7186536492799391,-0.08026507566281291,1.7912803034214224,1.7980161255065787,8.283185307179584,0.076576939973932,1.0,1.0,0.05241177747377772,5.245614638068867
20.0,0.0,0.0,0.0052832031249999,0.0,0.0,1.85546875e-05,7.421875000000001e-05,0.0027353515624999,0.010515625,0.5430176773604473,1.8367131819442546,-0.14596035092725,1.933737985770286,1.4163356661433684,8.283185307179584,0.08659702285925287,1.0,1.0,0.05889744194374893,4.020461017195853,1.6067351990982734,-0.07435325643391275,1.9487194501097438,2.3120067832265203,8.283185307179584,0.07995640328872307,1.0,1.0,0.10490251173607945,3.3511551484181052,1.7199785852704101,-0.08552062385024523,1.8179954211129505,1.7931479623818696,8.283185307179584,0.07892471157964326,1.0,1.0,0.05231029593656025,5.253033541780276
21.0,0.0,0.0,0.005443725585937413,0.0,0.0,2.0629882812499998e-05,8.349609375e-05,0.0028020019531249003,0.0107945556640625,0.5585776778672353,1.8303068827543343,-0.15427764016109902,1.9814294159874708,1.4439360092139877,8.283185307179584,0.09493342906965574,1.0,1.0,0.058644554853005626,4.032796318886652,1.6143847709059664,-0.0880072889768038,2.029419169398204,2.255830008729001,8.283185307179584,0.08577119193976468,1.0,1.0,0.10473426668899338,3.3557235651791846,1.7203066549446078,-0.10534817577739136,1.9443430179702568,1.7798002069507914,8.283185307179584,0.0878202467709192,1.0,1.0,0.05230399097628527,5.253506457202732
22.0,0.0,0.0,0.005604248046874925,0.0,0.0,2.2705078125e-05,9.27734375e-05,0.0028686523437499003,0.011073486328125,0.5741376783740235,1.8240957935539088,-0.16259492939494807,2.0291208462046555,1.4715363522846068,8.283185307179584,0.10326983528005862,1.0,1.0,0.05839166776226233,4.045131620577451,1.622714606472948,-0.10166132151969483,2.1101188886866646,2.1996532342314823,8.283185307179584,0.0915859805908063,1.0,1.0,0.1045660216419073,3.3602919819402635,1.7217021357600615,-0.1251757277045375,2.070690614827563,1.7664524515197133,8.283185307179584,0.09671578196219513,1.0,1.0,0.052297686016010286,5.253979372625188
23.0,0.0,0.0,0.005764770507812438,0.0,0.0,2.47802734375e-05,0.00010205078125000001,0.0029353027343749,0.0113524169921875,0.5896976788808117,1.818070796482314,-0.1709122186287971,2.07681227642184,1.499136695355226,8.283185307179584,0.11160624149046149,1.0,1.0,0.05813878067151903,4.057466922268251,1.6317173521153117,-0.11531535406258586,2.190818607975125,2.1434764597339635,8.283185307179584,0.09740076924184791,1.0,1.0,0.10439777659482122,3.364860398701343,1.7240470700265536,-0.14500327963168363,2.1970382116848692,1.7531046960886352,8.283185307179584,0.10561131715347108,1.0,1.0,0.0522913810557353,5.254452288047643
24.0,0.0,0.0,0.005845031738281194,0.0,0.0,2.5817871093750003e-05,0.00010668945312500001,0.0029686279296874,0.011491882324218751,0.5974776791342058,1.8151253519037664,-0.17507086324572163,2.100657991530432,1.5129368668905356,8.283185307179584,0.11577444459566291,1.0,1.0,0.05801233712614738,4.06363457311365,1.636469494107764,-0.12214237033403139,2.231168467619355,2.115388072485204,8.283185307179584,0.10030816356736871,1.0,1.0,0.10431365407127818,3.3671446070818822,1.7255425921002245,-0.1549170555952567,2.2602120101135226,1.746430818373096,8.283185307179584,0.11005908474910905,1.0,1.0,0.05228822857559781,5.254688745758871
25.0,0.0,0.0,0.0059252929687499505,0.0,0.0,2.6855468750000004e-05,0.000111328125,0.0030019531249999,0.01163134765625,0.6052576793875999,1.8122232055861474,-0.17922950786264613,2.1245037066390244,1.5267370384258454,8.283185307179584,0.11994264770086435,1.0,1.0,0.05788589358077573,4.06980222395905,1.641388315585353,-0.1289693866054769,2.2715183272635855,2.0872996852364443,8.283185307179584,0.10321555789288953,1.0,1.0,0.10422953154773515,3.369428815462422,1.7272375027005626,-0.16483083155882977,2.3233858085421755,1.739756940657557,8.283185307179584,0.11450685234474701,1.0,1.0,0.05228507609546031,5.2549252034700995
26.0,0.0,0.0,0.006085815429687462,0.0,0.0,2.8930664062500002e-05,0.00012060546875,0.0030686035156249,0.011910278320312502,0.6208176798943881,1.806544743449905,-0.18754679709649516,2.172195136856209,1.5543373814964647,8.283185307179584,0.1282790539112672,1.0,1.0,0.057633006490032425,4.082137525649849,1.6517255285700845,-0.14262341914836796,2.352218046552046,2.031122910738925,8.283185307179584,0.10903034654393115,1.0,1.0,0.10406128650064908,3.3739972322235015,1.731181877665059,-0.1846583834859759,2.4497334053994817,1.726409185226479,8.283185307179584,0.12340238753602295,1.0,1.0,0.05227877113518532,5.255398118892555
27.0,0.0,0.0,0.006246337890624975,0.0,0.0,3.1005859375e-05,0.0001298828125,0.0031352539062499,0.012189208984375002,0.6363776804011761,1.8010275182614603,-0.1958640863303442,2.2198865670733934,1.581937724567084,8.283185307179584,0.13661546012167008,1.0,1.0,0.05738011939928912,4.094472827340649,1.6627297972894497,-0.156277451691259,2.4329177658405063,1.974946136241406,8.283185307179584,0.11484513519497276,1.0,1.0,0.103893041453563,3.378565648984581,1.7357993755692842,-0.20448593541312204,2.576081002256788,1.7130614297954008,8.283185307179584,0.1322979227272989,1.0,1.0,0.05227246617491034,5.25587103431501
28.0,0.0,0.0,0.006406860351562488,0.0,0.0,3.30810546875e-05,0.00013916015625000002,0.0032019042968749,0.012468139648437501,0.6519376809079642,1.7956640016501066,-0.20418137556419325,2.2675779972905783,1.6095380676377034,8.283185307179584,0.14495186633207297,1.0,1.0,0.05712723230854582,4.106808129031448,1.6744047519299512,-0.16993148423415005,2.5136174851289663,1.918769361743887,8.283185307179584,0.12065992384601437,1.0,1.0,0.10372479640647692,3.3831340657456597,1.7410183740537675,-0.22431348734026818,2.702428599114094,1.6997136743643226,8.283185307179584,0.14119345791857485,1.0,1.0,0.05226616121463536,5.256343949737467
29.0,0.0,0.0,0.006487121582031244,0.0,0.0,3.411865234375e-05,0.000143798828125,0.0032352294921874,0.012607604980468751,0.6597176811613583,1.793037625575963,-0.20834002018111775,2.2914237123991708,1.623338239173013,8.283185307179584,0.1491200694372744,1.0,1.0,0.05700078876317417,4.112975779876848,1.6804956569591285,-0.17675850050559558,2.5539673447731968,1.8906809744951274,8.283185307179584,0.12356731817153518,1.0,1.0,0.10364067388293388,3.3854182741261996,1.7438332306093152,-0.23422726330384125,2.7656023975427475,1.6930397966487836,8.283185307179584,0.14564122551421282,1.0,1.0,0.052263008734497865,5.256580407448695
30.0,0.0,0.0,0.0065673828125,0.0,0.0,3.5156250000000004e-05,0.0001484375,0.0032685546874999,0.0127470703125,0.6674976814147524,1.7904470074468142,-0.21249866479804227,2.3152694275077628,1.6371384107083227,8.283185307179584,0.15328827254247582,1.0,1.0,0.05687434521780252,4.119143430722247,1.6867569042249695,-0.1835855167770411,2.5943172044174267,1.8625925872463678,8.283185307179584,0.126474712497056,1.0,1.0,0.10355655135939085,3.387702482506739,1.7467750892820386,-0.24414103926741434,2.8287761959714004,1.6863659189332443,8.283185307179584,0.15008899310985077,1.0,1.0,0.05225985625436037,5.256816865159922
31.0,0.0,0.0,0.006944580078125,0.0,0.0,7.788085937498749e-05,0.0002620849609374875,0.003480957031249912,0.013532104492187502,0.7111872059151004,1.7861350481499372,-0.2408378290328409,2.563987971224905,1.6253910154841904,8.283185307179584,0.1657838779194199,1.0,1.0,0.056460898627296655,4.140843055691233,1.6882204221442358,-0.192111445590648,2.62993924054145,1.8721180113723042,8.283185307179584,0.1326697317259698,1.0,1.0,0.1032413943681097,3.396547748343262,1.7487453615568023,-0.26290501997834764,2.9468463055814995,1.6927127336238357,8.283185307179584,0.1628674396419153,1.0,1.0,0.051765664034802206,5.296351031901045
32.0,0.0,0.0,0.0071331787109375,0.0,0.0,9.924316406248124e-05,0.0003189086914062312,0.003587158203124919,0.013924621582031251,0.7330319681652744,1.7850550918204449,-0.2550074111502402,2.688347243083476,1.6195173178721243,8.283185307179584,0.17203168060789195,1.0,1.0,0.05625417533204373,4.151692868175727,1.6889491311749336,-0.19637440999745143,2.6477502586034616,1.8768807234352725,8.283185307179584,0.13576724134042667,1.0,1.0,0.10308381587246912,3.4009703812615237,1.7498348729701725,-0.2722870103338143,3.005881360386549,1.6958861409691315,8.283185307179584,0.16925666290794758,1.0,1.0,0.05151856792502312,5.316118115271606
33.0,0.0,0.0,0.00732177734375,0.0,0.0,0.000120605468749975,0.000375732421874975,0.003693359374999925,0.014317138671875002,0.7548767304154484,1.7845984339182244,-0.26917699326763955,2.8127065149420467,1.6136436202600584,8.283185307179584,0.178279483296364,1.0,1.0,0.0560474520367908,4.16254268066022,1.689675588728717,-0.2006373744042549,2.665561276665473,1.8816434354982405,8.283185307179584,0.13886475095488357,1.0,1.0,0.10292623737682854,3.4053930141797855,1.7509872214410107,-0.28166900068928097,3.0649164151915986,1.6990595483144273,8.283185307179584,0.17564588617397986,1.0,1.0,0.05127147181524404,5.335885198642167
34.0,0.0,0.0,0.007510375976562499,0.0,0.0,0.00014196777343746875,0.00043255615234371876,0.003799560546874931,0.014709655761718753,0.7767214926656225,1.7847051432409775,-0.2833465753850389,2.9370657868006176,1.6077699226479925,8.283185307179584,0.18452728598483603,1.0,1.0,0.055840728741537865,4.173392493144712,1.6903996317947283,-0.20490033881105835,2.6833722947274845,1.8864061475612086,8.283185307179584,0.14196226056934047,1.0,1.0,0.10276865888118797,3.409815647098047,1.7521976143237397,-0.29105099104474763,3.123951469996648,1.7022329556597229,8.283185307179584,0.1820351094400121,1.0,1.0,0.051024375705464954,5.355652282012728
35.0,0.0,0.0,0.007698974609374999,0.0,0.0,0.0001633300781249625,0.0004893798828124625,0.003905761718749938,0.015102172851562502,0.7985662549157966,1.7853221834561366,-0.2975161575024382,3.0614250586591885,1.6018962250359263,8.283185307179584,0.19077508867330809,1.0,1.0,0.05563400544628494,4.184242305629206,1.691121097851593,-0.2091633032178618,2.701183312789496,1.891168859624177,8.283185307179584,0.14505977018379734,1.0,1.0,0.10261108038554739,3.4142382800163085,1.7534614543752114,-0.30043298140021424,3.1829865248016977,1.7054063630050187,8.283185307179584,0.1884243327060444,1.0,1.0,0.05077727959568587,5.375419365383289
36.0,0.0,0.0,0.0078875732421875,0.0,0.0,0.00018469238281245624,0.0005462036132812063,0.0040119628906249444,0.015494689941406252,0.8204110171659706,1.7864023681898984,-0.31168573961983753,3.1857843305177593,1.5960225274238602,8.283185307179584,0.19702289136178014,1.0,1.0,0.05542728215103201,4.195092118113699,1.6918398248559545,-0.21342626762466527,2.7189943308515074,1.8959315716871452,8.283185307179584,0.14815727979825424,1.0,1.0,0.10245350188990682,3.4186609129345698,1.7547743258196125,-0.3098149717556809,3.2420215796067477,1.7085797703503145,8.283185307179584,0.19481355597207667,1.0,1.0,0.05053018348590679,5.39518644875385
37.0,0.0,0.0,0.008076171875,0.0,0.0,0.00020605468749994998,0.00060302734374995,0.00411816406249995,0.015887207031250003,0.8422557794161446,1.787903499515886,-0.32585532173723686,3.31014360237633,1.590148829811794,8.283185307179584,0.20327069405025217,1.0,1.0,0.055220558855779076,4.2059419305981915,1.6925556512326165,-0.2176892320314687,2.736805348913519,1.9006942837501133,8.283185307179584,0.15125478941271114,1.0,1.0,0.10229592339426624,3.4230835458528315,1.756131981482865,-0.31919696211114756,3.3010566344117973,1.71175317769561,8.283185307179584,0.20120277923810892,1.0,1.0,0.05028308737612771,5.414953532124411
38.0,0.0,0.0,0.0082647705078125,0.0,0.0,0.00022741699218744373,0.0006598510742186936,0.004224365234374956,0.016279724121093752,0.8641005416663186,1.7897876530103511,-0.3400249038546362,3.434502874234901,1.584275132199728,8.283185307179584,0.2095184967387242,1.0,1.0,0.05501383556052614,4.216791743082685,1.6932684158660867,-0.22195219643827213,2.7546163669755304,1.9054569958130814,8.283185307179584,0.15435229902716804,1.0,1.0,0.10213834489862567,3.427506178771093,1.757530330916463,-0.3285789524666142,3.360091689216847,1.7149265850409057,8.283185307179584,0.2075920025041412,1.0,1.0,0.050035991266348626,5.434720615494972
39.0,0.0,0.0,0.008453369140625,0.0,0.0,0.00024877929687493747,0.0007166748046874374,0.004330566406249963,0.0166722412109375,0.8859453039164926,1.7920205808395053,-0.3541944859720355,3.558862146093472,1.5784014345876618,8.283185307179584,0.21576629942719625,1.0,1.0,0.05480711226527321,4.227641555567178,1.6939779580933527,-0.2262151608450756,2.772427385037542,1.9102197078760497,8.283185307179584,0.15744980864162494,1.0,1.0,0.10198076640298509,3.4319288116893545,1.7589654294361654,-0.3379609428220809,3.419126744021897,1.7180999923862015,8.283185307179584,0.21398122577017348,1.0,1.0,0.04978889515656955,5.454487698865533
40.0,0.0,0.0,0.0086419677734375,0.0,0.0,0.0002701416015624312,0.0007734985351561812,0.004436767578124969,0.017064758300781253,0.9077900661666667,1.7945712105868568,-0.36836406808943484,3.683221417952043,1.5725277369755957,8.283185307179584,0.2220141021156683,1.0,1.0,0.05460038897002028,4.238491368051671,1.694684117697727,-0.23047812525187905,2.7902384030995533,1.914982419939018,8.283185307179584,0.16054731825608184,1.0,1.0,0.10182318790734451,3.4363514446076158,1.7604334680063745,-0.3473429331775475,3.4781617988269464,1.7212733997314973,8.283185307179584,0.22037044903620573,1.0,1.0,0.049541799046790465,5.474254782236094
41.0,0.0,0.0,0.00883056640625,0.0,0.0,0.00029150390624992496,0.0008303222656249249,0.004542968749999975,0.017457275390625002,0.9296348284168408,1.7974112222680025,-0.38253365020683416,3.8075806898106137,1.5666540393635298,8.283185307179584,0.22826190480414033,1.0,1.0,0.05439366567476735,4.249341180536164,1.6953867349036478,-0.2347410896586825,2.808049421161565,1.919745132001986,8.283185307179584,0.16364482787053874,1.0,1.0,0.10166560941170394,3.4407740775258775,1.7619307639062938,-0.35672492353301416,3.537196853631996,1.7244468070767929,8.283185307179584,0.226759672302238,1.0,1.0,0.04929470293701138,5.494021865606655
42.0,0.0,0.0,0.0090191650390625,0.0,0.0,0.0003128662109374187,0.0008871459960936687,0.004649169921874981,0.01784979248046875,0.9514795906670148,1.800514689610491,-0.3967032323242335,3.9319399616691846,1.5607803417514639,8.283185307179584,0.23450970749261235,1.0,1.0,0.054186942379514415,4.260190993020657,1.6960856503667252,-0.23900405406548597,2.825860439223577,1.9245078440649541,8.283185307179584,0.16674233748499565,1.0,1.0,0.10150803091606336,3.445196710444139,1.7634537521189286,-0.3661069138884808,3.5962319084370455,1.7276202144220885,8.283185307179584,0.2331488955682703,1.0,1.0,0.0490476068272323,5.513788948977216
43.0,0.0,0.0,0.009207763671875,0.0,0.0,0.00033422851562491245,0.0009439697265624125,0.004755371093749987,0.018242309570312504,0.9733243529171888,1.8038577744796944,-0.4108728144416328,4.0562992335277555,1.5549066441393977,8.283185307179584,0.2407575101810844,1.0,1.0,0.05398021908426148,4.27104080550515,1.6967807051931942,-0.2432670184722894,2.8436714572855886,1.9292705561279222,8.283185307179584,0.16983984709945255,1.0,1.0,0.10135045242042279,3.4496193433624005,1.7649989773887464,-0.37548890424394743,3.655266963242095,1.7307936217673843,8.283185307179584,0.23953811883430254,1.0,1.0,0.04880051071745321,5.533556032347777
44.0,0.0,0.0,0.0093963623046875,0.0,0.0,0.00035559082031240625,0.0010007934570311562,0.004861572265624994,0.018634826660156253,0.9951691151673627,1.8074184655131713,-0.42504239655903214,4.180658505386326,1.5490329465273316,8.283185307179584,0.24700531286955646,1.0,1.0,0.05377349578900856,4.281890617989643,1.6974717409012086,-0.24752998287909284,2.8614824753476,1.9340332681908903,8.283185307179584,0.17293735671390942,1.0,1.0,0.10119287392478221,3.454041976280662,1.766563086898195,-0.3848708945994141,3.7143020180471447,1.73396702911268,8.283185307179584,0.24592734210033482,1.0,1.0,0.04855341460767413,5.553323115718339
45.0,0.0,0.0,0.0095849609375,0.0,0.0,0.0003769531249999,0.0010576171874999,0.0049677734375,0.01902734375,1.0170138774175368,1.8111763537359247,-0.43921197867643147,4.305017777244897,1.5431592489152655,8.283185307179584,0.2532531155580285,1.0,1.0,0.053566772493755625,4.292740430474137,1.6981585994431283,-0.2517929472858963,2.8792934934096115,1.9387959802538586,8.283185307179584,0.17603486632836632,1.0,1.0,0.10103529542914164,3.4584646091989235,1.7681428235173797,-0.39425288495488076,3.773337072852194,1.7371404364579757,8.283185307179584,0.2523165653663671,1.0,1.0,0.048306318497895046,5.5730901990889
46.0,0.0,0.0,0.01010498046875,0.0,0.0,0.00042919921874995,0.00117675781249995,0.00526806640625,0.0198681640625,1.0729925173206327,1.8064112508789236,-0.46073879609859936,4.576097181109785,1.5584874834918314,8.283185307179584,0.2682094760963927,1.0,1.0,0.05414794021349631,4.261317346594527,1.6844427529353392,-0.24758219489200667,2.8377609786254436,2.0212511626960197,8.283185307179584,0.18099816031683763,1.0,1.0,0.10086278524781392,3.4634274333185813,1.755724785617372,-0.4310748935138824,4.371621229423068,1.7335442517583006,8.283185307179584,0.26787771548794753,1.0,1.0,0.04911655720102483,5.505821903761541
47.0,0.0,0.0,0.010364990234375,0.0,0.0,0.000455322265624975,0.0012363281249999749,0.0054182128906249995,0.02028857421875,1.1009818372721807,1.8043567629473618,-0.4715022048096833,4.711636883042228,1.5661516007801142,8.283185307179584,0.2756876563655748,1.0,1.0,0.05443852407336665,4.245605804654723,1.6778858227088702,-0.24547681869506185,2.8169947212333595,2.0624787539171003,8.283185307179584,0.1834798073110733,1.0,1.0,0.10077653015715006,3.4659088453784106,1.7516478112447595,-0.4494858977933832,4.670763307708505,1.731746159408463,8.283185307179584,0.27565829054873775,1.0,1.0,0.04952167655258972,5.472187756097862
48.0,0.0,0.0,0.010625,0.0,0.0,0.0004814453125,0.0012958984375,0.005568359375,0.020708984375,1.1289711572237286,1.8024976692782013,-0.48226561352076724,4.847176584974672,1.5738157180683972,8.283185307179584,0.28316583663475686,1.0,1.0,0.054729107933236994,4.229894262714918,1.6715207832559003,-0.24337144249811704,2.7962284638412758,2.103706345138181,8.283185307179584,0.18596145430530897,1.0,1.0,0.1006902750664862,3.4683902574382395,1.7487311980503017,-0.467896902072884,4.969905385993942,1.7299480670586254,8.283185307179584,0.28343886560952797,1.0,1.0,0.04992679590415461,5.438553608434183
49.0,0.0,0.0,0.0110966796875,0.0,0.0,0.000513671875,0.0014228515624999999,0.0058447265624999994,0.0218740234375,1.184852726953125,1.787125342547733,-0.5191430397064967,5.658828454886758,1.5819001199719072,8.283185307179584,0.29491462638033406,1.0,1.0,0.05417239940490423,4.2599737619657105,1.6657494462703528,-0.2719543441844703,3.1085219454324244,2.0852670829891125,8.283185307179584,0.19975253138420218,1.0,1.0,0.09994199782498266,3.4902678086967374,1.7287560572812422,-0.44818563873669204,4.520021776285572,1.869912634898883,8.283185307179584,0.2918103064483675,1.0,1.0,0.04772994348430264,5.629817151409538
50.0,0.0,0.0,0.01133251953125,0.0,0.0,0.00052978515625,0.0014863281249999998,0.00598291015625,0.02245654296875,1.2127935118178232,1.7816636014001412,-0.5375817527993614,6.064654389842801,1.585942320923662,8.283185307179584,0.3007890212531227,1.0,1.0,0.053894045140737847,4.275013511591107,1.6640646989611352,-0.2862457950276469,3.264668686227999,2.0760474519145777,8.283185307179584,0.20664806992364881,1.0,1.0,0.09956785920423089,3.5012065843259865,1.7209638639676337,-0.4383300070685961,4.295079971431386,1.9398949188190118,8.283185307179584,0.2959960268677872,1.0,1.0,0.04663151727437666,5.725448922897216
51.0,0.0,0.0,0.011568359375,0.0,0.0,0.0005458984375,0.0015498046875,0.00612109375,0.0230390625,1.2407342966825214,1.7773989518268487,-0.5560204658922261,6.470480324798844,1.589984521875417,8.283185307179584,0.30666341612591125,1.0,1.0,0.05361569087657146,4.290053261216504,1.6630727106076217,-0.3005372458708235,3.4208154270235736,2.0668278208400435,8.283185307179584,0.21354360846309542,1.0,1.0,0.09919372058347911,3.5121453599552357,1.7146652903992434,-0.42847437540050015,4.070138166577201,2.0098772027391405,8.283185307179584,0.3001817472872069,1.0,1.0,0.04553309106445067,5.821080694384893
52.0,0.0,0.0,0.0122724609375,0.0,0.0,0.0006215820312500001,0.0016635742187499501,0.00653662109375,0.02424609375,1.3170750359779795,1.7823685026654648,-0.5590221158955868,6.379714098862598,1.590676261903488,8.283185307179584,0.31565893265000977,1.0,1.0,0.052578316552483864,4.348747996903831,1.6627943283623265,-0.30879362099098157,3.4925981040324308,2.069973077596474,8.283185307179584,0.21770844303293646,1.0,1.0,0.09906539837998951,3.5159555250082093,1.7113029996849152,-0.48576540724737055,5.390536447190588,1.8598660995314251,8.283185307179584,0.31009418721692916,1.0,1.0,0.047038811993148674,5.68696958115377
53.0,0.0,0.0,0.01262451171875,0.0,0.0,0.000659423828125,0.0017204589843749251,0.006744384765625,0.024849609374999998,1.3552454056257086,1.7848545649098346,-0.5605229408972672,6.334330985894475,1.5910221319175237,8.283185307179584,0.32015669091205906,1.0,1.0,0.052059629390440065,4.3780953647474945,1.6626924168843384,-0.3129218085510606,3.5284894425368596,2.07154570597469,8.283185307179584,0.21979086031785697,1.0,1.0,0.0990012372782447,3.517860607534696,1.718440909451961,-0.5144109231708057,6.050735587497281,1.7848605479275674,8.283185307179584,0.3150504071817902,1.0,1.0,0.04779167245749768,5.619914024538208
54.0,0.0,0.0,0.0129765625,0.0,0.0,0.000697265625,0.0017773437499999,0.0069521484375,0.025453125,1.3934157752734375,1.787341287484964,-0.5620237658989476,6.288947872926352,1.5913680019315593,8.283185307179584,0.32465444917410835,1.0,1.0,0.05154094222839627,4.407442732591158,1.6626143866123662,-0.31704999611113965,3.5643807810412884,2.073118334352905,8.283185307179584,0.22187327760277747,1.0,1.0,0.0989370761764999,3.5197656900611833,1.7301701905232763,-0.543056439094241,6.710934727803974,1.7098549963237095,8.283185307179584,0.32000662714665135,1.0,1.0,0.048544532921846684,5.552858467922647
55.0,0.0,0.0,0.013668457031250001,0.0,0.0,0.00087158203125,0.00233935546874995,0.00736669921875,0.02670068359375,1.4832004202064952,1.7501796092497228,-0.5976234524738027,7.499300062756732,1.6669969534129327,8.283185307179584,0.3450122581297622,1.0,1.0,0.05072424984106372,4.456261098038382,1.6591074221264905,-0.3298902536570075,3.747669888550295,2.0668198147646124,8.283185307179584,0.22747362790073047,1.0,1.0,0.09914896910516852,3.5134834296168878,1.7133449795820672,-0.5453984128294457,6.6421233090918825,1.79755047697429,8.283185307179584,0.3288195138848493,1.0,1.0,0.047149095455932176,5.676666249472063
56.0,0.0,0.0,0.014014404296875001,0.0,0.0,0.0009587402343749999,0.002620361328124975,0.007573974609375,0.027324462890624998,1.528092742673024,1.7344714079402561,-0.6154232957612302,8.104476157671922,1.7048114291536196,8.283185307179584,0.3551911626075892,1.0,1.0,0.050315903647397436,4.480670280761994,1.6576342797792614,-0.3363103824299415,3.839314442304798,2.063670554970466,8.283185307179584,0.23027380304970696,1.0,1.0,0.09925491556950283,3.51034229939474,1.7053305786564341,-0.546569399697048,6.607717599735837,1.8413982172995804,8.283185307179584,0.33322595725394827,1.0,1.0,0.04645137672297492,5.738570140246772
57.0,0.0,0.0,0.0143603515625,0.0,0.0,0.0010458984375,0.0029013671875,0.00778125,0.0279482421875,1.572985065139553,1.7202995342241447,-0.6332231390486578,8.709652252587112,1.7426259048943062,8.283185307179584,0.36537006708541614,1.0,1.0,0.049907557453731155,4.505079463485606,1.656335336867706,-0.3427305112028754,3.9309589960593017,2.06052129517632,8.283185307179584,0.23307397819868347,1.0,1.0,0.09936086203383714,3.5072011691725926,1.6975664431523583,-0.5477403865646504,6.573311890379792,1.8852459576248708,8.283185307179584,0.3376324006230472,1.0,1.0,0.04575365799001767,5.800474031021479
58.0,0.0,0.0,0.0152421875,0.0,0.0,0.0013173828125,0.00352294921875,0.0082880859375,0.0295029296875,1.6861719322010167,1.7129319712737092,-0.6452142758237047,8.806573324168703,1.7923830721743583,8.283185307179584,0.37646792035803156,1.0,1.0,0.05037818443889551,4.47665431215428,1.6513682406363,-0.3729497118844323,4.540111920538994,1.9926216314324237,8.283185307179584,0.2356643685407023,1.0,1.0,0.09890995541104491,3.5206267611551363,1.6951905503414368,-0.5751941830121563,7.396323559952653,1.8505179786789714,8.283185307179584,0.3504688896318563,1.0,1.0,0.04517760447938846,5.85519235144752
59.0,0.0,0.0,0.01568310546875,0.0,0.0,0.001453125,0.003833740234375,0.008541503906250001,0.030280273437499998,1.7427653657317486,1.7093077375232086,-0.6512098442112282,8.855033859959498,1.8172616558143844,8.283185307179584,0.38201684699433924,1.0,1.0,0.05061349793147769,4.462441736488618,1.6513778628545928,-0.3880593122252108,4.844688382778839,1.9586717995604754,8.283185307179584,0.23695956371171173,1.0,1.0,0.0986845020996488,3.5273395571464086,1.6954471400177078,-0.5889210812359091,7.807829394739084,1.8331539892060218,8.283185307179584,0.35688713413626083,1.0,1.0,0.044889577724073856,5.88255151166054
60.0,0.0,0.0,0.0161240234375,0.0,0.0,0.0015888671875,0.00414453125,0.008794921875,0.0310576171875,1.7993587992624804,1.7057204229434637,-0.6572054125987516,8.903494395750291,1.8421402394544104,8.283185307179584,0.3875657736306469,1.0,1.0,0.050848811424059864,4.4482291608229545,1.6528059207825578,-0.40316891256598925,5.149264845018686,1.9247219676885274,8.283185307179584,0.23825475888272113,1.0,1.0,0.09845904878825268,3.5340523531376804,1.69653651297615,-0.6026479794596621,8.219335229525514,1.815789999733072,8.283185307179584,0.3633053786406653,1.0,1.0,0.04460155096875926,5.90991067187356
61.0,0.0,0.0,0.01726708984375,0.0,0.0,0.00162744140625,0.004201171874999949,0.009465332031249999,0.03342626953124995,1.9228254622889074,1.6810656948079914,-0.6632724962727198,8.918238189554694,1.963762821671537,8.283185307179584,0.4080786651991929,1.0,1.0,0.04972076399914828,4.517761288154281,1.6508815540175816,-0.4521657270372318,6.518644122584096,1.8122570031857226,8.283185307179584,0.2464694830793483,1.0,1.0,0.09890338233073251,3.5208209337971628,1.665826220282145,-0.6213214910816641,8.838651290255576,1.9311732545695977,8.283185307179584,0.3748518965478287,1.0,1.0,0.044656799664164415,5.904564689218524
62.0,0.0,0.0,0.017838623046875002,0.0,0.0,0.001646728515625,0.004229492187499925,0.009800537109375,0.03461059570312493,1.9845587938021207,1.66938521269614,-0.6663060381097039,8.925610086456896,2.0245741127801002,8.283185307179584,0.4183351109834659,1.0,1.0,0.049156740286692494,4.552527351819943,1.6563030406976493,-0.47666413427285304,7.203333761366801,1.7560245209343202,8.283185307179584,0.2505768451776619,1.0,1.0,0.09912554910197241,3.514205224126904,1.6514513907583996,-0.6306582468926651,9.148309320620607,1.9888648819878605,8.283185307179584,0.38062515550141035,1.0,1.0,0.044684424011866994,5.901891697891005
63.0,0.0,0.0,0.01841015625,0.0,0.0,0.001666015625,0.0042578124999999,0.0101357421875,0.0357949218749999,2.0462921253153343,1.6581031077393127,-0.6693395799466879,8.932981983359097,2.0853854038886634,8.283185307179584,0.4285915567677389,1.0,1.0,0.0485927165742367,4.587293415485607,1.6650747833211998,-0.5011625415084743,7.888023400149506,1.6997920386829175,8.283185307179584,0.25468420727597546,1.0,1.0,0.09934771587321232,3.5075895144566456,1.637672817051598,-0.6399950027036662,9.457967350985637,2.0465565094061233,8.283185307179584,0.386398414454992,1.0,1.0,0.04471204835956957,5.899218706563487
64.0,0.0,0.0,0.019472656249999998,0.0,0.0,0.0022143554687499498,0.00533984374999995,0.01088818359375,0.037795410156249945,2.2064713609188855,1.6455106082617863,-0.6499706578711211,7.72101395746202,2.2511820709997306,8.283185307179584,0.4441301724243806,1.0,1.0,0.04737352722024403,4.668196519441856,1.6426281306528727,-0.5214568189123334,8.896967894524947,1.735201099899744,8.283185307179584,0.25713841077006305,1.0,1.0,0.09912795698317087,3.5141074159448973,1.6245729537460798,-0.6433586444205696,9.404167303633196,2.1265105118011975,8.283185307179584,0.40628736871572135,1.0,1.0,0.04465604609983677,5.904637752585529
65.0,0.0,0.0,0.020003906249999998,0.0,0.0,0.002488525390624925,0.005880859374999974,0.011264404296874999,0.03879565429687497,2.286560978720661,1.642499492147916,-0.6402861968333378,7.115029944513482,2.334080404555264,8.283185307179584,0.45189948025270144,1.0,1.0,0.04676393254324769,4.70864807141998,1.6328497749628461,-0.531603957614263,9.401440141712667,1.7529056305081574,8.283185307179584,0.2583655125171068,1.0,1.0,0.09901807753815013,3.517366366689023,1.6182615362812796,-0.6450404652790213,9.377267279956975,2.166487512998734,8.283185307179584,0.4162318458460861,1.0,1.0,0.04462804496997037,5.90734727559655
66.0,0.0,0.0,0.02053515625,0.0,0.0,0.0027626953124999,0.006421875,0.011640625,0.0397958984375,2.3666505965224367,1.6418719269885225,-0.6306017357955543,6.509045931564944,2.416978738110798,8.283185307179584,0.4596687880810223,1.0,1.0,0.04615433786625135,4.749099623398105,1.6238892113321577,-0.5417510963161927,9.905912388900388,1.7706101611165705,8.283185307179584,0.2595926142641506,1.0,1.0,0.0989081980931294,3.5206253174331485,1.6121014160370621,-0.646722286137473,9.350367256280755,2.2064645141962713,8.283185307179584,0.42617632297645075,1.0,1.0,0.044600043840103964,5.910056798607571
67.0,0.0,0.0,0.02211083984375,0.0,0.0,0.00308935546874995,0.0071484375,0.0125673828125,0.04296044921875,2.5612185889545778,1.6142085715772858,-0.6763280026240509,8.03691198323877,2.451342429185875,8.283185307179584,0.48746206672073267,1.0,1.0,0.04549702689732228,4.7954624592855515,1.598917191554527,-0.5722115555077489,12.213935090339008,1.7700261790968406,8.283185307179584,0.2697564529678682,1.0,1.0,0.09917665896110242,3.512669802210428,1.6016681278609042,-0.666621731323948,10.403442546667424,2.202818131265676,8.283185307179584,0.4282830400328168,1.0,1.0,0.04400102544785987,5.969417708927492
68.0,0.0,0.0,0.022898681640625,0.0,0.0,0.003252685546874975,0.00751171875,0.013030761718749999,0.044542724609375,2.6585025851706483,1.6038553808845868,-0.6991911360382992,8.800845009075683,2.4685242747234137,8.283185307179584,0.5013587060405879,1.0,1.0,0.04516837141285775,4.818643877229275,1.5903827759287534,-0.5874417851035272,13.367946441058319,1.7697341880869755,8.283185307179584,0.27483837231972696,1.0,1.0,0.09931088939508892,3.508692044599068,1.5974693787458178,-0.6765714539171855,10.92998019186076,2.200994939800378,8.283185307179584,0.4293363985609998,1.0,1.0,0.043701516251737835,5.999098164087452
69.0,0.0,0.0,0.0236865234375,0.0,0.0,0.003416015625,0.007875,0.013494140625,0.046125,2.755786581386719,1.595253193093542,-0.7220542694525475,9.564778034912598,2.4857061202609523,8.283185307179584,0.515255345360443,1.0,1.0,0.04483971592839321,4.841825295172998,1.5838342325766877,-0.6026720146993053,14.521957791777629,1.7694421970771104,8.283185307179584,0.2799202916715858,1.0,1.0,0.09944511982907543,3.5047142869877077,1.5938600840518378,-0.6865211765104231,11.456517837054095,2.1991717483350803,8.283185307179584,0.4303897570891828,1.0,1.0,0.04340200705561579,6.028778619247412
70.0,0.0,0.0,0.02540869140625,0.0,0.0,0.00399658203125,0.008957519531249951,0.01460791015625,0.04958837890625,2.988639614007372,1.5396325068256886,-0.7979615421112115,16.727282454004644,2.4237429196289844,8.235346868382154,0.5362394805012687,1.0189793324584722,1.0,0.044347337362507414,4.87792320608134,1.5336311901108506,-0.6063801613696977,15.832411099789045,1.922324868202308,8.154402620247465,0.2914701788473873,1.0518280304047392,1.0,0.09807426449759518,3.546149658699207,1.524571105731002,-0.7519365175153884,19.2085335947901,2.2347713768199675,8.157385916929114,0.45233709095920077,1.0506006159528793,1.0,0.04312230490659301,6.057403273763355
71.0,0.0,0.0,0.026269775390625,0.0,0.0,0.004286865234375,0.009498779296874926,0.015164794921875,0.051320068359375,3.1050661303176987,1.5313028141991352,-0.8359151784405435,20.308534663550667,2.3927613193130006,8.211724876391907,0.5467315480716815,1.0284689986877082,1.0,0.044101148079564514,4.895972161535511,1.5103428452128949,-0.6082342347048939,16.48763775379475,1.9987662037649068,8.092144405387975,0.29724512243528806,1.0777420456071087,1.0,0.09738883683185506,3.566867344554957,1.507525540219759,-0.784644188017871,23.084541473658106,2.252571191062411,8.096522394346103,0.4633107578942097,1.0759009239293191,1.0,0.042982453832081616,6.071715601021326
72.0,0.0,0.0,0.027130859375,0.0,0.0,0.0045771484375,0.0100400390624999,0.0157216796875,0.0530517578125,3.2214926466280254,1.5301043296354035,-0.8738688147698755,23.88978687309669,2.361779718997017,8.1882975111131,0.5572236156420943,1.0379586649169443,1.0,0.04385495879662162,4.914021116989682,1.4881426326052811,-0.6100883080400902,17.14286440780046,2.0752075393275056,8.031241391052735,0.3030200660231888,1.1036560608094783,1.0,0.09670340916611493,3.5875850304107066,1.4968354333837761,-0.8173518585203536,26.960549352526108,2.2703710053048547,8.036953913331407,0.47428442482921873,1.1012012319057587,1.0,0.04284260275757023,6.0860279282792975
73.0,0.0,0.0,0.028440429687499998,0.0,0.0,0.005072265625,0.01104980468749995,0.01669091796875,0.05565185546875,3.407634933198242,1.4842472284024568,-0.8990703678407519,30.39494032058652,2.4730076581164786,8.049305892663078,0.569740070368967,1.0959104723935613,1.0,0.0430733147468103,4.97390838560255,1.4535430733746209,-0.5871000979356913,15.76052845012438,2.264202428512136,7.915180158525652,0.31218985675670463,1.1546466910940008,1.0,0.09703282540175917,3.577441216892008,1.467947202971907,-0.8039798476004091,25.949037681258552,2.413949599472902,7.970749659515019,0.47554341409144535,1.1299643019245065,1.0,0.042331122761854134,6.139948872073029
74.0,0.0,0.0,0.02975,0.0,0.0,0.0055673828125,0.0120595703125,0.01766015625,0.058251953125,3.5937772197684588,1.4483066213916305,-0.9242719209116284,36.90009376807635,2.58423559723594,7.9169289268415595,0.5822565250958397,1.1538622798701783,1.0,0.04229167069699898,5.033795654215417,1.4249083807209117,-0.5641118878312925,14.3781924924483,2.4531973176967665,7.8038504009788845,0.3213596474902204,1.2056373213785234,1.0,0.09736224163740342,3.567297403373309,1.4415356413888605,-0.7906078366804645,24.937526009991,2.557528193640949,7.906100706773275,0.47680240335367197,1.1587273719432543,1.0,0.04181964276613804,6.193869815866761
75.0,0.0,0.0,0.031177734375,0.0,0.0,0.006083007812499999,0.012966796875,0.0185732421875,0.061077148437500006,3.78684869006631,1.3972830912495307,-0.9103733997578374,35.897778282009085,2.8711820586488668,7.713955152044685,0.5916563095137207,1.2483778512259804,1.0,0.041745922130304744,5.077619735407486,1.407328278698977,-0.5593400605311154,14.248273635272845,2.5566896716343206,7.737556497952131,0.32464576404849244,1.2370169263477273,1.0,0.09682951219277547,3.58376264358371,1.3918086827002254,-0.7815591950467791,24.95012619433289,2.8356659994621465,7.6687637610433255,0.49707856623065877,1.270415648811431,1.0,0.04085444771312026,6.3015791175172335
76.0,0.0,0.0,0.03260546875,0.0,0.0,0.0065986328125,0.0138740234375,0.019486328125,0.06390234375,3.9799201603641614,1.3524144609710942,-0.8964748786040464,34.895462795941825,3.1581285200617937,7.525396275488196,0.6010560939316018,1.3428934225817828,1.0,0.0412001735636105,5.121443816599554,1.3906160143600856,-0.5545682332309382,14.11835477809739,2.6601820255718747,7.6728722376809815,0.3279318806067645,1.2683965313169312,1.0,0.09629678274814753,3.6002278837941115,1.3474424855539637,-0.7725105534130936,24.962726378674777,3.1138038052833434,7.451016631772992,0.5173547291076456,1.382103925679608,1.0,0.03988925266010247,6.409288419167706
77.0,0.0,0.0,0.03361328125,0.0,0.0,0.0073662109375,0.01505908203125,0.0204013671875,0.06625244140625,4.161917922209865,1.3049711475156145,-0.8821233460543179,32.74149113420093,3.550966464945442,7.2321515329140516,0.6208602683005415,1.5043758393785025,1.0,0.04021192660898165,5.205400579409956,1.3461425073406459,-0.5445458870127065,14.031963920488597,2.9474470320368518,7.492884303394603,0.342131746411384,1.3598932226792244,1.0,0.09511157914932461,3.6380315065310747,1.304017965384817,-0.7585197891010087,24.70907520300917,3.4147421241731433,7.194909608857342,0.5261343845702746,1.526269128104924,1.0,0.040042967361260534,6.391584974052153
78.0,0.0,0.0,0.03462109375,0.0,0.0,0.0081337890625,0.016244140625,0.02131640625,0.0686025390625,4.343915684055569,1.265559784350471,-0.8677718135045893,30.587519472460023,3.9438044098290903,6.969963915684208,0.6406644426694813,1.6658582561752222,1.0,0.0392236796543528,5.289357342220358,1.3065039149280095,-0.5345235407944747,13.945573062879804,3.2347120385018293,7.324666025497326,0.3563316122160035,1.4513899140415178,1.0,0.09392637555050168,3.6758351292680382,1.2649811438527219,-0.7445290247889237,24.45542402734356,3.7156804430629427,6.962934173183063,0.5349140400329035,1.67043433053024,1.0,0.04019668206241859,6.373881528936598
79.0,0.0,0.0,0.03504296875,0.0,0.0,0.00902783203125,0.01797998046875,0.0219521484375,0.06963671874999999,4.479235920450636,1.2133261552593202,-0.8676800710447787,32.46010113879275,4.394507069990152,6.747651439701462,0.6495748687913365,1.8174099871096732,1.0,0.03788658548843525,5.413545181144065,1.2615096888119333,-0.518442426589306,13.262553128692229,3.6737053729219697,7.083859153743132,0.3687370600430794,1.5935604923275393,1.0,0.09305740203389254,3.704631474786406,1.233730733102949,-0.7240874416172136,22.105200062278065,4.109742868440383,6.783109894964725,0.5414242995674523,1.7922578830368605,1.0,0.03868088299653541,6.558499351103826
80.0,0.0,0.0,0.03546484375,0.0,0.0,0.009921875,0.0197158203125,0.022587890625,0.0706708984375,4.614556156845703,1.1672011889249094,-0.867588328584968,34.332682805125486,4.845209730151215,6.544946649427674,0.6584852949131916,1.968961718044124,1.0,0.03654949132251771,5.537733020067773,1.2243759246803927,-0.5023613123841371,12.579533194504652,4.11269870734211,6.864836696989146,0.3811425078701553,1.7357310706135605,1.0,0.09218842851728341,3.733427820304774,1.2102974770196024,-0.7036458584455036,19.75497609721257,4.503805293817823,6.616266691916451,0.5479345591020011,1.914081435543481,1.0,0.037165083930652223,6.743117173271054
81.0,0.0,0.0,0.03457275390625,0.0,0.0,0.010912109374999951,0.02092333984375,0.02269335937499995,0.06959912109375,4.6257034193129405,1.1056463170896933,-0.8603906583071463,33.85244619558994,5.71715401871527,6.209361872266115,0.6770363161866046,2.2525682912674085,1.0,0.034296680604229184,5.78057865303383,1.196010344230661,-0.49340395704013773,12.105362762280189,4.521910581618936,6.621415796902486,0.39518520151750014,1.9101863702060493,1.0,0.09025226115458844,3.801138252444297,1.157405992820708,-0.7118165000929957,21.243573938402335,5.092735258652231,6.382722538920006,0.5656572747296793,2.1005769013654962,1.0,0.03568828467109407,6.947394319469286
82.0,0.0,0.0,0.0336806640625,0.0,0.0,0.0119023437499999,0.022130859375,0.0227988281249999,0.06852734375,4.636850681780178,1.0558721574655054,-0.8531929880293246,33.372209586054396,6.589098307279325,5.919940134941386,0.6955873374600176,2.5361748644906936,1.0,0.03204386988594066,6.023424285999887,1.1718854047880787,-0.48444660169613835,11.631192330055725,4.931122455895763,6.401735703001733,0.40922789516484503,2.084641669798538,1.0,0.08831609379189347,3.8688486845838197,1.1117091634894993,-0.7199871417404878,22.732171779592104,5.681665223486639,6.171905248525096,0.5833799903573577,2.2870723671875113,1.0,0.03421148541153592,7.151671465667518
83.0,0.0,0.0,0.030073242187499998,0.0,0.0,0.01156005859374995,0.020862792968750002,0.02078271484374995,0.06186572265624995,4.232428130463868,1.020354334131571,-0.8397192027979241,30.62700025991126,7.532799472456118,5.6810711338099305,0.703945405218164,2.803115237649698,1.0,0.030023735192474685,6.287910413594386,1.119514125082896,-0.4673943544727076,11.10034561833196,5.874317680217034,6.025168462663715,0.4176349725150482,2.4283954379554316,1.0,0.08666348838238325,3.930880398136499,1.0732152479639634,-0.705375197992093,20.395304071951372,6.660443747561583,5.886576406232115,0.5966863368527453,2.5715424782441487,1.0,0.03221794014875525,7.475780457428618
84.0,0.0,0.0,0.0264658203125,0.0,0.0,0.0112177734375,0.0195947265625,0.0187666015625,0.0552041015624999,3.8280055791475567,0.9939858687988875,-0.8262454175665235,27.881790933768123,8.47650063763291,5.468669227274459,0.7123034729763102,3.0700556108087023,1.0,0.028003600499008716,6.552396541188886,1.0790576481229885,-0.4503421072492769,10.569498906608198,6.817512904538305,5.707325387325846,0.4260420498652514,2.772149206112325,1.0,0.08501088297287301,3.9929121116891784,1.0479993282690443,-0.6907632542436981,18.05843636431064,7.639222271636527,5.637038689192436,0.6099926833481331,2.856012589300786,1.0,0.03022439488597458,7.799889449189718
85.0,0.0,0.0,0.018568359375,0.0,0.0,0.00819628906249995,0.01408251953125,0.013295898437499998,0.03893066406249995,2.7159155221470206,1.028892479143636,-0.8231496739818518,24.722285812602813,8.039020802903005,5.620749401185674,0.7174526858142323,2.8758932378019204,1.0,0.024214149255956448,7.234938741629878,1.086661576425887,-0.4330210618815485,9.29685204782493,7.14987858942016,5.746295476586345,0.42818396783480095,2.7269557704603224,1.0,0.08045650782755377,4.187891024926597,1.0725970017767903,-0.6844301054950679,15.99123314934372,7.545711056407436,5.733242115075052,0.6132420478597349,2.7419923886837494,1.0,0.027105984935374576,8.466035762075588
86.0,0.0,0.0,0.0106708984375,0.0,0.0,0.0051748046874999,0.0085703125,0.0078251953125,0.0226572265625,1.6038254651464845,1.0683755305432323,-0.8200539303971802,21.562780691437503,7.6015409681731,5.786092288337562,0.7226018986521544,2.6817308647951386,1.0,0.02042469801290418,7.9174809420708705,1.1008927699716757,-0.41570001651382005,8.02420518904166,7.482244274302014,5.78606431112339,0.43032588580435055,2.68176233480832,1.0,0.07590213268223453,4.382869938164016,1.101338975749324,-0.6780969567464378,13.9240299343768,7.452199841178345,5.834477061770843,0.6164914123713366,2.6279721880667126,1.0,0.023987574984774575,9.132182074961458
87.0,0.0,0.0,0.0053422851562499995,0.0,0.0,0.00263427734374995,0.0043818359375,0.003951171875,0.01143212890625,0.8089779129359874,0.8776421650820247,-0.9211971635977922,36.316532913164465,12.380751265893384,5.368299188220826,0.7540000310248014,3.2072334500390967,1.0,0.016097219837919983,9.320622760678944,1.162486403817006,-0.5268707060460553,9.457865875621582,6.383238503932908,6.02104141615644,0.4975787086017107,2.432517907061477,1.0,0.07354123658706023,4.500760459228912,1.0321450801711332,-0.7574303432612939,17.747591627243004,8.93621403534938,5.893372083415413,0.7009447878843924,2.564290582960024,1.0,0.02026684746698188,10.380799096283678
88.0,0.0,0.0,1.3671875e-05,0.0,0.0,9.375e-05,0.000193359375,7.71484375e-05,0.00020703125,0.0141303607254904,0.7757406841506224,-1.0223403967984042,51.07028513489143,17.159961563613667,5.028976349507477,0.7853981633974483,3.7327360352830548,1.0,0.011769741662935785,10.723764579287016,1.2431229724687078,-0.6380413955782905,10.891526562201504,5.284232733563803,6.286657351848978,0.5648315313990708,2.1832734793146336,1.0,0.07118034049188593,4.618650980293809,0.9809752326596515,-0.83676372977615,21.571153320109207,10.420228229520413,5.954061239303642,0.7853981633974483,2.500608977853336,1.0,0.016546119949189187,11.6294161176059
89.0,0.0,0.0,0.0,0.0,0.0,0.0,1.953125e-06,9.765625e-07,0.0,0.0010003468359376,3.141592653589793,0.0,0.0,0.0,9.869604401089358,0.0,0.0,0.0,0.0,0.0,3.141592653589793,0.0,0.0,0.0,9.869604401089358,0.0,0.0,0.0,0.0,0.0,3.141592653589793,0.0,0.0,0.0,9.869604401089358,0.0,0.0,0.0,0.0,0.0
