alpha,H,He,Mg,Si,O,Mg_1,O_1,Si_2,O_2,amu/ion,phiK_Mg,phiTilt_Mg,phiM_Mg,phiN_Mg,thetaK_Mg,thetaTilt_Mg,thetaM_Mg,thetaN_Mg,energyK_Mg,energyE_Mg,phiK_O,phiTilt_O,phiM_O,phiN_O,thetaK_O,thetaTilt_O,thetaM_O,thetaN_O,energyK_O,energyE_O,phiK_Si,phiTilt_Si,phiM_Si,phiN_Si,thetaK_Si,thetaTilt_Si,thetaM_Si,thetaN_Si,energyK_Si,energyE_Si
0,0.000E+00,0.000E+00,4.585E-03,0.000E+00,0.000E+00,5.859E-06,1.465E-05,2.336E-03,9.155E-03,3.241E-01,1.779E+00,2.531E-02,1.339E+00,1.521E+00,3.142E+00,-2.664E-03,2.516E+00,2.475E+00,2.361E-01,1.586E+00,1.726E+00,1.611E-02,1.448E+00,1.670E+00,3.142E+00,-1.331E-03,2.564E+00,2.543E+00,1.155E-01,3.090E+00,1.814E+00,4.264E-02,1.055E+00,1.735E+00,3.142E+00,-5.414E-03,2.565E+00,2.481E+00,5.345E-02,5.169E+00
1,0.000E+00,0.000E+00,4.630E-03,0.000E+00,0.000E+00,6.104E-06,1.489E-05,2.346E-03,9.224E-03,3.265E-01,1.754E+00,3.776E-03,1.455E+00,1.518E+00,3.142E+00,-2.908E-03,2.523E+00,2.478E+00,2.355E-01,1.590E+00,1.710E+00,-1.619E-03,1.545E+00,1.657E+00,3.142E+00,-1.203E-03,2.561E+00,2.542E+00,1.148E-01,3.106E+00,1.801E+00,3.172E-02,1.094E+00,1.746E+00,3.142E+00,-5.792E-03,2.555E+00,2.465E+00,5.352E-02,5.164E+00
2,0.000E+00,0.000E+00,4.674E-03,0.000E+00,0.000E+00,6.348E-06,1.514E-05,2.357E-03,9.293E-03,3.290E-01,1.750E+00,-1.776E-02,1.571E+00,1.515E+00,3.142E+00,-3.153E-03,2.530E+00,2.481E+00,2.350E-01,1.593E+00,1.712E+00,-1.934E-02,1.642E+00,1.645E+00,3.142E+00,-1.075E-03,2.558E+00,2.541E+00,1.142E-01,3.122E+00,1.788E+00,2.080E-02,1.132E+00,1.757E+00,3.142E+00,-6.170E-03,2.544E+00,2.449E+00,5.358E-02,5.160E+00
3,0.000E+00,0.000E+00,4.719E-03,0.000E+00,0.000E+00,6.592E-06,1.538E-05,2.367E-03,9.363E-03,3.314E-01,1.751E+00,-3.929E-02,1.687E+00,1.512E+00,3.142E+00,-3.397E-03,2.537E+00,2.484E+00,2.344E-01,1.596E+00,1.715E+00,-3.707E-02,1.738E+00,1.632E+00,3.142E+00,-9.475E-04,2.556E+00,2.541E+00,1.135E-01,3.137E+00,1.775E+00,9.878E-03,1.170E+00,1.768E+00,3.142E+00,-6.548E-03,2.533E+00,2.434E+00,5.364E-02,5.155E+00
4,0.000E+00,0.000E+00,4.741E-03,0.000E+00,0.000E+00,6.714E-06,1.550E-05,2.372E-03,9.397E-03,3.326E-01,1.752E+00,-5.005E-02,1.745E+00,1.511E+00,3.142E+00,-3.519E-03,2.541E+00,2.486E+00,2.342E-01,1.598E+00,1.717E+00,-4.593E-02,1.787E+00,1.625E+00,3.142E+00,-8.835E-04,2.554E+00,2.540E+00,1.132E-01,3.145E+00,1.769E+00,4.418E-03,1.190E+00,1.774E+00,3.142E+00,-6.736E-03,2.528E+00,2.426E+00,5.367E-02,5.153E+00
5,0.000E+00,0.000E+00,4.764E-03,0.000E+00,0.000E+00,6.836E-06,1.563E-05,2.377E-03,9.432E-03,3.338E-01,1.754E+00,-6.082E-02,1.803E+00,1.510E+00,3.142E+00,-3.641E-03,2.544E+00,2.487E+00,2.339E-01,1.600E+00,1.719E+00,-5.480E-02,1.835E+00,1.619E+00,3.142E+00,-8.196E-04,2.553E+00,2.540E+00,1.128E-01,3.153E+00,1.764E+00,-1.041E-03,1.209E+00,1.779E+00,3.142E+00,-6.925E-03,2.522E+00,2.418E+00,5.370E-02,5.151E+00
6,0.000E+00,0.000E+00,4.808E-03,0.000E+00,0.000E+00,7.080E-06,1.587E-05,2.388E-03,9.501E-03,3.363E-01,1.757E+00,-8.235E-02,1.919E+00,1.507E+00,3.142E+00,-3.885E-03,2.551E+00,2.490E+00,2.333E-01,1.603E+00,1.724E+00,-7.252E-02,1.932E+00,1.606E+00,3.142E+00,-6.917E-04,2.550E+00,2.539E+00,1.122E-01,3.169E+00,1.764E+00,-1.196E-02,1.247E+00,1.790E+00,3.142E+00,-7.303E-03,2.511E+00,2.402E+00,5.377E-02,5.146E+00
7,0.000E+00,0.000E+00,4.853E-03,0.000E+00,0.000E+00,7.324E-06,1.611E-05,2.398E-03,9.570E-03,3.387E-01,1.760E+00,-1.039E-01,2.035E+00,1.504E+00,3.142E+00,-4.129E-03,2.558E+00,2.494E+00,2.328E-01,1.606E+00,1.729E+00,-9.025E-02,2.029E+00,1.593E+00,3.142E+00,-5.638E-04,2.548E+00,2.539E+00,1.115E-01,3.184E+00,1.764E+00,-2.288E-02,1.286E+00,1.801E+00,3.142E+00,-7.681E-03,2.501E+00,2.386E+00,5.383E-02,5.142E+00
8,0.000E+00,0.000E+00,4.898E-03,0.000E+00,0.000E+00,7.568E-06,1.636E-05,2.409E-03,9.639E-03,3.411E-01,1.764E+00,-1.254E-01,2.151E+00,1.501E+00,3.142E+00,-4.374E-03,2.565E+00,2.497E+00,2.322E-01,1.609E+00,1.734E+00,-1.080E-01,2.125E+00,1.581E+00,3.142E+00,-4.359E-04,2.545E+00,2.538E+00,1.108E-01,3.200E+00,1.765E+00,-3.380E-02,1.324E+00,1.813E+00,3.142E+00,-8.059E-03,2.490E+00,2.370E+00,5.389E-02,5.137E+00
9,0.000E+00,0.000E+00,4.920E-03,0.000E+00,0.000E+00,7.690E-06,1.648E-05,2.414E-03,9.673E-03,3.423E-01,1.767E+00,-1.362E-01,2.209E+00,1.500E+00,3.142E+00,-4.496E-03,2.569E+00,2.498E+00,2.320E-01,1.611E+00,1.737E+00,-1.168E-01,2.174E+00,1.574E+00,3.142E+00,-3.719E-04,2.544E+00,2.538E+00,1.105E-01,3.208E+00,1.765E+00,-3.926E-02,1.343E+00,1.818E+00,3.142E+00,-8.248E-03,2.484E+00,2.362E+00,5.393E-02,5.135E+00
10,0.000E+00,0.000E+00,4.942E-03,0.000E+00,0.000E+00,7.813E-06,1.660E-05,2.419E-03,9.708E-03,3.436E-01,1.769E+00,-1.469E-01,2.267E+00,1.499E+00,3.142E+00,-4.618E-03,2.572E+00,2.500E+00,2.317E-01,1.613E+00,1.740E+00,-1.257E-01,2.222E+00,1.568E+00,3.142E+00,-3.080E-04,2.542E+00,2.537E+00,1.102E-01,3.216E+00,1.765E+00,-4.472E-02,1.362E+00,1.824E+00,3.142E+00,-8.437E-03,2.479E+00,2.354E+00,5.396E-02,5.133E+00
11,0.000E+00,0.000E+00,5.035E-03,0.000E+00,0.000E+00,8.545E-06,1.794E-05,2.472E-03,9.916E-03,3.508E-01,1.768E+00,-1.593E-01,2.357E+00,1.503E+00,3.142E+00,-4.496E-03,2.579E+00,2.509E+00,2.310E-01,1.617E+00,1.740E+00,-1.348E-01,2.253E+00,1.587E+00,3.142E+00,-8.157E-05,2.539E+00,2.537E+00,1.103E-01,3.212E+00,1.755E+00,-8.369E-02,1.662E+00,1.744E+00,3.142E+00,-7.704E-03,2.466E+00,2.352E+00,5.374E-02,5.149E+00
12,0.000E+00,0.000E+00,5.128E-03,0.000E+00,0.000E+00,9.277E-06,1.929E-05,2.526E-03,1.012E-02,3.580E-01,1.767E+00,-1.717E-01,2.446E+00,1.507E+00,3.142E+00,-4.374E-03,2.587E+00,2.517E+00,2.304E-01,1.621E+00,1.741E+00,-1.440E-01,2.284E+00,1.605E+00,3.142E+00,1.448E-04,2.535E+00,2.537E+00,1.104E-01,3.209E+00,1.756E+00,-1.227E-01,1.962E+00,1.664E+00,3.142E+00,-6.971E-03,2.452E+00,2.350E+00,5.352E-02,5.164E+00
13,0.000E+00,0.000E+00,5.221E-03,0.000E+00,0.000E+00,1.001E-05,2.063E-05,2.579E-03,1.033E-02,3.652E-01,1.766E+00,-1.841E-01,2.536E+00,1.511E+00,3.142E+00,-4.252E-03,2.594E+00,2.526E+00,2.297E-01,1.625E+00,1.741E+00,-1.531E-01,2.316E+00,1.624E+00,3.142E+00,3.712E-04,2.531E+00,2.537E+00,1.106E-01,3.206E+00,1.764E+00,-1.616E-01,2.262E+00,1.585E+00,3.142E+00,-6.238E-03,2.439E+00,2.347E+00,5.331E-02,5.180E+00
14,0.000E+00,0.000E+00,5.267E-03,0.000E+00,0.000E+00,1.038E-05,2.130E-05,2.606E-03,1.043E-02,3.688E-01,1.766E+00,-1.903E-01,2.581E+00,1.513E+00,3.142E+00,-4.191E-03,2.597E+00,2.531E+00,2.294E-01,1.627E+00,1.741E+00,-1.577E-01,2.331E+00,1.633E+00,3.142E+00,4.844E-04,2.529E+00,2.537E+00,1.106E-01,3.204E+00,1.771E+00,-1.811E-01,2.412E+00,1.545E+00,3.142E+00,-5.871E-03,2.433E+00,2.346E+00,5.320E-02,5.188E+00
15,0.000E+00,0.000E+00,5.313E-03,0.000E+00,0.000E+00,1.074E-05,2.197E-05,2.633E-03,1.054E-02,3.724E-01,1.766E+00,-1.964E-01,2.626E+00,1.515E+00,3.142E+00,-4.130E-03,2.601E+00,2.535E+00,2.290E-01,1.629E+00,1.741E+00,-1.622E-01,2.347E+00,1.643E+00,3.142E+00,5.976E-04,2.527E+00,2.537E+00,1.107E-01,3.203E+00,1.779E+00,-2.006E-01,2.562E+00,1.505E+00,3.142E+00,-5.505E-03,2.426E+00,2.345E+00,5.309E-02,5.196E+00
16,0.000E+00,0.000E+00,5.406E-03,0.000E+00,0.000E+00,1.147E-05,2.332E-05,2.686E-03,1.075E-02,3.796E-01,1.766E+00,-2.088E-01,2.715E+00,1.519E+00,3.142E+00,-4.008E-03,2.608E+00,2.544E+00,2.284E-01,1.633E+00,1.742E+00,-1.713E-01,2.378E+00,1.662E+00,3.142E+00,8.240E-04,2.524E+00,2.536E+00,1.108E-01,3.200E+00,1.800E+00,-2.396E-01,2.862E+00,1.426E+00,3.142E+00,-4.772E-03,2.413E+00,2.343E+00,5.287E-02,5.212E+00
17,0.000E+00,0.000E+00,5.499E-03,0.000E+00,0.000E+00,1.221E-05,2.466E-05,2.740E-03,1.095E-02,3.868E-01,1.766E+00,-2.212E-01,2.805E+00,1.524E+00,3.142E+00,-3.886E-03,2.615E+00,2.553E+00,2.277E-01,1.637E+00,1.742E+00,-1.805E-01,2.409E+00,1.680E+00,3.142E+00,1.050E-03,2.520E+00,2.536E+00,1.110E-01,3.196E+00,1.825E+00,-2.785E-01,3.162E+00,1.346E+00,3.142E+00,-4.039E-03,2.399E+00,2.340E+00,5.266E-02,5.228E+00
18,0.000E+00,0.000E+00,5.592E-03,0.000E+00,0.000E+00,1.294E-05,2.600E-05,2.793E-03,1.116E-02,3.940E-01,1.766E+00,-2.336E-01,2.895E+00,1.528E+00,3.142E+00,-3.764E-03,2.622E+00,2.562E+00,2.270E-01,1.641E+00,1.742E+00,-1.896E-01,2.440E+00,1.699E+00,3.142E+00,1.277E-03,2.516E+00,2.536E+00,1.111E-01,3.193E+00,1.854E+00,-3.175E-01,3.462E+00,1.266E+00,3.142E+00,-3.306E-03,2.386E+00,2.338E+00,5.244E-02,5.244E+00
19,0.000E+00,0.000E+00,5.638E-03,0.000E+00,0.000E+00,1.331E-05,2.667E-05,2.820E-03,1.127E-02,3.976E-01,1.767E+00,-2.398E-01,2.939E+00,1.530E+00,3.142E+00,-3.703E-03,2.626E+00,2.566E+00,2.267E-01,1.643E+00,1.742E+00,-1.942E-01,2.456E+00,1.709E+00,3.142E+00,1.390E-03,2.514E+00,2.536E+00,1.112E-01,3.192E+00,1.871E+00,-3.370E-01,3.612E+00,1.226E+00,3.142E+00,-2.939E-03,2.379E+00,2.337E+00,5.233E-02,5.251E+00
20,0.000E+00,0.000E+00,5.685E-03,0.000E+00,0.000E+00,1.367E-05,2.734E-05,2.847E-03,1.137E-02,4.012E-01,1.767E+00,-2.459E-01,2.984E+00,1.532E+00,3.142E+00,-3.642E-03,2.629E+00,2.570E+00,2.264E-01,1.645E+00,1.742E+00,-1.987E-01,2.472E+00,1.718E+00,3.142E+00,1.503E-03,2.512E+00,2.536E+00,1.112E-01,3.190E+00,1.888E+00,-3.565E-01,3.761E+00,1.187E+00,3.142E+00,-2.573E-03,2.373E+00,2.336E+00,5.223E-02,5.259E+00
21,0.000E+00,0.000E+00,5.887E-03,0.000E+00,0.000E+00,1.355E-05,2.722E-05,2.958E-03,1.176E-02,4.155E-01,1.759E+00,-2.617E-01,3.184E+00,1.541E+00,3.142E+00,-3.261E-03,2.622E+00,2.569E+00,2.253E-01,1.652E+00,1.736E+00,-2.174E-01,2.664E+00,1.716E+00,3.142E+00,1.402E-03,2.526E+00,2.548E+00,1.104E-01,3.212E+00,1.867E+00,-3.575E-01,3.719E+00,1.264E+00,3.142E+00,-2.252E-03,2.371E+00,2.339E+00,5.184E-02,5.290E+00
22,0.000E+00,0.000E+00,6.089E-03,0.000E+00,0.000E+00,1.343E-05,2.710E-05,3.069E-03,1.216E-02,4.299E-01,1.752E+00,-2.774E-01,3.384E+00,1.551E+00,3.142E+00,-2.880E-03,2.614E+00,2.568E+00,2.242E-01,1.659E+00,1.732E+00,-2.361E-01,2.856E+00,1.714E+00,3.142E+00,1.300E-03,2.540E+00,2.561E+00,1.095E-01,3.234E+00,1.849E+00,-3.586E-01,3.676E+00,1.342E+00,3.142E+00,-1.931E-03,2.370E+00,2.342E+00,5.146E-02,5.320E+00
23,0.000E+00,0.000E+00,6.291E-03,0.000E+00,0.000E+00,1.331E-05,2.698E-05,3.180E-03,1.255E-02,4.442E-01,1.747E+00,-2.931E-01,3.583E+00,1.561E+00,3.142E+00,-2.499E-03,2.607E+00,2.566E+00,2.231E-01,1.666E+00,1.728E+00,-2.547E-01,3.048E+00,1.712E+00,3.142E+00,1.199E-03,2.554E+00,2.573E+00,1.086E-01,3.256E+00,1.831E+00,-3.596E-01,3.634E+00,1.419E+00,3.142E+00,-1.610E-03,2.368E+00,2.345E+00,5.107E-02,5.351E+00
24,0.000E+00,0.000E+00,6.392E-03,0.000E+00,0.000E+00,1.324E-05,2.692E-05,3.235E-03,1.275E-02,4.514E-01,1.744E+00,-3.010E-01,3.683E+00,1.566E+00,3.142E+00,-2.308E-03,2.603E+00,2.566E+00,2.226E-01,1.670E+00,1.727E+00,-2.641E-01,3.144E+00,1.711E+00,3.142E+00,1.148E-03,2.561E+00,2.579E+00,1.082E-01,3.267E+00,1.823E+00,-3.602E-01,3.612E+00,1.458E+00,3.142E+00,-1.450E-03,2.367E+00,2.346E+00,5.088E-02,5.366E+00
25,0.000E+00,0.000E+00,6.493E-03,0.000E+00,0.000E+00,1.318E-05,2.686E-05,3.291E-03,1.294E-02,4.586E-01,1.742E+00,-3.089E-01,3.783E+00,1.570E+00,3.142E+00,-2.117E-03,2.599E+00,2.565E+00,2.221E-01,1.673E+00,1.726E+00,-2.734E-01,3.240E+00,1.710E+00,3.142E+00,1.097E-03,2.568E+00,2.585E+00,1.078E-01,3.278E+00,1.815E+00,-3.607E-01,3.591E+00,1.497E+00,3.142E+00,-1.290E-03,2.366E+00,2.348E+00,5.069E-02,5.381E+00
26,0.000E+00,0.000E+00,6.695E-03,0.000E+00,0.000E+00,1.306E-05,2.673E-05,3.402E-03,1.334E-02,4.729E-01,1.738E+00,-3.246E-01,3.983E+00,1.580E+00,3.142E+00,-1.736E-03,2.592E+00,2.564E+00,2.210E-01,1.680E+00,1.725E+00,-2.921E-01,3.432E+00,1.708E+00,3.142E+00,9.958E-04,2.582E+00,2.598E+00,1.069E-01,3.301E+00,1.799E+00,-3.617E-01,3.548E+00,1.574E+00,3.142E+00,-9.688E-04,2.365E+00,2.351E+00,5.030E-02,5.411E+00
27,0.000E+00,0.000E+00,6.897E-03,0.000E+00,0.000E+00,1.294E-05,2.661E-05,3.513E-03,1.373E-02,4.872E-01,1.734E+00,-3.403E-01,4.183E+00,1.590E+00,3.142E+00,-1.355E-03,2.584E+00,2.562E+00,2.199E-01,1.687E+00,1.725E+00,-3.107E-01,3.624E+00,1.705E+00,3.142E+00,8.943E-04,2.596E+00,2.610E+00,1.060E-01,3.323E+00,1.785E+00,-3.628E-01,3.506E+00,1.652E+00,3.142E+00,-6.480E-04,2.363E+00,2.354E+00,4.992E-02,5.442E+00
28,0.000E+00,0.000E+00,7.100E-03,0.000E+00,0.000E+00,1.282E-05,2.649E-05,3.624E-03,1.413E-02,5.016E-01,1.731E+00,-3.561E-01,4.382E+00,1.599E+00,3.142E+00,-9.744E-04,2.577E+00,2.561E+00,2.188E-01,1.694E+00,1.725E+00,-3.294E-01,3.816E+00,1.703E+00,3.142E+00,7.928E-04,2.610E+00,2.622E+00,1.052E-01,3.345E+00,1.772E+00,-3.638E-01,3.463E+00,1.730E+00,3.142E+00,-3.272E-04,2.361E+00,2.357E+00,4.953E-02,5.472E+00
29,0.000E+00,0.000E+00,7.201E-03,0.000E+00,0.000E+00,1.276E-05,2.643E-05,3.680E-03,1.432E-02,5.088E-01,1.730E+00,-3.639E-01,4.482E+00,1.604E+00,3.142E+00,-7.839E-04,2.573E+00,2.560E+00,2.183E-01,1.698E+00,1.726E+00,-3.387E-01,3.912E+00,1.702E+00,3.142E+00,7.421E-04,2.617E+00,2.629E+00,1.047E-01,3.356E+00,1.765E+00,-3.644E-01,3.442E+00,1.768E+00,3.142E+00,-1.668E-04,2.361E+00,2.358E+00,4.934E-02,5.487E+00
30,0.000E+00,0.000E+00,7.302E-03,0.000E+00,0.000E+00,1.270E-05,2.637E-05,3.735E-03,1.452E-02,5.159E-01,1.729E+00,-3.718E-01,4.582E+00,1.609E+00,3.142E+00,-5.934E-04,2.569E+00,2.560E+00,2.178E-01,1.701E+00,1.726E+00,-3.481E-01,4.008E+00,1.701E+00,3.142E+00,6.913E-04,2.623E+00,2.635E+00,1.043E-01,3.367E+00,1.759E+00,-3.649E-01,3.421E+00,1.807E+00,3.142E+00,-6.386E-06,2.360E+00,2.360E+00,4.915E-02,5.503E+00
31,0.000E+00,0.000E+00,7.878E-03,0.000E+00,0.000E+00,5.762E-05,7.153E-05,3.994E-03,1.565E-02,5.571E-01,1.723E+00,-3.720E-01,4.552E+00,1.645E+00,3.142E+00,-1.044E-03,2.584E+00,2.567E+00,2.157E-01,1.716E+00,1.721E+00,-3.499E-01,4.002E+00,1.736E+00,3.142E+00,1.733E-04,2.637E+00,2.640E+00,1.041E-01,3.372E+00,1.745E+00,-3.975E-01,4.059E+00,1.763E+00,3.142E+00,-2.614E-04,2.376E+00,2.372E+00,4.903E-02,5.512E+00
32,0.000E+00,0.000E+00,8.166E-03,0.000E+00,0.000E+00,8.008E-05,9.412E-05,4.123E-03,1.622E-02,5.777E-01,1.720E+00,-3.722E-01,4.538E+00,1.663E+00,3.142E+00,-1.269E-03,2.591E+00,2.570E+00,2.147E-01,1.723E+00,1.718E+00,-3.508E-01,3.999E+00,1.754E+00,3.142E+00,-8.566E-05,2.644E+00,2.642E+00,1.041E-01,3.374E+00,1.742E+00,-4.138E-01,4.378E+00,1.741E+00,3.142E+00,-3.889E-04,2.384E+00,2.378E+00,4.897E-02,5.517E+00
33,0.000E+00,0.000E+00,8.454E-03,0.000E+00,0.000E+00,1.025E-04,1.167E-04,4.252E-03,1.678E-02,5.983E-01,1.716E+00,-3.723E-01,4.523E+00,1.681E+00,3.142E+00,-1.494E-03,2.598E+00,2.574E+00,2.137E-01,1.731E+00,1.715E+00,-3.518E-01,3.995E+00,1.772E+00,3.142E+00,-3.447E-04,2.651E+00,2.644E+00,1.040E-01,3.376E+00,1.740E+00,-4.301E-01,4.698E+00,1.719E+00,3.142E+00,-5.164E-04,2.392E+00,2.384E+00,4.891E-02,5.522E+00
34,0.000E+00,0.000E+00,8.742E-03,0.000E+00,0.000E+00,1.250E-04,1.393E-04,4.381E-03,1.735E-02,6.189E-01,1.713E+00,-3.724E-01,4.508E+00,1.699E+00,3.142E+00,-1.719E-03,2.606E+00,2.577E+00,2.127E-01,1.738E+00,1.712E+00,-3.527E-01,3.992E+00,1.789E+00,3.142E+00,-6.037E-04,2.657E+00,2.647E+00,1.039E-01,3.379E+00,1.739E+00,-4.465E-01,5.017E+00,1.697E+00,3.142E+00,-6.439E-04,2.400E+00,2.390E+00,4.885E-02,5.527E+00
35,0.000E+00,0.000E+00,9.030E-03,0.000E+00,0.000E+00,1.475E-04,1.619E-04,4.511E-03,1.791E-02,6.395E-01,1.710E+00,-3.725E-01,4.493E+00,1.717E+00,3.142E+00,-1.944E-03,2.613E+00,2.581E+00,2.116E-01,1.745E+00,1.709E+00,-3.536E-01,3.989E+00,1.807E+00,3.142E+00,-8.627E-04,2.664E+00,2.649E+00,1.038E-01,3.381E+00,1.740E+00,-4.628E-01,5.336E+00,1.675E+00,3.142E+00,-7.714E-04,2.408E+00,2.396E+00,4.879E-02,5.532E+00
36,0.000E+00,0.000E+00,9.318E-03,0.000E+00,0.000E+00,1.699E-04,1.844E-04,4.640E-03,1.848E-02,6.601E-01,1.707E+00,-3.726E-01,4.478E+00,1.735E+00,3.142E+00,-2.169E-03,2.620E+00,2.584E+00,2.106E-01,1.753E+00,1.706E+00,-3.545E-01,3.986E+00,1.824E+00,3.142E+00,-1.122E-03,2.671E+00,2.652E+00,1.037E-01,3.383E+00,1.742E+00,-4.791E-01,5.656E+00,1.653E+00,3.142E+00,-8.989E-04,2.416E+00,2.402E+00,4.873E-02,5.537E+00
37,0.000E+00,0.000E+00,9.606E-03,0.000E+00,0.000E+00,1.924E-04,2.070E-04,4.769E-03,1.904E-02,6.807E-01,1.704E+00,-3.728E-01,4.463E+00,1.753E+00,3.142E+00,-2.394E-03,2.628E+00,2.588E+00,2.096E-01,1.760E+00,1.704E+00,-3.555E-01,3.983E+00,1.842E+00,3.142E+00,-1.381E-03,2.678E+00,2.654E+00,1.036E-01,3.386E+00,1.746E+00,-4.954E-01,5.975E+00,1.631E+00,3.142E+00,-1.026E-03,2.424E+00,2.408E+00,4.867E-02,5.542E+00
38,0.000E+00,0.000E+00,9.895E-03,0.000E+00,0.000E+00,2.148E-04,2.296E-04,4.898E-03,1.961E-02,7.013E-01,1.701E+00,-3.729E-01,4.448E+00,1.771E+00,3.142E+00,-2.619E-03,2.635E+00,2.591E+00,2.086E-01,1.768E+00,1.701E+00,-3.564E-01,3.980E+00,1.860E+00,3.142E+00,-1.640E-03,2.684E+00,2.656E+00,1.035E-01,3.388E+00,1.750E+00,-5.117E-01,6.294E+00,1.609E+00,3.142E+00,-1.154E-03,2.432E+00,2.414E+00,4.861E-02,5.547E+00
39,0.000E+00,0.000E+00,1.018E-02,0.000E+00,0.000E+00,2.373E-04,2.522E-04,5.027E-03,2.017E-02,7.219E-01,1.699E+00,-3.730E-01,4.434E+00,1.789E+00,3.142E+00,-2.844E-03,2.642E+00,2.595E+00,2.076E-01,1.775E+00,1.698E+00,-3.573E-01,3.977E+00,1.877E+00,3.142E+00,-1.899E-03,2.691E+00,2.659E+00,1.035E-01,3.390E+00,1.755E+00,-5.280E-01,6.614E+00,1.587E+00,3.142E+00,-1.281E-03,2.439E+00,2.420E+00,4.855E-02,5.552E+00
40,0.000E+00,0.000E+00,1.047E-02,0.000E+00,0.000E+00,2.598E-04,2.748E-04,5.157E-03,2.074E-02,7.425E-01,1.696E+00,-3.731E-01,4.419E+00,1.807E+00,3.142E+00,-3.069E-03,2.649E+00,2.599E+00,2.066E-01,1.782E+00,1.696E+00,-3.582E-01,3.973E+00,1.895E+00,3.142E+00,-2.158E-03,2.698E+00,2.661E+00,1.034E-01,3.393E+00,1.760E+00,-5.443E-01,6.933E+00,1.565E+00,3.142E+00,-1.409E-03,2.447E+00,2.426E+00,4.849E-02,5.557E+00
41,0.000E+00,0.000E+00,1.076E-02,0.000E+00,0.000E+00,2.822E-04,2.974E-04,5.286E-03,2.131E-02,7.631E-01,1.693E+00,-3.732E-01,4.404E+00,1.825E+00,3.142E+00,-3.295E-03,2.657E+00,2.602E+00,2.055E-01,1.790E+00,1.693E+00,-3.592E-01,3.970E+00,1.912E+00,3.142E+00,-2.417E-03,2.705E+00,2.664E+00,1.033E-01,3.395E+00,1.767E+00,-5.607E-01,7.252E+00,1.543E+00,3.142E+00,-1.536E-03,2.455E+00,2.432E+00,4.843E-02,5.562E+00
42,0.000E+00,0.000E+00,1.105E-02,0.000E+00,0.000E+00,3.047E-04,3.199E-04,5.415E-03,2.187E-02,7.837E-01,1.690E+00,-3.734E-01,4.389E+00,1.843E+00,3.142E+00,-3.520E-03,2.664E+00,2.606E+00,2.045E-01,1.797E+00,1.691E+00,-3.601E-01,3.967E+00,1.930E+00,3.142E+00,-2.676E-03,2.712E+00,2.666E+00,1.032E-01,3.397E+00,1.774E+00,-5.770E-01,7.572E+00,1.521E+00,3.142E+00,-1.664E-03,2.463E+00,2.438E+00,4.838E-02,5.567E+00
43,0.000E+00,0.000E+00,1.133E-02,0.000E+00,0.000E+00,3.271E-04,3.425E-04,5.544E-03,2.244E-02,8.043E-01,1.688E+00,-3.735E-01,4.374E+00,1.861E+00,3.142E+00,-3.745E-03,2.671E+00,2.609E+00,2.035E-01,1.804E+00,1.688E+00,-3.610E-01,3.964E+00,1.948E+00,3.142E+00,-2.935E-03,2.718E+00,2.668E+00,1.031E-01,3.400E+00,1.782E+00,-5.933E-01,7.891E+00,1.499E+00,3.142E+00,-1.792E-03,2.471E+00,2.444E+00,4.832E-02,5.572E+00
44,0.000E+00,0.000E+00,1.162E-02,0.000E+00,0.000E+00,3.496E-04,3.651E-04,5.674E-03,2.300E-02,8.249E-01,1.685E+00,-3.736E-01,4.359E+00,1.879E+00,3.142E+00,-3.970E-03,2.678E+00,2.613E+00,2.025E-01,1.812E+00,1.686E+00,-3.620E-01,3.961E+00,1.965E+00,3.142E+00,-3.194E-03,2.725E+00,2.671E+00,1.030E-01,3.402E+00,1.790E+00,-6.096E-01,8.210E+00,1.477E+00,3.142E+00,-1.919E-03,2.479E+00,2.450E+00,4.826E-02,5.577E+00
45,0.000E+00,0.000E+00,1.191E-02,0.000E+00,0.000E+00,3.721E-04,3.877E-04,5.803E-03,2.357E-02,8.455E-01,1.682E+00,-3.737E-01,4.345E+00,1.897E+00,3.142E+00,-4.195E-03,2.686E+00,2.616E+00,2.015E-01,1.819E+00,1.683E+00,-3.629E-01,3.958E+00,1.983E+00,3.142E+00,-3.453E-03,2.732E+00,2.673E+00,1.029E-01,3.405E+00,1.799E+00,-6.259E-01,8.529E+00,1.455E+00,3.142E+00,-2.047E-03,2.487E+00,2.456E+00,4.820E-02,5.582E+00
46,0.000E+00,0.000E+00,1.266E-02,0.000E+00,0.000E+00,2.607E-04,2.944E-04,6.228E-03,2.481E-02,8.910E-01,1.696E+00,-3.565E-01,3.920E+00,1.904E+00,3.142E+00,-2.520E-03,2.657E+00,2.615E+00,2.049E-01,1.793E+00,1.670E+00,-3.664E-01,4.035E+00,2.042E+00,3.142E+00,-2.610E-03,2.710E+00,2.666E+00,1.032E-01,3.398E+00,1.770E+00,-6.202E-01,8.016E+00,1.591E+00,3.142E+00,-2.522E-03,2.510E+00,2.471E+00,4.941E-02,5.482E+00
47,0.000E+00,0.000E+00,1.304E-02,0.000E+00,0.000E+00,2.051E-04,2.478E-04,6.441E-03,2.544E-02,9.138E-01,1.705E+00,-3.479E-01,3.707E+00,1.908E+00,3.142E+00,-1.682E-03,2.643E+00,2.615E+00,2.067E-01,1.780E+00,1.663E+00,-3.682E-01,4.074E+00,2.071E+00,3.142E+00,-2.188E-03,2.700E+00,2.663E+00,1.033E-01,3.395E+00,1.757E+00,-6.173E-01,7.759E+00,1.658E+00,3.142E+00,-2.759E-03,2.521E+00,2.478E+00,5.002E-02,5.432E+00
48,0.000E+00,0.000E+00,1.342E-02,0.000E+00,0.000E+00,1.494E-04,2.012E-04,6.653E-03,2.606E-02,9.365E-01,1.714E+00,-3.393E-01,3.495E+00,1.912E+00,3.142E+00,-8.442E-04,2.629E+00,2.615E+00,2.084E-01,1.767E+00,1.656E+00,-3.700E-01,4.112E+00,2.101E+00,3.142E+00,-1.767E-03,2.689E+00,2.659E+00,1.034E-01,3.391E+00,1.745E+00,-6.145E-01,7.502E+00,1.726E+00,3.142E+00,-2.996E-03,2.532E+00,2.486E+00,5.063E-02,5.382E+00
49,0.000E+00,0.000E+00,1.396E-02,0.000E+00,0.000E+00,4.272E-04,4.658E-04,7.070E-03,2.763E-02,9.979E-01,1.702E+00,-3.431E-01,3.634E+00,1.932E+00,3.142E+00,-1.990E-03,2.691E+00,2.657E+00,2.043E-01,1.798E+00,1.661E+00,-3.825E-01,4.215E+00,2.084E+00,3.142E+00,-2.024E-03,2.712E+00,2.678E+00,1.010E-01,3.460E+00,1.750E+00,-6.717E-01,9.721E+00,1.629E+00,3.142E+00,-6.539E-04,2.529E+00,2.519E+00,4.857E-02,5.556E+00
50,0.000E+00,0.000E+00,1.423E-02,0.000E+00,0.000E+00,5.662E-04,5.981E-04,7.279E-03,2.841E-02,1.029E+00,1.696E+00,-3.450E-01,3.703E+00,1.942E+00,3.142E+00,-2.563E-03,2.722E+00,2.678E+00,2.022E-01,1.813E+00,1.664E+00,-3.888E-01,4.266E+00,2.075E+00,3.142E+00,-2.152E-03,2.724E+00,2.687E+00,9.985E-02,3.494E+00,1.759E+00,-7.003E-01,1.083E+01,1.581E+00,3.142E+00,5.174E-04,2.527E+00,2.536E+00,4.754E-02,5.644E+00
51,0.000E+00,0.000E+00,1.451E-02,0.000E+00,0.000E+00,7.051E-04,7.305E-04,7.487E-03,2.920E-02,1.059E+00,1.691E+00,-3.470E-01,3.773E+00,1.952E+00,3.142E+00,-3.137E-03,2.753E+00,2.699E+00,2.002E-01,1.829E+00,1.667E+00,-3.951E-01,4.317E+00,2.066E+00,3.142E+00,-2.281E-03,2.736E+00,2.697E+00,9.866E-02,3.528E+00,1.771E+00,-7.290E-01,1.194E+01,1.532E+00,3.142E+00,1.689E-03,2.526E+00,2.552E+00,4.651E-02,5.731E+00
52,0.000E+00,0.000E+00,1.553E-02,0.000E+00,0.000E+00,6.562E-04,7.075E-04,8.036E-03,3.133E-02,1.132E+00,1.683E+00,-3.898E-01,4.581E+00,1.880E+00,3.142E+00,-1.659E-03,2.640E+00,2.612E+00,2.031E-01,1.807E+00,1.656E+00,-4.133E-01,4.706E+00,2.070E+00,3.142E+00,-1.990E-05,2.677E+00,2.676E+00,9.956E-02,3.502E+00,1.722E+00,-7.125E-01,1.147E+01,1.698E+00,3.142E+00,-1.765E-03,2.491E+00,2.466E+00,4.672E-02,5.712E+00
53,0.000E+00,0.000E+00,1.604E-02,0.000E+00,0.000E+00,6.318E-04,6.960E-04,8.310E-03,3.240E-02,1.169E+00,1.684E+00,-4.112E-01,4.984E+00,1.844E+00,3.142E+00,-9.197E-04,2.584E+00,2.568E+00,2.046E-01,1.795E+00,1.651E+00,-4.223E-01,4.901E+00,2.072E+00,3.142E+00,1.110E-03,2.647E+00,2.665E+00,1.000E-01,3.489E+00,1.700E+00,-7.042E-01,1.124E+01,1.781E+00,3.142E+00,-3.492E-03,2.474E+00,2.423E+00,4.682E-02,5.703E+00
54,0.000E+00,0.000E+00,1.655E-02,0.000E+00,0.000E+00,6.074E-04,6.846E-04,8.584E-03,3.346E-02,1.205E+00,1.686E+00,-4.326E-01,5.388E+00,1.807E+00,3.142E+00,-1.807E-04,2.528E+00,2.525E+00,2.060E-01,1.784E+00,1.647E+00,-4.314E-01,5.096E+00,2.073E+00,3.142E+00,2.241E-03,2.618E+00,2.655E+00,1.004E-01,3.475E+00,1.680E+00,-6.960E-01,1.100E+01,1.864E+00,3.142E+00,-5.219E-03,2.456E+00,2.379E+00,4.692E-02,5.694E+00
55,0.000E+00,0.000E+00,1.742E-02,0.000E+00,0.000E+00,8.506E-04,8.569E-04,9.098E-03,3.534E-02,1.280E+00,1.639E+00,-4.127E-01,5.130E+00,2.035E+00,3.142E+00,1.158E-04,2.571E+00,2.573E+00,2.039E-01,1.800E+00,1.650E+00,-4.504E-01,5.589E+00,2.002E+00,3.142E+00,1.573E-03,2.599E+00,2.624E+00,9.941E-02,3.506E+00,1.673E+00,-6.930E-01,1.108E+01,1.877E+00,3.142E+00,-5.215E-03,2.539E+00,2.459E+00,4.619E-02,5.761E+00
56,0.000E+00,0.000E+00,1.786E-02,0.000E+00,0.000E+00,9.722E-04,9.431E-04,9.354E-03,3.629E-02,1.317E+00,1.618E+00,-4.028E-01,5.001E+00,2.149E+00,3.142E+00,2.641E-04,2.592E+00,2.597E+00,2.029E-01,1.808E+00,1.652E+00,-4.598E-01,5.836E+00,1.966E+00,3.142E+00,1.238E-03,2.589E+00,2.609E+00,9.889E-02,3.521E+00,1.670E+00,-6.915E-01,1.112E+01,1.883E+00,3.142E+00,-5.213E-03,2.580E+00,2.498E+00,4.583E-02,5.794E+00
57,0.000E+00,0.000E+00,1.830E-02,0.000E+00,0.000E+00,1.094E-03,1.029E-03,9.611E-03,3.723E-02,1.354E+00,1.599E+00,-3.929E-01,4.872E+00,2.262E+00,3.142E+00,4.124E-04,2.614E+00,2.620E+00,2.018E-01,1.816E+00,1.655E+00,-4.693E-01,6.082E+00,1.930E+00,3.142E+00,9.043E-04,2.579E+00,2.594E+00,9.837E-02,3.537E+00,1.667E+00,-6.900E-01,1.116E+01,1.889E+00,3.142E+00,-5.211E-03,2.621E+00,2.538E+00,4.547E-02,5.827E+00
58,0.000E+00,0.000E+00,1.907E-02,0.000E+00,0.000E+00,1.700E-03,1.563E-03,1.033E-02,3.965E-02,1.455E+00,1.604E+00,-4.109E-01,5.189E+00,2.208E+00,3.142E+00,1.518E-03,2.631E+00,2.656E+00,2.006E-01,1.826E+00,1.641E+00,-4.700E-01,6.248E+00,1.971E+00,3.142E+00,1.996E-03,2.559E+00,2.590E+00,9.805E-02,3.546E+00,1.658E+00,-6.872E-01,1.078E+01,1.952E+00,3.142E+00,-4.792E-03,2.597E+00,2.521E+00,4.503E-02,5.869E+00
59,0.000E+00,0.000E+00,1.946E-02,0.000E+00,0.000E+00,2.003E-03,1.829E-03,1.069E-02,4.087E-02,1.505E+00,1.607E+00,-4.200E-01,5.347E+00,2.181E+00,3.142E+00,2.071E-03,2.639E+00,2.674E+00,2.000E-01,1.831E+00,1.634E+00,-4.703E-01,6.331E+00,1.992E+00,3.142E+00,2.541E-03,2.548E+00,2.589E+00,9.790E-02,3.551E+00,1.654E+00,-6.859E-01,1.059E+01,1.983E+00,3.142E+00,-4.582E-03,2.585E+00,2.513E+00,4.481E-02,5.890E+00
60,0.000E+00,0.000E+00,1.984E-02,0.000E+00,0.000E+00,2.307E-03,2.096E-03,1.104E-02,4.208E-02,1.555E+00,1.611E+00,-4.290E-01,5.506E+00,2.154E+00,3.142E+00,2.624E-03,2.648E+00,2.692E+00,1.994E-01,1.835E+00,1.627E+00,-4.706E-01,6.414E+00,2.012E+00,3.142E+00,3.087E-03,2.538E+00,2.587E+00,9.774E-02,3.556E+00,1.650E+00,-6.845E-01,1.040E+01,2.015E+00,3.142E+00,-4.372E-03,2.573E+00,2.504E+00,4.460E-02,5.910E+00
61,0.000E+00,0.000E+00,2.096E-02,0.000E+00,0.000E+00,3.000E-03,2.637E-03,1.195E-02,4.511E-02,1.682E+00,1.591E+00,-4.564E-01,6.512E+00,2.127E+00,3.142E+00,1.654E-03,2.658E+00,2.685E+00,1.970E-01,1.854E+00,1.607E+00,-4.837E-01,7.022E+00,2.042E+00,3.142E+00,2.014E-03,2.592E+00,2.624E+00,9.658E-02,3.592E+00,1.644E+00,-7.037E-01,1.098E+01,2.044E+00,3.142E+00,-4.994E-03,2.577E+00,2.499E+00,4.515E-02,5.858E+00
62,0.000E+00,0.000E+00,2.152E-02,0.000E+00,0.000E+00,3.347E-03,2.907E-03,1.240E-02,4.663E-02,1.746E+00,1.585E+00,-4.700E-01,7.015E+00,2.113E+00,3.142E+00,1.170E-03,2.663E+00,2.682E+00,1.959E-01,1.863E+00,1.599E+00,-4.903E-01,7.326E+00,2.057E+00,3.142E+00,1.478E-03,2.619E+00,2.643E+00,9.599E-02,3.610E+00,1.641E+00,-7.133E-01,1.127E+01,2.058E+00,3.142E+00,-5.305E-03,2.580E+00,2.497E+00,4.543E-02,5.832E+00
63,0.000E+00,0.000E+00,2.207E-02,0.000E+00,0.000E+00,3.694E-03,3.178E-03,1.286E-02,4.814E-02,1.809E+00,1.580E+00,-4.837E-01,7.519E+00,2.100E+00,3.142E+00,6.848E-04,2.668E+00,2.679E+00,1.947E-01,1.873E+00,1.590E+00,-4.969E-01,7.630E+00,2.071E+00,3.142E+00,9.411E-04,2.645E+00,2.661E+00,9.541E-02,3.628E+00,1.638E+00,-7.229E-01,1.156E+01,2.073E+00,3.142E+00,-5.616E-03,2.582E+00,2.494E+00,4.570E-02,5.805E+00
64,0.000E+00,0.000E+00,2.295E-02,0.000E+00,0.000E+00,4.813E-03,4.150E-03,1.372E-02,5.105E-02,1.944E+00,1.552E+00,-5.513E-01,1.165E+01,1.959E+00,3.142E+00,5.420E-04,2.664E+00,2.673E+00,1.914E-01,1.901E+00,1.578E+00,-5.090E-01,8.171E+00,2.095E+00,3.142E+00,3.305E-04,2.649E+00,2.654E+00,9.622E-02,3.603E+00,1.599E+00,-7.256E-01,1.212E+01,2.228E+00,3.142E+00,-4.761E-03,2.549E+00,2.475E+00,4.459E-02,5.913E+00
65,0.000E+00,0.000E+00,2.338E-02,0.000E+00,0.000E+00,5.373E-03,4.637E-03,1.416E-02,5.251E-02,2.011E+00,1.556E+00,-5.851E-01,1.372E+01,1.889E+00,3.142E+00,4.706E-04,2.662E+00,2.670E+00,1.898E-01,1.915E+00,1.572E+00,-5.151E-01,8.442E+00,2.107E+00,3.142E+00,2.521E-05,2.651E+00,2.651E+00,9.663E-02,3.590E+00,1.580E+00,-7.269E-01,1.241E+01,2.306E+00,3.142E+00,-4.334E-03,2.533E+00,2.466E+00,4.404E-02,5.967E+00
66,0.000E+00,0.000E+00,2.382E-02,0.000E+00,0.000E+00,5.933E-03,5.123E-03,1.459E-02,5.396E-02,2.079E+00,1.566E+00,-6.189E-01,1.578E+01,1.819E+00,3.142E+00,3.992E-04,2.660E+00,2.667E+00,1.881E-01,1.929E+00,1.566E+00,-5.212E-01,8.712E+00,2.119E+00,3.142E+00,-2.801E-04,2.652E+00,2.648E+00,9.704E-02,3.577E+00,1.562E+00,-7.283E-01,1.269E+01,2.384E+00,3.142E+00,-3.906E-03,2.516E+00,2.456E+00,4.348E-02,6.021E+00
67,0.000E+00,0.000E+00,2.592E-02,0.000E+00,0.000E+00,6.432E-03,5.634E-03,1.594E-02,5.829E-02,2.257E+00,1.524E+00,-6.204E-01,1.750E+01,1.918E+00,3.142E+00,-1.360E-04,2.666E+00,2.663E+00,1.904E-01,1.909E+00,1.545E+00,-5.764E-01,1.237E+01,2.013E+00,3.142E+00,1.327E-03,2.596E+00,2.617E+00,9.681E-02,3.584E+00,1.523E+00,-7.472E-01,1.552E+01,2.444E+00,3.142E+00,-3.500E-03,2.512E+00,2.458E+00,4.306E-02,6.064E+00
68,0.000E+00,0.000E+00,2.697E-02,0.000E+00,0.000E+00,6.682E-03,5.890E-03,1.661E-02,6.045E-02,2.345E+00,1.505E+00,-6.212E-01,1.835E+01,1.967E+00,3.142E+00,-4.036E-04,2.669E+00,2.662E+00,1.915E-01,1.900E+00,1.546E+00,-6.040E-01,1.419E+01,1.960E+00,3.142E+00,2.131E-03,2.568E+00,2.602E+00,9.669E-02,3.588E+00,1.506E+00,-7.566E-01,1.693E+01,2.474E+00,3.142E+00,-3.297E-03,2.509E+00,2.459E+00,4.285E-02,6.086E+00
69,0.000E+00,0.000E+00,2.802E-02,0.000E+00,0.000E+00,6.932E-03,6.146E-03,1.729E-02,6.262E-02,2.434E+00,1.486E+00,-6.219E-01,1.921E+01,2.016E+00,3.142E+00,-6.712E-04,2.671E+00,2.660E+00,1.927E-01,1.890E+00,1.552E+00,-6.316E-01,1.602E+01,1.907E+00,3.142E+00,2.934E-03,2.539E+00,2.586E+00,9.658E-02,3.592E+00,1.491E+00,-7.660E-01,1.834E+01,2.504E+00,3.142E+00,-3.094E-03,2.507E+00,2.459E+00,4.264E-02,6.107E+00
70,0.000E+00,0.000E+00,2.938E-02,0.000E+00,0.000E+00,8.571E-03,7.510E-03,1.883E-02,6.756E-02,2.652E+00,1.468E+00,-6.145E-01,1.883E+01,2.101E+00,3.142E+00,5.129E-04,2.557E+00,2.564E+00,1.894E-01,1.918E+00,1.501E+00,-6.063E-01,1.496E+01,2.136E+00,3.142E+00,1.623E-03,2.552E+00,2.578E+00,9.645E-02,3.595E+00,1.477E+00,-7.963E-01,2.375E+01,2.421E+00,3.142E+00,1.978E-03,2.430E+00,2.459E+00,4.235E-02,6.137E+00
71,0.000E+00,0.000E+00,3.006E-02,0.000E+00,0.000E+00,9.391E-03,8.192E-03,1.960E-02,7.002E-02,2.761E+00,1.459E+00,-6.108E-01,1.865E+01,2.144E+00,3.142E+00,1.105E-03,2.500E+00,2.516E+00,1.878E-01,1.932E+00,1.478E+00,-5.937E-01,1.443E+01,2.251E+00,3.142E+00,9.677E-04,2.559E+00,2.574E+00,9.639E-02,3.597E+00,1.475E+00,-8.114E-01,2.645E+01,2.379E+00,3.142E+00,4.514E-03,2.392E+00,2.459E+00,4.221E-02,6.152E+00
72,0.000E+00,0.000E+00,3.074E-02,0.000E+00,0.000E+00,1.021E-02,8.874E-03,2.037E-02,7.249E-02,2.869E+00,1.450E+00,-6.071E-01,1.846E+01,2.186E+00,3.142E+00,1.697E-03,2.442E+00,2.468E+00,1.861E-01,1.946E+00,1.457E+00,-5.811E-01,1.390E+01,2.366E+00,3.142E+00,3.122E-04,2.565E+00,2.570E+00,9.633E-02,3.599E+00,1.476E+00,-8.265E-01,2.916E+01,2.338E+00,3.142E+00,7.050E-03,2.354E+00,2.459E+00,4.207E-02,6.167E+00
73,0.000E+00,0.000E+00,3.150E-02,0.000E+00,0.000E+00,1.187E-02,1.025E-02,2.155E-02,7.591E-02,3.038E+00,1.426E+00,-5.725E-01,1.604E+01,2.344E+00,3.142E+00,1.518E-03,2.479E+00,2.503E+00,1.853E-01,1.954E+00,1.446E+00,-5.801E-01,1.417E+01,2.410E+00,3.142E+00,2.342E-03,2.517E+00,2.554E+00,9.611E-02,3.606E+00,1.437E+00,-8.142E-01,2.729E+01,2.573E+00,3.142E+00,4.767E-03,2.394E+00,2.465E+00,4.101E-02,6.285E+00
74,0.000E+00,0.000E+00,3.227E-02,0.000E+00,0.000E+00,1.353E-02,1.163E-02,2.272E-02,7.934E-02,3.206E+00,1.411E+00,-5.379E-01,1.363E+01,2.502E+00,3.142E+00,1.340E-03,2.516E+00,2.537E+00,1.845E-01,1.961E+00,1.434E+00,-5.792E-01,1.443E+01,2.454E+00,3.142E+00,4.372E-03,2.470E+00,2.538E+00,9.590E-02,3.613E+00,1.404E+00,-8.019E-01,2.542E+01,2.807E+00,3.142E+00,2.484E-03,2.435E+00,2.472E+00,3.995E-02,6.403E+00
75,0.000E+00,0.000E+00,3.289E-02,0.000E+00,0.000E+00,1.550E-02,1.321E-02,2.406E-02,8.294E-02,3.390E+00,1.360E+00,-5.425E-01,1.480E+01,2.755E+00,3.142E+00,2.057E-03,2.506E+00,2.538E+00,1.775E-01,2.029E+00,1.405E+00,-5.651E-01,1.398E+01,2.620E+00,3.142E+00,5.664E-03,2.406E+00,2.491E+00,9.573E-02,3.618E+00,1.387E+00,-7.994E-01,2.653E+01,2.865E+00,3.142E+00,5.744E-03,2.337E+00,2.419E+00,3.985E-02,6.413E+00
76,0.000E+00,0.000E+00,3.352E-02,0.000E+00,0.000E+00,1.747E-02,1.479E-02,2.540E-02,8.654E-02,3.574E+00,1.314E+00,-5.471E-01,1.597E+01,3.008E+00,3.142E+00,2.775E-03,2.496E+00,2.539E+00,1.705E-01,2.097E+00,1.380E+00,-5.511E-01,1.352E+01,2.786E+00,3.142E+00,6.956E-03,2.343E+00,2.445E+00,9.556E-02,3.623E+00,1.370E+00,-7.970E-01,2.765E+01,2.922E+00,3.142E+00,9.004E-03,2.239E+00,2.366E+00,3.976E-02,6.424E+00
77,0.000E+00,0.000E+00,3.523E-02,0.000E+00,0.000E+00,1.847E-02,1.576E-02,2.680E-02,9.090E-02,3.764E+00,1.293E+00,-5.292E-01,1.474E+01,3.224E+00,3.142E+00,2.612E-03,2.434E+00,2.473E+00,1.703E-01,2.099E+00,1.354E+00,-5.391E-01,1.333E+01,2.943E+00,3.142E+00,6.057E-03,2.309E+00,2.396E+00,9.348E-02,3.692E+00,1.326E+00,-7.753E-01,2.557E+01,3.258E+00,3.142E+00,1.294E-02,2.175E+00,2.352E+00,3.947E-02,6.458E+00
78,0.000E+00,0.000E+00,3.695E-02,0.000E+00,0.000E+00,1.946E-02,1.672E-02,2.821E-02,9.526E-02,3.954E+00,1.277E+00,-5.112E-01,1.351E+01,3.441E+00,3.142E+00,2.450E-03,2.372E+00,2.408E+00,1.701E-01,2.101E+00,1.330E+00,-5.272E-01,1.314E+01,3.101E+00,3.142E+00,5.159E-03,2.275E+00,2.348E+00,9.139E-02,3.761E+00,1.290E+00,-7.535E-01,2.350E+01,3.594E+00,3.142E+00,1.687E-02,2.112E+00,2.338E+00,3.919E-02,6.492E+00
79,0.000E+00,0.000E+00,3.568E-02,0.000E+00,0.000E+00,2.280E-02,1.920E-02,2.919E-02,9.692E-02,4.099E+00,1.231E+00,-5.050E-01,1.378E+01,3.830E+00,3.142E+00,9.561E-03,2.233E+00,2.363E+00,1.664E-01,2.142E+00,1.301E+00,-5.250E-01,1.293E+01,3.379E+00,3.142E+00,6.428E-03,2.235E+00,2.324E+00,9.145E-02,3.758E+00,1.241E+00,-7.441E-01,2.302E+01,4.065E+00,3.142E+00,1.544E-02,2.162E+00,2.374E+00,3.822E-02,6.611E+00
80,0.000E+00,0.000E+00,3.441E-02,0.000E+00,0.000E+00,2.613E-02,2.168E-02,3.018E-02,9.858E-02,4.243E+00,1.190E+00,-4.988E-01,1.406E+01,4.218E+00,3.142E+00,1.667E-02,2.095E+00,2.317E+00,1.627E-01,2.182E+00,1.275E+00,-5.228E-01,1.271E+01,3.657E+00,3.142E+00,7.697E-03,2.195E+00,2.299E+00,9.152E-02,3.756E+00,1.199E+00,-7.347E-01,2.255E+01,4.535E+00,3.142E+00,1.400E-02,2.212E+00,2.410E+00,3.726E-02,6.731E+00
81,0.000E+00,0.000E+00,3.274E-02,0.000E+00,0.000E+00,2.820E-02,2.339E-02,3.040E-02,9.780E-02,4.274E+00,1.136E+00,-4.814E-01,1.321E+01,5.046E+00,3.142E+00,2.001E-02,2.010E+00,2.267E+00,1.586E-01,2.230E+00,1.218E+00,-5.098E-01,1.269E+01,4.222E+00,3.142E+00,1.483E-02,2.044E+00,2.229E+00,8.947E-02,3.829E+00,1.147E+00,-7.250E-01,2.215E+01,5.223E+00,3.142E+00,2.309E-02,2.014E+00,2.306E+00,3.753E-02,6.696E+00
82,0.000E+00,0.000E+00,3.108E-02,0.000E+00,0.000E+00,3.026E-02,2.510E-02,3.062E-02,9.703E-02,4.304E+00,1.094E+00,-4.641E-01,1.235E+01,5.873E+00,3.142E+00,2.335E-02,1.925E+00,2.216E+00,1.545E-01,2.279E+00,1.170E+00,-4.968E-01,1.267E+01,4.788E+00,3.142E+00,2.197E-02,1.893E+00,2.159E+00,8.742E-02,3.902E+00,1.104E+00,-7.153E-01,2.175E+01,5.910E+00,3.142E+00,3.217E-02,1.816E+00,2.201E+00,3.780E-02,6.662E+00
83,0.000E+00,0.000E+00,2.649E-02,0.000E+00,0.000E+00,3.036E-02,2.514E-02,2.837E-02,8.798E-02,3.988E+00,1.048E+00,-4.496E-01,1.184E+01,6.953E+00,3.142E+00,5.618E-02,1.542E+00,2.099E+00,1.452E-01,2.408E+00,1.121E+00,-4.860E-01,1.201E+01,5.707E+00,3.142E+00,5.549E-02,1.530E+00,2.078E+00,8.462E-02,4.011E+00,1.046E+00,-7.005E-01,2.003E+01,7.315E+00,3.142E+00,6.059E-02,1.491E+00,2.095E+00,3.361E-02,7.305E+00
84,0.000E+00,0.000E+00,2.190E-02,0.000E+00,0.000E+00,3.046E-02,2.518E-02,2.613E-02,7.892E-02,3.671E+00,1.012E+00,-4.351E-01,1.133E+01,8.032E+00,3.142E+00,8.901E-02,1.158E+00,1.982E+00,1.359E-01,2.538E+00,1.084E+00,-4.753E-01,1.134E+01,6.627E+00,3.142E+00,8.901E-02,1.166E+00,1.997E+00,8.181E-02,4.121E+00,1.005E+00,-6.858E-01,1.832E+01,8.719E+00,3.142E+00,8.901E-02,1.166E+00,1.988E+00,2.941E-02,7.948E+00
85,0.000E+00,0.000E+00,1.532E-02,0.000E+00,0.000E+00,2.279E-02,1.874E-02,1.896E-02,5.696E-02,2.670E+00,1.026E+00,-4.256E-01,9.932E+00,8.379E+00,3.142E+00,8.901E-02,1.162E+00,1.985E+00,1.266E-01,2.702E+00,1.077E+00,-4.495E-01,9.747E+00,7.344E+00,3.142E+00,8.901E-02,1.166E+00,1.993E+00,7.605E-02,4.394E+00,1.020E+00,-6.827E-01,1.640E+01,8.889E+00,3.142E+00,8.901E-02,1.078E+00,1.833E+00,2.672E-02,8.536E+00
86,0.000E+00,0.000E+00,8.736E-03,0.000E+00,0.000E+00,1.511E-02,1.230E-02,1.180E-02,3.500E-02,1.668E+00,1.047E+00,-4.162E-01,8.532E+00,8.725E+00,3.142E+00,8.901E-02,1.166E+00,1.988E+00,1.173E-01,2.866E+00,1.082E+00,-4.238E-01,8.150E+00,8.062E+00,3.142E+00,8.901E-02,1.166E+00,1.988E+00,7.030E-02,4.666E+00,1.038E+00,-6.795E-01,1.447E+01,9.060E+00,3.142E+00,8.901E-02,9.898E-01,1.677E+00,2.402E-02,9.123E+00
87,0.000E+00,0.000E+00,4.375E-03,0.000E+00,0.000E+00,7.676E-03,6.244E-03,5.935E-03,1.761E-02,8.415E-01,1.061E+00,-5.135E-01,9.124E+00,9.339E+00,3.142E+00,-2.951E-01,1.088E+01,1.279E+00,9.439E-02,3.567E+00,1.133E+00,-5.259E-01,8.801E+00,7.500E+00,3.142E+00,-2.951E-01,1.088E+01,1.279E+00,6.521E-02,4.979E+00,9.237E-01,-7.351E-01,1.552E+01,1.463E+01,3.142E+00,-3.199E-01,1.992E+01,1.167E+00,1.841E-02,1.137E+01
88,0.000E+00,0.000E+00,1.367E-05,0.000E+00,0.000E+00,2.383E-04,1.846E-04,7.129E-05,2.119E-04,1.522E-02,1.071E+00,-6.108E-01,9.716E+00,9.953E+00,3.142E+00,-6.793E-01,2.059E+01,5.702E-01,7.148E-02,4.268E+00,1.184E+00,-6.280E-01,9.453E+00,6.938E+00,3.142E+00,-6.793E-01,2.059E+01,5.702E-01,6.013E-02,5.292E+00,8.572E-01,-7.907E-01,1.657E+01,2.020E+01,3.142E+00,-7.287E-01,3.886E+01,6.565E-01,1.280E-02,1.362E+01
89,0.000E+00,0.000E+00,0.000E+00,0.000E+00,0.000E+00,9.766E-07,2.930E-06,0.000E+00,1.953E-06,-5.899E-05,3.142E+00,0.000E+00,0.000E+00,0.000E+00,0.000E+00,0.000E+00,0.000E+00,0.000E+00,0.000E+00,0.000E+00,3.142E+00,0.000E+00,0.000E+00,0.000E+00,0.000E+00,0.000E+00,0.000E+00,0.000E+00,0.000E+00,0.000E+00,3.142E+00,0.000E+00,0.000E+00,0.000E+00,0.000E+00,0.000E+00,0.000E+00,0.000E+00,0.000E+00,0.000E+00
