alpha,H,He,Mg,Si,O,Mg_1,O_1,Si_2,O_2,amu/ion,thetaK_Mg,thetaTilt_Mg,thetaM_Mg,thetaN_Mg,3dK_Mg,3dTilt_Mg,3dM_Mg,3dN_Mg,energyK_Mg,energyE_Mg,thetaK_O,thetaTilt_O,thetaM_O,thetaN_O,3dK_O,3dTilt_O,3dM_O,3dN_O,energyK_O,energyE_O,thetaK_Si,thetaTilt_Si,thetaM_Si,thetaN_Si,3dK_Si,3dTilt_Si,3dM_Si,3dN_Si,energyK_Si,energyE_Si
0.000E+00,0.000E+00,0.000E+00,4.585E-03,0.000E+00,0.000E+00,5.859E-06,1.465E-05,2.336E-03,9.155E-03,3.241E-01,1.814E+00,-2.071E-03,1.477E+00,1.244E+00,4.935E+00,0.000E+00,1.000E+00,1.000E+00,2.345E-01,1.596E+00,1.720E+00,2.874E-02,1.374E+00,1.801E+00,4.935E+00,0.000E+00,1.000E+00,1.000E+00,1.133E-01,3.139E+00,1.756E+00,-2.873E-03,1.353E+00,1.641E+00,4.935E+00,4.267E-03,1.000E+00,1.000E+00,5.480E-02,5.073E+00
1.000E+00,0.000E+00,0.000E+00,4.630E-03,0.000E+00,0.000E+00,6.104E-06,1.489E-05,2.346E-03,9.224E-03,3.265E-01,1.801E+00,-1.416E-02,1.533E+00,1.304E+00,4.935E+00,8.747E-03,1.000E+00,1.000E+00,2.344E-01,1.597E+00,1.705E+00,1.173E-02,1.461E+00,1.770E+00,4.935E+00,9.025E-03,1.000E+00,1.000E+00,1.130E-01,3.148E+00,1.759E+00,-5.523E-03,1.344E+00,1.651E+00,4.935E+00,1.118E-02,1.000E+00,1.000E+00,5.461E-02,5.087E+00
2.000E+00,0.000E+00,0.000E+00,4.674E-03,0.000E+00,0.000E+00,6.348E-06,1.514E-05,2.357E-03,9.293E-03,3.290E-01,1.789E+00,-2.625E-02,1.588E+00,1.364E+00,4.935E+00,1.749E-02,1.000E+00,1.000E+00,2.342E-01,1.597E+00,1.698E+00,-5.277E-03,1.548E+00,1.739E+00,4.935E+00,1.805E-02,1.000E+00,1.000E+00,1.126E-01,3.157E+00,1.762E+00,-8.173E-03,1.334E+00,1.661E+00,4.935E+00,1.809E-02,1.000E+00,1.000E+00,5.442E-02,5.100E+00
3.000E+00,0.000E+00,0.000E+00,4.719E-03,0.000E+00,0.000E+00,6.592E-06,1.538E-05,2.367E-03,9.363E-03,3.314E-01,1.778E+00,-3.835E-02,1.643E+00,1.425E+00,4.935E+00,2.624E-02,1.000E+00,1.000E+00,2.341E-01,1.598E+00,1.705E+00,-2.229E-02,1.635E+00,1.709E+00,4.935E+00,2.707E-02,1.000E+00,1.000E+00,1.123E-01,3.165E+00,1.766E+00,-1.082E-02,1.324E+00,1.671E+00,4.935E+00,2.500E-02,1.000E+00,1.000E+00,5.424E-02,5.113E+00
4.000E+00,0.000E+00,0.000E+00,4.741E-03,0.000E+00,0.000E+00,6.714E-06,1.550E-05,2.372E-03,9.397E-03,3.326E-01,1.772E+00,-4.439E-02,1.670E+00,1.455E+00,4.935E+00,3.061E-02,1.000E+00,1.000E+00,2.340E-01,1.599E+00,1.708E+00,-3.079E-02,1.679E+00,1.693E+00,4.935E+00,3.159E-02,1.000E+00,1.000E+00,1.121E-01,3.170E+00,1.767E+00,-1.215E-02,1.319E+00,1.676E+00,4.935E+00,2.845E-02,1.000E+00,1.000E+00,5.414E-02,5.120E+00
5.000E+00,0.000E+00,0.000E+00,4.764E-03,0.000E+00,0.000E+00,6.836E-06,1.563E-05,2.377E-03,9.432E-03,3.338E-01,1.767E+00,-5.044E-02,1.698E+00,1.485E+00,4.935E+00,3.499E-02,1.000E+00,1.000E+00,2.339E-01,1.599E+00,1.712E+00,-3.930E-02,1.723E+00,1.678E+00,4.935E+00,3.610E-02,1.000E+00,1.000E+00,1.119E-01,3.174E+00,1.769E+00,-1.347E-02,1.314E+00,1.680E+00,4.935E+00,3.191E-02,1.000E+00,1.000E+00,5.405E-02,5.127E+00
6.000E+00,0.000E+00,0.000E+00,4.808E-03,0.000E+00,0.000E+00,7.080E-06,1.587E-05,2.388E-03,9.501E-03,3.363E-01,1.757E+00,-6.253E-02,1.753E+00,1.545E+00,4.935E+00,4.373E-02,1.000E+00,1.000E+00,2.338E-01,1.600E+00,1.720E+00,-5.630E-02,1.810E+00,1.647E+00,4.935E+00,4.512E-02,1.000E+00,1.000E+00,1.115E-01,3.183E+00,1.772E+00,-1.612E-02,1.305E+00,1.690E+00,4.935E+00,3.881E-02,1.000E+00,1.000E+00,5.386E-02,5.140E+00
7.000E+00,0.000E+00,0.000E+00,4.853E-03,0.000E+00,0.000E+00,7.324E-06,1.611E-05,2.398E-03,9.570E-03,3.387E-01,1.747E+00,-7.462E-02,1.808E+00,1.606E+00,4.935E+00,5.248E-02,1.000E+00,1.000E+00,2.336E-01,1.601E+00,1.728E+00,-7.331E-02,1.897E+00,1.616E+00,4.935E+00,5.415E-02,1.000E+00,1.000E+00,1.112E-01,3.191E+00,1.776E+00,-1.877E-02,1.295E+00,1.700E+00,4.935E+00,4.572E-02,1.000E+00,1.000E+00,5.367E-02,5.153E+00
8.000E+00,0.000E+00,0.000E+00,4.898E-03,0.000E+00,0.000E+00,7.568E-06,1.636E-05,2.409E-03,9.639E-03,3.411E-01,1.737E+00,-8.671E-02,1.863E+00,1.666E+00,4.935E+00,6.123E-02,1.000E+00,1.000E+00,2.335E-01,1.602E+00,1.737E+00,-9.032E-02,1.984E+00,1.586E+00,4.935E+00,6.317E-02,1.000E+00,1.000E+00,1.108E-01,3.200E+00,1.779E+00,-2.142E-02,1.285E+00,1.710E+00,4.935E+00,5.263E-02,1.000E+00,1.000E+00,5.349E-02,5.167E+00
9.000E+00,0.000E+00,0.000E+00,4.920E-03,0.000E+00,0.000E+00,7.690E-06,1.648E-05,2.414E-03,9.673E-03,3.423E-01,1.733E+00,-9.276E-02,1.891E+00,1.696E+00,4.935E+00,6.560E-02,1.000E+00,1.000E+00,2.334E-01,1.602E+00,1.742E+00,-9.883E-02,2.028E+00,1.570E+00,4.935E+00,6.768E-02,1.000E+00,1.000E+00,1.106E-01,3.204E+00,1.781E+00,-2.275E-02,1.281E+00,1.715E+00,4.935E+00,5.609E-02,1.000E+00,1.000E+00,5.339E-02,5.173E+00
1.000E+01,0.000E+00,0.000E+00,4.942E-03,0.000E+00,0.000E+00,7.813E-06,1.660E-05,2.419E-03,9.708E-03,3.436E-01,1.728E+00,-9.880E-02,1.918E+00,1.726E+00,4.935E+00,6.997E-02,1.000E+00,1.000E+00,2.333E-01,1.603E+00,1.747E+00,-1.073E-01,2.071E+00,1.555E+00,4.935E+00,7.220E-02,1.000E+00,1.000E+00,1.105E-01,3.209E+00,1.783E+00,-2.407E-02,1.276E+00,1.720E+00,4.935E+00,5.954E-02,1.000E+00,1.000E+00,5.330E-02,5.180E+00
1.100E+01,0.000E+00,0.000E+00,5.035E-03,0.000E+00,0.000E+00,8.545E-06,1.794E-05,2.472E-03,9.916E-03,3.508E-01,1.726E+00,-1.086E-01,1.969E+00,1.743E+00,4.935E+00,7.685E-02,1.000E+00,1.000E+00,2.324E-01,1.609E+00,1.746E+00,-1.202E-01,2.136E+00,1.575E+00,4.935E+00,8.031E-02,1.000E+00,1.000E+00,1.104E-01,3.209E+00,1.767E+00,-6.665E-02,1.616E+00,1.644E+00,4.935E+00,7.220E-02,1.000E+00,1.000E+00,5.332E-02,5.179E+00
1.200E+01,0.000E+00,0.000E+00,5.128E-03,0.000E+00,0.000E+00,9.277E-06,1.929E-05,2.526E-03,1.012E-02,3.580E-01,1.725E+00,-1.184E-01,2.019E+00,1.759E+00,4.935E+00,8.372E-02,1.000E+00,1.000E+00,2.314E-01,1.615E+00,1.744E+00,-1.332E-01,2.202E+00,1.596E+00,4.935E+00,8.842E-02,1.000E+00,1.000E+00,1.104E-01,3.210E+00,1.764E+00,-1.092E-01,1.956E+00,1.569E+00,4.935E+00,8.486E-02,1.000E+00,1.000E+00,5.333E-02,5.178E+00
1.300E+01,0.000E+00,0.000E+00,5.221E-03,0.000E+00,0.000E+00,1.001E-05,2.063E-05,2.579E-03,1.033E-02,3.652E-01,1.723E+00,-1.282E-01,2.069E+00,1.775E+00,4.935E+00,9.060E-02,1.000E+00,1.000E+00,2.304E-01,1.621E+00,1.743E+00,-1.461E-01,2.267E+00,1.616E+00,4.935E+00,9.653E-02,1.000E+00,1.000E+00,1.104E-01,3.210E+00,1.771E+00,-1.518E-01,2.296E+00,1.493E+00,4.935E+00,9.752E-02,1.000E+00,1.000E+00,5.335E-02,5.176E+00
1.400E+01,0.000E+00,0.000E+00,5.267E-03,0.000E+00,0.000E+00,1.038E-05,2.130E-05,2.606E-03,1.043E-02,3.688E-01,1.722E+00,-1.330E-01,2.094E+00,1.784E+00,4.935E+00,9.403E-02,1.000E+00,1.000E+00,2.299E-01,1.624E+00,1.742E+00,-1.525E-01,2.299E+00,1.626E+00,4.935E+00,1.006E-01,1.000E+00,1.000E+00,1.104E-01,3.211E+00,1.778E+00,-1.731E-01,2.466E+00,1.455E+00,4.935E+00,1.038E-01,1.000E+00,1.000E+00,5.336E-02,5.176E+00
1.500E+01,0.000E+00,0.000E+00,5.313E-03,0.000E+00,0.000E+00,1.074E-05,2.197E-05,2.633E-03,1.054E-02,3.724E-01,1.722E+00,-1.379E-01,2.119E+00,1.792E+00,4.935E+00,9.747E-02,1.000E+00,1.000E+00,2.295E-01,1.627E+00,1.742E+00,-1.590E-01,2.332E+00,1.636E+00,4.935E+00,1.046E-01,1.000E+00,1.000E+00,1.104E-01,3.211E+00,1.786E+00,-1.944E-01,2.636E+00,1.417E+00,4.935E+00,1.102E-01,1.000E+00,1.000E+00,5.337E-02,5.175E+00
1.600E+01,0.000E+00,0.000E+00,5.406E-03,0.000E+00,0.000E+00,1.147E-05,2.332E-05,2.686E-03,1.075E-02,3.796E-01,1.720E+00,-1.477E-01,2.169E+00,1.808E+00,4.935E+00,1.043E-01,1.000E+00,1.000E+00,2.285E-01,1.632E+00,1.741E+00,-1.719E-01,2.397E+00,1.657E+00,4.935E+00,1.128E-01,1.000E+00,1.000E+00,1.103E-01,3.211E+00,1.808E+00,-2.370E-01,2.976E+00,1.341E+00,4.935E+00,1.228E-01,1.000E+00,1.000E+00,5.338E-02,5.174E+00
1.700E+01,0.000E+00,0.000E+00,5.499E-03,0.000E+00,0.000E+00,1.221E-05,2.466E-05,2.740E-03,1.095E-02,3.868E-01,1.719E+00,-1.575E-01,2.219E+00,1.824E+00,4.935E+00,1.112E-01,1.000E+00,1.000E+00,2.275E-01,1.638E+00,1.740E+00,-1.848E-01,2.462E+00,1.677E+00,4.935E+00,1.209E-01,1.000E+00,1.000E+00,1.103E-01,3.212E+00,1.835E+00,-2.796E-01,3.316E+00,1.265E+00,4.935E+00,1.355E-01,1.000E+00,1.000E+00,5.340E-02,5.173E+00
1.800E+01,0.000E+00,0.000E+00,5.592E-03,0.000E+00,0.000E+00,1.294E-05,2.600E-05,2.793E-03,1.116E-02,3.940E-01,1.717E+00,-1.673E-01,2.269E+00,1.841E+00,4.935E+00,1.181E-01,1.000E+00,1.000E+00,2.266E-01,1.644E+00,1.739E+00,-1.977E-01,2.527E+00,1.697E+00,4.935E+00,1.290E-01,1.000E+00,1.000E+00,1.103E-01,3.213E+00,1.866E+00,-3.221E-01,3.656E+00,1.189E+00,4.935E+00,1.482E-01,1.000E+00,1.000E+00,5.342E-02,5.171E+00
1.900E+01,0.000E+00,0.000E+00,5.638E-03,0.000E+00,0.000E+00,1.331E-05,2.667E-05,2.820E-03,1.127E-02,3.976E-01,1.717E+00,-1.722E-01,2.294E+00,1.849E+00,4.935E+00,1.215E-01,1.000E+00,1.000E+00,2.261E-01,1.647E+00,1.739E+00,-2.042E-01,2.560E+00,1.707E+00,4.935E+00,1.330E-01,1.000E+00,1.000E+00,1.103E-01,3.213E+00,1.884E+00,-3.434E-01,3.826E+00,1.152E+00,4.935E+00,1.545E-01,1.000E+00,1.000E+00,5.343E-02,5.171E+00
2.000E+01,0.000E+00,0.000E+00,5.685E-03,0.000E+00,0.000E+00,1.367E-05,2.734E-05,2.847E-03,1.137E-02,4.012E-01,1.716E+00,-1.771E-01,2.320E+00,1.857E+00,4.935E+00,1.250E-01,1.000E+00,1.000E+00,2.256E-01,1.650E+00,1.738E+00,-2.106E-01,2.592E+00,1.717E+00,4.935E+00,1.371E-01,1.000E+00,1.000E+00,1.103E-01,3.213E+00,1.902E+00,-3.647E-01,3.996E+00,1.114E+00,4.935E+00,1.608E-01,1.000E+00,1.000E+00,5.344E-02,5.170E+00
2.100E+01,0.000E+00,0.000E+00,5.887E-03,0.000E+00,0.000E+00,1.355E-05,2.722E-05,2.958E-03,1.176E-02,4.155E-01,1.713E+00,-1.990E-01,2.553E+00,1.821E+00,4.935E+00,1.330E-01,1.000E+00,1.000E+00,2.245E-01,1.657E+00,1.733E+00,-2.279E-01,2.763E+00,1.720E+00,4.935E+00,1.455E-01,1.000E+00,1.000E+00,1.097E-01,3.227E+00,1.885E+00,-3.658E-01,3.942E+00,1.180E+00,4.935E+00,1.722E-01,1.000E+00,1.000E+00,5.303E-02,5.201E+00
2.200E+01,0.000E+00,0.000E+00,6.089E-03,0.000E+00,0.000E+00,1.343E-05,2.710E-05,3.069E-03,1.216E-02,4.299E-01,1.712E+00,-2.208E-01,2.786E+00,1.786E+00,4.935E+00,1.411E-01,1.000E+00,1.000E+00,2.235E-01,1.664E+00,1.729E+00,-2.451E-01,2.933E+00,1.723E+00,4.935E+00,1.540E-01,1.000E+00,1.000E+00,1.092E-01,3.240E+00,1.869E+00,-3.669E-01,3.888E+00,1.245E+00,4.935E+00,1.836E-01,1.000E+00,1.000E+00,5.262E-02,5.232E+00
2.300E+01,0.000E+00,0.000E+00,6.291E-03,0.000E+00,0.000E+00,1.331E-05,2.698E-05,3.180E-03,1.255E-02,4.442E-01,1.713E+00,-2.427E-01,3.020E+00,1.750E+00,4.935E+00,1.491E-01,1.000E+00,1.000E+00,2.225E-01,1.671E+00,1.726E+00,-2.623E-01,3.103E+00,1.726E+00,4.935E+00,1.624E-01,1.000E+00,1.000E+00,1.087E-01,3.254E+00,1.853E+00,-3.680E-01,3.834E+00,1.311E+00,4.935E+00,1.950E-01,1.000E+00,1.000E+00,5.222E-02,5.263E+00
2.400E+01,0.000E+00,0.000E+00,6.392E-03,0.000E+00,0.000E+00,1.324E-05,2.692E-05,3.235E-03,1.275E-02,4.514E-01,1.715E+00,-2.536E-01,3.136E+00,1.732E+00,4.935E+00,1.531E-01,1.000E+00,1.000E+00,2.219E-01,1.674E+00,1.725E+00,-2.709E-01,3.188E+00,1.727E+00,4.935E+00,1.667E-01,1.000E+00,1.000E+00,1.084E-01,3.261E+00,1.846E+00,-3.686E-01,3.807E+00,1.344E+00,4.935E+00,2.007E-01,1.000E+00,1.000E+00,5.201E-02,5.279E+00
2.500E+01,0.000E+00,0.000E+00,6.493E-03,0.000E+00,0.000E+00,1.318E-05,2.686E-05,3.291E-03,1.294E-02,4.586E-01,1.717E+00,-2.646E-01,3.253E+00,1.714E+00,4.935E+00,1.571E-01,1.000E+00,1.000E+00,2.214E-01,1.678E+00,1.724E+00,-2.795E-01,3.274E+00,1.729E+00,4.935E+00,1.709E-01,1.000E+00,1.000E+00,1.081E-01,3.267E+00,1.839E+00,-3.691E-01,3.780E+00,1.377E+00,4.935E+00,2.064E-01,1.000E+00,1.000E+00,5.181E-02,5.294E+00
2.600E+01,0.000E+00,0.000E+00,6.695E-03,0.000E+00,0.000E+00,1.306E-05,2.673E-05,3.402E-03,1.334E-02,4.729E-01,1.722E+00,-2.865E-01,3.486E+00,1.678E+00,4.935E+00,1.652E-01,1.000E+00,1.000E+00,2.204E-01,1.684E+00,1.723E+00,-2.968E-01,3.444E+00,1.731E+00,4.935E+00,1.793E-01,1.000E+00,1.000E+00,1.076E-01,3.281E+00,1.826E+00,-3.702E-01,3.726E+00,1.443E+00,4.935E+00,2.179E-01,1.000E+00,1.000E+00,5.140E-02,5.325E+00
2.700E+01,0.000E+00,0.000E+00,6.897E-03,0.000E+00,0.000E+00,1.294E-05,2.661E-05,3.513E-03,1.373E-02,4.872E-01,1.729E+00,-3.083E-01,3.719E+00,1.642E+00,4.935E+00,1.732E-01,1.000E+00,1.000E+00,2.193E-01,1.691E+00,1.722E+00,-3.140E-01,3.614E+00,1.734E+00,4.935E+00,1.878E-01,1.000E+00,1.000E+00,1.071E-01,3.295E+00,1.813E+00,-3.713E-01,3.671E+00,1.509E+00,4.935E+00,2.293E-01,1.000E+00,1.000E+00,5.099E-02,5.356E+00
2.800E+01,0.000E+00,0.000E+00,7.100E-03,0.000E+00,0.000E+00,1.282E-05,2.649E-05,3.624E-03,1.413E-02,5.016E-01,1.738E+00,-3.302E-01,3.953E+00,1.607E+00,4.935E+00,1.813E-01,1.000E+00,1.000E+00,2.183E-01,1.698E+00,1.722E+00,-3.312E-01,3.785E+00,1.737E+00,4.935E+00,1.962E-01,1.000E+00,1.000E+00,1.065E-01,3.308E+00,1.802E+00,-3.724E-01,3.617E+00,1.575E+00,4.935E+00,2.407E-01,1.000E+00,1.000E+00,5.059E-02,5.387E+00
2.900E+01,0.000E+00,0.000E+00,7.201E-03,0.000E+00,0.000E+00,1.276E-05,2.643E-05,3.680E-03,1.432E-02,5.088E-01,1.743E+00,-3.411E-01,4.069E+00,1.589E+00,4.935E+00,1.853E-01,1.000E+00,1.000E+00,2.178E-01,1.701E+00,1.722E+00,-3.398E-01,3.870E+00,1.738E+00,4.935E+00,2.004E-01,1.000E+00,1.000E+00,1.063E-01,3.315E+00,1.796E+00,-3.730E-01,3.590E+00,1.608E+00,4.935E+00,2.464E-01,1.000E+00,1.000E+00,5.038E-02,5.403E+00
3.000E+01,0.000E+00,0.000E+00,7.302E-03,0.000E+00,0.000E+00,1.270E-05,2.637E-05,3.735E-03,1.452E-02,5.159E-01,1.748E+00,-3.521E-01,4.186E+00,1.571E+00,4.935E+00,1.893E-01,1.000E+00,1.000E+00,2.172E-01,1.705E+00,1.722E+00,-3.484E-01,3.955E+00,1.740E+00,4.935E+00,2.047E-01,1.000E+00,1.000E+00,1.060E-01,3.322E+00,1.791E+00,-3.736E-01,3.563E+00,1.641E+00,4.935E+00,2.521E-01,1.000E+00,1.000E+00,5.018E-02,5.418E+00
3.100E+01,0.000E+00,0.000E+00,7.878E-03,0.000E+00,0.000E+00,5.762E-05,7.153E-05,3.994E-03,1.565E-02,5.571E-01,1.737E+00,-3.550E-01,4.209E+00,1.620E+00,4.935E+00,1.959E-01,1.000E+00,1.000E+00,2.154E-01,1.718E+00,1.715E+00,-3.501E-01,3.955E+00,1.780E+00,4.935E+00,2.094E-01,1.000E+00,1.000E+00,1.055E-01,3.336E+00,1.775E+00,-4.052E-01,4.150E+00,1.631E+00,4.935E+00,2.640E-01,1.000E+00,1.000E+00,5.001E-02,5.432E+00
3.200E+01,0.000E+00,0.000E+00,8.166E-03,0.000E+00,0.000E+00,8.008E-05,9.412E-05,4.123E-03,1.622E-02,5.777E-01,1.732E+00,-3.565E-01,4.220E+00,1.645E+00,4.935E+00,1.992E-01,1.000E+00,1.000E+00,2.145E-01,1.724E+00,1.711E+00,-3.509E-01,3.955E+00,1.800E+00,4.935E+00,2.117E-01,1.000E+00,1.000E+00,1.052E-01,3.344E+00,1.770E+00,-4.210E-01,4.443E+00,1.627E+00,4.935E+00,2.700E-01,1.000E+00,1.000E+00,4.992E-02,5.439E+00
3.300E+01,0.000E+00,0.000E+00,8.454E-03,0.000E+00,0.000E+00,1.025E-04,1.167E-04,4.252E-03,1.678E-02,5.983E-01,1.726E+00,-3.580E-01,4.231E+00,1.669E+00,4.935E+00,2.025E-01,1.000E+00,1.000E+00,2.136E-01,1.731E+00,1.707E+00,-3.518E-01,3.955E+00,1.820E+00,4.935E+00,2.140E-01,1.000E+00,1.000E+00,1.049E-01,3.351E+00,1.765E+00,-4.368E-01,4.736E+00,1.622E+00,4.935E+00,2.759E-01,1.000E+00,1.000E+00,4.983E-02,5.446E+00
3.400E+01,0.000E+00,0.000E+00,8.742E-03,0.000E+00,0.000E+00,1.250E-04,1.393E-04,4.381E-03,1.735E-02,6.189E-01,1.721E+00,-3.594E-01,4.243E+00,1.694E+00,4.935E+00,2.058E-01,1.000E+00,1.000E+00,2.127E-01,1.737E+00,1.704E+00,-3.526E-01,3.955E+00,1.840E+00,4.935E+00,2.164E-01,1.000E+00,1.000E+00,1.047E-01,3.359E+00,1.762E+00,-4.526E-01,5.030E+00,1.617E+00,4.935E+00,2.819E-01,1.000E+00,1.000E+00,4.975E-02,5.454E+00
3.500E+01,0.000E+00,0.000E+00,9.030E-03,0.000E+00,0.000E+00,1.475E-04,1.619E-04,4.511E-03,1.791E-02,6.395E-01,1.716E+00,-3.609E-01,4.254E+00,1.719E+00,4.935E+00,2.091E-01,1.000E+00,1.000E+00,2.118E-01,1.744E+00,1.700E+00,-3.534E-01,3.956E+00,1.860E+00,4.935E+00,2.187E-01,1.000E+00,1.000E+00,1.044E-01,3.366E+00,1.760E+00,-4.684E-01,5.323E+00,1.612E+00,4.935E+00,2.879E-01,1.000E+00,1.000E+00,4.966E-02,5.461E+00
3.600E+01,0.000E+00,0.000E+00,9.318E-03,0.000E+00,0.000E+00,1.699E-04,1.844E-04,4.640E-03,1.848E-02,6.601E-01,1.711E+00,-3.624E-01,4.265E+00,1.744E+00,4.935E+00,2.124E-01,1.000E+00,1.000E+00,2.109E-01,1.750E+00,1.697E+00,-3.543E-01,3.956E+00,1.880E+00,4.935E+00,2.211E-01,1.000E+00,1.000E+00,1.041E-01,3.373E+00,1.759E+00,-4.842E-01,5.616E+00,1.608E+00,4.935E+00,2.938E-01,1.000E+00,1.000E+00,4.958E-02,5.468E+00
3.700E+01,0.000E+00,0.000E+00,9.606E-03,0.000E+00,0.000E+00,1.924E-04,2.070E-04,4.769E-03,1.904E-02,6.807E-01,1.706E+00,-3.639E-01,4.276E+00,1.768E+00,4.935E+00,2.157E-01,1.000E+00,1.000E+00,2.100E-01,1.757E+00,1.694E+00,-3.551E-01,3.956E+00,1.900E+00,4.935E+00,2.234E-01,1.000E+00,1.000E+00,1.038E-01,3.381E+00,1.759E+00,-5.000E-01,5.910E+00,1.603E+00,4.935E+00,2.998E-01,1.000E+00,1.000E+00,4.949E-02,5.475E+00
3.800E+01,0.000E+00,0.000E+00,9.895E-03,0.000E+00,0.000E+00,2.148E-04,2.296E-04,4.898E-03,1.961E-02,7.013E-01,1.701E+00,-3.653E-01,4.288E+00,1.793E+00,4.935E+00,2.190E-01,1.000E+00,1.000E+00,2.091E-01,1.763E+00,1.690E+00,-3.559E-01,3.956E+00,1.920E+00,4.935E+00,2.257E-01,1.000E+00,1.000E+00,1.036E-01,3.388E+00,1.759E+00,-5.159E-01,6.203E+00,1.598E+00,4.935E+00,3.058E-01,1.000E+00,1.000E+00,4.940E-02,5.482E+00
3.900E+01,0.000E+00,0.000E+00,1.018E-02,0.000E+00,0.000E+00,2.373E-04,2.522E-04,5.027E-03,2.017E-02,7.219E-01,1.696E+00,-3.668E-01,4.299E+00,1.818E+00,4.935E+00,2.223E-01,1.000E+00,1.000E+00,2.082E-01,1.770E+00,1.687E+00,-3.567E-01,3.956E+00,1.940E+00,4.935E+00,2.281E-01,1.000E+00,1.000E+00,1.033E-01,3.396E+00,1.760E+00,-5.317E-01,6.496E+00,1.593E+00,4.935E+00,3.117E-01,1.000E+00,1.000E+00,4.932E-02,5.489E+00
4.000E+01,0.000E+00,0.000E+00,1.047E-02,0.000E+00,0.000E+00,2.598E-04,2.748E-04,5.157E-03,2.074E-02,7.425E-01,1.692E+00,-3.683E-01,4.310E+00,1.842E+00,4.935E+00,2.256E-01,1.000E+00,1.000E+00,2.073E-01,1.776E+00,1.684E+00,-3.576E-01,3.956E+00,1.960E+00,4.935E+00,2.304E-01,1.000E+00,1.000E+00,1.030E-01,3.403E+00,1.761E+00,-5.475E-01,6.790E+00,1.588E+00,4.935E+00,3.177E-01,1.000E+00,1.000E+00,4.923E-02,5.496E+00
4.100E+01,0.000E+00,0.000E+00,1.076E-02,0.000E+00,0.000E+00,2.822E-04,2.974E-04,5.286E-03,2.131E-02,7.631E-01,1.687E+00,-3.698E-01,4.322E+00,1.867E+00,4.935E+00,2.289E-01,1.000E+00,1.000E+00,2.064E-01,1.783E+00,1.681E+00,-3.584E-01,3.956E+00,1.980E+00,4.935E+00,2.328E-01,1.000E+00,1.000E+00,1.028E-01,3.410E+00,1.763E+00,-5.633E-01,7.083E+00,1.584E+00,4.935E+00,3.237E-01,1.000E+00,1.000E+00,4.914E-02,5.503E+00
4.200E+01,0.000E+00,0.000E+00,1.105E-02,0.000E+00,0.000E+00,3.047E-04,3.199E-04,5.415E-03,2.187E-02,7.837E-01,1.682E+00,-3.712E-01,4.333E+00,1.892E+00,4.935E+00,2.322E-01,1.000E+00,1.000E+00,2.055E-01,1.789E+00,1.677E+00,-3.592E-01,3.956E+00,2.000E+00,4.935E+00,2.351E-01,1.000E+00,1.000E+00,1.025E-01,3.418E+00,1.765E+00,-5.791E-01,7.376E+00,1.579E+00,4.935E+00,3.296E-01,1.000E+00,1.000E+00,4.906E-02,5.510E+00
4.300E+01,0.000E+00,0.000E+00,1.133E-02,0.000E+00,0.000E+00,3.271E-04,3.425E-04,5.544E-03,2.244E-02,8.043E-01,1.678E+00,-3.727E-01,4.344E+00,1.916E+00,4.935E+00,2.355E-01,1.000E+00,1.000E+00,2.046E-01,1.796E+00,1.674E+00,-3.601E-01,3.956E+00,2.020E+00,4.935E+00,2.374E-01,1.000E+00,1.000E+00,1.022E-01,3.425E+00,1.768E+00,-5.949E-01,7.669E+00,1.574E+00,4.935E+00,3.356E-01,1.000E+00,1.000E+00,4.897E-02,5.517E+00
4.400E+01,0.000E+00,0.000E+00,1.162E-02,0.000E+00,0.000E+00,3.496E-04,3.651E-04,5.674E-03,2.300E-02,8.249E-01,1.673E+00,-3.742E-01,4.356E+00,1.941E+00,4.935E+00,2.388E-01,1.000E+00,1.000E+00,2.037E-01,1.802E+00,1.671E+00,-3.609E-01,3.956E+00,2.040E+00,4.935E+00,2.398E-01,1.000E+00,1.000E+00,1.020E-01,3.433E+00,1.771E+00,-6.107E-01,7.963E+00,1.569E+00,4.935E+00,3.415E-01,1.000E+00,1.000E+00,4.888E-02,5.524E+00
4.500E+01,0.000E+00,0.000E+00,1.191E-02,0.000E+00,0.000E+00,3.721E-04,3.877E-04,5.803E-03,2.357E-02,8.455E-01,1.669E+00,-3.757E-01,4.367E+00,1.966E+00,4.935E+00,2.421E-01,1.000E+00,1.000E+00,2.028E-01,1.809E+00,1.668E+00,-3.617E-01,3.957E+00,2.060E+00,4.935E+00,2.421E-01,1.000E+00,1.000E+00,1.017E-01,3.440E+00,1.774E+00,-6.265E-01,8.256E+00,1.565E+00,4.935E+00,3.475E-01,1.000E+00,1.000E+00,4.880E-02,5.531E+00
4.600E+01,0.000E+00,0.000E+00,1.266E-02,0.000E+00,0.000E+00,2.607E-04,2.944E-04,6.228E-03,2.481E-02,8.910E-01,1.673E+00,-3.568E-01,3.976E+00,2.008E+00,4.935E+00,2.419E-01,1.000E+00,1.000E+00,2.049E-01,1.793E+00,1.665E+00,-3.796E-01,4.243E+00,2.045E+00,4.935E+00,2.525E-01,1.000E+00,1.000E+00,1.019E-01,3.434E+00,1.762E+00,-5.895E-01,6.959E+00,1.665E+00,4.935E+00,3.436E-01,1.000E+00,1.000E+00,4.858E-02,5.550E+00
4.700E+01,0.000E+00,0.000E+00,1.304E-02,0.000E+00,0.000E+00,2.051E-04,2.478E-04,6.441E-03,2.544E-02,9.138E-01,1.676E+00,-3.474E-01,3.780E+00,2.029E+00,4.935E+00,2.417E-01,1.000E+00,1.000E+00,2.060E-01,1.785E+00,1.663E+00,-3.885E-01,4.387E+00,2.038E+00,4.935E+00,2.577E-01,1.000E+00,1.000E+00,1.020E-01,3.431E+00,1.760E+00,-5.710E-01,6.311E+00,1.716E+00,4.935E+00,3.417E-01,1.000E+00,1.000E+00,4.847E-02,5.559E+00
4.800E+01,0.000E+00,0.000E+00,1.342E-02,0.000E+00,0.000E+00,1.494E-04,2.012E-04,6.653E-03,2.606E-02,9.365E-01,1.680E+00,-3.379E-01,3.584E+00,2.050E+00,4.935E+00,2.416E-01,1.000E+00,1.000E+00,2.071E-01,1.777E+00,1.662E+00,-3.974E-01,4.530E+00,2.030E+00,4.935E+00,2.629E-01,1.000E+00,1.000E+00,1.021E-01,3.428E+00,1.762E+00,-5.525E-01,5.662E+00,1.766E+00,4.935E+00,3.397E-01,1.000E+00,1.000E+00,4.836E-02,5.569E+00
4.900E+01,0.000E+00,0.000E+00,1.396E-02,0.000E+00,0.000E+00,4.272E-04,4.658E-04,7.070E-03,2.763E-02,9.979E-01,1.671E+00,-3.420E-01,3.715E+00,2.062E+00,4.935E+00,2.406E-01,1.000E+00,1.000E+00,2.053E-01,1.790E+00,1.657E+00,-4.046E-01,4.620E+00,2.058E+00,4.935E+00,2.671E-01,1.000E+00,1.000E+00,1.001E-01,3.485E+00,1.759E+00,-6.309E-01,8.057E+00,1.650E+00,4.935E+00,3.606E-01,1.000E+00,1.000E+00,4.746E-02,5.647E+00
5.000E+01,0.000E+00,0.000E+00,1.423E-02,0.000E+00,0.000E+00,5.662E-04,5.981E-04,7.279E-03,2.841E-02,1.029E+00,1.667E+00,-3.440E-01,3.780E+00,2.068E+00,4.935E+00,2.400E-01,1.000E+00,1.000E+00,2.045E-01,1.796E+00,1.654E+00,-4.082E-01,4.665E+00,2.071E+00,4.935E+00,2.692E-01,1.000E+00,1.000E+00,9.917E-02,3.514E+00,1.770E+00,-6.701E-01,9.255E+00,1.591E+00,4.935E+00,3.710E-01,1.000E+00,1.000E+00,4.701E-02,5.687E+00
5.100E+01,0.000E+00,0.000E+00,1.451E-02,0.000E+00,0.000E+00,7.051E-04,7.305E-04,7.487E-03,2.920E-02,1.059E+00,1.663E+00,-3.461E-01,3.845E+00,2.074E+00,4.935E+00,2.395E-01,1.000E+00,1.000E+00,2.036E-01,1.802E+00,1.652E+00,-4.118E-01,4.710E+00,2.085E+00,4.935E+00,2.713E-01,1.000E+00,1.000E+00,9.820E-02,3.542E+00,1.785E+00,-7.093E-01,1.045E+01,1.533E+00,4.935E+00,3.815E-01,1.000E+00,1.000E+00,4.656E-02,5.726E+00
5.200E+01,0.000E+00,0.000E+00,1.553E-02,0.000E+00,0.000E+00,6.562E-04,7.075E-04,8.036E-03,3.133E-02,1.132E+00,1.663E+00,-3.860E-01,4.505E+00,1.992E+00,4.935E+00,2.472E-01,1.000E+00,1.000E+00,2.027E-01,1.810E+00,1.652E+00,-4.231E-01,4.898E+00,2.069E+00,4.935E+00,2.798E-01,1.000E+00,1.000E+00,9.890E-02,3.521E+00,1.739E+00,-6.884E-01,9.877E+00,1.694E+00,4.935E+00,3.983E-01,1.000E+00,1.000E+00,4.596E-02,5.782E+00
5.300E+01,0.000E+00,0.000E+00,1.604E-02,0.000E+00,0.000E+00,6.318E-04,6.960E-04,8.310E-03,3.240E-02,1.169E+00,1.666E+00,-4.059E-01,4.835E+00,1.951E+00,4.935E+00,2.511E-01,1.000E+00,1.000E+00,2.022E-01,1.814E+00,1.653E+00,-4.288E-01,4.991E+00,2.062E+00,4.935E+00,2.840E-01,1.000E+00,1.000E+00,9.924E-02,3.511E+00,1.719E+00,-6.779E-01,9.590E+00,1.775E+00,4.935E+00,4.067E-01,1.000E+00,1.000E+00,4.566E-02,5.809E+00
5.400E+01,0.000E+00,0.000E+00,1.655E-02,0.000E+00,0.000E+00,6.074E-04,6.846E-04,8.584E-03,3.346E-02,1.205E+00,1.671E+00,-4.258E-01,5.165E+00,1.910E+00,4.935E+00,2.550E-01,1.000E+00,1.000E+00,2.017E-01,1.817E+00,1.653E+00,-4.344E-01,5.085E+00,2.054E+00,4.935E+00,2.883E-01,1.000E+00,1.000E+00,9.959E-02,3.500E+00,1.699E+00,-6.675E-01,9.303E+00,1.856E+00,4.935E+00,4.151E-01,1.000E+00,1.000E+00,4.536E-02,5.837E+00
5.500E+01,0.000E+00,0.000E+00,1.742E-02,0.000E+00,0.000E+00,8.506E-04,8.569E-04,9.098E-03,3.534E-02,1.280E+00,1.642E+00,-4.123E-01,4.985E+00,2.057E+00,4.935E+00,2.617E-01,1.000E+00,1.000E+00,2.012E-01,1.821E+00,1.647E+00,-4.391E-01,5.280E+00,2.049E+00,4.935E+00,2.852E-01,1.000E+00,1.000E+00,9.923E-02,3.511E+00,1.670E+00,-6.746E-01,1.005E+01,1.930E+00,4.935E+00,4.169E-01,1.000E+00,1.000E+00,4.526E-02,5.847E+00
5.600E+01,0.000E+00,0.000E+00,1.786E-02,0.000E+00,0.000E+00,9.722E-04,9.431E-04,9.354E-03,3.629E-02,1.317E+00,1.629E+00,-4.055E-01,4.895E+00,2.130E+00,4.935E+00,2.650E-01,1.000E+00,1.000E+00,2.010E-01,1.822E+00,1.645E+00,-4.415E-01,5.378E+00,2.047E+00,4.935E+00,2.836E-01,1.000E+00,1.000E+00,9.905E-02,3.516E+00,1.657E+00,-6.782E-01,1.042E+01,1.967E+00,4.935E+00,4.177E-01,1.000E+00,1.000E+00,4.520E-02,5.852E+00
5.700E+01,0.000E+00,0.000E+00,1.830E-02,0.000E+00,0.000E+00,1.094E-03,1.029E-03,9.611E-03,3.723E-02,1.354E+00,1.617E+00,-3.988E-01,4.806E+00,2.204E+00,4.935E+00,2.684E-01,1.000E+00,1.000E+00,2.008E-01,1.824E+00,1.642E+00,-4.438E-01,5.476E+00,2.045E+00,4.935E+00,2.821E-01,1.000E+00,1.000E+00,9.887E-02,3.522E+00,1.643E+00,-6.817E-01,1.079E+01,2.005E+00,4.935E+00,4.186E-01,1.000E+00,1.000E+00,4.515E-02,5.857E+00
5.800E+01,0.000E+00,0.000E+00,1.907E-02,0.000E+00,0.000E+00,1.700E-03,1.563E-03,1.033E-02,3.965E-02,1.455E+00,1.605E+00,-3.911E-01,4.745E+00,2.263E+00,4.935E+00,2.652E-01,1.000E+00,1.000E+00,2.007E-01,1.825E+00,1.631E+00,-4.670E-01,6.230E+00,2.017E+00,4.935E+00,2.828E-01,1.000E+00,1.000E+00,9.844E-02,3.535E+00,1.647E+00,-6.857E-01,1.063E+01,2.014E+00,4.935E+00,4.137E-01,1.000E+00,1.000E+00,4.548E-02,5.826E+00
5.900E+01,0.000E+00,0.000E+00,1.946E-02,0.000E+00,0.000E+00,2.003E-03,1.829E-03,1.069E-02,4.087E-02,1.505E+00,1.599E+00,-3.873E-01,4.715E+00,2.292E+00,4.935E+00,2.636E-01,1.000E+00,1.000E+00,2.007E-01,1.825E+00,1.627E+00,-4.786E-01,6.608E+00,2.003E+00,4.935E+00,2.832E-01,1.000E+00,1.000E+00,9.822E-02,3.541E+00,1.648E+00,-6.877E-01,1.054E+01,2.019E+00,4.935E+00,4.112E-01,1.000E+00,1.000E+00,4.564E-02,5.811E+00
6.000E+01,0.000E+00,0.000E+00,1.984E-02,0.000E+00,0.000E+00,2.307E-03,2.096E-03,1.104E-02,4.208E-02,1.555E+00,1.594E+00,-3.835E-01,4.685E+00,2.321E+00,4.935E+00,2.621E-01,1.000E+00,1.000E+00,2.007E-01,1.825E+00,1.624E+00,-4.902E-01,6.985E+00,1.989E+00,4.935E+00,2.835E-01,1.000E+00,1.000E+00,9.800E-02,3.548E+00,1.650E+00,-6.896E-01,1.046E+01,2.024E+00,4.935E+00,4.088E-01,1.000E+00,1.000E+00,4.581E-02,5.795E+00
6.100E+01,0.000E+00,0.000E+00,2.096E-02,0.000E+00,0.000E+00,3.000E-03,2.637E-03,1.195E-02,4.511E-02,1.682E+00,1.583E+00,-4.350E-01,6.196E+00,2.160E+00,4.935E+00,2.641E-01,1.000E+00,1.000E+00,1.989E-01,1.839E+00,1.615E+00,-5.040E-01,7.588E+00,1.977E+00,4.935E+00,2.856E-01,1.000E+00,1.000E+00,9.729E-02,3.570E+00,1.641E+00,-6.992E-01,1.044E+01,2.093E+00,4.935E+00,4.326E-01,1.000E+00,1.000E+00,4.542E-02,5.832E+00
6.200E+01,0.000E+00,0.000E+00,2.152E-02,0.000E+00,0.000E+00,3.347E-03,2.907E-03,1.240E-02,4.663E-02,1.746E+00,1.587E+00,-4.608E-01,6.952E+00,2.080E+00,4.935E+00,2.651E-01,1.000E+00,1.000E+00,1.980E-01,1.846E+00,1.612E+00,-5.108E-01,7.889E+00,1.971E+00,4.935E+00,2.866E-01,1.000E+00,1.000E+00,9.694E-02,3.580E+00,1.637E+00,-7.039E-01,1.042E+01,2.128E+00,4.935E+00,4.445E-01,1.000E+00,1.000E+00,4.523E-02,5.850E+00
6.300E+01,0.000E+00,0.000E+00,2.207E-02,0.000E+00,0.000E+00,3.694E-03,3.178E-03,1.286E-02,4.814E-02,1.809E+00,1.595E+00,-4.866E-01,7.708E+00,1.999E+00,4.935E+00,2.662E-01,1.000E+00,1.000E+00,1.971E-01,1.853E+00,1.609E+00,-5.177E-01,8.190E+00,1.965E+00,4.935E+00,2.876E-01,1.000E+00,1.000E+00,9.659E-02,3.591E+00,1.632E+00,-7.087E-01,1.041E+01,2.163E+00,4.935E+00,4.564E-01,1.000E+00,1.000E+00,4.503E-02,5.868E+00
6.400E+01,0.000E+00,0.000E+00,2.295E-02,0.000E+00,0.000E+00,4.813E-03,4.150E-03,1.372E-02,5.105E-02,1.944E+00,1.570E+00,-5.589E-01,1.194E+01,1.875E+00,4.907E+00,2.777E-01,1.029E+00,1.000E+00,1.925E-01,1.892E+00,1.587E+00,-5.227E-01,8.594E+00,2.033E+00,4.922E+00,2.941E-01,1.014E+00,1.000E+00,9.587E-02,3.614E+00,1.595E+00,-7.184E-01,1.162E+01,2.269E+00,4.935E+00,4.674E-01,1.000E+00,1.000E+00,4.429E-02,5.942E+00
6.500E+01,0.000E+00,0.000E+00,2.338E-02,0.000E+00,0.000E+00,5.373E-03,4.637E-03,1.416E-02,5.251E-02,2.011E+00,1.575E+00,-5.951E-01,1.405E+01,1.813E+00,4.894E+00,2.834E-01,1.044E+00,1.000E+00,1.902E-01,1.911E+00,1.577E+00,-5.252E-01,8.796E+00,2.067E+00,4.915E+00,2.973E-01,1.021E+00,1.000E+00,9.551E-02,3.625E+00,1.578E+00,-7.233E-01,1.222E+01,2.322E+00,4.935E+00,4.729E-01,1.000E+00,1.000E+00,4.391E-02,5.978E+00
6.600E+01,0.000E+00,0.000E+00,2.382E-02,0.000E+00,0.000E+00,5.933E-03,5.123E-03,1.459E-02,5.396E-02,2.079E+00,1.586E+00,-6.313E-01,1.617E+01,1.751E+00,4.881E+00,2.892E-01,1.058E+00,1.000E+00,1.879E-01,1.930E+00,1.566E+00,-5.277E-01,8.998E+00,2.101E+00,4.909E+00,3.005E-01,1.028E+00,1.000E+00,9.515E-02,3.637E+00,1.561E+00,-7.281E-01,1.282E+01,2.375E+00,4.935E+00,4.784E-01,1.000E+00,1.000E+00,4.354E-02,6.015E+00
6.700E+01,0.000E+00,0.000E+00,2.592E-02,0.000E+00,0.000E+00,6.432E-03,5.634E-03,1.594E-02,5.829E-02,2.257E+00,1.544E+00,-6.233E-01,1.703E+01,1.863E+00,4.846E+00,2.912E-01,1.097E+00,1.000E+00,1.896E-01,1.916E+00,1.547E+00,-5.718E-01,1.212E+01,2.013E+00,4.903E+00,3.042E-01,1.033E+00,1.000E+00,9.559E-02,3.622E+00,1.532E+00,-7.710E-01,1.741E+01,2.349E+00,4.926E+00,4.874E-01,1.010E+00,1.000E+00,4.327E-02,6.042E+00
6.800E+01,0.000E+00,0.000E+00,2.697E-02,0.000E+00,0.000E+00,6.682E-03,5.890E-03,1.661E-02,6.045E-02,2.345E+00,1.524E+00,-6.194E-01,1.746E+01,1.920E+00,4.829E+00,2.922E-01,1.116E+00,1.000E+00,1.904E-01,1.909E+00,1.545E+00,-5.939E-01,1.368E+01,1.969E+00,4.901E+00,3.060E-01,1.036E+00,1.000E+00,9.582E-02,3.615E+00,1.524E+00,-7.924E-01,1.971E+01,2.335E+00,4.921E+00,4.919E-01,1.015E+00,1.000E+00,4.313E-02,6.056E+00
6.900E+01,0.000E+00,0.000E+00,2.802E-02,0.000E+00,0.000E+00,6.932E-03,6.146E-03,1.729E-02,6.262E-02,2.434E+00,1.504E+00,-6.154E-01,1.789E+01,1.976E+00,4.813E+00,2.932E-01,1.135E+00,1.000E+00,1.912E-01,1.902E+00,1.547E+00,-6.159E-01,1.524E+01,1.925E+00,4.898E+00,3.079E-01,1.039E+00,1.000E+00,9.604E-02,3.608E+00,1.519E+00,-8.138E-01,2.201E+01,2.322E+00,4.917E+00,4.964E-01,1.019E+00,1.000E+00,4.300E-02,6.070E+00
7.000E+01,0.000E+00,0.000E+00,2.938E-02,0.000E+00,0.000E+00,8.571E-03,7.510E-03,1.883E-02,6.756E-02,2.652E+00,1.468E+00,-6.010E-01,1.736E+01,2.134E+00,4.779E+00,3.025E-01,1.175E+00,1.000E+00,1.909E-01,1.905E+00,1.511E+00,-5.993E-01,1.451E+01,2.092E+00,4.856E+00,3.120E-01,1.085E+00,1.000E+00,9.573E-02,3.618E+00,1.481E+00,-8.151E-01,2.458E+01,2.428E+00,4.819E+00,5.069E-01,1.129E+00,1.000E+00,4.264E-02,6.108E+00
7.100E+01,0.000E+00,0.000E+00,3.006E-02,0.000E+00,0.000E+00,9.391E-03,8.192E-03,1.960E-02,7.002E-02,2.761E+00,1.451E+00,-5.938E-01,1.710E+01,2.213E+00,4.763E+00,3.071E-01,1.195E+00,1.000E+00,1.907E-01,1.907E+00,1.495E+00,-5.911E-01,1.414E+01,2.176E+00,4.836E+00,3.140E-01,1.108E+00,1.000E+00,9.557E-02,3.623E+00,1.463E+00,-8.158E-01,2.587E+01,2.482E+00,4.773E+00,5.121E-01,1.183E+00,1.000E+00,4.246E-02,6.126E+00
7.200E+01,0.000E+00,0.000E+00,3.074E-02,0.000E+00,0.000E+00,1.021E-02,8.874E-03,2.037E-02,7.249E-02,2.869E+00,1.435E+00,-5.865E-01,1.683E+01,2.292E+00,4.746E+00,3.118E-01,1.216E+00,1.000E+00,1.905E-01,1.908E+00,1.479E+00,-5.828E-01,1.377E+01,2.259E+00,4.817E+00,3.161E-01,1.131E+00,1.000E+00,9.541E-02,3.628E+00,1.446E+00,-8.165E-01,2.716E+01,2.535E+00,4.729E+00,5.174E-01,1.238E+00,1.000E+00,4.227E-02,6.145E+00
7.300E+01,0.000E+00,0.000E+00,3.150E-02,0.000E+00,0.000E+00,1.187E-02,1.025E-02,2.155E-02,7.591E-02,3.038E+00,1.407E+00,-5.592E-01,1.513E+01,2.480E+00,4.709E+00,3.126E-01,1.262E+00,1.000E+00,1.873E-01,1.936E+00,1.453E+00,-5.817E-01,1.431E+01,2.360E+00,4.779E+00,3.256E-01,1.175E+00,1.000E+00,9.524E-02,3.633E+00,1.415E+00,-7.974E-01,2.508E+01,2.735E+00,4.718E+00,5.134E-01,1.251E+00,1.000E+00,4.148E-02,6.232E+00
7.400E+01,0.000E+00,0.000E+00,3.227E-02,0.000E+00,0.000E+00,1.353E-02,1.163E-02,2.272E-02,7.934E-02,3.206E+00,1.385E+00,-5.318E-01,1.343E+01,2.668E+00,4.674E+00,3.135E-01,1.309E+00,1.000E+00,1.841E-01,1.964E+00,1.428E+00,-5.807E-01,1.485E+01,2.461E+00,4.744E+00,3.351E-01,1.219E+00,1.000E+00,9.507E-02,3.639E+00,1.390E+00,-7.783E-01,2.299E+01,2.934E+00,4.708E+00,5.094E-01,1.264E+00,1.000E+00,4.069E-02,6.318E+00
7.500E+01,0.000E+00,0.000E+00,3.289E-02,0.000E+00,0.000E+00,1.550E-02,1.321E-02,2.406E-02,8.294E-02,3.390E+00,1.347E+00,-5.295E-01,1.361E+01,2.918E+00,4.608E+00,3.287E-01,1.400E+00,1.000E+00,1.765E-01,2.039E+00,1.385E+00,-5.582E-01,1.379E+01,2.751E+00,4.686E+00,3.413E-01,1.292E+00,1.000E+00,9.462E-02,3.654E+00,1.370E+00,-7.865E-01,2.489E+01,3.010E+00,4.626E+00,5.208E-01,1.374E+00,1.000E+00,4.083E-02,6.302E+00
7.600E+01,0.000E+00,0.000E+00,3.352E-02,0.000E+00,0.000E+00,1.747E-02,1.479E-02,2.540E-02,8.654E-02,3.574E+00,1.312E+00,-5.273E-01,1.378E+01,3.169E+00,4.545E+00,3.440E-01,1.491E+00,1.000E+00,1.688E-01,2.115E+00,1.350E+00,-5.357E-01,1.272E+01,3.040E+00,4.632E+00,3.475E-01,1.366E+00,1.000E+00,9.416E-02,3.668E+00,1.351E+00,-7.947E-01,2.679E+01,3.086E+00,4.551E+00,5.321E-01,1.483E+00,1.000E+00,4.097E-02,6.287E+00
7.700E+01,0.000E+00,0.000E+00,3.523E-02,0.000E+00,0.000E+00,1.847E-02,1.576E-02,2.680E-02,9.090E-02,3.764E+00,1.276E+00,-5.107E-01,1.327E+01,3.477E+00,4.473E+00,3.493E-01,1.603E+00,1.000E+00,1.684E-01,2.120E+00,1.332E+00,-5.318E-01,1.290E+01,3.141E+00,4.581E+00,3.515E-01,1.438E+00,1.000E+00,9.302E-02,3.706E+00,1.305E+00,-7.774E-01,2.567E+01,3.440E+00,4.503E+00,5.362E-01,1.556E+00,1.000E+00,4.095E-02,6.289E+00
7.800E+01,0.000E+00,0.000E+00,3.695E-02,0.000E+00,0.000E+00,1.946E-02,1.672E-02,2.821E-02,9.526E-02,3.954E+00,1.245E+00,-4.940E-01,1.275E+01,3.786E+00,4.405E+00,3.545E-01,1.716E+00,1.000E+00,1.679E-01,2.125E+00,1.315E+00,-5.278E-01,1.308E+01,3.242E+00,4.533E+00,3.555E-01,1.510E+00,1.000E+00,9.188E-02,3.744E+00,1.264E+00,-7.602E-01,2.454E+01,3.794E+00,4.457E+00,5.402E-01,1.629E+00,1.000E+00,4.093E-02,6.292E+00
7.900E+01,0.000E+00,0.000E+00,3.568E-02,0.000E+00,0.000E+00,2.280E-02,1.920E-02,2.919E-02,9.692E-02,4.099E+00,1.206E+00,-4.873E-01,1.286E+01,4.173E+00,4.319E+00,3.682E-01,1.871E+00,1.000E+00,1.645E-01,2.162E+00,1.276E+00,-5.195E-01,1.270E+01,3.623E+00,4.476E+00,3.708E-01,1.598E+00,1.000E+00,9.133E-02,3.763E+00,1.225E+00,-7.451E-01,2.296E+01,4.253E+00,4.360E+00,5.556E-01,1.795E+00,1.000E+00,3.997E-02,6.402E+00
8.000E+01,0.000E+00,0.000E+00,3.441E-02,0.000E+00,0.000E+00,2.613E-02,2.168E-02,3.018E-02,9.858E-02,4.243E+00,1.171E+00,-4.806E-01,1.298E+01,4.560E+00,4.239E+00,3.819E-01,2.026E+00,1.000E+00,1.611E-01,2.200E+00,1.243E+00,-5.112E-01,1.232E+01,4.005E+00,4.423E+00,3.861E-01,1.686E+00,1.000E+00,9.078E-02,3.781E+00,1.193E+00,-7.301E-01,2.137E+01,4.713E+00,4.272E+00,5.709E-01,1.961E+00,1.000E+00,3.902E-02,6.512E+00
8.100E+01,0.000E+00,0.000E+00,3.274E-02,0.000E+00,0.000E+00,2.820E-02,2.339E-02,3.040E-02,9.780E-02,4.274E+00,1.113E+00,-4.688E-01,1.269E+01,5.456E+00,4.085E+00,3.967E-01,2.365E+00,1.000E+00,1.571E-01,2.248E+00,1.193E+00,-4.976E-01,1.203E+01,4.609E+00,4.268E+00,4.001E-01,1.969E+00,1.000E+00,8.894E-02,3.848E+00,1.136E+00,-7.239E-01,2.157E+01,5.461E+00,4.119E+00,5.841E-01,2.285E+00,1.000E+00,3.756E-02,6.698E+00
8.200E+01,0.000E+00,0.000E+00,3.108E-02,0.000E+00,0.000E+00,3.026E-02,2.510E-02,3.062E-02,9.703E-02,4.304E+00,1.067E+00,-4.570E-01,1.241E+01,6.352E+00,3.952E+00,4.116E-01,2.704E+00,1.000E+00,1.531E-01,2.297E+00,1.152E+00,-4.841E-01,1.174E+01,5.213E+00,4.134E+00,4.142E-01,2.252E+00,1.000E+00,8.710E-02,3.914E+00,1.089E+00,-7.176E-01,2.177E+01,6.210E+00,3.987E+00,5.973E-01,2.609E+00,1.000E+00,3.609E-02,6.885E+00
8.300E+01,0.000E+00,0.000E+00,2.649E-02,0.000E+00,0.000E+00,3.036E-02,2.514E-02,2.837E-02,8.798E-02,3.988E+00,1.022E+00,-4.397E-01,1.156E+01,7.657E+00,3.804E+00,4.182E-01,3.143E+00,1.000E+00,1.446E-01,2.416E+00,1.100E+00,-4.750E-01,1.151E+01,6.187E+00,3.993E+00,4.282E-01,2.595E+00,1.000E+00,8.424E-02,4.026E+00,1.041E+00,-7.042E-01,2.044E+01,7.374E+00,3.923E+00,6.064E-01,2.784E+00,1.000E+00,3.289E-02,7.391E+00
8.400E+01,0.000E+00,0.000E+00,2.190E-02,0.000E+00,0.000E+00,3.046E-02,2.518E-02,2.613E-02,7.892E-02,3.671E+00,9.909E-01,-4.223E-01,1.071E+01,8.961E+00,3.677E+00,4.248E-01,3.581E+00,1.000E+00,1.361E-01,2.535E+00,1.059E+00,-4.659E-01,1.128E+01,7.160E+00,3.870E+00,4.422E-01,2.937E+00,1.000E+00,8.139E-02,4.139E+00,1.005E+00,-6.907E-01,1.911E+01,8.538E+00,3.863E+00,6.154E-01,2.959E+00,1.000E+00,2.969E-02,7.896E+00
8.500E+01,0.000E+00,0.000E+00,1.532E-02,0.000E+00,0.000E+00,2.279E-02,1.874E-02,1.896E-02,5.696E-02,2.670E+00,1.003E+00,-4.131E-01,9.475E+00,9.377E+00,3.728E+00,4.325E-01,3.396E+00,1.000E+00,1.252E-01,2.731E+00,1.054E+00,-4.409E-01,9.624E+00,7.976E+00,3.855E+00,4.413E-01,2.983E+00,1.000E+00,7.609E-02,4.389E+00,1.023E+00,-6.895E-01,1.696E+01,8.666E+00,3.854E+00,6.257E-01,2.987E+00,1.000E+00,2.648E-02,8.609E+00
8.600E+01,0.000E+00,0.000E+00,8.736E-03,0.000E+00,0.000E+00,1.511E-02,1.230E-02,1.180E-02,3.500E-02,1.668E+00,1.022E+00,-4.038E-01,8.237E+00,9.792E+00,3.783E+00,4.401E-01,3.211E+00,1.000E+00,1.143E-01,2.927E+00,1.062E+00,-4.160E-01,7.965E+00,8.792E+00,3.840E+00,4.405E-01,3.029E+00,1.000E+00,7.078E-02,4.640E+00,1.045E+00,-6.883E-01,1.482E+01,8.794E+00,3.844E+00,6.359E-01,3.015E+00,1.000E+00,2.326E-02,9.322E+00
8.700E+01,0.000E+00,0.000E+00,4.375E-03,0.000E+00,0.000E+00,7.676E-03,6.244E-03,5.935E-03,1.761E-02,8.415E-01,1.046E+00,-5.038E-01,8.827E+00,1.007E+01,3.790E+00,5.437E-01,3.187E+00,1.000E+00,9.294E-02,3.595E+00,1.116E+00,-5.152E-01,8.458E+00,8.124E+00,3.901E+00,5.301E-01,2.848E+00,1.000E+00,6.549E-02,4.964E+00,9.266E-01,-7.399E-01,1.556E+01,1.451E+01,3.622E+00,7.106E-01,3.790E+00,1.000E+00,1.810E-02,1.143E+01
8.800E+01,0.000E+00,0.000E+00,1.367E-05,0.000E+00,0.000E+00,2.383E-04,1.846E-04,7.129E-05,2.119E-04,1.522E-02,1.065E+00,-6.038E-01,9.417E+00,1.035E+01,3.798E+00,6.473E-01,3.162E+00,1.000E+00,7.158E-02,4.263E+00,1.169E+00,-6.145E-01,8.951E+00,7.456E+00,3.965E+00,6.197E-01,2.668E+00,1.000E+00,6.019E-02,5.288E+00,8.601E-01,-7.914E-01,1.630E+01,2.023E+01,3.444E+00,7.854E-01,4.565E+00,1.000E+00,1.293E-02,1.354E+01
8.900E+01,0.000E+00,0.000E+00,0.000E+00,0.000E+00,0.000E+00,9.766E-07,2.930E-06,0.000E+00,1.953E-06,-5.899E-05,3.142E+00,0.000E+00,0.000E+00,0.000E+00,9.870E+00,0.000E+00,0.000E+00,0.000E+00,0.000E+00,0.000E+00,3.142E+00,0.000E+00,0.000E+00,0.000E+00,9.870E+00,0.000E+00,0.000E+00,0.000E+00,0.000E+00,0.000E+00,3.142E+00,0.000E+00,0.000E+00,0.000E+00,9.870E+00,0.000E+00,0.000E+00,0.000E+00,0.000E+00,0.000E+00
