alpha,H,He,Fe,Ti,O,Fe_1,O_1,Ti_2,O_2,amu/ion,thetaK_Fe,thetaTilt_Fe,thetaM_Fe,thetaN_Fe,3dK_Fe,3dTilt_Fe,3dM_Fe,3dN_Fe,energyK_Fe,energyE_Fe,thetaK_O,thetaTilt_O,thetaM_O,thetaN_O,3dK_O,3dTilt_O,3dM_O,3dN_O,energyK_O,energyE_O,thetaK_Ti,thetaTilt_Ti,thetaM_Ti,thetaN_Ti,3dK_Ti,3dTilt_Ti,3dM_Ti,3dN_Ti,energyK_Ti,energyE_Ti
0.000E+00,0.000E+00,0.000E+00,3.065E-03,1.661E-03,0.000E+00,0.000E+00,0.000E+00,1.293E-03,8.946E-03,4.556E-01,1.785E+00,4.710E-03,1.398E+00,1.429E+00,4.935E+00,0.000E+00,1.000E+00,1.000E+00,6.135E-02,3.908E+00,1.634E+00,2.199E-02,1.629E+00,2.004E+00,4.935E+00,0.000E+00,1.000E+00,1.000E+00,1.057E-01,3.329E+00,1.773E+00,1.660E-02,1.333E+00,1.561E+00,4.935E+00,0.000E+00,1.000E+00,1.000E+00,3.877E-02,5.604E+00
1.000E+00,0.000E+00,0.000E+00,3.079E-03,1.659E-03,0.000E+00,0.000E+00,0.000E+00,1.314E-03,8.990E-03,4.581E-01,1.765E+00,2.542E-03,1.409E+00,1.510E+00,4.935E+00,3.543E-03,1.000E+00,1.000E+00,6.101E-02,3.923E+00,1.626E+00,1.298E-02,1.673E+00,2.001E+00,4.935E+00,4.913E-03,1.000E+00,1.000E+00,1.058E-01,3.327E+00,1.770E+00,9.157E-03,1.359E+00,1.543E+00,4.935E+00,5.052E-03,1.000E+00,1.000E+00,3.898E-02,5.585E+00
2.000E+00,0.000E+00,0.000E+00,3.093E-03,1.656E-03,0.000E+00,0.000E+00,0.000E+00,1.335E-03,9.035E-03,4.606E-01,1.747E+00,3.735E-04,1.420E+00,1.592E+00,4.935E+00,7.085E-03,1.000E+00,1.000E+00,6.067E-02,3.939E+00,1.618E+00,3.973E-03,1.717E+00,1.998E+00,4.935E+00,9.825E-03,1.000E+00,1.000E+00,1.059E-01,3.326E+00,1.767E+00,1.715E-03,1.386E+00,1.526E+00,4.935E+00,1.010E-02,1.000E+00,1.000E+00,3.918E-02,5.565E+00
3.000E+00,0.000E+00,0.000E+00,3.107E-03,1.653E-03,0.000E+00,0.000E+00,0.000E+00,1.357E-03,9.079E-03,4.630E-01,1.731E+00,-1.795E-03,1.431E+00,1.673E+00,4.935E+00,1.063E-02,1.000E+00,1.000E+00,6.033E-02,3.955E+00,1.616E+00,-5.036E-03,1.761E+00,1.996E+00,4.935E+00,1.474E-02,1.000E+00,1.000E+00,1.059E-01,3.324E+00,1.772E+00,-5.726E-03,1.412E+00,1.508E+00,4.935E+00,1.516E-02,1.000E+00,1.000E+00,3.939E-02,5.546E+00
4.000E+00,0.000E+00,0.000E+00,3.114E-03,1.652E-03,0.000E+00,0.000E+00,0.000E+00,1.367E-03,9.101E-03,4.642E-01,1.723E+00,-2.879E-03,1.436E+00,1.714E+00,4.935E+00,1.240E-02,1.000E+00,1.000E+00,6.016E-02,3.963E+00,1.617E+00,-9.541E-03,1.783E+00,1.994E+00,4.935E+00,1.719E-02,1.000E+00,1.000E+00,1.059E-01,3.323E+00,1.775E+00,-9.446E-03,1.425E+00,1.499E+00,4.935E+00,1.768E-02,1.000E+00,1.000E+00,3.949E-02,5.536E+00
5.000E+00,0.000E+00,0.000E+00,3.121E-03,1.651E-03,0.000E+00,0.000E+00,0.000E+00,1.378E-03,9.123E-03,4.655E-01,1.716E+00,-3.963E-03,1.442E+00,1.755E+00,4.935E+00,1.417E-02,1.000E+00,1.000E+00,5.999E-02,3.971E+00,1.618E+00,-1.405E-02,1.805E+00,1.993E+00,4.935E+00,1.965E-02,1.000E+00,1.000E+00,1.060E-01,3.323E+00,1.778E+00,-1.317E-02,1.439E+00,1.490E+00,4.935E+00,2.021E-02,1.000E+00,1.000E+00,3.960E-02,5.527E+00
6.000E+00,0.000E+00,0.000E+00,3.135E-03,1.648E-03,0.000E+00,0.000E+00,0.000E+00,1.399E-03,9.167E-03,4.679E-01,1.702E+00,-6.131E-03,1.453E+00,1.836E+00,4.935E+00,1.771E-02,1.000E+00,1.000E+00,5.965E-02,3.986E+00,1.620E+00,-2.306E-02,1.848E+00,1.990E+00,4.935E+00,2.456E-02,1.000E+00,1.000E+00,1.060E-01,3.321E+00,1.784E+00,-2.061E-02,1.465E+00,1.473E+00,4.935E+00,2.526E-02,1.000E+00,1.000E+00,3.980E-02,5.507E+00
7.000E+00,0.000E+00,0.000E+00,3.149E-03,1.646E-03,0.000E+00,0.000E+00,0.000E+00,1.420E-03,9.211E-03,4.704E-01,1.689E+00,-8.299E-03,1.463E+00,1.918E+00,4.935E+00,2.126E-02,1.000E+00,1.000E+00,5.930E-02,4.002E+00,1.622E+00,-3.207E-02,1.892E+00,1.988E+00,4.935E+00,2.948E-02,1.000E+00,1.000E+00,1.061E-01,3.320E+00,1.790E+00,-2.805E-02,1.491E+00,1.455E+00,4.935E+00,3.031E-02,1.000E+00,1.000E+00,4.001E-02,5.488E+00
8.000E+00,0.000E+00,0.000E+00,3.163E-03,1.643E-03,0.000E+00,0.000E+00,0.000E+00,1.442E-03,9.256E-03,4.728E-01,1.676E+00,-1.047E-02,1.474E+00,2.000E+00,4.935E+00,2.480E-02,1.000E+00,1.000E+00,5.896E-02,4.018E+00,1.624E+00,-4.108E-02,1.936E+00,1.985E+00,4.935E+00,3.439E-02,1.000E+00,1.000E+00,1.061E-01,3.318E+00,1.797E+00,-3.549E-02,1.518E+00,1.437E+00,4.935E+00,3.537E-02,1.000E+00,1.000E+00,4.022E-02,5.469E+00
9.000E+00,0.000E+00,0.000E+00,3.170E-03,1.642E-03,0.000E+00,0.000E+00,0.000E+00,1.452E-03,9.278E-03,4.741E-01,1.670E+00,-1.155E-02,1.480E+00,2.040E+00,4.935E+00,2.657E-02,1.000E+00,1.000E+00,5.879E-02,4.026E+00,1.625E+00,-4.558E-02,1.958E+00,1.984E+00,4.935E+00,3.685E-02,1.000E+00,1.000E+00,1.062E-01,3.317E+00,1.800E+00,-3.921E-02,1.531E+00,1.428E+00,4.935E+00,3.789E-02,1.000E+00,1.000E+00,4.032E-02,5.459E+00
1.000E+01,0.000E+00,0.000E+00,3.177E-03,1.641E-03,0.000E+00,0.000E+00,0.000E+00,1.463E-03,9.300E-03,4.753E-01,1.664E+00,-1.264E-02,1.485E+00,2.081E+00,4.935E+00,2.834E-02,1.000E+00,1.000E+00,5.862E-02,4.034E+00,1.626E+00,-5.009E-02,1.980E+00,1.982E+00,4.935E+00,3.930E-02,1.000E+00,1.000E+00,1.062E-01,3.317E+00,1.803E+00,-4.293E-02,1.544E+00,1.420E+00,4.935E+00,4.042E-02,1.000E+00,1.000E+00,4.042E-02,5.449E+00
1.100E+01,0.000E+00,0.000E+00,3.218E-03,1.678E-03,0.000E+00,0.000E+00,0.000E+00,1.481E-03,9.416E-03,4.821E-01,1.669E+00,-2.584E-02,1.533E+00,2.069E+00,4.935E+00,3.862E-02,1.000E+00,1.000E+00,5.852E-02,4.038E+00,1.626E+00,-5.399E-02,1.997E+00,1.994E+00,4.935E+00,4.309E-02,1.000E+00,1.000E+00,1.060E-01,3.322E+00,1.797E+00,-5.285E-02,1.585E+00,1.458E+00,4.935E+00,4.760E-02,1.000E+00,1.000E+00,4.018E-02,5.472E+00
1.200E+01,0.000E+00,0.000E+00,3.258E-03,1.715E-03,0.000E+00,0.000E+00,0.000E+00,1.499E-03,9.531E-03,4.888E-01,1.675E+00,-3.905E-02,1.580E+00,2.056E+00,4.935E+00,4.890E-02,1.000E+00,1.000E+00,5.843E-02,4.043E+00,1.625E+00,-5.789E-02,2.015E+00,2.006E+00,4.935E+00,4.688E-02,1.000E+00,1.000E+00,1.058E-01,3.327E+00,1.791E+00,-6.278E-02,1.627E+00,1.497E+00,4.935E+00,5.478E-02,1.000E+00,1.000E+00,3.994E-02,5.495E+00
1.300E+01,0.000E+00,0.000E+00,3.299E-03,1.752E-03,0.000E+00,0.000E+00,0.000E+00,1.517E-03,9.647E-03,4.956E-01,1.681E+00,-5.225E-02,1.628E+00,2.044E+00,4.935E+00,5.918E-02,1.000E+00,1.000E+00,5.833E-02,4.048E+00,1.624E+00,-6.179E-02,2.032E+00,2.017E+00,4.935E+00,5.068E-02,1.000E+00,1.000E+00,1.056E-01,3.333E+00,1.785E+00,-7.270E-02,1.668E+00,1.535E+00,4.935E+00,6.196E-02,1.000E+00,1.000E+00,3.970E-02,5.517E+00
1.400E+01,0.000E+00,0.000E+00,3.319E-03,1.771E-03,0.000E+00,0.000E+00,0.000E+00,1.526E-03,9.705E-03,4.990E-01,1.684E+00,-5.885E-02,1.652E+00,2.037E+00,4.935E+00,6.432E-02,1.000E+00,1.000E+00,5.828E-02,4.050E+00,1.624E+00,-6.374E-02,2.040E+00,2.023E+00,4.935E+00,5.257E-02,1.000E+00,1.000E+00,1.055E-01,3.335E+00,1.782E+00,-7.766E-02,1.689E+00,1.555E+00,4.935E+00,6.555E-02,1.000E+00,1.000E+00,3.958E-02,5.529E+00
1.500E+01,0.000E+00,0.000E+00,3.340E-03,1.790E-03,0.000E+00,0.000E+00,0.000E+00,1.535E-03,9.763E-03,5.024E-01,1.686E+00,-6.546E-02,1.675E+00,2.031E+00,4.935E+00,6.945E-02,1.000E+00,1.000E+00,5.823E-02,4.053E+00,1.624E+00,-6.569E-02,2.049E+00,2.029E+00,4.935E+00,5.447E-02,1.000E+00,1.000E+00,1.054E-01,3.338E+00,1.779E+00,-8.262E-02,1.710E+00,1.574E+00,4.935E+00,6.914E-02,1.000E+00,1.000E+00,3.946E-02,5.540E+00
1.600E+01,0.000E+00,0.000E+00,3.381E-03,1.827E-03,0.000E+00,0.000E+00,0.000E+00,1.553E-03,9.879E-03,5.092E-01,1.692E+00,-7.866E-02,1.723E+00,2.019E+00,4.935E+00,7.973E-02,1.000E+00,1.000E+00,5.813E-02,4.057E+00,1.623E+00,-6.959E-02,2.066E+00,2.041E+00,4.935E+00,5.826E-02,1.000E+00,1.000E+00,1.052E-01,3.344E+00,1.773E+00,-9.254E-02,1.751E+00,1.613E+00,4.935E+00,7.632E-02,1.000E+00,1.000E+00,3.921E-02,5.563E+00
1.700E+01,0.000E+00,0.000E+00,3.421E-03,1.864E-03,0.000E+00,0.000E+00,0.000E+00,1.571E-03,9.995E-03,5.159E-01,1.698E+00,-9.187E-02,1.771E+00,2.006E+00,4.935E+00,9.001E-02,1.000E+00,1.000E+00,5.803E-02,4.062E+00,1.622E+00,-7.349E-02,2.083E+00,2.052E+00,4.935E+00,6.205E-02,1.000E+00,1.000E+00,1.050E-01,3.349E+00,1.768E+00,-1.025E-01,1.793E+00,1.651E+00,4.935E+00,8.350E-02,1.000E+00,1.000E+00,3.897E-02,5.586E+00
1.800E+01,0.000E+00,0.000E+00,3.462E-03,1.901E-03,0.000E+00,0.000E+00,0.000E+00,1.589E-03,1.011E-02,5.227E-01,1.704E+00,-1.051E-01,1.818E+00,1.994E+00,4.935E+00,1.003E-01,1.000E+00,1.000E+00,5.794E-02,4.067E+00,1.622E+00,-7.739E-02,2.100E+00,2.064E+00,4.935E+00,6.584E-02,1.000E+00,1.000E+00,1.048E-01,3.354E+00,1.762E+00,-1.124E-01,1.834E+00,1.690E+00,4.935E+00,9.068E-02,1.000E+00,1.000E+00,3.873E-02,5.608E+00
1.900E+01,0.000E+00,0.000E+00,3.483E-03,1.920E-03,0.000E+00,0.000E+00,0.000E+00,1.597E-03,1.017E-02,5.261E-01,1.707E+00,-1.117E-01,1.842E+00,1.988E+00,4.935E+00,1.054E-01,1.000E+00,1.000E+00,5.789E-02,4.069E+00,1.621E+00,-7.934E-02,2.109E+00,2.070E+00,4.935E+00,6.774E-02,1.000E+00,1.000E+00,1.047E-01,3.357E+00,1.760E+00,-1.173E-01,1.855E+00,1.709E+00,4.935E+00,9.427E-02,1.000E+00,1.000E+00,3.861E-02,5.620E+00
2.000E+01,0.000E+00,0.000E+00,3.503E-03,1.938E-03,0.000E+00,0.000E+00,0.000E+00,1.606E-03,1.023E-02,5.295E-01,1.710E+00,-1.183E-01,1.866E+00,1.981E+00,4.935E+00,1.106E-01,1.000E+00,1.000E+00,5.784E-02,4.071E+00,1.621E+00,-8.129E-02,2.118E+00,2.076E+00,4.935E+00,6.963E-02,1.000E+00,1.000E+00,1.046E-01,3.360E+00,1.757E+00,-1.223E-01,1.876E+00,1.728E+00,4.935E+00,9.786E-02,1.000E+00,1.000E+00,3.849E-02,5.631E+00
2.100E+01,0.000E+00,0.000E+00,3.609E-03,1.963E-03,0.000E+00,0.000E+00,0.000E+00,1.680E-03,1.052E-02,5.447E-01,1.720E+00,-1.312E-01,1.943E+00,1.916E+00,4.935E+00,1.139E-01,1.000E+00,1.000E+00,5.785E-02,4.071E+00,1.626E+00,-8.729E-02,2.125E+00,2.075E+00,4.935E+00,7.488E-02,1.000E+00,1.000E+00,1.043E-01,3.366E+00,1.759E+00,-1.483E-01,2.077E+00,1.680E+00,4.935E+00,1.064E-01,1.000E+00,1.000E+00,3.847E-02,5.633E+00
2.200E+01,0.000E+00,0.000E+00,3.716E-03,1.987E-03,0.000E+00,0.000E+00,0.000E+00,1.753E-03,1.081E-02,5.599E-01,1.731E+00,-1.441E-01,2.021E+00,1.851E+00,4.935E+00,1.171E-01,1.000E+00,1.000E+00,5.786E-02,4.070E+00,1.630E+00,-9.329E-02,2.133E+00,2.075E+00,4.935E+00,8.013E-02,1.000E+00,1.000E+00,1.041E-01,3.373E+00,1.764E+00,-1.743E-01,2.278E+00,1.631E+00,4.935E+00,1.149E-01,1.000E+00,1.000E+00,3.846E-02,5.634E+00
2.300E+01,0.000E+00,0.000E+00,3.822E-03,2.012E-03,0.000E+00,0.000E+00,0.000E+00,1.827E-03,1.111E-02,5.751E-01,1.743E+00,-1.570E-01,2.098E+00,1.786E+00,4.935E+00,1.204E-01,1.000E+00,1.000E+00,5.787E-02,4.070E+00,1.635E+00,-9.929E-02,2.141E+00,2.075E+00,4.935E+00,8.538E-02,1.000E+00,1.000E+00,1.039E-01,3.379E+00,1.771E+00,-2.003E-01,2.479E+00,1.583E+00,4.935E+00,1.235E-01,1.000E+00,1.000E+00,3.845E-02,5.635E+00
2.400E+01,0.000E+00,0.000E+00,3.875E-03,2.024E-03,0.000E+00,0.000E+00,0.000E+00,1.864E-03,1.125E-02,5.827E-01,1.749E+00,-1.635E-01,2.137E+00,1.753E+00,4.935E+00,1.221E-01,1.000E+00,1.000E+00,5.788E-02,4.070E+00,1.637E+00,-1.023E-01,2.144E+00,2.075E+00,4.935E+00,8.800E-02,1.000E+00,1.000E+00,1.038E-01,3.382E+00,1.776E+00,-2.134E-01,2.580E+00,1.558E+00,4.935E+00,1.277E-01,1.000E+00,1.000E+00,3.844E-02,5.636E+00
2.500E+01,0.000E+00,0.000E+00,3.929E-03,2.036E-03,0.000E+00,0.000E+00,0.000E+00,1.900E-03,1.140E-02,5.903E-01,1.756E+00,-1.699E-01,2.175E+00,1.721E+00,4.935E+00,1.237E-01,1.000E+00,1.000E+00,5.788E-02,4.069E+00,1.639E+00,-1.053E-01,2.148E+00,2.074E+00,4.935E+00,9.063E-02,1.000E+00,1.000E+00,1.036E-01,3.386E+00,1.782E+00,-2.264E-01,2.680E+00,1.534E+00,4.935E+00,1.320E-01,1.000E+00,1.000E+00,3.843E-02,5.637E+00
2.600E+01,0.000E+00,0.000E+00,4.035E-03,2.061E-03,0.000E+00,0.000E+00,0.000E+00,1.974E-03,1.169E-02,6.056E-01,1.770E+00,-1.828E-01,2.253E+00,1.655E+00,4.935E+00,1.270E-01,1.000E+00,1.000E+00,5.789E-02,4.069E+00,1.644E+00,-1.113E-01,2.156E+00,2.074E+00,4.935E+00,9.587E-02,1.000E+00,1.000E+00,1.034E-01,3.392E+00,1.794E+00,-2.524E-01,2.881E+00,1.485E+00,4.935E+00,1.405E-01,1.000E+00,1.000E+00,3.842E-02,5.638E+00
2.700E+01,0.000E+00,0.000E+00,4.142E-03,2.085E-03,0.000E+00,0.000E+00,0.000E+00,2.047E-03,1.198E-02,6.208E-01,1.784E+00,-1.957E-01,2.330E+00,1.590E+00,4.935E+00,1.303E-01,1.000E+00,1.000E+00,5.790E-02,4.068E+00,1.648E+00,-1.173E-01,2.163E+00,2.074E+00,4.935E+00,1.011E-01,1.000E+00,1.000E+00,1.032E-01,3.399E+00,1.808E+00,-2.784E-01,3.083E+00,1.437E+00,4.935E+00,1.491E-01,1.000E+00,1.000E+00,3.841E-02,5.639E+00
2.800E+01,0.000E+00,0.000E+00,4.248E-03,2.109E-03,0.000E+00,0.000E+00,0.000E+00,2.121E-03,1.228E-02,6.360E-01,1.800E+00,-2.086E-01,2.408E+00,1.525E+00,4.935E+00,1.336E-01,1.000E+00,1.000E+00,5.791E-02,4.068E+00,1.653E+00,-1.233E-01,2.171E+00,2.073E+00,4.935E+00,1.064E-01,1.000E+00,1.000E+00,1.029E-01,3.405E+00,1.824E+00,-3.044E-01,3.284E+00,1.388E+00,4.935E+00,1.576E-01,1.000E+00,1.000E+00,3.839E-02,5.641E+00
2.900E+01,0.000E+00,0.000E+00,4.301E-03,2.122E-03,0.000E+00,0.000E+00,0.000E+00,2.158E-03,1.242E-02,6.436E-01,1.809E+00,-2.151E-01,2.446E+00,1.492E+00,4.935E+00,1.352E-01,1.000E+00,1.000E+00,5.792E-02,4.068E+00,1.655E+00,-1.263E-01,2.175E+00,2.073E+00,4.935E+00,1.090E-01,1.000E+00,1.000E+00,1.028E-01,3.408E+00,1.833E+00,-3.174E-01,3.384E+00,1.364E+00,4.935E+00,1.619E-01,1.000E+00,1.000E+00,3.838E-02,5.641E+00
3.000E+01,0.000E+00,0.000E+00,4.354E-03,2.134E-03,0.000E+00,0.000E+00,0.000E+00,2.194E-03,1.257E-02,6.512E-01,1.818E+00,-2.216E-01,2.485E+00,1.460E+00,4.935E+00,1.369E-01,1.000E+00,1.000E+00,5.792E-02,4.067E+00,1.657E+00,-1.293E-01,2.179E+00,2.073E+00,4.935E+00,1.116E-01,1.000E+00,1.000E+00,1.027E-01,3.411E+00,1.842E+00,-3.304E-01,3.485E+00,1.340E+00,4.935E+00,1.662E-01,1.000E+00,1.000E+00,3.838E-02,5.642E+00
3.100E+01,0.000E+00,0.000E+00,4.596E-03,2.187E-03,0.000E+00,0.000E+00,4.883E-07,2.381E-03,1.335E-02,6.888E-01,1.816E+00,-2.407E-01,2.586E+00,1.486E+00,4.935E+00,1.511E-01,1.000E+00,1.000E+00,5.772E-02,4.077E+00,1.656E+00,-1.366E-01,2.209E+00,2.091E+00,4.935E+00,1.185E-01,1.000E+00,1.000E+00,1.024E-01,3.419E+00,1.827E+00,-3.393E-01,3.519E+00,1.407E+00,4.935E+00,1.798E-01,1.000E+00,1.000E+00,3.809E-02,5.672E+00
3.200E+01,0.000E+00,0.000E+00,4.717E-03,2.213E-03,0.000E+00,0.000E+00,7.324E-07,2.474E-03,1.374E-02,7.075E-01,1.815E+00,-2.503E-01,2.636E+00,1.500E+00,4.935E+00,1.581E-01,1.000E+00,1.000E+00,5.762E-02,4.082E+00,1.656E+00,-1.403E-01,2.224E+00,2.100E+00,4.935E+00,1.220E-01,1.000E+00,1.000E+00,1.023E-01,3.423E+00,1.821E+00,-3.438E-01,3.536E+00,1.441E+00,4.935E+00,1.867E-01,1.000E+00,1.000E+00,3.795E-02,5.686E+00
3.300E+01,0.000E+00,0.000E+00,4.838E-03,2.240E-03,0.000E+00,0.000E+00,9.766E-07,2.567E-03,1.413E-02,7.263E-01,1.814E+00,-2.599E-01,2.687E+00,1.513E+00,4.935E+00,1.652E-01,1.000E+00,1.000E+00,5.752E-02,4.087E+00,1.656E+00,-1.439E-01,2.238E+00,2.109E+00,4.935E+00,1.254E-01,1.000E+00,1.000E+00,1.022E-01,3.427E+00,1.814E+00,-3.482E-01,3.553E+00,1.475E+00,4.935E+00,1.935E-01,1.000E+00,1.000E+00,3.780E-02,5.701E+00
3.400E+01,0.000E+00,0.000E+00,4.959E-03,2.267E-03,0.000E+00,0.000E+00,1.221E-06,2.661E-03,1.452E-02,7.451E-01,1.813E+00,-2.695E-01,2.737E+00,1.526E+00,4.935E+00,1.723E-01,1.000E+00,1.000E+00,5.742E-02,4.092E+00,1.656E+00,-1.476E-01,2.253E+00,2.118E+00,4.935E+00,1.289E-01,1.000E+00,1.000E+00,1.020E-01,3.431E+00,1.807E+00,-3.527E-01,3.569E+00,1.508E+00,4.935E+00,2.003E-01,1.000E+00,1.000E+00,3.766E-02,5.716E+00
3.500E+01,0.000E+00,0.000E+00,5.080E-03,2.293E-03,0.000E+00,0.000E+00,1.465E-06,2.754E-03,1.491E-02,7.638E-01,1.812E+00,-2.791E-01,2.788E+00,1.540E+00,4.935E+00,1.794E-01,1.000E+00,1.000E+00,5.732E-02,4.097E+00,1.655E+00,-1.512E-01,2.268E+00,2.127E+00,4.935E+00,1.323E-01,1.000E+00,1.000E+00,1.019E-01,3.435E+00,1.801E+00,-3.572E-01,3.586E+00,1.542E+00,4.935E+00,2.072E-01,1.000E+00,1.000E+00,3.751E-02,5.731E+00
3.600E+01,0.000E+00,0.000E+00,5.201E-03,2.320E-03,0.000E+00,0.000E+00,1.709E-06,2.847E-03,1.530E-02,7.826E-01,1.811E+00,-2.886E-01,2.838E+00,1.553E+00,4.935E+00,1.865E-01,1.000E+00,1.000E+00,5.722E-02,4.102E+00,1.655E+00,-1.549E-01,2.283E+00,2.136E+00,4.935E+00,1.358E-01,1.000E+00,1.000E+00,1.017E-01,3.439E+00,1.795E+00,-3.616E-01,3.603E+00,1.576E+00,4.935E+00,2.140E-01,1.000E+00,1.000E+00,3.737E-02,5.745E+00
3.700E+01,0.000E+00,0.000E+00,5.322E-03,2.346E-03,0.000E+00,0.000E+00,1.953E-06,2.940E-03,1.569E-02,8.014E-01,1.811E+00,-2.982E-01,2.889E+00,1.566E+00,4.935E+00,1.936E-01,1.000E+00,1.000E+00,5.712E-02,4.107E+00,1.655E+00,-1.585E-01,2.298E+00,2.145E+00,4.935E+00,1.392E-01,1.000E+00,1.000E+00,1.016E-01,3.442E+00,1.789E+00,-3.661E-01,3.620E+00,1.610E+00,4.935E+00,2.208E-01,1.000E+00,1.000E+00,3.723E-02,5.760E+00
3.800E+01,0.000E+00,0.000E+00,5.443E-03,2.373E-03,0.000E+00,0.000E+00,2.197E-06,3.034E-03,1.608E-02,8.202E-01,1.810E+00,-3.078E-01,2.939E+00,1.579E+00,4.935E+00,2.007E-01,1.000E+00,1.000E+00,5.702E-02,4.112E+00,1.655E+00,-1.622E-01,2.313E+00,2.154E+00,4.935E+00,1.427E-01,1.000E+00,1.000E+00,1.015E-01,3.446E+00,1.783E+00,-3.705E-01,3.637E+00,1.643E+00,4.935E+00,2.277E-01,1.000E+00,1.000E+00,3.708E-02,5.775E+00
3.900E+01,0.000E+00,0.000E+00,5.564E-03,2.399E-03,0.000E+00,0.000E+00,2.441E-06,3.127E-03,1.647E-02,8.389E-01,1.809E+00,-3.174E-01,2.989E+00,1.593E+00,4.935E+00,2.078E-01,1.000E+00,1.000E+00,5.692E-02,4.117E+00,1.654E+00,-1.658E-01,2.328E+00,2.163E+00,4.935E+00,1.461E-01,1.000E+00,1.000E+00,1.013E-01,3.450E+00,1.777E+00,-3.750E-01,3.654E+00,1.677E+00,4.935E+00,2.345E-01,1.000E+00,1.000E+00,3.694E-02,5.790E+00
4.000E+01,0.000E+00,0.000E+00,5.685E-03,2.426E-03,0.000E+00,0.000E+00,2.686E-06,3.220E-03,1.686E-02,8.577E-01,1.809E+00,-3.270E-01,3.040E+00,1.606E+00,4.935E+00,2.149E-01,1.000E+00,1.000E+00,5.682E-02,4.122E+00,1.654E+00,-1.695E-01,2.343E+00,2.172E+00,4.935E+00,1.496E-01,1.000E+00,1.000E+00,1.012E-01,3.454E+00,1.771E+00,-3.795E-01,3.671E+00,1.711E+00,4.935E+00,2.413E-01,1.000E+00,1.000E+00,3.680E-02,5.805E+00
4.100E+01,0.000E+00,0.000E+00,5.805E-03,2.452E-03,0.000E+00,0.000E+00,2.930E-06,3.313E-03,1.725E-02,8.765E-01,1.808E+00,-3.366E-01,3.090E+00,1.619E+00,4.935E+00,2.220E-01,1.000E+00,1.000E+00,5.672E-02,4.127E+00,1.654E+00,-1.732E-01,2.358E+00,2.181E+00,4.935E+00,1.530E-01,1.000E+00,1.000E+00,1.011E-01,3.458E+00,1.765E+00,-3.839E-01,3.688E+00,1.745E+00,4.935E+00,2.482E-01,1.000E+00,1.000E+00,3.665E-02,5.819E+00
4.200E+01,0.000E+00,0.000E+00,5.926E-03,2.479E-03,0.000E+00,0.000E+00,3.174E-06,3.407E-03,1.764E-02,8.952E-01,1.807E+00,-3.461E-01,3.141E+00,1.633E+00,4.935E+00,2.291E-01,1.000E+00,1.000E+00,5.662E-02,4.132E+00,1.654E+00,-1.768E-01,2.373E+00,2.190E+00,4.935E+00,1.565E-01,1.000E+00,1.000E+00,1.009E-01,3.462E+00,1.760E+00,-3.884E-01,3.705E+00,1.778E+00,4.935E+00,2.550E-01,1.000E+00,1.000E+00,3.651E-02,5.834E+00
4.300E+01,0.000E+00,0.000E+00,6.047E-03,2.505E-03,0.000E+00,0.000E+00,3.418E-06,3.500E-03,1.803E-02,9.140E-01,1.807E+00,-3.557E-01,3.191E+00,1.646E+00,4.935E+00,2.362E-01,1.000E+00,1.000E+00,5.652E-02,4.137E+00,1.653E+00,-1.805E-01,2.388E+00,2.199E+00,4.935E+00,1.599E-01,1.000E+00,1.000E+00,1.008E-01,3.466E+00,1.755E+00,-3.928E-01,3.721E+00,1.812E+00,4.935E+00,2.618E-01,1.000E+00,1.000E+00,3.636E-02,5.849E+00
4.400E+01,0.000E+00,0.000E+00,6.168E-03,2.532E-03,0.000E+00,0.000E+00,3.662E-06,3.593E-03,1.842E-02,9.328E-01,1.806E+00,-3.653E-01,3.241E+00,1.659E+00,4.935E+00,2.433E-01,1.000E+00,1.000E+00,5.642E-02,4.142E+00,1.653E+00,-1.841E-01,2.403E+00,2.208E+00,4.935E+00,1.634E-01,1.000E+00,1.000E+00,1.007E-01,3.470E+00,1.749E+00,-3.973E-01,3.738E+00,1.846E+00,4.935E+00,2.687E-01,1.000E+00,1.000E+00,3.622E-02,5.864E+00
4.500E+01,0.000E+00,0.000E+00,6.289E-03,2.559E-03,0.000E+00,0.000E+00,3.906E-06,3.687E-03,1.881E-02,9.515E-01,1.806E+00,-3.749E-01,3.292E+00,1.672E+00,4.935E+00,2.504E-01,1.000E+00,1.000E+00,5.632E-02,4.147E+00,1.653E+00,-1.878E-01,2.417E+00,2.217E+00,4.935E+00,1.668E-01,1.000E+00,1.000E+00,1.005E-01,3.473E+00,1.744E+00,-4.018E-01,3.755E+00,1.880E+00,4.935E+00,2.755E-01,1.000E+00,1.000E+00,3.608E-02,5.878E+00
4.600E+01,0.000E+00,0.000E+00,6.576E-03,2.564E-03,0.000E+00,0.000E+00,5.371E-06,4.011E-03,1.986E-02,9.998E-01,1.771E+00,-3.751E-01,3.262E+00,1.844E+00,4.935E+00,2.630E-01,1.000E+00,1.000E+00,5.430E-02,4.256E+00,1.651E+00,-2.102E-01,2.590E+00,2.212E+00,4.935E+00,1.736E-01,1.000E+00,1.000E+00,9.888E-02,3.522E+00,1.759E+00,-4.580E-01,4.699E+00,1.718E+00,4.935E+00,2.845E-01,1.000E+00,1.000E+00,3.592E-02,5.895E+00
4.700E+01,0.000E+00,0.000E+00,6.719E-03,2.567E-03,0.000E+00,0.000E+00,6.104E-06,4.173E-03,2.039E-02,1.024E+00,1.755E+00,-3.752E-01,3.248E+00,1.930E+00,4.935E+00,2.693E-01,1.000E+00,1.000E+00,5.329E-02,4.310E+00,1.650E+00,-2.214E-01,2.677E+00,2.209E+00,4.935E+00,1.769E-01,1.000E+00,1.000E+00,9.806E-02,3.546E+00,1.773E+00,-4.860E-01,5.171E+00,1.638E+00,4.935E+00,2.890E-01,1.000E+00,1.000E+00,3.584E-02,5.904E+00
4.800E+01,0.000E+00,0.000E+00,6.862E-03,2.570E-03,0.000E+00,0.000E+00,6.836E-06,4.335E-03,2.091E-02,1.048E+00,1.740E+00,-3.754E-01,3.233E+00,2.016E+00,4.935E+00,2.755E-01,1.000E+00,1.000E+00,5.229E-02,4.364E+00,1.650E+00,-2.326E-01,2.763E+00,2.207E+00,4.935E+00,1.803E-01,1.000E+00,1.000E+00,9.725E-02,3.571E+00,1.791E+00,-5.141E-01,5.642E+00,1.557E+00,4.935E+00,2.935E-01,1.000E+00,1.000E+00,3.576E-02,5.912E+00
4.900E+01,0.000E+00,0.000E+00,7.300E-03,2.710E-03,0.000E+00,0.000E+00,6.836E-06,4.567E-03,2.213E-02,1.110E+00,1.734E+00,-4.910E-01,5.572E+00,1.737E+00,4.935E+00,2.987E-01,1.000E+00,1.000E+00,5.265E-02,4.344E+00,1.654E+00,-2.467E-01,2.891E+00,2.170E+00,4.935E+00,1.900E-01,1.000E+00,1.000E+00,9.760E-02,3.560E+00,1.763E+00,-5.207E-01,5.611E+00,1.690E+00,4.935E+00,3.109E-01,1.000E+00,1.000E+00,3.515E-02,5.981E+00
5.000E+01,0.000E+00,0.000E+00,7.519E-03,2.781E-03,0.000E+00,0.000E+00,6.836E-06,4.684E-03,2.274E-02,1.141E+00,1.761E+00,-5.488E-01,6.741E+00,1.598E+00,4.935E+00,3.103E-01,1.000E+00,1.000E+00,5.283E-02,4.334E+00,1.656E+00,-2.538E-01,2.955E+00,2.151E+00,4.935E+00,1.948E-01,1.000E+00,1.000E+00,9.778E-02,3.555E+00,1.750E+00,-5.240E-01,5.595E+00,1.757E+00,4.935E+00,3.197E-01,1.000E+00,1.000E+00,3.484E-02,6.016E+00
5.100E+01,0.000E+00,0.000E+00,7.738E-03,2.851E-03,0.000E+00,0.000E+00,6.836E-06,4.800E-03,2.334E-02,1.171E+00,1.801E+00,-6.066E-01,7.911E+00,1.459E+00,4.935E+00,3.219E-01,1.000E+00,1.000E+00,5.301E-02,4.324E+00,1.658E+00,-2.608E-01,3.019E+00,2.133E+00,4.935E+00,1.997E-01,1.000E+00,1.000E+00,9.796E-02,3.549E+00,1.737E+00,-5.273E-01,5.580E+00,1.824E+00,4.935E+00,3.284E-01,1.000E+00,1.000E+00,3.453E-02,6.050E+00
5.200E+01,0.000E+00,0.000E+00,8.284E-03,2.974E-03,0.000E+00,0.000E+00,1.025E-05,5.214E-03,2.479E-02,1.251E+00,1.765E+00,-6.136E-01,7.918E+00,1.602E+00,4.935E+00,3.379E-01,1.000E+00,1.000E+00,5.284E-02,4.333E+00,1.658E+00,-2.748E-01,3.167E+00,2.115E+00,4.935E+00,2.044E-01,1.000E+00,1.000E+00,9.639E-02,3.598E+00,1.734E+00,-5.743E-01,6.891E+00,1.752E+00,4.935E+00,3.393E-01,1.000E+00,1.000E+00,3.423E-02,6.085E+00
5.300E+01,0.000E+00,0.000E+00,8.557E-03,3.035E-03,0.000E+00,0.000E+00,1.196E-05,5.422E-03,2.551E-02,1.291E+00,1.748E+00,-6.172E-01,7.922E+00,1.674E+00,4.935E+00,3.459E-01,1.000E+00,1.000E+00,5.275E-02,4.338E+00,1.658E+00,-2.818E-01,3.241E+00,2.106E+00,4.935E+00,2.068E-01,1.000E+00,1.000E+00,9.561E-02,3.622E+00,1.737E+00,-5.978E-01,7.546E+00,1.716E+00,4.935E+00,3.448E-01,1.000E+00,1.000E+00,3.408E-02,6.103E+00
5.400E+01,0.000E+00,0.000E+00,8.830E-03,3.097E-03,0.000E+00,0.000E+00,1.367E-05,5.629E-03,2.623E-02,1.331E+00,1.732E+00,-6.207E-01,7.926E+00,1.746E+00,4.935E+00,3.539E-01,1.000E+00,1.000E+00,5.267E-02,4.343E+00,1.658E+00,-2.888E-01,3.314E+00,2.097E+00,4.935E+00,2.092E-01,1.000E+00,1.000E+00,9.482E-02,3.647E+00,1.742E+00,-6.212E-01,8.202E+00,1.680E+00,4.935E+00,3.503E-01,1.000E+00,1.000E+00,3.393E-02,6.121E+00
5.500E+01,0.000E+00,0.000E+00,9.349E-03,3.219E-03,0.000E+00,0.000E+00,1.270E-05,6.008E-03,2.768E-02,1.406E+00,1.725E+00,-6.215E-01,8.011E+00,1.768E+00,4.935E+00,3.573E-01,1.000E+00,1.000E+00,5.260E-02,4.347E+00,1.670E+00,-3.011E-01,3.407E+00,2.036E+00,4.935E+00,2.131E-01,1.000E+00,1.000E+00,9.549E-02,3.626E+00,1.732E+00,-6.442E-01,9.118E+00,1.686E+00,4.935E+00,3.673E-01,1.000E+00,1.000E+00,3.380E-02,6.135E+00
5.600E+01,0.000E+00,0.000E+00,9.608E-03,3.280E-03,0.000E+00,0.000E+00,1.221E-05,6.197E-03,2.840E-02,1.444E+00,1.721E+00,-6.219E-01,8.054E+00,1.779E+00,4.935E+00,3.591E-01,1.000E+00,1.000E+00,5.257E-02,4.349E+00,1.676E+00,-3.072E-01,3.453E+00,2.006E+00,4.935E+00,2.151E-01,1.000E+00,1.000E+00,9.582E-02,3.615E+00,1.728E+00,-6.557E-01,9.576E+00,1.688E+00,4.935E+00,3.758E-01,1.000E+00,1.000E+00,3.374E-02,6.143E+00
5.700E+01,0.000E+00,0.000E+00,9.867E-03,3.341E-03,0.000E+00,0.000E+00,1.172E-05,6.387E-03,2.912E-02,1.482E+00,1.718E+00,-6.224E-01,8.097E+00,1.791E+00,4.935E+00,3.608E-01,1.000E+00,1.000E+00,5.253E-02,4.350E+00,1.683E+00,-3.133E-01,3.499E+00,1.976E+00,4.935E+00,2.171E-01,1.000E+00,1.000E+00,9.615E-02,3.605E+00,1.724E+00,-6.672E-01,1.003E+01,1.691E+00,4.935E+00,3.843E-01,1.000E+00,1.000E+00,3.368E-02,6.150E+00
5.800E+01,0.000E+00,0.000E+00,1.049E-02,3.364E-03,0.000E+00,0.000E+00,1.025E-05,7.043E-03,3.120E-02,1.583E+00,1.683E+00,-6.414E-01,8.991E+00,1.891E+00,4.935E+00,3.760E-01,1.000E+00,1.000E+00,5.110E-02,4.435E+00,1.652E+00,-3.416E-01,4.056E+00,2.029E+00,4.935E+00,2.283E-01,1.000E+00,1.000E+00,9.624E-02,3.602E+00,1.678E+00,-6.621E-01,9.857E+00,1.882E+00,4.935E+00,3.973E-01,1.000E+00,1.000E+00,3.261E-02,6.284E+00
5.900E+01,0.000E+00,0.000E+00,1.080E-02,3.375E-03,0.000E+00,0.000E+00,9.521E-06,7.371E-03,3.224E-02,1.634E+00,1.667E+00,-6.509E-01,9.439E+00,1.941E+00,4.935E+00,3.837E-01,1.000E+00,1.000E+00,5.038E-02,4.478E+00,1.640E+00,-3.558E-01,4.334E+00,2.056E+00,4.935E+00,2.339E-01,1.000E+00,1.000E+00,9.628E-02,3.601E+00,1.657E+00,-6.596E-01,9.768E+00,1.978E+00,4.935E+00,4.038E-01,1.000E+00,1.000E+00,3.208E-02,6.350E+00
6.000E+01,0.000E+00,0.000E+00,1.111E-02,3.387E-03,0.000E+00,0.000E+00,8.789E-06,7.699E-03,3.328E-02,1.684E+00,1.652E+00,-6.604E-01,9.886E+00,1.991E+00,4.935E+00,3.913E-01,1.000E+00,1.000E+00,4.967E-02,4.520E+00,1.628E+00,-3.699E-01,4.613E+00,2.083E+00,4.935E+00,2.395E-01,1.000E+00,1.000E+00,9.632E-02,3.600E+00,1.637E+00,-6.570E-01,9.680E+00,2.073E+00,4.935E+00,4.103E-01,1.000E+00,1.000E+00,3.155E-02,6.417E+00
6.100E+01,0.000E+00,0.000E+00,1.187E-02,3.537E-03,0.000E+00,0.000E+00,1.416E-05,8.358E-03,3.568E-02,1.803E+00,1.669E+00,-6.740E-01,9.922E+00,1.948E+00,4.864E+00,4.235E-01,1.038E+00,1.037E+00,4.864E-02,4.585E+00,1.634E+00,-3.957E-01,5.105E+00,2.008E+00,4.935E+00,2.416E-01,1.000E+00,1.000E+00,9.541E-02,3.628E+00,1.614E+00,-6.675E-01,9.882E+00,2.198E+00,4.935E+00,4.296E-01,1.000E+00,1.000E+00,3.140E-02,6.436E+00
6.200E+01,0.000E+00,0.000E+00,1.225E-02,3.612E-03,0.000E+00,0.000E+00,1.685E-05,8.688E-03,3.688E-02,1.863E+00,1.677E+00,-6.808E-01,9.940E+00,1.927E+00,4.830E+00,4.396E-01,1.058E+00,1.056E+00,4.813E-02,4.618E+00,1.638E+00,-4.086E-01,5.351E+00,1.970E+00,4.935E+00,2.427E-01,1.000E+00,1.000E+00,9.495E-02,3.643E+00,1.603E+00,-6.727E-01,9.983E+00,2.260E+00,4.935E+00,4.392E-01,1.000E+00,1.000E+00,3.133E-02,6.445E+00
6.300E+01,0.000E+00,0.000E+00,1.263E-02,3.687E-03,0.000E+00,0.000E+00,1.953E-05,9.018E-03,3.808E-02,1.923E+00,1.685E+00,-6.876E-01,9.958E+00,1.905E+00,4.796E+00,4.557E-01,1.077E+00,1.075E+00,4.762E-02,4.650E+00,1.643E+00,-4.215E-01,5.597E+00,1.933E+00,4.935E+00,2.437E-01,1.000E+00,1.000E+00,9.450E-02,3.657E+00,1.592E+00,-6.779E-01,1.008E+01,2.322E+00,4.935E+00,4.488E-01,1.000E+00,1.000E+00,3.126E-02,6.455E+00
6.400E+01,0.000E+00,0.000E+00,1.370E-02,3.607E-03,0.000E+00,0.000E+00,1.855E-05,1.012E-02,4.120E-02,2.082E+00,1.632E+00,-6.728E-01,9.079E+00,2.209E+00,4.864E+00,4.652E-01,1.038E+00,1.037E+00,4.711E-02,4.684E+00,1.628E+00,-4.711E-01,7.309E+00,1.849E+00,4.935E+00,2.509E-01,1.000E+00,1.000E+00,9.440E-02,3.660E+00,1.587E+00,-6.813E-01,1.005E+01,2.362E+00,4.935E+00,4.536E-01,1.000E+00,1.000E+00,3.072E-02,6.529E+00
6.500E+01,0.000E+00,0.000E+00,1.424E-02,3.568E-03,0.000E+00,0.000E+00,1.807E-05,1.067E-02,4.277E-02,2.161E+00,1.610E+00,-6.654E-01,8.640E+00,2.361E+00,4.899E+00,4.699E-01,1.019E+00,1.019E+00,4.686E-02,4.701E+00,1.628E+00,-4.959E-01,8.165E+00,1.808E+00,4.935E+00,2.545E-01,1.000E+00,1.000E+00,9.436E-02,3.662E+00,1.585E+00,-6.830E-01,1.003E+01,2.382E+00,4.935E+00,4.560E-01,1.000E+00,1.000E+00,3.044E-02,6.566E+00
6.600E+01,0.000E+00,0.000E+00,1.477E-02,3.528E-03,0.000E+00,0.000E+00,1.758E-05,1.122E-02,4.433E-02,2.241E+00,1.591E+00,-6.579E-01,8.201E+00,2.513E+00,4.935E+00,4.747E-01,1.000E+00,1.000E+00,4.660E-02,4.719E+00,1.632E+00,-5.207E-01,9.022E+00,1.766E+00,4.935E+00,2.582E-01,1.000E+00,1.000E+00,9.431E-02,3.663E+00,1.583E+00,-6.847E-01,1.001E+01,2.401E+00,4.935E+00,4.584E-01,1.000E+00,1.000E+00,3.017E-02,6.604E+00
6.700E+01,0.000E+00,0.000E+00,1.599E-02,3.738E-03,0.000E+00,0.000E+00,1.660E-05,1.224E-02,4.787E-02,2.425E+00,1.577E+00,-6.877E-01,9.159E+00,2.550E+00,4.931E+00,4.999E-01,1.004E+00,1.000E+00,4.605E-02,4.756E+00,1.602E+00,-5.628E-01,1.195E+01,1.749E+00,4.935E+00,2.705E-01,1.000E+00,1.000E+00,9.366E-02,3.685E+00,1.571E+00,-6.857E-01,9.352E+00,2.553E+00,4.935E+00,4.886E-01,1.000E+00,1.000E+00,2.881E-02,6.808E+00
6.800E+01,0.000E+00,0.000E+00,1.660E-02,3.843E-03,0.000E+00,0.000E+00,1.611E-05,1.274E-02,4.965E-02,2.516E+00,1.571E+00,-7.026E-01,9.638E+00,2.569E+00,4.929E+00,5.125E-01,1.006E+00,1.000E+00,4.578E-02,4.775E+00,1.594E+00,-5.838E-01,1.341E+01,1.741E+00,4.935E+00,2.766E-01,1.000E+00,1.000E+00,9.334E-02,3.695E+00,1.567E+00,-6.863E-01,9.021E+00,2.629E+00,4.935E+00,5.037E-01,1.000E+00,1.000E+00,2.814E-02,6.910E+00
6.900E+01,0.000E+00,0.000E+00,1.721E-02,3.947E-03,0.000E+00,0.000E+00,1.563E-05,1.325E-02,5.142E-02,2.608E+00,1.565E+00,-7.175E-01,1.012E+01,2.588E+00,4.927E+00,5.252E-01,1.008E+00,1.000E+00,4.551E-02,4.794E+00,1.589E+00,-6.048E-01,1.487E+01,1.732E+00,4.935E+00,2.828E-01,1.000E+00,1.000E+00,9.301E-02,3.706E+00,1.562E+00,-6.868E-01,8.690E+00,2.705E+00,4.935E+00,5.188E-01,1.000E+00,1.000E+00,2.746E-02,7.012E+00
7.000E+01,0.000E+00,0.000E+00,1.872E-02,4.090E-03,0.000E+00,0.000E+00,1.807E-05,1.462E-02,5.594E-02,2.838E+00,1.518E+00,-7.541E-01,1.298E+01,2.693E+00,4.890E+00,5.378E-01,1.048E+00,1.000E+00,4.435E-02,4.879E+00,1.542E+00,-5.991E-01,1.528E+01,1.892E+00,4.892E+00,2.880E-01,1.046E+00,1.000E+00,9.426E-02,3.666E+00,1.547E+00,-7.359E-01,1.064E+01,2.695E+00,4.935E+00,5.450E-01,1.000E+00,1.000E+00,2.671E-02,7.137E+00
7.100E+01,0.000E+00,0.000E+00,1.947E-02,4.161E-03,0.000E+00,0.000E+00,1.929E-05,1.530E-02,5.820E-02,2.953E+00,1.500E+00,-7.724E-01,1.442E+01,2.745E+00,4.872E+00,5.442E-01,1.068E+00,1.000E+00,4.378E-02,4.921E+00,1.520E+00,-5.962E-01,1.548E+01,1.972E+00,4.871E+00,2.906E-01,1.069E+00,1.000E+00,9.488E-02,3.645E+00,1.542E+00,-7.604E-01,1.162E+01,2.690E+00,4.935E+00,5.580E-01,1.000E+00,1.000E+00,2.634E-02,7.200E+00
7.200E+01,0.000E+00,0.000E+00,2.023E-02,4.232E-03,0.000E+00,0.000E+00,2.051E-05,1.599E-02,6.046E-02,3.068E+00,1.483E+00,-7.907E-01,1.585E+01,2.798E+00,4.854E+00,5.505E-01,1.088E+00,1.000E+00,4.320E-02,4.964E+00,1.499E+00,-5.934E-01,1.568E+01,2.052E+00,4.851E+00,2.932E-01,1.092E+00,1.000E+00,9.550E-02,3.625E+00,1.539E+00,-7.849E-01,1.259E+01,2.686E+00,4.935E+00,5.711E-01,1.000E+00,1.000E+00,2.596E-02,7.262E+00
7.300E+01,0.000E+00,0.000E+00,2.120E-02,4.051E-03,0.000E+00,0.000E+00,2.148E-05,1.718E-02,6.367E-02,3.222E+00,1.444E+00,-8.453E-01,2.445E+01,2.745E+00,4.796E+00,5.677E-01,1.155E+00,1.000E+00,4.237E-02,5.029E+00,1.472E+00,-5.843E-01,1.522E+01,2.191E+00,4.826E+00,3.043E-01,1.119E+00,1.000E+00,9.393E-02,3.676E+00,1.481E+00,-8.204E-01,1.667E+01,2.846E+00,4.838E+00,5.917E-01,1.106E+00,1.000E+00,2.550E-02,7.346E+00
7.400E+01,0.000E+00,0.000E+00,2.218E-02,3.870E-03,0.000E+00,0.000E+00,2.246E-05,1.838E-02,6.688E-02,3.375E+00,1.433E+00,-8.999E-01,3.304E+01,2.693E+00,4.741E+00,5.849E-01,1.222E+00,1.000E+00,4.154E-02,5.094E+00,1.448E+00,-5.753E-01,1.476E+01,2.330E+00,4.803E+00,3.154E-01,1.147E+00,1.000E+00,9.235E-02,3.728E+00,1.437E+00,-8.558E-01,2.074E+01,3.006E+00,4.750E+00,6.123E-01,1.211E+00,1.000E+00,2.504E-02,7.429E+00
7.500E+01,0.000E+00,0.000E+00,2.334E-02,3.744E-03,0.000E+00,0.000E+00,2.051E-05,1.962E-02,7.024E-02,3.547E+00,1.375E+00,-8.941E-01,3.303E+01,3.050E+00,4.634E+00,6.043E-01,1.363E+00,1.000E+00,4.033E-02,5.196E+00,1.408E+00,-5.689E-01,1.490E+01,2.535E+00,4.757E+00,3.259E-01,1.202E+00,1.000E+00,9.176E-02,3.748E+00,1.400E+00,-8.836E-01,2.553E+01,3.121E+00,4.723E+00,6.214E-01,1.245E+00,1.000E+00,2.458E-02,7.515E+00
7.600E+01,0.000E+00,0.000E+00,2.450E-02,3.618E-03,0.000E+00,0.000E+00,1.855E-05,2.086E-02,7.360E-02,3.719E+00,1.324E+00,-8.882E-01,3.301E+01,3.406E+00,4.536E+00,6.238E-01,1.504E+00,1.000E+00,3.911E-02,5.299E+00,1.371E+00,-5.626E-01,1.505E+01,2.741E+00,4.714E+00,3.365E-01,1.257E+00,1.000E+00,9.117E-02,3.768E+00,1.370E+00,-9.114E-01,3.032E+01,3.237E+00,4.697E+00,6.306E-01,1.278E+00,1.000E+00,2.413E-02,7.601E+00
7.700E+01,0.000E+00,0.000E+00,2.562E-02,3.371E-03,0.000E+00,0.000E+00,1.563E-05,2.222E-02,7.689E-02,3.887E+00,1.285E+00,-8.848E-01,3.437E+01,3.675E+00,4.466E+00,6.331E-01,1.615E+00,1.000E+00,3.904E-02,5.306E+00,1.343E+00,-5.498E-01,1.441E+01,2.952E+00,4.655E+00,3.438E-01,1.334E+00,1.000E+00,9.076E-02,3.782E+00,1.327E+00,-9.283E-01,3.615E+01,3.427E+00,4.607E+00,6.486E-01,1.401E+00,1.000E+00,2.324E-02,7.784E+00
7.800E+01,0.000E+00,0.000E+00,2.674E-02,3.124E-03,0.000E+00,0.000E+00,1.270E-05,2.358E-02,8.018E-02,4.055E+00,1.248E+00,-8.813E-01,3.572E+01,3.945E+00,4.400E+00,6.424E-01,1.726E+00,1.000E+00,3.896E-02,5.313E+00,1.319E+00,-5.371E-01,1.377E+01,3.163E+00,4.600E+00,3.510E-01,1.411E+00,1.000E+00,9.035E-02,3.796E+00,1.291E+00,-9.452E-01,4.198E+01,3.618E+00,4.523E+00,6.666E-01,1.525E+00,1.000E+00,2.235E-02,7.967E+00
7.900E+01,0.000E+00,0.000E+00,2.740E-02,2.741E-03,0.000E+00,0.000E+00,1.416E-05,2.467E-02,8.238E-02,4.161E+00,1.202E+00,-8.651E-01,3.347E+01,4.462E+00,4.304E+00,6.518E-01,1.900E+00,1.000E+00,3.835E-02,5.368E+00,1.280E+00,-5.299E-01,1.350E+01,3.520E+00,4.524E+00,3.697E-01,1.524E+00,1.000E+00,8.874E-02,3.854E+00,1.231E+00,-9.401E-01,4.311E+01,4.109E+00,4.409E+00,6.850E-01,1.709E+00,1.000E+00,2.131E-02,8.207E+00
8.000E+01,0.000E+00,0.000E+00,2.806E-02,2.357E-03,0.000E+00,0.000E+00,1.563E-05,2.576E-02,8.457E-02,4.268E+00,1.164E+00,-8.489E-01,3.121E+01,4.979E+00,4.216E+00,6.612E-01,2.074E+00,1.000E+00,3.775E-02,5.423E+00,1.246E+00,-5.226E-01,1.322E+01,3.877E+00,4.453E+00,3.884E-01,1.636E+00,1.000E+00,8.713E-02,3.913E+00,1.180E+00,-9.350E-01,4.424E+01,4.601E+00,4.307E+00,7.034E-01,1.894E+00,1.000E+00,2.028E-02,8.448E+00
8.100E+01,0.000E+00,0.000E+00,2.778E-02,1.748E-03,0.000E+00,0.000E+00,1.563E-05,2.604E-02,8.354E-02,4.220E+00,1.101E+00,-8.339E-01,2.945E+01,5.982E+00,4.093E+00,6.723E-01,2.347E+00,1.000E+00,3.544E-02,5.660E+00,1.200E+00,-5.057E-01,1.267E+01,4.433E+00,4.326E+00,3.980E-01,1.858E+00,1.000E+00,8.502E-02,3.994E+00,1.141E+00,-9.242E-01,4.130E+01,5.157E+00,4.267E+00,7.123E-01,1.972E+00,1.000E+00,1.915E-02,8.754E+00
8.200E+01,0.000E+00,0.000E+00,2.750E-02,1.139E-03,0.000E+00,0.000E+00,1.563E-05,2.633E-02,8.251E-02,4.172E+00,1.053E+00,-8.189E-01,2.768E+01,6.986E+00,3.984E+00,6.834E-01,2.619E+00,1.000E+00,3.314E-02,5.896E+00,1.162E+00,-4.887E-01,1.211E+01,4.989E+00,4.213E+00,4.076E-01,2.081E+00,1.000E+00,8.292E-02,4.076E+00,1.109E+00,-9.134E-01,3.837E+01,5.713E+00,4.228E+00,7.212E-01,2.050E+00,1.000E+00,1.801E-02,9.060E+00
8.300E+01,0.000E+00,0.000E+00,2.463E-02,6.714E-04,0.000E+00,0.000E+00,1.172E-05,2.387E-02,7.384E-02,3.733E+00,1.018E+00,-8.106E-01,2.670E+01,7.869E+00,3.910E+00,6.917E-01,2.823E+00,1.000E+00,3.037E-02,6.254E+00,1.128E+00,-4.784E-01,1.163E+01,5.619E+00,4.102E+00,4.178E-01,2.324E+00,1.000E+00,8.054E-02,4.177E+00,1.083E+00,-9.182E-01,3.803E+01,6.192E+00,4.180E+00,7.364E-01,2.151E+00,1.000E+00,1.652E-02,9.556E+00
8.400E+01,0.000E+00,0.000E+00,2.176E-02,2.041E-04,0.000E+00,0.000E+00,7.813E-06,2.141E-02,6.517E-02,3.294E+00,9.889E-01,-8.023E-01,2.572E+01,8.752E+00,3.841E+00,7.001E-01,3.026E+00,1.000E+00,2.760E-02,6.611E+00,1.101E+00,-4.682E-01,1.116E+01,6.249E+00,4.003E+00,4.279E-01,2.568E+00,1.000E+00,7.817E-02,4.279E+00,1.061E+00,-9.230E-01,3.769E+01,6.672E+00,4.134E+00,7.515E-01,2.252E+00,1.000E+00,1.503E-02,1.005E+01
8.500E+01,0.000E+00,0.000E+00,1.486E-02,1.021E-04,0.000E+00,4.883E-07,7.324E-06,1.473E-02,4.458E-02,2.254E+00,1.034E+00,-7.996E-01,2.256E+01,8.092E+00,3.894E+00,7.017E-01,2.868E+00,1.000E+00,2.415E-02,7.235E+00,1.111E+00,-4.503E-01,9.643E+00,6.547E+00,4.020E+00,4.332E-01,2.525E+00,1.000E+00,7.363E-02,4.505E+00,1.090E+00,-9.155E-01,3.350E+01,6.384E+00,4.128E+00,7.527E-01,2.265E+00,1.000E+00,1.304E-02,1.097E+01
8.600E+01,0.000E+00,0.000E+00,7.955E-03,0.000E+00,0.000E+00,9.766E-07,6.836E-06,8.056E-03,2.399E-02,1.215E+00,1.085E+00,-7.969E-01,1.941E+01,7.431E+00,3.950E+00,7.033E-01,2.710E+00,1.000E+00,2.069E-02,7.858E+00,1.130E+00,-4.325E-01,8.129E+00,6.845E+00,4.037E+00,4.385E-01,2.482E+00,1.000E+00,6.910E-02,4.731E+00,1.124E+00,-9.081E-01,2.931E+01,6.095E+00,4.123E+00,7.538E-01,2.277E+00,1.000E+00,1.106E-02,1.189E+01
8.700E+01,0.000E+00,0.000E+00,3.980E-03,0.000E+00,0.000E+00,1.855E-05,4.492E-05,4.048E-03,1.208E-02,6.112E-01,7.405E-01,-1.030E+00,7.407E+02,9.243E+00,3.813E+00,7.443E-01,3.113E+00,1.000E+00,1.509E-02,9.907E+00,1.138E+00,-6.149E-01,1.650E+01,5.405E+00,4.225E+00,5.154E-01,2.056E+00,1.000E+00,7.674E-02,4.374E+00,7.813E-01,-8.891E-01,2.350E+01,2.446E+01,3.661E+00,7.696E-01,3.639E+00,1.000E+00,1.012E-02,1.249E+01
8.800E+01,0.000E+00,0.000E+00,5.859E-06,0.000E+00,0.000E+00,3.613E-05,8.301E-05,4.102E-05,1.768E-04,7.732E-03,7.237E-01,-1.262E+00,1.462E+03,1.106E+01,3.695E+00,7.854E-01,3.515E+00,1.000E+00,9.492E-03,1.196E+01,1.263E+00,-7.973E-01,2.488E+01,3.964E+00,4.456E+00,5.923E-01,1.631E+00,1.000E+00,8.438E-02,4.018E+00,7.294E-01,-8.700E-01,1.770E+01,4.283E+01,3.358E+00,7.854E-01,5.000E+00,1.000E+00,9.182E-03,1.309E+01
8.900E+01,0.000E+00,0.000E+00,0.000E+00,0.000E+00,0.000E+00,0.000E+00,9.766E-07,0.000E+00,1.953E-06,-3.245E-04,3.142E+00,0.000E+00,0.000E+00,0.000E+00,9.870E+00,0.000E+00,0.000E+00,0.000E+00,0.000E+00,0.000E+00,3.142E+00,0.000E+00,0.000E+00,0.000E+00,9.870E+00,0.000E+00,0.000E+00,0.000E+00,0.000E+00,0.000E+00,3.142E+00,0.000E+00,0.000E+00,0.000E+00,9.870E+00,0.000E+00,0.000E+00,0.000E+00,0.000E+00,0.000E+00
