alpha,H,He,Na,Al,Si,O,Na_1,O_1,Si_2,O_2,Al_3,O_3,amu/ion,phiK_Al,phiTilt_Al,phiM_Al,phiN_Al,thetaK_Al,thetaTilt_Al,thetaM_Al,thetaN_Al,energyK_Al,energyE_Al,phiK_Na,phiTilt_Na,phiM_Na,phiN_Na,thetaK_Na,thetaTilt_Na,thetaM_Na,thetaN_Na,energyK_Na,energyE_Na,phiK_O,phiTilt_O,phiM_O,phiN_O,thetaK_O,thetaTilt_O,thetaM_O,thetaN_O,energyK_O,energyE_O,phiK_Si,phiTilt_Si,phiM_Si,phiN_Si,thetaK_Si,thetaTilt_Si,thetaM_Si,thetaN_Si,energyK_Si,energyE_Si
0,0.000E+00,0.000E+00,2.257E-03,0.000E+00,1.484E-03,0.000E+00,0.000E+00,0.000E+00,7.578E-04,3.265E-03,2.233E-03,5.368E-03,3.131E-01,1.819E+00,-1.923E-02,1.484E+00,1.293E+00,3.142E+00,5.679E-04,2.440E+00,2.448E+00,7.236E-02,4.139E+00,1.749E+00,-2.582E-02,1.758E+00,1.398E+00,3.142E+00,-2.130E-03,2.689E+00,2.654E+00,3.072E-01,1.268E+00,1.730E+00,-9.109E-02,2.259E+00,1.438E+00,3.142E+00,-1.003E-03,2.616E+00,2.600E+00,1.163E-01,3.072E+00,1.784E+00,-1.396E-03,1.418E+00,1.421E+00,3.142E+00,-6.955E-03,2.437E+00,2.336E+00,6.387E-02,4.518E+00
1,0.000E+00,0.000E+00,2.262E-03,0.000E+00,1.479E-03,0.000E+00,0.000E+00,0.000E+00,7.706E-04,3.334E-03,2.250E-03,5.387E-03,3.152E-01,1.806E+00,-2.203E-02,1.477E+00,1.371E+00,3.142E+00,-9.151E-05,2.458E+00,2.456E+00,7.291E-02,4.115E+00,1.733E+00,-2.233E-02,1.711E+00,1.491E+00,3.142E+00,-1.818E-03,2.678E+00,2.648E+00,3.050E-01,1.276E+00,1.727E+00,-9.147E-02,2.223E+00,1.473E+00,3.142E+00,-1.177E-03,2.627E+00,2.608E+00,1.157E-01,3.086E+00,1.788E+00,-8.098E-03,1.417E+00,1.438E+00,3.142E+00,-5.721E-03,2.414E+00,2.331E+00,6.344E-02,4.542E+00
2,0.000E+00,0.000E+00,2.267E-03,0.000E+00,1.474E-03,0.000E+00,0.000E+00,0.000E+00,7.834E-04,3.404E-03,2.266E-03,5.406E-03,3.174E-01,1.793E+00,-2.482E-02,1.470E+00,1.448E+00,3.142E+00,-7.509E-04,2.477E+00,2.465E+00,7.347E-02,4.092E+00,1.719E+00,-1.884E-02,1.665E+00,1.583E+00,3.142E+00,-1.507E-03,2.667E+00,2.642E+00,3.029E-01,1.285E+00,1.725E+00,-9.184E-02,2.186E+00,1.509E+00,3.142E+00,-1.352E-03,2.638E+00,2.615E+00,1.151E-01,3.101E+00,1.792E+00,-1.480E-02,1.416E+00,1.454E+00,3.142E+00,-4.487E-03,2.391E+00,2.325E+00,6.301E-02,4.567E+00
3,0.000E+00,0.000E+00,2.272E-03,0.000E+00,1.469E-03,0.000E+00,0.000E+00,0.000E+00,7.963E-04,3.474E-03,2.282E-03,5.425E-03,3.195E-01,1.781E+00,-2.761E-02,1.463E+00,1.526E+00,3.142E+00,-1.410E-03,2.495E+00,2.473E+00,7.402E-02,4.068E+00,1.707E+00,-1.535E-02,1.618E+00,1.675E+00,3.142E+00,-1.195E-03,2.656E+00,2.636E+00,3.007E-01,1.293E+00,1.723E+00,-9.222E-02,2.150E+00,1.544E+00,3.142E+00,-1.526E-03,2.648E+00,2.623E+00,1.145E-01,3.115E+00,1.796E+00,-2.150E-02,1.415E+00,1.471E+00,3.142E+00,-3.252E-03,2.368E+00,2.320E+00,6.257E-02,4.591E+00
4,0.000E+00,0.000E+00,2.275E-03,0.000E+00,1.466E-03,0.000E+00,0.000E+00,0.000E+00,8.027E-04,3.509E-03,2.290E-03,5.434E-03,3.206E-01,1.775E+00,-2.901E-02,1.459E+00,1.564E+00,3.142E+00,-1.740E-03,2.504E+00,2.477E+00,7.430E-02,4.057E+00,1.701E+00,-1.361E-02,1.595E+00,1.721E+00,3.142E+00,-1.039E-03,2.651E+00,2.633E+00,2.996E-01,1.297E+00,1.722E+00,-9.240E-02,2.132E+00,1.562E+00,3.142E+00,-1.613E-03,2.654E+00,2.627E+00,1.142E-01,3.122E+00,1.798E+00,-2.485E-02,1.415E+00,1.479E+00,3.142E+00,-2.635E-03,2.357E+00,2.317E+00,6.236E-02,4.603E+00
5,0.000E+00,0.000E+00,2.277E-03,0.000E+00,1.463E-03,0.000E+00,0.000E+00,0.000E+00,8.091E-04,3.544E-03,2.298E-03,5.444E-03,3.217E-01,1.770E+00,-3.041E-02,1.455E+00,1.603E+00,3.142E+00,-2.070E-03,2.513E+00,2.481E+00,7.457E-02,4.045E+00,1.695E+00,-1.187E-02,1.572E+00,1.767E+00,3.142E+00,-8.836E-04,2.645E+00,2.631E+00,2.986E-01,1.301E+00,1.721E+00,-9.259E-02,2.114E+00,1.580E+00,3.142E+00,-1.700E-03,2.659E+00,2.631E+00,1.138E-01,3.129E+00,1.800E+00,-2.820E-02,1.414E+00,1.487E+00,3.142E+00,-2.018E-03,2.345E+00,2.315E+00,6.214E-02,4.616E+00
6,0.000E+00,0.000E+00,2.282E-03,0.000E+00,1.458E-03,0.000E+00,0.000E+00,0.000E+00,8.219E-04,3.614E-03,2.315E-03,5.463E-03,3.238E-01,1.760E+00,-3.320E-02,1.448E+00,1.681E+00,3.142E+00,-2.729E-03,2.532E+00,2.489E+00,7.512E-02,4.022E+00,1.685E+00,-8.379E-03,1.525E+00,1.859E+00,3.142E+00,-5.721E-04,2.634E+00,2.625E+00,2.964E-01,1.309E+00,1.719E+00,-9.297E-02,2.078E+00,1.615E+00,3.142E+00,-1.875E-03,2.670E+00,2.639E+00,1.132E-01,3.143E+00,1.804E+00,-3.491E-02,1.413E+00,1.504E+00,3.142E+00,-7.832E-04,2.322E+00,2.309E+00,6.171E-02,4.640E+00
7,0.000E+00,0.000E+00,2.288E-03,0.000E+00,1.453E-03,0.000E+00,0.000E+00,0.000E+00,8.347E-04,3.684E-03,2.331E-03,5.482E-03,3.260E-01,1.750E+00,-3.599E-02,1.441E+00,1.758E+00,3.142E+00,-3.389E-03,2.550E+00,2.497E+00,7.568E-02,3.998E+00,1.677E+00,-4.892E-03,1.478E+00,1.951E+00,3.142E+00,-2.605E-04,2.623E+00,2.619E+00,2.942E-01,1.318E+00,1.718E+00,-9.334E-02,2.042E+00,1.651E+00,3.142E+00,-2.049E-03,2.681E+00,2.646E+00,1.126E-01,3.157E+00,1.808E+00,-4.161E-02,1.412E+00,1.520E+00,3.142E+00,4.512E-04,2.299E+00,2.304E+00,6.128E-02,4.665E+00
8,0.000E+00,0.000E+00,2.293E-03,0.000E+00,1.448E-03,0.000E+00,0.000E+00,0.000E+00,8.475E-04,3.753E-03,2.347E-03,5.501E-03,3.281E-01,1.741E+00,-3.879E-02,1.433E+00,1.836E+00,3.142E+00,-4.048E-03,2.569E+00,2.505E+00,7.623E-02,3.975E+00,1.669E+00,-1.404E-03,1.432E+00,2.043E+00,3.142E+00,5.098E-05,2.612E+00,2.613E+00,2.921E-01,1.326E+00,1.717E+00,-9.371E-02,2.006E+00,1.686E+00,3.142E+00,-2.223E-03,2.692E+00,2.654E+00,1.120E-01,3.171E+00,1.812E+00,-4.831E-02,1.411E+00,1.537E+00,3.142E+00,1.686E-03,2.276E+00,2.299E+00,6.084E-02,4.689E+00
9,0.000E+00,0.000E+00,2.295E-03,0.000E+00,1.445E-03,0.000E+00,0.000E+00,0.000E+00,8.539E-04,3.788E-03,2.355E-03,5.510E-03,3.292E-01,1.737E+00,-4.019E-02,1.430E+00,1.874E+00,3.142E+00,-4.378E-03,2.578E+00,2.509E+00,7.651E-02,3.963E+00,1.666E+00,3.394E-04,1.408E+00,2.089E+00,3.142E+00,2.067E-04,2.607E+00,2.610E+00,2.910E-01,1.330E+00,1.717E+00,-9.390E-02,1.988E+00,1.704E+00,3.142E+00,-2.310E-03,2.697E+00,2.658E+00,1.117E-01,3.178E+00,1.814E+00,-5.166E-02,1.410E+00,1.545E+00,3.142E+00,2.303E-03,2.265E+00,2.296E+00,6.063E-02,4.701E+00
10,0.000E+00,0.000E+00,2.298E-03,0.000E+00,1.442E-03,0.000E+00,0.000E+00,0.000E+00,8.604E-04,3.823E-03,2.363E-03,5.520E-03,3.303E-01,1.732E+00,-4.158E-02,1.426E+00,1.913E+00,3.142E+00,-4.708E-03,2.587E+00,2.513E+00,7.678E-02,3.951E+00,1.665E+00,2.083E-03,1.385E+00,2.135E+00,3.142E+00,3.625E-04,2.601E+00,2.607E+00,2.899E-01,1.334E+00,1.716E+00,-9.409E-02,1.970E+00,1.722E+00,3.142E+00,-2.397E-03,2.702E+00,2.662E+00,1.114E-01,3.185E+00,1.816E+00,-5.501E-02,1.410E+00,1.553E+00,3.142E+00,2.920E-03,2.253E+00,2.293E+00,6.041E-02,4.714E+00
11,0.000E+00,0.000E+00,2.353E-03,0.000E+00,1.481E-03,0.000E+00,0.000E+00,1.221E-07,8.710E-04,3.844E-03,2.426E-03,5.661E-03,3.375E-01,1.724E+00,-7.336E-02,1.683E+00,1.840E+00,3.142E+00,-4.982E-03,2.590E+00,2.511E+00,7.638E-02,3.968E+00,1.651E+00,-2.873E-02,1.624E+00,2.089E+00,3.142E+00,-1.792E-04,2.626E+00,2.622E+00,2.899E-01,1.335E+00,1.711E+00,-1.099E-01,2.090E+00,1.732E+00,3.142E+00,-2.098E-03,2.686E+00,2.651E+00,1.114E-01,3.186E+00,1.812E+00,-7.236E-02,1.510E+00,1.554E+00,3.142E+00,1.831E-03,2.286E+00,2.310E+00,6.099E-02,4.681E+00
12,0.000E+00,0.000E+00,2.408E-03,0.000E+00,1.520E-03,0.000E+00,0.000E+00,2.441E-07,8.816E-04,3.864E-03,2.490E-03,5.802E-03,3.447E-01,1.723E+00,-1.051E-01,1.941E+00,1.766E+00,3.142E+00,-5.256E-03,2.592E+00,2.509E+00,7.597E-02,3.985E+00,1.646E+00,-5.955E-02,1.863E+00,2.042E+00,3.142E+00,-7.209E-04,2.650E+00,2.637E+00,2.898E-01,1.335E+00,1.707E+00,-1.258E-01,2.211E+00,1.742E+00,3.142E+00,-1.799E-03,2.670E+00,2.639E+00,1.114E-01,3.186E+00,1.809E+00,-8.970E-02,1.610E+00,1.554E+00,3.142E+00,7.428E-04,2.319E+00,2.328E+00,6.158E-02,4.648E+00
13,0.000E+00,0.000E+00,2.463E-03,0.000E+00,1.558E-03,0.000E+00,0.000E+00,3.662E-07,8.922E-04,3.885E-03,2.553E-03,5.944E-03,3.518E-01,1.728E+00,-1.369E-01,2.198E+00,1.693E+00,3.142E+00,-5.530E-03,2.595E+00,2.508E+00,7.556E-02,4.002E+00,1.645E+00,-9.037E-02,2.103E+00,1.995E+00,3.142E+00,-1.263E-03,2.675E+00,2.653E+00,2.898E-01,1.335E+00,1.703E+00,-1.416E-01,2.332E+00,1.752E+00,3.142E+00,-1.500E-03,2.653E+00,2.628E+00,1.114E-01,3.186E+00,1.807E+00,-1.070E-01,1.710E+00,1.554E+00,3.142E+00,-3.459E-04,2.352E+00,2.345E+00,6.216E-02,4.616E+00
14,0.000E+00,0.000E+00,2.491E-03,0.000E+00,1.578E-03,0.000E+00,0.000E+00,4.272E-07,8.975E-04,3.895E-03,2.584E-03,6.014E-03,3.554E-01,1.733E+00,-1.528E-01,2.326E+00,1.656E+00,3.142E+00,-5.667E-03,2.596E+00,2.507E+00,7.536E-02,4.011E+00,1.646E+00,-1.058E-01,2.222E+00,1.971E+00,3.142E+00,-1.534E-03,2.687E+00,2.660E+00,2.897E-01,1.335E+00,1.701E+00,-1.496E-01,2.392E+00,1.757E+00,3.142E+00,-1.350E-03,2.645E+00,2.623E+00,1.114E-01,3.186E+00,1.806E+00,-1.157E-01,1.760E+00,1.555E+00,3.142E+00,-8.902E-04,2.369E+00,2.353E+00,6.245E-02,4.600E+00
15,0.000E+00,0.000E+00,2.518E-03,0.000E+00,1.597E-03,0.000E+00,0.000E+00,4.883E-07,9.028E-04,3.905E-03,2.616E-03,6.085E-03,3.590E-01,1.738E+00,-1.687E-01,2.455E+00,1.620E+00,3.142E+00,-5.804E-03,2.598E+00,2.506E+00,7.516E-02,4.019E+00,1.648E+00,-1.212E-01,2.342E+00,1.948E+00,3.142E+00,-1.804E-03,2.699E+00,2.668E+00,2.897E-01,1.335E+00,1.700E+00,-1.575E-01,2.452E+00,1.762E+00,3.142E+00,-1.201E-03,2.637E+00,2.617E+00,1.114E-01,3.186E+00,1.805E+00,-1.244E-01,1.811E+00,1.555E+00,3.142E+00,-1.435E-03,2.386E+00,2.362E+00,6.275E-02,4.583E+00
16,0.000E+00,0.000E+00,2.573E-03,0.000E+00,1.636E-03,0.000E+00,0.000E+00,6.104E-07,9.135E-04,3.926E-03,2.679E-03,6.226E-03,3.662E-01,1.753E+00,-2.005E-01,2.712E+00,1.546E+00,3.142E+00,-6.078E-03,2.600E+00,2.504E+00,7.475E-02,4.036E+00,1.654E+00,-1.520E-01,2.581E+00,1.901E+00,3.142E+00,-2.346E-03,2.724E+00,2.683E+00,2.897E-01,1.335E+00,1.697E+00,-1.734E-01,2.573E+00,1.772E+00,3.142E+00,-9.018E-04,2.621E+00,2.606E+00,1.114E-01,3.187E+00,1.805E+00,-1.417E-01,1.911E+00,1.555E+00,3.142E+00,-2.523E-03,2.419E+00,2.379E+00,6.333E-02,4.551E+00
17,0.000E+00,0.000E+00,2.628E-03,0.000E+00,1.675E-03,0.000E+00,0.000E+00,7.324E-07,9.241E-04,3.946E-03,2.742E-03,6.368E-03,3.734E-01,1.771E+00,-2.322E-01,2.970E+00,1.473E+00,3.142E+00,-6.353E-03,2.603E+00,2.503E+00,7.434E-02,4.053E+00,1.662E+00,-1.828E-01,2.820E+00,1.854E+00,3.142E+00,-2.888E-03,2.748E+00,2.698E+00,2.896E-01,1.336E+00,1.695E+00,-1.892E-01,2.694E+00,1.782E+00,3.142E+00,-6.027E-04,2.605E+00,2.594E+00,1.114E-01,3.187E+00,1.805E+00,-1.591E-01,2.011E+00,1.555E+00,3.142E+00,-3.612E-03,2.452E+00,2.396E+00,6.392E-02,4.518E+00
18,0.000E+00,0.000E+00,2.683E-03,0.000E+00,1.713E-03,0.000E+00,0.000E+00,8.545E-07,9.347E-04,3.967E-03,2.805E-03,6.509E-03,3.806E-01,1.792E+00,-2.640E-01,3.227E+00,1.400E+00,3.142E+00,-6.627E-03,2.605E+00,2.501E+00,7.393E-02,4.070E+00,1.674E+00,-2.136E-01,3.060E+00,1.807E+00,3.142E+00,-3.430E-03,2.773E+00,2.713E+00,2.895E-01,1.336E+00,1.694E+00,-2.051E-01,2.814E+00,1.792E+00,3.142E+00,-3.035E-04,2.588E+00,2.583E+00,1.113E-01,3.187E+00,1.805E+00,-1.764E-01,2.111E+00,1.556E+00,3.142E+00,-4.701E-03,2.485E+00,2.413E+00,6.450E-02,4.486E+00
19,0.000E+00,0.000E+00,2.711E-03,0.000E+00,1.733E-03,0.000E+00,0.000E+00,9.155E-07,9.400E-04,3.977E-03,2.837E-03,6.580E-03,3.842E-01,1.804E+00,-2.799E-01,3.355E+00,1.363E+00,3.142E+00,-6.764E-03,2.607E+00,2.500E+00,7.373E-02,4.079E+00,1.680E+00,-2.290E-01,3.179E+00,1.783E+00,3.142E+00,-3.700E-03,2.785E+00,2.721E+00,2.895E-01,1.336E+00,1.693E+00,-2.130E-01,2.875E+00,1.798E+00,3.142E+00,-1.540E-04,2.580E+00,2.577E+00,1.113E-01,3.187E+00,1.806E+00,-1.851E-01,2.161E+00,1.556E+00,3.142E+00,-5.245E-03,2.501E+00,2.422E+00,6.479E-02,4.469E+00
20,0.000E+00,0.000E+00,2.738E-03,0.000E+00,1.752E-03,0.000E+00,0.000E+00,9.766E-07,9.453E-04,3.987E-03,2.868E-03,6.650E-03,3.878E-01,1.817E+00,-2.958E-01,3.484E+00,1.326E+00,3.142E+00,-6.901E-03,2.608E+00,2.499E+00,7.353E-02,4.087E+00,1.687E+00,-2.444E-01,3.299E+00,1.760E+00,3.142E+00,-3.971E-03,2.797E+00,2.728E+00,2.895E-01,1.336E+00,1.693E+00,-2.209E-01,2.935E+00,1.803E+00,3.142E+00,-4.408E-06,2.572E+00,2.572E+00,1.113E-01,3.187E+00,1.806E+00,-1.938E-01,2.211E+00,1.556E+00,3.142E+00,-5.789E-03,2.518E+00,2.430E+00,6.508E-02,4.453E+00
21,0.000E+00,0.000E+00,2.820E-03,0.000E+00,1.793E-03,0.000E+00,0.000E+00,8.545E-07,9.875E-04,4.183E-03,2.939E-03,6.825E-03,3.996E-01,1.819E+00,-3.161E-01,3.712E+00,1.317E+00,3.142E+00,-5.629E-03,2.582E+00,2.493E+00,7.339E-02,4.093E+00,1.677E+00,-2.568E-01,3.484E+00,1.781E+00,3.142E+00,-3.890E-03,2.784E+00,2.716E+00,2.889E-01,1.339E+00,1.693E+00,-2.324E-01,3.027E+00,1.803E+00,3.142E+00,-2.185E-04,2.579E+00,2.576E+00,1.107E-01,3.204E+00,1.801E+00,-2.039E-01,2.234E+00,1.607E+00,3.142E+00,-5.292E-03,2.492E+00,2.412E+00,6.444E-02,4.490E+00
22,0.000E+00,0.000E+00,2.902E-03,0.000E+00,1.834E-03,0.000E+00,0.000E+00,7.324E-07,1.030E-03,4.378E-03,3.010E-03,6.999E-03,4.115E-01,1.822E+00,-3.365E-01,3.940E+00,1.308E+00,3.142E+00,-4.356E-03,2.557E+00,2.487E+00,7.325E-02,4.099E+00,1.668E+00,-2.692E-01,3.668E+00,1.802E+00,3.142E+00,-3.809E-03,2.770E+00,2.704E+00,2.882E-01,1.341E+00,1.694E+00,-2.439E-01,3.120E+00,1.804E+00,3.142E+00,-4.327E-04,2.586E+00,2.579E+00,1.100E-01,3.222E+00,1.795E+00,-2.141E-01,2.256E+00,1.658E+00,3.142E+00,-4.795E-03,2.466E+00,2.394E+00,6.379E-02,4.526E+00
23,0.000E+00,0.000E+00,2.984E-03,0.000E+00,1.876E-03,0.000E+00,0.000E+00,6.104E-07,1.072E-03,4.573E-03,3.080E-03,7.174E-03,4.233E-01,1.825E+00,-3.568E-01,4.167E+00,1.299E+00,3.142E+00,-3.084E-03,2.531E+00,2.481E+00,7.311E-02,4.106E+00,1.660E+00,-2.816E-01,3.853E+00,1.823E+00,3.142E+00,-3.728E-03,2.756E+00,2.692E+00,2.876E-01,1.344E+00,1.695E+00,-2.553E-01,3.212E+00,1.804E+00,3.142E+00,-6.468E-04,2.594E+00,2.583E+00,1.093E-01,3.239E+00,1.790E+00,-2.242E-01,2.279E+00,1.709E+00,3.142E+00,-4.297E-03,2.440E+00,2.376E+00,6.314E-02,4.562E+00
24,0.000E+00,0.000E+00,3.025E-03,0.000E+00,1.896E-03,0.000E+00,0.000E+00,5.493E-07,1.093E-03,4.671E-03,3.116E-03,7.261E-03,4.293E-01,1.828E+00,-3.670E-01,4.281E+00,1.294E+00,3.142E+00,-2.448E-03,2.518E+00,2.478E+00,7.304E-02,4.109E+00,1.656E+00,-2.878E-01,3.945E+00,1.834E+00,3.142E+00,-3.687E-03,2.749E+00,2.686E+00,2.873E-01,1.345E+00,1.695E+00,-2.611E-01,3.258E+00,1.805E+00,3.142E+00,-7.538E-04,2.597E+00,2.585E+00,1.090E-01,3.247E+00,1.787E+00,-2.293E-01,2.290E+00,1.734E+00,3.142E+00,-4.049E-03,2.427E+00,2.367E+00,6.281E-02,4.580E+00
25,0.000E+00,0.000E+00,3.066E-03,0.000E+00,1.917E-03,0.000E+00,0.000E+00,4.883E-07,1.114E-03,4.769E-03,3.151E-03,7.348E-03,4.352E-01,1.830E+00,-3.771E-01,4.395E+00,1.289E+00,3.142E+00,-1.812E-03,2.506E+00,2.476E+00,7.297E-02,4.112E+00,1.652E+00,-2.940E-01,4.038E+00,1.845E+00,3.142E+00,-3.647E-03,2.742E+00,2.680E+00,2.870E-01,1.346E+00,1.696E+00,-2.668E-01,3.304E+00,1.805E+00,3.142E+00,-8.609E-04,2.601E+00,2.587E+00,1.086E-01,3.256E+00,1.784E+00,-2.343E-01,2.301E+00,1.760E+00,3.142E+00,-3.800E-03,2.415E+00,2.358E+00,6.249E-02,4.599E+00
26,0.000E+00,0.000E+00,3.148E-03,0.000E+00,1.958E-03,0.000E+00,0.000E+00,3.662E-07,1.156E-03,4.964E-03,3.222E-03,7.523E-03,4.470E-01,1.836E+00,-3.975E-01,4.623E+00,1.280E+00,3.142E+00,-5.395E-04,2.480E+00,2.470E+00,7.283E-02,4.118E+00,1.645E+00,-3.063E-01,4.222E+00,1.866E+00,3.142E+00,-3.566E-03,2.728E+00,2.668E+00,2.864E-01,1.349E+00,1.697E+00,-2.783E-01,3.397E+00,1.805E+00,3.142E+00,-1.075E-03,2.608E+00,2.590E+00,1.079E-01,3.273E+00,1.779E+00,-2.445E-01,2.324E+00,1.810E+00,3.142E+00,-3.303E-03,2.389E+00,2.340E+00,6.184E-02,4.635E+00
27,0.000E+00,0.000E+00,3.230E-03,0.000E+00,2.000E-03,0.000E+00,0.000E+00,2.441E-07,1.199E-03,5.159E-03,3.292E-03,7.697E-03,4.589E-01,1.842E+00,-4.178E-01,4.851E+00,1.271E+00,3.142E+00,7.328E-04,2.454E+00,2.464E+00,7.270E-02,4.124E+00,1.639E+00,-3.187E-01,4.407E+00,1.887E+00,3.142E+00,-3.484E-03,2.715E+00,2.656E+00,2.857E-01,1.352E+00,1.698E+00,-2.898E-01,3.489E+00,1.806E+00,3.142E+00,-1.289E-03,2.615E+00,2.594E+00,1.073E-01,3.290E+00,1.774E+00,-2.546E-01,2.347E+00,1.861E+00,3.142E+00,-2.805E-03,2.363E+00,2.322E+00,6.119E-02,4.671E+00
28,0.000E+00,0.000E+00,3.312E-03,0.000E+00,2.041E-03,0.000E+00,0.000E+00,1.221E-07,1.241E-03,5.354E-03,3.363E-03,7.871E-03,4.707E-01,1.848E+00,-4.381E-01,5.078E+00,1.262E+00,3.142E+00,2.005E-03,2.429E+00,2.458E+00,7.256E-02,4.130E+00,1.633E+00,-3.311E-01,4.592E+00,1.908E+00,3.142E+00,-3.403E-03,2.701E+00,2.644E+00,2.851E-01,1.354E+00,1.699E+00,-3.012E-01,3.581E+00,1.806E+00,3.142E+00,-1.503E-03,2.622E+00,2.598E+00,1.066E-01,3.307E+00,1.769E+00,-2.648E-01,2.369E+00,1.912E+00,3.142E+00,-2.308E-03,2.337E+00,2.304E+00,6.055E-02,4.708E+00
29,0.000E+00,0.000E+00,3.353E-03,0.000E+00,2.061E-03,0.000E+00,0.000E+00,6.104E-08,1.262E-03,5.452E-03,3.398E-03,7.959E-03,4.767E-01,1.852E+00,-4.483E-01,5.192E+00,1.257E+00,3.142E+00,2.641E-03,2.416E+00,2.455E+00,7.249E-02,4.133E+00,1.630E+00,-3.373E-01,4.684E+00,1.919E+00,3.142E+00,-3.363E-03,2.694E+00,2.638E+00,2.848E-01,1.355E+00,1.700E+00,-3.070E-01,3.628E+00,1.807E+00,3.142E+00,-1.610E-03,2.626E+00,2.600E+00,1.063E-01,3.316E+00,1.767E+00,-2.698E-01,2.380E+00,1.938E+00,3.142E+00,-2.059E-03,2.324E+00,2.295E+00,6.022E-02,4.726E+00
30,0.000E+00,0.000E+00,3.394E-03,0.000E+00,2.082E-03,0.000E+00,0.000E+00,0.000E+00,1.283E-03,5.550E-03,3.434E-03,8.046E-03,4.826E-01,1.856E+00,-4.584E-01,5.306E+00,1.253E+00,3.142E+00,3.277E-03,2.403E+00,2.452E+00,7.242E-02,4.136E+00,1.628E+00,-3.435E-01,4.777E+00,1.929E+00,3.142E+00,-3.322E-03,2.687E+00,2.631E+00,2.845E-01,1.357E+00,1.701E+00,-3.127E-01,3.674E+00,1.807E+00,3.142E+00,-1.717E-03,2.629E+00,2.602E+00,1.059E-01,3.324E+00,1.765E+00,-2.749E-01,2.392E+00,1.963E+00,3.142E+00,-1.811E-03,2.311E+00,2.286E+00,5.990E-02,4.744E+00
31,0.000E+00,0.000E+00,3.648E-03,0.000E+00,2.232E-03,0.000E+00,0.000E+00,0.000E+00,1.417E-03,6.044E-03,3.690E-03,8.594E-03,5.199E-01,1.838E+00,-4.786E-01,5.801E+00,1.287E+00,3.142E+00,2.163E-03,2.438E+00,2.469E+00,7.178E-02,4.166E+00,1.626E+00,-3.429E-01,4.720E+00,1.950E+00,3.142E+00,-2.939E-03,2.697E+00,2.647E+00,2.839E-01,1.359E+00,1.694E+00,-3.183E-01,3.717E+00,1.845E+00,3.142E+00,-1.533E-03,2.636E+00,2.611E+00,1.053E-01,3.341E+00,1.750E+00,-3.045E-01,2.742E+00,1.945E+00,3.142E+00,-2.115E-03,2.334E+00,2.304E+00,5.926E-02,4.785E+00
32,0.000E+00,0.000E+00,3.775E-03,0.000E+00,2.307E-03,0.000E+00,0.000E+00,0.000E+00,1.484E-03,6.291E-03,3.818E-03,8.868E-03,5.386E-01,1.829E+00,-4.887E-01,6.048E+00,1.304E+00,3.142E+00,1.606E-03,2.455E+00,2.477E+00,7.146E-02,4.181E+00,1.626E+00,-3.427E-01,4.692E+00,1.960E+00,3.142E+00,-2.747E-03,2.701E+00,2.655E+00,2.837E-01,1.360E+00,1.691E+00,-3.211E-01,3.739E+00,1.863E+00,3.142E+00,-1.440E-03,2.640E+00,2.616E+00,1.050E-01,3.350E+00,1.745E+00,-3.192E-01,2.918E+00,1.936E+00,3.142E+00,-2.267E-03,2.346E+00,2.313E+00,5.894E-02,4.806E+00
33,0.000E+00,0.000E+00,3.902E-03,0.000E+00,2.382E-03,0.000E+00,0.000E+00,0.000E+00,1.551E-03,6.538E-03,3.946E-03,9.143E-03,5.573E-01,1.822E+00,-4.988E-01,6.295E+00,1.321E+00,3.142E+00,1.049E-03,2.472E+00,2.486E+00,7.113E-02,4.197E+00,1.625E+00,-3.424E-01,4.663E+00,1.971E+00,3.142E+00,-2.556E-03,2.706E+00,2.663E+00,2.834E-01,1.361E+00,1.688E+00,-3.238E-01,3.761E+00,1.882E+00,3.142E+00,-1.348E-03,2.643E+00,2.621E+00,1.047E-01,3.358E+00,1.741E+00,-3.340E-01,3.093E+00,1.927E+00,3.142E+00,-2.420E-03,2.357E+00,2.322E+00,5.862E-02,4.827E+00
34,0.000E+00,0.000E+00,4.029E-03,0.000E+00,2.457E-03,0.000E+00,0.000E+00,0.000E+00,1.618E-03,6.785E-03,4.074E-03,9.417E-03,5.759E-01,1.814E+00,-5.089E-01,6.542E+00,1.338E+00,3.142E+00,4.917E-04,2.489E+00,2.494E+00,7.081E-02,4.212E+00,1.625E+00,-3.421E-01,4.635E+00,1.981E+00,3.142E+00,-2.364E-03,2.711E+00,2.671E+00,2.831E-01,1.363E+00,1.685E+00,-3.266E-01,3.782E+00,1.901E+00,3.142E+00,-1.256E-03,2.647E+00,2.626E+00,1.044E-01,3.367E+00,1.738E+00,-3.488E-01,3.268E+00,1.919E+00,3.142E+00,-2.572E-03,2.369E+00,2.331E+00,5.830E-02,4.847E+00
35,0.000E+00,0.000E+00,4.156E-03,0.000E+00,2.532E-03,0.000E+00,0.000E+00,0.000E+00,1.685E-03,7.032E-03,4.202E-03,9.691E-03,5.946E-01,1.808E+00,-5.190E-01,6.789E+00,1.355E+00,3.142E+00,-6.537E-05,2.507E+00,2.502E+00,7.049E-02,4.227E+00,1.625E+00,-3.418E-01,4.607E+00,1.991E+00,3.142E+00,-2.173E-03,2.716E+00,2.679E+00,2.828E-01,1.364E+00,1.682E+00,-3.294E-01,3.804E+00,1.920E+00,3.142E+00,-1.163E-03,2.650E+00,2.631E+00,1.041E-01,3.375E+00,1.735E+00,-3.635E-01,3.443E+00,1.910E+00,3.142E+00,-2.724E-03,2.380E+00,2.340E+00,5.798E-02,4.868E+00
36,0.000E+00,0.000E+00,4.284E-03,0.000E+00,2.607E-03,0.000E+00,0.000E+00,0.000E+00,1.751E-03,7.279E-03,4.330E-03,9.965E-03,6.133E-01,1.801E+00,-5.291E-01,7.037E+00,1.372E+00,3.142E+00,-6.225E-04,2.524E+00,2.511E+00,7.017E-02,4.242E+00,1.624E+00,-3.416E-01,4.578E+00,2.002E+00,3.142E+00,-1.981E-03,2.721E+00,2.687E+00,2.826E-01,1.365E+00,1.679E+00,-3.322E-01,3.826E+00,1.939E+00,3.142E+00,-1.071E-03,2.653E+00,2.636E+00,1.037E-01,3.384E+00,1.734E+00,-3.783E-01,3.619E+00,1.901E+00,3.142E+00,-2.876E-03,2.392E+00,2.349E+00,5.766E-02,4.888E+00
37,0.000E+00,0.000E+00,4.411E-03,0.000E+00,2.682E-03,0.000E+00,0.000E+00,0.000E+00,1.818E-03,7.526E-03,4.458E-03,1.024E-02,6.319E-01,1.795E+00,-5.392E-01,7.284E+00,1.389E+00,3.142E+00,-1.180E-03,2.541E+00,2.519E+00,6.985E-02,4.257E+00,1.624E+00,-3.413E-01,4.550E+00,2.012E+00,3.142E+00,-1.790E-03,2.725E+00,2.695E+00,2.823E-01,1.366E+00,1.675E+00,-3.350E-01,3.848E+00,1.958E+00,3.142E+00,-9.785E-04,2.657E+00,2.641E+00,1.034E-01,3.392E+00,1.733E+00,-3.931E-01,3.794E+00,1.892E+00,3.142E+00,-3.029E-03,2.403E+00,2.358E+00,5.734E-02,4.909E+00
38,0.000E+00,0.000E+00,4.538E-03,0.000E+00,2.757E-03,0.000E+00,0.000E+00,0.000E+00,1.885E-03,7.773E-03,4.586E-03,1.051E-02,6.506E-01,1.789E+00,-5.493E-01,7.531E+00,1.406E+00,3.142E+00,-1.737E-03,2.558E+00,2.528E+00,6.953E-02,4.273E+00,1.623E+00,-3.410E-01,4.522E+00,2.022E+00,3.142E+00,-1.598E-03,2.730E+00,2.703E+00,2.820E-01,1.367E+00,1.672E+00,-3.377E-01,3.870E+00,1.976E+00,3.142E+00,-8.861E-04,2.660E+00,2.646E+00,1.031E-01,3.401E+00,1.733E+00,-4.079E-01,3.969E+00,1.883E+00,3.142E+00,-3.181E-03,2.415E+00,2.367E+00,5.703E-02,4.930E+00
39,0.000E+00,0.000E+00,4.665E-03,0.000E+00,2.832E-03,0.000E+00,0.000E+00,0.000E+00,1.952E-03,8.020E-03,4.714E-03,1.079E-02,6.693E-01,1.784E+00,-5.594E-01,7.778E+00,1.423E+00,3.142E+00,-2.294E-03,2.576E+00,2.536E+00,6.920E-02,4.288E+00,1.623E+00,-3.408E-01,4.493E+00,2.033E+00,3.142E+00,-1.406E-03,2.735E+00,2.711E+00,2.817E-01,1.369E+00,1.669E+00,-3.405E-01,3.891E+00,1.995E+00,3.142E+00,-7.937E-04,2.664E+00,2.651E+00,1.028E-01,3.410E+00,1.733E+00,-4.226E-01,4.145E+00,1.874E+00,3.142E+00,-3.333E-03,2.426E+00,2.376E+00,5.671E-02,4.950E+00
40,0.000E+00,0.000E+00,4.792E-03,0.000E+00,2.906E-03,0.000E+00,0.000E+00,0.000E+00,2.019E-03,8.267E-03,4.841E-03,1.106E-02,6.879E-01,1.779E+00,-5.695E-01,8.026E+00,1.440E+00,3.142E+00,-2.851E-03,2.593E+00,2.544E+00,6.888E-02,4.303E+00,1.623E+00,-3.405E-01,4.465E+00,2.043E+00,3.142E+00,-1.215E-03,2.740E+00,2.719E+00,2.815E-01,1.370E+00,1.666E+00,-3.433E-01,3.913E+00,2.014E+00,3.142E+00,-7.014E-04,2.667E+00,2.655E+00,1.025E-01,3.418E+00,1.734E+00,-4.374E-01,4.320E+00,1.865E+00,3.142E+00,-3.485E-03,2.438E+00,2.385E+00,5.639E-02,4.971E+00
41,0.000E+00,0.000E+00,4.919E-03,0.000E+00,2.981E-03,0.000E+00,0.000E+00,0.000E+00,2.086E-03,8.514E-03,4.969E-03,1.134E-02,7.066E-01,1.774E+00,-5.796E-01,8.273E+00,1.457E+00,3.142E+00,-3.408E-03,2.610E+00,2.553E+00,6.856E-02,4.318E+00,1.622E+00,-3.402E-01,4.437E+00,2.054E+00,3.142E+00,-1.023E-03,2.745E+00,2.727E+00,2.812E-01,1.371E+00,1.663E+00,-3.461E-01,3.935E+00,2.033E+00,3.142E+00,-6.090E-04,2.670E+00,2.660E+00,1.022E-01,3.427E+00,1.736E+00,-4.522E-01,4.495E+00,1.856E+00,3.142E+00,-3.638E-03,2.449E+00,2.394E+00,5.607E-02,4.992E+00
42,0.000E+00,0.000E+00,5.046E-03,0.000E+00,3.056E-03,0.000E+00,0.000E+00,0.000E+00,2.153E-03,8.761E-03,5.097E-03,1.161E-02,7.253E-01,1.769E+00,-5.896E-01,8.520E+00,1.474E+00,3.142E+00,-3.965E-03,2.627E+00,2.561E+00,6.824E-02,4.333E+00,1.622E+00,-3.400E-01,4.408E+00,2.064E+00,3.142E+00,-8.317E-04,2.749E+00,2.735E+00,2.809E-01,1.372E+00,1.661E+00,-3.488E-01,3.957E+00,2.052E+00,3.142E+00,-5.166E-04,2.674E+00,2.665E+00,1.019E-01,3.435E+00,1.737E+00,-4.670E-01,4.670E+00,1.847E+00,3.142E+00,-3.790E-03,2.461E+00,2.403E+00,5.575E-02,5.012E+00
43,0.000E+00,0.000E+00,5.173E-03,0.000E+00,3.131E-03,0.000E+00,0.000E+00,0.000E+00,2.220E-03,9.008E-03,5.225E-03,1.188E-02,7.439E-01,1.765E+00,-5.997E-01,8.767E+00,1.491E+00,3.142E+00,-4.522E-03,2.645E+00,2.570E+00,6.792E-02,4.349E+00,1.622E+00,-3.397E-01,4.380E+00,2.074E+00,3.142E+00,-6.401E-04,2.754E+00,2.743E+00,2.806E-01,1.373E+00,1.658E+00,-3.516E-01,3.978E+00,2.071E+00,3.142E+00,-4.243E-04,2.677E+00,2.670E+00,1.016E-01,3.444E+00,1.740E+00,-4.817E-01,4.846E+00,1.838E+00,3.142E+00,-3.942E-03,2.472E+00,2.413E+00,5.543E-02,5.033E+00
44,0.000E+00,0.000E+00,5.301E-03,0.000E+00,3.206E-03,0.000E+00,0.000E+00,0.000E+00,2.287E-03,9.255E-03,5.353E-03,1.216E-02,7.626E-01,1.760E+00,-6.098E-01,9.014E+00,1.508E+00,3.142E+00,-5.079E-03,2.662E+00,2.578E+00,6.760E-02,4.364E+00,1.622E+00,-3.394E-01,4.352E+00,2.085E+00,3.142E+00,-4.485E-04,2.759E+00,2.751E+00,2.804E-01,1.374E+00,1.655E+00,-3.544E-01,4.000E+00,2.089E+00,3.142E+00,-3.319E-04,2.681E+00,2.675E+00,1.013E-01,3.452E+00,1.742E+00,-4.965E-01,5.021E+00,1.829E+00,3.142E+00,-4.094E-03,2.484E+00,2.422E+00,5.511E-02,5.053E+00
45,0.000E+00,0.000E+00,5.428E-03,0.000E+00,3.281E-03,0.000E+00,0.000E+00,0.000E+00,2.354E-03,9.502E-03,5.481E-03,1.243E-02,7.813E-01,1.756E+00,-6.199E-01,9.262E+00,1.525E+00,3.142E+00,-5.637E-03,2.679E+00,2.586E+00,6.728E-02,4.379E+00,1.621E+00,-3.392E-01,4.323E+00,2.095E+00,3.142E+00,-2.570E-04,2.764E+00,2.759E+00,2.801E-01,1.376E+00,1.652E+00,-3.572E-01,4.022E+00,2.108E+00,3.142E+00,-2.395E-04,2.684E+00,2.680E+00,1.010E-01,3.461E+00,1.745E+00,-5.113E-01,5.196E+00,1.821E+00,3.142E+00,-4.247E-03,2.495E+00,2.431E+00,5.479E-02,5.074E+00
46,0.000E+00,0.000E+00,5.833E-03,0.000E+00,3.408E-03,0.000E+00,0.000E+00,4.883E-07,2.556E-03,1.038E-02,5.800E-03,1.306E-02,8.327E-01,1.720E+00,-5.675E-01,7.492E+00,1.712E+00,3.142E+00,-3.453E-03,2.603E+00,2.546E+00,6.917E-02,4.288E+00,1.633E+00,-3.625E-01,4.703E+00,2.000E+00,3.142E+00,-1.322E-03,2.758E+00,2.736E+00,2.825E-01,1.365E+00,1.662E+00,-3.742E-01,4.211E+00,2.048E+00,3.142E+00,-1.414E-03,2.694E+00,2.670E+00,1.015E-01,3.446E+00,1.753E+00,-5.110E-01,4.871E+00,1.850E+00,3.142E+00,-2.430E-03,2.463E+00,2.426E+00,5.328E-02,5.184E+00
47,0.000E+00,0.000E+00,6.036E-03,0.000E+00,3.472E-03,0.000E+00,0.000E+00,7.324E-07,2.657E-03,1.082E-02,5.959E-03,1.337E-02,8.584E-01,1.710E+00,-5.414E-01,6.608E+00,1.805E+00,3.142E+00,-2.361E-03,2.565E+00,2.527E+00,7.011E-02,4.243E+00,1.640E+00,-3.741E-01,4.893E+00,1.953E+00,3.142E+00,-1.854E-03,2.756E+00,2.724E+00,2.837E-01,1.360E+00,1.668E+00,-3.827E-01,4.306E+00,2.018E+00,3.142E+00,-2.001E-03,2.699E+00,2.665E+00,1.017E-01,3.439E+00,1.758E+00,-5.108E-01,4.709E+00,1.865E+00,3.142E+00,-1.522E-03,2.446E+00,2.423E+00,5.253E-02,5.239E+00
48,0.000E+00,0.000E+00,6.239E-03,0.000E+00,3.535E-03,0.000E+00,0.000E+00,9.766E-07,2.758E-03,1.125E-02,6.118E-03,1.368E-02,8.841E-01,1.707E+00,-5.152E-01,5.723E+00,1.898E+00,3.142E+00,-1.269E-03,2.526E+00,2.507E+00,7.106E-02,4.197E+00,1.647E+00,-3.857E-01,5.082E+00,1.905E+00,3.142E+00,-2.386E-03,2.753E+00,2.712E+00,2.849E-01,1.355E+00,1.674E+00,-3.912E-01,4.401E+00,1.988E+00,3.142E+00,-2.588E-03,2.704E+00,2.660E+00,1.020E-01,3.432E+00,1.763E+00,-5.106E-01,4.546E+00,1.879E+00,3.142E+00,-6.144E-04,2.430E+00,2.421E+00,5.177E-02,5.294E+00
49,0.000E+00,0.000E+00,6.584E-03,0.000E+00,3.727E-03,0.000E+00,0.000E+00,1.953E-06,2.916E-03,1.196E-02,6.526E-03,1.434E-02,9.348E-01,1.692E+00,-5.767E-01,7.784E+00,1.817E+00,3.142E+00,-5.940E-04,2.498E+00,2.488E+00,6.948E-02,4.272E+00,1.618E+00,-3.211E-01,4.118E+00,2.112E+00,3.142E+00,-5.160E-04,2.722E+00,2.713E+00,2.833E-01,1.362E+00,1.661E+00,-3.978E-01,4.592E+00,2.019E+00,3.142E+00,-2.440E-03,2.696E+00,2.656E+00,1.014E-01,3.447E+00,1.753E+00,-5.422E-01,5.435E+00,1.817E+00,3.142E+00,-2.215E-03,2.482E+00,2.448E+00,5.289E-02,5.212E+00
50,0.000E+00,0.000E+00,6.756E-03,0.000E+00,3.822E-03,0.000E+00,0.000E+00,2.441E-06,2.995E-03,1.231E-02,6.730E-03,1.467E-02,9.601E-01,1.693E+00,-6.075E-01,8.814E+00,1.776E+00,3.142E+00,-2.567E-04,2.484E+00,2.479E+00,6.870E-02,4.310E+00,1.612E+00,-2.887E-01,3.636E+00,2.215E+00,3.142E+00,4.191E-04,2.706E+00,2.713E+00,2.825E-01,1.365E+00,1.655E+00,-4.011E-01,4.688E+00,2.034E+00,3.142E+00,-2.366E-03,2.693E+00,2.653E+00,1.012E-01,3.454E+00,1.752E+00,-5.580E-01,5.880E+00,1.786E+00,3.142E+00,-3.015E-03,2.508E+00,2.461E+00,5.344E-02,5.171E+00
51,0.000E+00,0.000E+00,6.929E-03,0.000E+00,3.918E-03,0.000E+00,0.000E+00,2.930E-06,3.074E-03,1.266E-02,6.934E-03,1.499E-02,9.855E-01,1.699E+00,-6.383E-01,9.845E+00,1.736E+00,3.142E+00,8.060E-05,2.469E+00,2.470E+00,6.791E-02,4.347E+00,1.613E+00,-2.564E-01,3.153E+00,2.319E+00,3.142E+00,1.354E-03,2.690E+00,2.713E+00,2.817E-01,1.369E+00,1.649E+00,-4.044E-01,4.784E+00,2.050E+00,3.142E+00,-2.292E-03,2.689E+00,2.651E+00,1.009E-01,3.462E+00,1.752E+00,-5.738E-01,6.325E+00,1.755E+00,3.142E+00,-3.815E-03,2.534E+00,2.475E+00,5.400E-02,5.129E+00
52,0.000E+00,0.000E+00,7.345E-03,0.000E+00,3.924E-03,0.000E+00,1.465E-06,2.441E-06,3.451E-03,1.401E-02,7.360E-03,1.548E-02,1.047E+00,1.673E+00,-6.468E-01,1.067E+01,1.793E+00,3.142E+00,1.383E-04,2.545E+00,2.547E+00,6.639E-02,4.425E+00,1.594E+00,-2.542E-01,3.106E+00,2.469E+00,3.142E+00,-1.384E-03,2.750E+00,2.726E+00,2.766E-01,1.391E+00,1.648E+00,-3.991E-01,4.702E+00,2.063E+00,3.142E+00,-2.638E-03,2.716E+00,2.672E+00,9.973E-02,3.497E+00,1.734E+00,-5.798E-01,6.477E+00,1.823E+00,3.142E+00,-5.903E-03,2.562E+00,2.470E+00,5.346E-02,5.169E+00
53,0.000E+00,0.000E+00,7.553E-03,0.000E+00,3.927E-03,0.000E+00,2.197E-06,2.197E-06,3.640E-03,1.469E-02,7.574E-03,1.573E-02,1.077E+00,1.661E+00,-6.511E-01,1.108E+01,1.822E+00,3.142E+00,1.671E-04,2.583E+00,2.586E+00,6.564E-02,4.464E+00,1.585E+00,-2.531E-01,3.082E+00,2.545E+00,3.142E+00,-2.752E-03,2.781E+00,2.732E+00,2.741E-01,1.402E+00,1.647E+00,-3.964E-01,4.661E+00,2.069E+00,3.142E+00,-2.811E-03,2.730E+00,2.682E+00,9.914E-02,3.514E+00,1.725E+00,-5.827E-01,6.553E+00,1.858E+00,3.142E+00,-6.947E-03,2.575E+00,2.467E+00,5.318E-02,5.189E+00
54,0.000E+00,0.000E+00,7.761E-03,0.000E+00,3.930E-03,0.000E+00,2.930E-06,1.953E-06,3.828E-03,1.537E-02,7.787E-03,1.597E-02,1.108E+00,1.649E+00,-6.554E-01,1.150E+01,1.851E+00,3.142E+00,1.960E-04,2.621E+00,2.624E+00,6.488E-02,4.503E+00,1.577E+00,-2.520E-01,3.058E+00,2.620E+00,3.142E+00,-4.121E-03,2.811E+00,2.738E+00,2.716E-01,1.413E+00,1.646E+00,-3.937E-01,4.620E+00,2.075E+00,3.142E+00,-2.984E-03,2.744E+00,2.693E+00,9.855E-02,3.531E+00,1.717E+00,-5.857E-01,6.629E+00,1.892E+00,3.142E+00,-7.991E-03,2.589E+00,2.465E+00,5.291E-02,5.208E+00
55,0.000E+00,0.000E+00,8.379E-03,0.000E+00,4.019E-03,0.000E+00,1.953E-06,1.465E-06,4.286E-03,1.672E-02,8.344E-03,1.680E-02,1.187E+00,1.634E+00,-6.142E-01,9.560E+00,1.978E+00,3.142E+00,-1.508E-03,2.618E+00,2.593E+00,6.439E-02,4.530E+00,1.586E+00,-2.977E-01,3.694E+00,2.402E+00,3.142E+00,-2.889E-03,2.806E+00,2.755E+00,2.714E-01,1.414E+00,1.636E+00,-4.044E-01,4.840E+00,2.106E+00,3.142E+00,-3.202E-03,2.763E+00,2.708E+00,9.928E-02,3.510E+00,1.694E+00,-6.094E-01,7.468E+00,1.937E+00,3.142E+00,-5.322E-03,2.571E+00,2.488E+00,5.298E-02,5.203E+00
56,0.000E+00,0.000E+00,8.689E-03,0.000E+00,4.064E-03,0.000E+00,1.465E-06,1.221E-06,4.514E-03,1.740E-02,8.622E-03,1.721E-02,1.227E+00,1.632E+00,-5.937E-01,8.592E+00,2.041E+00,3.142E+00,-2.360E-03,2.616E+00,2.578E+00,6.414E-02,4.543E+00,1.596E+00,-3.206E-01,4.012E+00,2.293E+00,3.142E+00,-2.273E-03,2.803E+00,2.763E+00,2.714E-01,1.414E+00,1.631E+00,-4.098E-01,4.949E+00,2.121E+00,3.142E+00,-3.311E-03,2.772E+00,2.715E+00,9.965E-02,3.499E+00,1.684E+00,-6.212E-01,7.888E+00,1.959E+00,3.142E+00,-3.987E-03,2.562E+00,2.500E+00,5.301E-02,5.201E+00
57,0.000E+00,0.000E+00,8.998E-03,0.000E+00,4.108E-03,0.000E+00,9.766E-07,9.766E-07,4.743E-03,1.807E-02,8.900E-03,1.763E-02,1.267E+00,1.634E+00,-5.731E-01,7.624E+00,2.104E+00,3.142E+00,-3.212E-03,2.615E+00,2.563E+00,6.389E-02,4.556E+00,1.609E+00,-3.435E-01,4.330E+00,2.184E+00,3.142E+00,-1.657E-03,2.801E+00,2.771E+00,2.713E-01,1.415E+00,1.626E+00,-4.152E-01,5.059E+00,2.136E+00,3.142E+00,-3.420E-03,2.782E+00,2.722E+00,1.000E-01,3.488E+00,1.675E+00,-6.331E-01,8.308E+00,1.982E+00,3.142E+00,-2.652E-03,2.553E+00,2.511E+00,5.305E-02,5.198E+00
58,0.000E+00,0.000E+00,9.566E-03,0.000E+00,4.504E-03,0.000E+00,1.953E-06,2.930E-06,5.033E-03,1.920E-02,9.532E-03,1.895E-02,1.355E+00,1.618E+00,-5.810E-01,7.933E+00,2.162E+00,3.142E+00,-1.888E-03,2.590E+00,2.559E+00,6.291E-02,4.611E+00,1.602E+00,-3.402E-01,4.256E+00,2.242E+00,3.142E+00,-2.992E-03,2.822E+00,2.769E+00,2.694E-01,1.423E+00,1.620E+00,-4.169E-01,5.121E+00,2.159E+00,3.142E+00,-2.970E-03,2.749E+00,2.698E+00,9.750E-02,3.565E+00,1.684E+00,-6.371E-01,7.875E+00,2.002E+00,3.142E+00,-1.720E-03,2.492E+00,2.466E+00,5.168E-02,5.303E+00
59,0.000E+00,0.000E+00,9.850E-03,0.000E+00,4.702E-03,0.000E+00,2.441E-06,3.906E-06,5.177E-03,1.977E-02,9.848E-03,1.961E-02,1.400E+00,1.611E+00,-5.850E-01,8.087E+00,2.191E+00,3.142E+00,-1.226E-03,2.578E+00,2.558E+00,6.242E-02,4.639E+00,1.598E+00,-3.385E-01,4.219E+00,2.271E+00,3.142E+00,-3.660E-03,2.832E+00,2.768E+00,2.685E-01,1.428E+00,1.617E+00,-4.177E-01,5.153E+00,2.170E+00,3.142E+00,-2.745E-03,2.732E+00,2.685E+00,9.623E-02,3.604E+00,1.689E+00,-6.391E-01,7.659E+00,2.012E+00,3.142E+00,-1.254E-03,2.462E+00,2.443E+00,5.100E-02,5.355E+00
60,0.000E+00,0.000E+00,1.013E-02,0.000E+00,4.899E-03,0.000E+00,2.930E-06,4.883E-06,5.322E-03,2.034E-02,1.016E-02,2.027E-02,1.444E+00,1.604E+00,-5.890E-01,8.241E+00,2.220E+00,3.142E+00,-5.635E-04,2.565E+00,2.556E+00,6.193E-02,4.666E+00,1.595E+00,-3.369E-01,4.183E+00,2.300E+00,3.142E+00,-4.327E-03,2.843E+00,2.766E+00,2.676E-01,1.432E+00,1.614E+00,-4.185E-01,5.184E+00,2.181E+00,3.142E+00,-2.520E-03,2.716E+00,2.673E+00,9.497E-02,3.642E+00,1.694E+00,-6.411E-01,7.443E+00,2.022E+00,3.142E+00,-7.874E-04,2.432E+00,2.420E+00,5.032E-02,5.407E+00
61,0.000E+00,0.000E+00,1.096E-02,0.000E+00,5.227E-03,0.000E+00,3.418E-06,4.883E-06,5.803E-03,2.210E-02,1.105E-02,2.164E-02,1.559E+00,1.596E+00,-6.257E-01,9.706E+00,2.183E+00,3.142E+00,7.831E-04,2.580E+00,2.593E+00,6.244E-02,4.638E+00,1.575E+00,-3.777E-01,5.258E+00,2.221E+00,3.142E+00,-3.415E-03,2.802E+00,2.742E+00,2.677E-01,1.431E+00,1.602E+00,-4.567E-01,6.279E+00,2.121E+00,3.142E+00,-2.606E-03,2.743E+00,2.698E+00,9.594E-02,3.612E+00,1.650E+00,-6.532E-01,8.740E+00,2.103E+00,3.142E+00,-1.029E-03,2.416E+00,2.400E+00,5.032E-02,5.407E+00
62,0.000E+00,0.000E+00,1.137E-02,0.000E+00,5.391E-03,0.000E+00,3.662E-06,4.883E-06,6.043E-03,2.299E-02,1.149E-02,2.233E-02,1.617E+00,1.595E+00,-6.440E-01,1.044E+01,2.165E+00,3.142E+00,1.456E-03,2.587E+00,2.611E+00,6.269E-02,4.623E+00,1.570E+00,-3.981E-01,5.795E+00,2.182E+00,3.142E+00,-2.959E-03,2.782E+00,2.730E+00,2.678E-01,1.431E+00,1.600E+00,-4.758E-01,6.826E+00,2.091E+00,3.142E+00,-2.648E-03,2.756E+00,2.710E+00,9.643E-02,3.596E+00,1.631E+00,-6.593E-01,9.388E+00,2.143E+00,3.142E+00,-1.150E-03,2.407E+00,2.391E+00,5.033E-02,5.406E+00
63,0.000E+00,0.000E+00,1.178E-02,0.000E+00,5.555E-03,0.000E+00,3.906E-06,4.883E-06,6.283E-03,2.387E-02,1.193E-02,2.301E-02,1.675E+00,1.595E+00,-6.624E-01,1.117E+01,2.146E+00,3.142E+00,2.130E-03,2.595E+00,2.630E+00,6.294E-02,4.609E+00,1.569E+00,-4.186E-01,6.333E+00,2.143E+00,3.142E+00,-2.502E-03,2.762E+00,2.718E+00,2.679E-01,1.430E+00,1.599E+00,-4.949E-01,7.374E+00,2.061E+00,3.142E+00,-2.691E-03,2.770E+00,2.723E+00,9.691E-02,3.581E+00,1.612E+00,-6.653E-01,1.004E+01,2.183E+00,3.142E+00,-1.270E-03,2.399E+00,2.381E+00,5.033E-02,5.406E+00
64,0.000E+00,0.000E+00,1.280E-02,0.000E+00,5.472E-03,0.000E+00,6.348E-06,6.836E-06,7.306E-03,2.728E-02,1.286E-02,2.354E-02,1.813E+00,1.570E+00,-6.403E-01,1.060E+01,2.271E+00,3.142E+00,-1.017E-03,2.578E+00,2.563E+00,6.422E-02,4.540E+00,1.548E+00,-4.724E-01,8.811E+00,2.022E+00,3.142E+00,-2.478E-03,2.674E+00,2.633E+00,2.657E-01,1.441E+00,1.576E+00,-5.043E-01,8.023E+00,2.110E+00,3.142E+00,-1.072E-03,2.707E+00,2.689E+00,9.792E-02,3.551E+00,1.610E+00,-6.879E-01,1.082E+01,2.180E+00,3.142E+00,1.047E-03,2.405E+00,2.421E+00,4.899E-02,5.518E+00
65,0.000E+00,0.000E+00,1.332E-02,0.000E+00,5.430E-03,0.000E+00,7.568E-06,7.813E-06,7.817E-03,2.898E-02,1.332E-02,2.380E-02,1.882E+00,1.558E+00,-6.293E-01,1.031E+01,2.333E+00,3.142E+00,-2.591E-03,2.569E+00,2.530E+00,6.486E-02,4.505E+00,1.549E+00,-4.993E-01,1.005E+01,1.962E+00,3.142E+00,-2.466E-03,2.630E+00,2.590E+00,2.645E-01,1.446E+00,1.565E+00,-5.090E-01,8.348E+00,2.135E+00,3.142E+00,-2.620E-04,2.676E+00,2.671E+00,9.843E-02,3.535E+00,1.609E+00,-6.992E-01,1.122E+01,2.179E+00,3.142E+00,2.206E-03,2.408E+00,2.441E+00,4.832E-02,5.574E+00
66,0.000E+00,0.000E+00,1.383E-02,0.000E+00,5.389E-03,0.000E+00,8.789E-06,8.789E-06,8.328E-03,3.069E-02,1.378E-02,2.407E-02,1.951E+00,1.546E+00,-6.182E-01,1.002E+01,2.396E+00,3.142E+00,-4.164E-03,2.561E+00,2.496E+00,6.550E-02,4.470E+00,1.554E+00,-5.262E-01,1.129E+01,1.902E+00,3.142E+00,-2.453E-03,2.586E+00,2.547E+00,2.634E-01,1.452E+00,1.555E+00,-5.136E-01,8.673E+00,2.159E+00,3.142E+00,5.476E-04,2.645E+00,2.654E+00,9.893E-02,3.520E+00,1.609E+00,-7.105E-01,1.161E+01,2.178E+00,3.142E+00,3.365E-03,2.410E+00,2.461E+00,4.765E-02,5.630E+00
67,0.000E+00,0.000E+00,1.515E-02,0.000E+00,5.670E-03,0.000E+00,9.766E-06,9.766E-06,9.400E-03,3.402E-02,1.504E-02,2.574E-02,2.134E+00,1.490E+00,-7.235E-01,2.108E+01,2.234E+00,3.142E+00,-1.455E-04,2.505E+00,2.502E+00,6.432E-02,4.534E+00,1.541E+00,-5.463E-01,1.329E+01,1.861E+00,3.142E+00,-1.765E-03,2.638E+00,2.610E+00,2.664E-01,1.438E+00,1.532E+00,-5.692E-01,1.237E+01,2.055E+00,3.142E+00,4.587E-03,2.536E+00,2.607E+00,9.795E-02,3.550E+00,1.571E+00,-7.138E-01,1.257E+01,2.300E+00,3.142E+00,1.199E-04,2.485E+00,2.486E+00,4.837E-02,5.569E+00
68,0.000E+00,0.000E+00,1.581E-02,0.000E+00,5.811E-03,0.000E+00,1.025E-05,1.025E-05,9.937E-03,3.569E-02,1.567E-02,2.657E-02,2.226E+00,1.498E+00,-7.761E-01,2.662E+01,2.153E+00,3.142E+00,1.864E-03,2.477E+00,2.506E+00,6.373E-02,4.566E+00,1.538E+00,-5.564E-01,1.429E+01,1.841E+00,3.142E+00,-1.421E-03,2.664E+00,2.641E+00,2.679E-01,1.431E+00,1.532E+00,-5.969E-01,1.422E+01,2.003E+00,3.142E+00,6.607E-03,2.482E+00,2.584E+00,9.746E-02,3.564E+00,1.554E+00,-7.155E-01,1.304E+01,2.362E+00,3.142E+00,-1.503E-03,2.523E+00,2.498E+00,4.873E-02,5.538E+00
69,0.000E+00,0.000E+00,1.647E-02,0.000E+00,5.952E-03,0.000E+00,1.074E-05,1.074E-05,1.047E-02,3.735E-02,1.630E-02,2.741E-02,2.317E+00,1.517E+00,-8.287E-01,3.215E+01,2.072E+00,3.142E+00,3.873E-03,2.449E+00,2.509E+00,6.314E-02,4.598E+00,1.536E+00,-5.665E-01,1.529E+01,1.821E+00,3.142E+00,-1.076E-03,2.691E+00,2.672E+00,2.693E-01,1.424E+00,1.537E+00,-6.247E-01,1.607E+01,1.951E+00,3.142E+00,8.627E-03,2.427E+00,2.560E+00,9.697E-02,3.579E+00,1.536E+00,-7.171E-01,1.352E+01,2.423E+00,3.142E+00,-3.125E-03,2.560E+00,2.511E+00,4.909E-02,5.507E+00
70,0.000E+00,0.000E+00,1.775E-02,0.000E+00,6.118E-03,0.000E+00,8.301E-06,1.074E-05,1.173E-02,4.175E-02,1.778E-02,2.908E-02,2.523E+00,1.458E+00,-8.000E-01,3.076E+01,2.305E+00,3.142E+00,5.111E-03,2.411E+00,2.487E+00,6.149E-02,4.694E+00,1.481E+00,-5.468E-01,1.474E+01,2.051E+00,3.142E+00,-9.940E-04,2.700E+00,2.683E+00,2.626E-01,1.456E+00,1.503E+00,-6.009E-01,1.507E+01,2.098E+00,3.142E+00,4.729E-03,2.492E+00,2.565E+00,9.662E-02,3.590E+00,1.504E+00,-7.347E-01,1.611E+01,2.471E+00,3.142E+00,-2.330E-03,2.520E+00,2.484E+00,4.803E-02,5.599E+00
71,0.000E+00,0.000E+00,1.839E-02,0.000E+00,6.200E-03,0.000E+00,7.080E-06,1.074E-05,1.235E-02,4.396E-02,1.851E-02,2.992E-02,2.625E+00,1.432E+00,-7.856E-01,3.006E+01,2.421E+00,3.142E+00,5.730E-03,2.391E+00,2.477E+00,6.067E-02,4.742E+00,1.456E+00,-5.370E-01,1.446E+01,2.165E+00,3.142E+00,-9.528E-04,2.705E+00,2.689E+00,2.592E-01,1.473E+00,1.488E+00,-5.889E-01,1.458E+01,2.171E+00,3.142E+00,2.781E-03,2.525E+00,2.568E+00,9.644E-02,3.596E+00,1.490E+00,-7.435E-01,1.741E+01,2.495E+00,3.142E+00,-1.932E-03,2.500E+00,2.470E+00,4.749E-02,5.645E+00
72,0.000E+00,0.000E+00,1.903E-02,0.000E+00,6.283E-03,0.000E+00,5.859E-06,1.074E-05,1.298E-02,4.616E-02,1.925E-02,3.075E-02,2.728E+00,1.406E+00,-7.712E-01,2.937E+01,2.538E+00,3.142E+00,6.350E-03,2.372E+00,2.466E+00,5.984E-02,4.790E+00,1.432E+00,-5.271E-01,1.419E+01,2.280E+00,3.142E+00,-9.116E-04,2.710E+00,2.695E+00,2.559E-01,1.489E+00,1.474E+00,-5.770E-01,1.408E+01,2.245E+00,3.142E+00,8.321E-04,2.557E+00,2.570E+00,9.626E-02,3.601E+00,1.477E+00,-7.523E-01,1.871E+01,2.519E+00,3.142E+00,-1.535E-03,2.479E+00,2.456E+00,4.696E-02,5.690E+00
73,0.000E+00,0.000E+00,2.001E-02,0.000E+00,6.393E-03,0.000E+00,6.348E-06,1.074E-05,1.402E-02,4.949E-02,2.037E-02,3.203E-02,2.887E+00,1.386E+00,-7.352E-01,2.389E+01,2.750E+00,3.142E+00,4.576E-03,2.408E+00,2.477E+00,6.096E-02,4.724E+00,1.400E+00,-5.105E-01,1.369E+01,2.451E+00,3.142E+00,4.284E-04,2.643E+00,2.650E+00,2.609E-01,1.464E+00,1.447E+00,-5.732E-01,1.413E+01,2.377E+00,3.142E+00,-8.259E-05,2.590E+00,2.589E+00,9.622E-02,3.603E+00,1.449E+00,-7.663E-01,2.082E+01,2.621E+00,3.142E+00,-1.501E-03,2.449E+00,2.426E+00,4.748E-02,5.645E+00
74,0.000E+00,0.000E+00,2.099E-02,0.000E+00,6.503E-03,0.000E+00,6.836E-06,1.074E-05,1.505E-02,5.281E-02,2.150E-02,3.330E-02,3.047E+00,1.382E+00,-6.992E-01,1.841E+01,2.962E+00,3.142E+00,2.803E-03,2.445E+00,2.488E+00,6.208E-02,4.658E+00,1.371E+00,-4.939E-01,1.320E+01,2.621E+00,3.142E+00,1.768E-03,2.577E+00,2.606E+00,2.659E-01,1.440E+00,1.422E+00,-5.693E-01,1.417E+01,2.510E+00,3.142E+00,-9.973E-04,2.623E+00,2.607E+00,9.617E-02,3.604E+00,1.423E+00,-7.803E-01,2.293E+01,2.723E+00,3.142E+00,-1.467E-03,2.418E+00,2.396E+00,4.799E-02,5.600E+00
75,0.000E+00,0.000E+00,2.264E-02,0.000E+00,6.755E-03,0.000E+00,7.324E-06,9.766E-06,1.605E-02,5.662E-02,2.277E-02,3.442E-02,3.232E+00,1.391E+00,-7.017E-01,1.933E+01,2.844E+00,3.142E+00,3.865E-03,2.427E+00,2.485E+00,6.109E-02,4.716E+00,1.345E+00,-4.855E-01,1.339E+01,2.747E+00,3.142E+00,2.110E-03,2.515E+00,2.548E+00,2.690E-01,1.425E+00,1.407E+00,-5.570E-01,1.383E+01,2.591E+00,3.142E+00,2.378E-03,2.525E+00,2.560E+00,9.521E-02,3.635E+00,1.390E+00,-7.858E-01,2.541E+01,2.842E+00,3.142E+00,5.931E-05,2.394E+00,2.395E+00,4.739E-02,5.653E+00
76,0.000E+00,0.000E+00,2.429E-02,0.000E+00,7.007E-03,0.000E+00,7.813E-06,8.789E-06,1.704E-02,6.042E-02,2.404E-02,3.554E-02,3.418E+00,1.401E+00,-7.042E-01,2.025E+01,2.726E+00,3.142E+00,4.926E-03,2.409E+00,2.483E+00,6.010E-02,4.774E+00,1.320E+00,-4.771E-01,1.359E+01,2.872E+00,3.142E+00,2.452E-03,2.453E+00,2.491E+00,2.721E-01,1.411E+00,1.392E+00,-5.448E-01,1.349E+01,2.672E+00,3.142E+00,5.753E-03,2.426E+00,2.514E+00,9.425E-02,3.665E+00,1.360E+00,-7.913E-01,2.790E+01,2.962E+00,3.142E+00,1.585E-03,2.370E+00,2.393E+00,4.678E-02,5.707E+00
77,0.000E+00,0.000E+00,2.541E-02,0.000E+00,6.865E-03,0.000E+00,8.301E-06,9.766E-06,1.851E-02,6.423E-02,2.532E-02,3.701E-02,3.600E+00,1.340E+00,-6.900E-01,2.077E+01,3.067E+00,3.142E+00,8.120E-03,2.319E+00,2.436E+00,5.910E-02,4.837E+00,1.277E+00,-4.593E-01,1.297E+01,3.217E+00,3.142E+00,2.047E-03,2.490E+00,2.522E+00,2.676E-01,1.432E+00,1.369E+00,-5.376E-01,1.328E+01,2.830E+00,3.142E+00,6.772E-03,2.370E+00,2.470E+00,9.445E-02,3.659E+00,1.297E+00,-7.812E-01,2.878E+01,3.363E+00,3.142E+00,1.744E-03,2.359E+00,2.384E+00,4.570E-02,5.807E+00
78,0.000E+00,0.000E+00,2.654E-02,0.000E+00,6.723E-03,0.000E+00,8.789E-06,1.074E-05,1.998E-02,6.805E-02,2.660E-02,3.847E-02,3.782E+00,1.286E+00,-6.758E-01,2.129E+01,3.408E+00,3.142E+00,1.131E-02,2.230E+00,2.389E+00,5.809E-02,4.899E+00,1.241E+00,-4.416E-01,1.235E+01,3.562E+00,3.142E+00,1.643E-03,2.528E+00,2.553E+00,2.632E-01,1.453E+00,1.347E+00,-5.305E-01,1.306E+01,2.988E+00,3.142E+00,7.791E-03,2.314E+00,2.427E+00,9.466E-02,3.652E+00,1.241E+00,-7.712E-01,2.967E+01,3.765E+00,3.142E+00,1.903E-03,2.347E+00,2.375E+00,4.462E-02,5.908E+00
79,0.000E+00,0.000E+00,2.610E-02,9.259E-03,3.367E-03,9.766E-07,1.859E-03,6.738E-04,2.472E-02,8.223E-02,1.862E-02,2.890E-02,3.972E+00,1.299E+00,-6.612E-01,1.848E+01,3.456E+00,3.142E+00,1.719E-02,2.070E+00,2.292E+00,6.658E-02,4.460E+00,1.217E+00,-4.391E-01,1.223E+01,3.838E+00,3.142E+00,4.690E-03,2.377E+00,2.443E+00,2.637E-01,1.450E+00,1.314E+00,-5.295E-01,1.327E+01,3.238E+00,3.142E+00,1.086E-02,2.207E+00,2.355E+00,9.213E-02,3.738E+00,1.210E+00,-7.507E-01,2.612E+01,4.194E+00,3.142E+00,5.611E-03,2.251E+00,2.327E+00,4.169E-02,6.225E+00
80,0.000E+00,0.000E+00,2.566E-02,1.852E-02,1.172E-05,1.953E-06,3.710E-03,1.337E-03,2.946E-02,9.642E-02,1.064E-02,1.933E-02,4.162E+00,1.318E+00,-6.465E-01,1.566E+01,3.503E+00,3.142E+00,2.307E-02,1.911E+00,2.195E+00,7.507E-02,4.022E+00,1.194E+00,-4.366E-01,1.211E+01,4.114E+00,3.142E+00,7.738E-03,2.226E+00,2.333E+00,2.642E-01,1.448E+00,1.283E+00,-5.285E-01,1.347E+01,3.487E+00,3.142E+00,1.392E-02,2.099E+00,2.284E+00,8.959E-02,3.823E+00,1.190E+00,-7.303E-01,2.257E+01,4.624E+00,3.142E+00,9.319E-03,2.155E+00,2.279E+00,3.877E-02,6.542E+00
81,0.000E+00,0.000E+00,2.743E-02,9.259E-03,2.337E-03,9.766E-07,1.861E-03,6.743E-04,2.693E-02,8.724E-02,1.994E-02,2.907E-02,4.155E+00,1.225E+00,-6.534E-01,1.717E+01,4.342E+00,3.142E+00,4.417E-02,1.717E+00,2.229E+00,6.470E-02,4.587E+00,1.126E+00,-4.108E-01,1.154E+01,5.035E+00,3.142E+00,1.277E-02,2.031E+00,2.186E+00,2.589E-01,1.474E+00,1.244E+00,-5.181E-01,1.293E+01,3.917E+00,3.142E+00,3.391E-02,1.850E+00,2.251E+00,8.839E-02,3.867E+00,1.145E+00,-7.287E-01,2.300E+01,5.186E+00,3.142E+00,1.898E-02,1.995E+00,2.229E+00,3.853E-02,6.572E+00
82,0.000E+00,0.000E+00,2.919E-02,0.000E+00,4.663E-03,0.000E+00,1.172E-05,1.172E-05,2.440E-02,7.807E-02,2.924E-02,3.882E-02,4.147E+00,1.150E+00,-6.603E-01,1.868E+01,5.181E+00,3.142E+00,6.526E-02,1.522E+00,2.263E+00,5.433E-02,5.153E+00,1.073E+00,-3.850E-01,1.098E+01,5.956E+00,3.142E+00,1.781E-02,1.835E+00,2.039E+00,2.536E-01,1.500E+00,1.212E+00,-5.076E-01,1.239E+01,4.346E+00,3.142E+00,5.391E-02,1.600E+00,2.219E+00,8.719E-02,3.910E+00,1.106E+00,-7.272E-01,2.343E+01,5.747E+00,3.142E+00,2.863E-02,1.836E+00,2.179E+00,3.829E-02,6.601E+00
83,0.000E+00,0.000E+00,2.716E-02,0.000E+00,3.800E-03,0.000E+00,7.324E-06,9.766E-06,2.334E-02,7.306E-02,2.719E-02,3.558E-02,3.859E+00,1.101E+00,-6.495E-01,1.762E+01,6.142E+00,3.142E+00,7.714E-02,1.351E+00,2.142E+00,5.102E-02,5.416E+00,1.035E+00,-3.651E-01,1.027E+01,6.962E+00,3.142E+00,5.341E-02,1.471E+00,1.960E+00,2.509E-01,1.515E+00,1.167E+00,-4.929E-01,1.158E+01,5.098E+00,3.142E+00,7.146E-02,1.384E+00,2.112E+00,8.395E-02,4.039E+00,1.053E+00,-6.990E-01,2.043E+01,7.038E+00,3.142E+00,5.882E-02,1.516E+00,2.115E+00,3.540E-02,7.006E+00
84,0.000E+00,0.000E+00,2.513E-02,0.000E+00,2.937E-03,0.000E+00,2.930E-06,7.813E-06,2.228E-02,6.804E-02,2.514E-02,3.235E-02,3.570E+00,1.064E+00,-6.386E-01,1.656E+01,7.104E+00,3.142E+00,8.901E-02,1.180E+00,2.021E+00,4.772E-02,5.679E+00,1.006E+00,-3.451E-01,9.561E+00,7.968E+00,3.142E+00,8.901E-02,1.107E+00,1.880E+00,2.483E-01,1.529E+00,1.133E+00,-4.781E-01,1.077E+01,5.851E+00,3.142E+00,8.901E-02,1.167E+00,2.005E+00,8.071E-02,4.168E+00,1.022E+00,-6.708E-01,1.742E+01,8.328E+00,3.142E+00,8.901E-02,1.195E+00,2.052E+00,3.252E-02,7.411E+00
85,0.000E+00,0.000E+00,1.846E-02,0.000E+00,1.787E-03,0.000E+00,4.395E-06,5.859E-06,1.677E-02,5.055E-02,1.846E-02,2.321E-02,2.624E+00,1.043E+00,-6.177E-01,1.435E+01,8.166E+00,3.142E+00,8.901E-02,1.059E+00,1.795E+00,4.123E-02,6.414E+00,9.724E-01,-3.204E-01,8.369E+00,9.955E+00,3.142E+00,8.901E-02,1.005E+00,1.699E+00,2.345E-01,1.611E+00,1.116E+00,-4.568E-01,9.562E+00,6.560E+00,3.142E+00,8.901E-02,1.036E+00,1.765E+00,7.798E-02,4.291E+00,1.042E+00,-6.705E-01,1.530E+01,8.466E+00,3.142E+00,8.901E-02,1.050E+00,1.787E+00,2.924E-02,8.036E+00
86,0.000E+00,0.000E+00,1.180E-02,0.000E+00,6.367E-04,0.000E+00,5.859E-06,3.906E-06,1.127E-02,3.306E-02,1.177E-02,1.407E-02,1.677E+00,1.036E+00,-5.968E-01,1.215E+01,9.227E+00,3.142E+00,8.901E-02,9.373E-01,1.568E+00,3.475E-02,7.150E+00,9.586E-01,-2.957E-01,7.178E+00,1.194E+01,3.142E+00,8.901E-02,9.031E-01,1.517E+00,2.208E-01,1.693E+00,1.109E+00,-4.354E-01,8.356E+00,7.269E+00,3.142E+00,8.901E-02,9.059E-01,1.525E+00,7.526E-02,4.414E+00,1.068E+00,-6.701E-01,1.317E+01,8.603E+00,3.142E+00,8.901E-02,9.059E-01,1.523E+00,2.595E-02,8.660E+00
87,0.000E+00,0.000E+00,6.125E-03,0.000E+00,3.184E-04,0.000E+00,3.516E-05,1.270E-05,5.746E-03,1.688E-02,6.000E-03,7.271E-03,8.600E-01,1.010E+00,-6.263E-01,1.084E+01,1.185E+01,3.142E+00,-2.675E-01,9.165E+00,1.110E+00,3.103E-02,7.806E+00,1.059E+00,-3.940E-01,7.262E+00,9.360E+00,3.142E+00,-2.470E-01,6.526E+00,1.071E+00,1.867E-01,2.006E+00,1.140E+00,-5.036E-01,7.889E+00,7.726E+00,3.142E+00,8.896E-02,7.449E-01,1.270E+00,6.899E-02,4.765E+00,9.555E-01,-6.909E-01,1.138E+01,1.575E+01,3.142E+00,-1.903E-01,4.950E+00,1.153E+00,1.837E-02,1.187E+01
88,0.000E+00,0.000E+00,4.531E-04,0.000E+00,0.000E+00,0.000E+00,6.445E-05,2.148E-05,2.217E-04,6.963E-04,2.266E-04,4.746E-04,4.272E-02,1.001E+00,-6.558E-01,9.534E+00,1.447E+01,3.142E+00,-6.240E-01,1.739E+01,6.515E-01,2.731E-02,8.463E+00,1.188E+00,-4.923E-01,7.346E+00,6.777E+00,3.142E+00,-5.829E-01,1.215E+01,6.255E-01,1.527E-01,2.320E+00,1.168E+00,-5.719E-01,7.423E+00,8.183E+00,3.142E+00,8.890E-02,5.839E-01,1.015E+00,6.272E-02,5.116E+00,9.194E-01,-7.117E-01,9.590E+00,2.290E+01,3.142E+00,-4.697E-01,8.994E+00,7.826E-01,1.080E-02,1.507E+01
89,0.000E+00,0.000E+00,0.000E+00,0.000E+00,0.000E+00,0.000E+00,3.906E-06,1.953E-06,9.766E-07,2.930E-06,0.000E+00,9.766E-07,-2.248E-04,3.142E+00,0.000E+00,0.000E+00,0.000E+00,0.000E+00,0.000E+00,0.000E+00,0.000E+00,0.000E+00,0.000E+00,3.142E+00,0.000E+00,0.000E+00,0.000E+00,0.000E+00,0.000E+00,0.000E+00,0.000E+00,0.000E+00,0.000E+00,3.142E+00,0.000E+00,0.000E+00,0.000E+00,0.000E+00,0.000E+00,0.000E+00,0.000E+00,0.000E+00,0.000E+00,3.142E+00,0.000E+00,0.000E+00,0.000E+00,0.000E+00,0.000E+00,0.000E+00,0.000E+00,0.000E+00,0.000E+00
