alpha,H,He,Mg,S,Mg_1,S_1,amu/ion,phiK_Mg,phiTilt_Mg,phiM_Mg,phiN_Mg,thetaK_Mg,thetaTilt_Mg,thetaM_Mg,thetaN_Mg,energyK_Mg,energyE_Mg,phiK_S,phiTilt_S,phiM_S,phiN_S,thetaK_S,thetaTilt_S,thetaM_S,thetaN_S,energyK_S,energyE_S
0,0.000E+00,0.000E+00,0.000E+00,6.685E-03,1.330E-02,6.483E-03,7.459E-01,1.735E+00,-7.207E-03,1.598E+00,1.505E+00,3.142E+00,-4.545E-03,2.605E+00,2.533E+00,2.385E-01,1.572E+00,1.838E+00,1.864E-02,1.224E+00,1.377E+00,3.142E+00,-3.381E-03,2.423E+00,2.373E+00,1.252E-01,2.591E+00
1,0.000E+00,0.000E+00,0.000E+00,6.752E-03,1.338E-02,6.517E-03,7.511E-01,1.733E+00,-2.012E-02,1.676E+00,1.512E+00,3.142E+00,-4.176E-03,2.596E+00,2.530E+00,2.381E-01,1.575E+00,1.831E+00,1.774E-02,1.212E+00,1.423E+00,3.142E+00,-3.073E-03,2.422E+00,2.377E+00,1.249E-01,2.596E+00
2,0.000E+00,0.000E+00,0.000E+00,6.820E-03,1.346E-02,6.552E-03,7.563E-01,1.731E+00,-3.303E-02,1.754E+00,1.518E+00,3.142E+00,-3.807E-03,2.587E+00,2.527E+00,2.377E-01,1.577E+00,1.825E+00,1.683E-02,1.199E+00,1.469E+00,3.142E+00,-2.765E-03,2.421E+00,2.380E+00,1.247E-01,2.600E+00
3,0.000E+00,0.000E+00,0.000E+00,6.887E-03,1.355E-02,6.586E-03,7.616E-01,1.730E+00,-4.594E-02,1.831E+00,1.525E+00,3.142E+00,-3.439E-03,2.578E+00,2.524E+00,2.373E-01,1.579E+00,1.818E+00,1.593E-02,1.187E+00,1.515E+00,3.142E+00,-2.458E-03,2.420E+00,2.384E+00,1.244E-01,2.605E+00
4,0.000E+00,0.000E+00,0.000E+00,6.921E-03,1.359E-02,6.603E-03,7.642E-01,1.729E+00,-5.240E-02,1.870E+00,1.528E+00,3.142E+00,-3.254E-03,2.574E+00,2.522E+00,2.371E-01,1.580E+00,1.815E+00,1.548E-02,1.181E+00,1.538E+00,3.142E+00,-2.304E-03,2.419E+00,2.385E+00,1.242E-01,2.607E+00
5,0.000E+00,0.000E+00,0.000E+00,6.955E-03,1.363E-02,6.620E-03,7.668E-01,1.729E+00,-5.885E-02,1.909E+00,1.532E+00,3.142E+00,-3.070E-03,2.569E+00,2.521E+00,2.369E-01,1.582E+00,1.813E+00,1.503E-02,1.174E+00,1.561E+00,3.142E+00,-2.150E-03,2.419E+00,2.387E+00,1.241E-01,2.610E+00
6,0.000E+00,0.000E+00,0.000E+00,7.023E-03,1.371E-02,6.654E-03,7.721E-01,1.728E+00,-7.176E-02,1.986E+00,1.538E+00,3.142E+00,-2.701E-03,2.560E+00,2.518E+00,2.365E-01,1.584E+00,1.807E+00,1.412E-02,1.162E+00,1.607E+00,3.142E+00,-1.842E-03,2.418E+00,2.391E+00,1.238E-01,2.615E+00
7,0.000E+00,0.000E+00,0.000E+00,7.090E-03,1.379E-02,6.688E-03,7.773E-01,1.728E+00,-8.467E-02,2.064E+00,1.545E+00,3.142E+00,-2.332E-03,2.551E+00,2.514E+00,2.361E-01,1.586E+00,1.802E+00,1.322E-02,1.149E+00,1.653E+00,3.142E+00,-1.535E-03,2.417E+00,2.394E+00,1.236E-01,2.619E+00
8,0.000E+00,0.000E+00,0.000E+00,7.158E-03,1.387E-02,6.722E-03,7.826E-01,1.728E+00,-9.758E-02,2.141E+00,1.551E+00,3.142E+00,-1.963E-03,2.542E+00,2.511E+00,2.357E-01,1.589E+00,1.796E+00,1.231E-02,1.137E+00,1.699E+00,3.142E+00,-1.227E-03,2.416E+00,2.398E+00,1.233E-01,2.624E+00
9,0.000E+00,0.000E+00,0.000E+00,7.192E-03,1.391E-02,6.739E-03,7.852E-01,1.728E+00,-1.040E-01,2.180E+00,1.554E+00,3.142E+00,-1.779E-03,2.538E+00,2.510E+00,2.355E-01,1.590E+00,1.794E+00,1.186E-02,1.131E+00,1.722E+00,3.142E+00,-1.073E-03,2.415E+00,2.400E+00,1.231E-01,2.626E+00
10,0.000E+00,0.000E+00,0.000E+00,7.226E-03,1.395E-02,6.756E-03,7.878E-01,1.728E+00,-1.105E-01,2.219E+00,1.558E+00,3.142E+00,-1.595E-03,2.533E+00,2.508E+00,2.353E-01,1.591E+00,1.792E+00,1.141E-02,1.125E+00,1.745E+00,3.142E+00,-9.195E-04,2.415E+00,2.401E+00,1.230E-01,2.629E+00
11,0.000E+00,0.000E+00,0.000E+00,7.364E-03,1.422E-02,6.905E-03,8.036E-01,1.727E+00,-1.233E-01,2.312E+00,1.561E+00,3.142E+00,-1.957E-03,2.539E+00,2.508E+00,2.331E-01,1.605E+00,1.775E+00,-1.455E-02,1.266E+00,1.715E+00,3.142E+00,-9.102E-04,2.414E+00,2.401E+00,1.227E-01,2.633E+00
12,0.000E+00,0.000E+00,0.000E+00,7.501E-03,1.449E-02,7.053E-03,8.194E-01,1.726E+00,-1.361E-01,2.405E+00,1.565E+00,3.142E+00,-2.320E-03,2.545E+00,2.508E+00,2.308E-01,1.620E+00,1.775E+00,-4.051E-02,1.408E+00,1.685E+00,3.142E+00,-9.008E-04,2.414E+00,2.400E+00,1.225E-01,2.638E+00
13,0.000E+00,0.000E+00,0.000E+00,7.639E-03,1.476E-02,7.202E-03,8.352E-01,1.726E+00,-1.489E-01,2.498E+00,1.568E+00,3.142E+00,-2.683E-03,2.550E+00,2.508E+00,2.285E-01,1.634E+00,1.777E+00,-6.647E-02,1.549E+00,1.656E+00,3.142E+00,-8.915E-04,2.413E+00,2.400E+00,1.222E-01,2.642E+00
14,0.000E+00,0.000E+00,0.000E+00,7.708E-03,1.489E-02,7.276E-03,8.431E-01,1.726E+00,-1.552E-01,2.544E+00,1.570E+00,3.142E+00,-2.865E-03,2.553E+00,2.508E+00,2.274E-01,1.641E+00,1.779E+00,-7.945E-02,1.620E+00,1.641E+00,3.142E+00,-8.868E-04,2.413E+00,2.400E+00,1.221E-01,2.645E+00
15,0.000E+00,0.000E+00,0.000E+00,7.777E-03,1.503E-02,7.351E-03,8.510E-01,1.726E+00,-1.616E-01,2.591E+00,1.572E+00,3.142E+00,-3.046E-03,2.556E+00,2.508E+00,2.263E-01,1.648E+00,1.782E+00,-9.243E-02,1.691E+00,1.626E+00,3.142E+00,-8.821E-04,2.412E+00,2.399E+00,1.220E-01,2.647E+00
16,0.000E+00,0.000E+00,0.000E+00,7.915E-03,1.530E-02,7.499E-03,8.667E-01,1.726E+00,-1.744E-01,2.684E+00,1.575E+00,3.142E+00,-3.409E-03,2.562E+00,2.508E+00,2.240E-01,1.662E+00,1.787E+00,-1.184E-01,1.832E+00,1.596E+00,3.142E+00,-8.728E-04,2.412E+00,2.399E+00,1.217E-01,2.651E+00
17,0.000E+00,0.000E+00,0.000E+00,8.053E-03,1.557E-02,7.648E-03,8.825E-01,1.726E+00,-1.872E-01,2.777E+00,1.579E+00,3.142E+00,-3.772E-03,2.567E+00,2.508E+00,2.217E-01,1.677E+00,1.795E+00,-1.444E-01,1.974E+00,1.566E+00,3.142E+00,-8.634E-04,2.411E+00,2.398E+00,1.214E-01,2.656E+00
18,0.000E+00,0.000E+00,0.000E+00,8.191E-03,1.583E-02,7.797E-03,8.983E-01,1.727E+00,-2.000E-01,2.870E+00,1.583E+00,3.142E+00,-4.134E-03,2.573E+00,2.508E+00,2.195E-01,1.691E+00,1.804E+00,-1.703E-01,2.115E+00,1.536E+00,3.142E+00,-8.541E-04,2.411E+00,2.398E+00,1.212E-01,2.661E+00
19,0.000E+00,0.000E+00,0.000E+00,8.260E-03,1.597E-02,7.871E-03,9.062E-01,1.728E+00,-2.064E-01,2.916E+00,1.584E+00,3.142E+00,-4.316E-03,2.576E+00,2.508E+00,2.183E-01,1.698E+00,1.808E+00,-1.833E-01,2.186E+00,1.521E+00,3.142E+00,-8.494E-04,2.410E+00,2.398E+00,1.210E-01,2.663E+00
20,0.000E+00,0.000E+00,0.000E+00,8.329E-03,1.610E-02,7.945E-03,9.141E-01,1.728E+00,-2.128E-01,2.963E+00,1.586E+00,3.142E+00,-4.497E-03,2.579E+00,2.508E+00,2.172E-01,1.705E+00,1.814E+00,-1.963E-01,2.257E+00,1.506E+00,3.142E+00,-8.447E-04,2.410E+00,2.398E+00,1.209E-01,2.665E+00
21,0.000E+00,0.000E+00,0.000E+00,8.516E-03,1.652E-02,8.167E-03,9.373E-01,1.729E+00,-2.157E-01,2.945E+00,1.600E+00,3.142E+00,-4.420E-03,2.583E+00,2.513E+00,2.176E-01,1.703E+00,1.817E+00,-2.104E-01,2.337E+00,1.499E+00,3.142E+00,-9.636E-04,2.405E+00,2.391E+00,1.208E-01,2.666E+00
22,0.000E+00,0.000E+00,0.000E+00,8.704E-03,1.695E-02,8.389E-03,9.605E-01,1.731E+00,-2.187E-01,2.926E+00,1.614E+00,3.142E+00,-4.344E-03,2.587E+00,2.518E+00,2.179E-01,1.700E+00,1.820E+00,-2.244E-01,2.418E+00,1.493E+00,3.142E+00,-1.082E-03,2.401E+00,2.385E+00,1.208E-01,2.668E+00
23,0.000E+00,0.000E+00,0.000E+00,8.891E-03,1.737E-02,8.610E-03,9.837E-01,1.732E+00,-2.217E-01,2.908E+00,1.628E+00,3.142E+00,-4.267E-03,2.591E+00,2.523E+00,2.183E-01,1.698E+00,1.824E+00,-2.385E-01,2.498E+00,1.486E+00,3.142E+00,-1.201E-03,2.396E+00,2.379E+00,1.207E-01,2.669E+00
24,0.000E+00,0.000E+00,0.000E+00,8.984E-03,1.758E-02,8.721E-03,9.953E-01,1.733E+00,-2.232E-01,2.899E+00,1.635E+00,3.142E+00,-4.228E-03,2.593E+00,2.525E+00,2.185E-01,1.696E+00,1.826E+00,-2.455E-01,2.538E+00,1.483E+00,3.142E+00,-1.261E-03,2.394E+00,2.375E+00,1.207E-01,2.669E+00
25,0.000E+00,0.000E+00,0.000E+00,9.078E-03,1.779E-02,8.832E-03,1.007E+00,1.733E+00,-2.246E-01,2.890E+00,1.643E+00,3.142E+00,-4.190E-03,2.595E+00,2.528E+00,2.187E-01,1.695E+00,1.828E+00,-2.526E-01,2.578E+00,1.480E+00,3.142E+00,-1.320E-03,2.391E+00,2.372E+00,1.206E-01,2.670E+00
26,0.000E+00,0.000E+00,0.000E+00,9.265E-03,1.821E-02,9.054E-03,1.030E+00,1.735E+00,-2.276E-01,2.871E+00,1.657E+00,3.142E+00,-4.113E-03,2.598E+00,2.533E+00,2.191E-01,1.692E+00,1.832E+00,-2.666E-01,2.659E+00,1.473E+00,3.142E+00,-1.439E-03,2.387E+00,2.366E+00,1.206E-01,2.671E+00
27,0.000E+00,0.000E+00,0.000E+00,9.453E-03,1.863E-02,9.275E-03,1.053E+00,1.736E+00,-2.306E-01,2.853E+00,1.671E+00,3.142E+00,-4.036E-03,2.602E+00,2.538E+00,2.195E-01,1.690E+00,1.836E+00,-2.807E-01,2.739E+00,1.466E+00,3.142E+00,-1.558E-03,2.382E+00,2.360E+00,1.205E-01,2.672E+00
28,0.000E+00,0.000E+00,0.000E+00,9.640E-03,1.905E-02,9.497E-03,1.076E+00,1.738E+00,-2.335E-01,2.835E+00,1.685E+00,3.142E+00,-3.959E-03,2.606E+00,2.543E+00,2.198E-01,1.687E+00,1.841E+00,-2.948E-01,2.819E+00,1.460E+00,3.142E+00,-1.677E-03,2.378E+00,2.353E+00,1.204E-01,2.674E+00
29,0.000E+00,0.000E+00,0.000E+00,9.734E-03,1.926E-02,9.608E-03,1.088E+00,1.738E+00,-2.350E-01,2.826E+00,1.692E+00,3.142E+00,-3.921E-03,2.608E+00,2.546E+00,2.200E-01,1.686E+00,1.843E+00,-3.018E-01,2.860E+00,1.456E+00,3.142E+00,-1.736E-03,2.375E+00,2.350E+00,1.204E-01,2.674E+00
30,0.000E+00,0.000E+00,0.000E+00,9.827E-03,1.947E-02,9.719E-03,1.100E+00,1.739E+00,-2.365E-01,2.816E+00,1.699E+00,3.142E+00,-3.882E-03,2.610E+00,2.548E+00,2.202E-01,1.685E+00,1.846E+00,-3.089E-01,2.900E+00,1.453E+00,3.142E+00,-1.796E-03,2.373E+00,2.347E+00,1.204E-01,2.675E+00
31,0.000E+00,0.000E+00,0.000E+00,1.038E-02,2.083E-02,1.049E-02,1.175E+00,1.731E+00,-2.421E-01,2.857E+00,1.740E+00,3.142E+00,-3.598E-03,2.616E+00,2.558E+00,2.204E-01,1.684E+00,1.827E+00,-3.269E-01,3.160E+00,1.485E+00,3.142E+00,-1.890E-03,2.386E+00,2.359E+00,1.197E-01,2.688E+00
32,0.000E+00,0.000E+00,0.000E+00,1.066E-02,2.150E-02,1.087E-02,1.213E+00,1.727E+00,-2.449E-01,2.877E+00,1.760E+00,3.142E+00,-3.457E-03,2.618E+00,2.562E+00,2.204E-01,1.684E+00,1.819E+00,-3.359E-01,3.290E+00,1.501E+00,3.142E+00,-1.938E-03,2.393E+00,2.364E+00,1.193E-01,2.694E+00
33,0.000E+00,0.000E+00,0.000E+00,1.094E-02,2.218E-02,1.125E-02,1.250E+00,1.723E+00,-2.477E-01,2.897E+00,1.781E+00,3.142E+00,-3.315E-03,2.621E+00,2.567E+00,2.205E-01,1.683E+00,1.811E+00,-3.449E-01,3.420E+00,1.516E+00,3.142E+00,-1.985E-03,2.399E+00,2.370E+00,1.190E-01,2.701E+00
34,0.000E+00,0.000E+00,0.000E+00,1.122E-02,2.286E-02,1.164E-02,1.288E+00,1.719E+00,-2.505E-01,2.918E+00,1.801E+00,3.142E+00,-3.173E-03,2.623E+00,2.572E+00,2.205E-01,1.683E+00,1.804E+00,-3.539E-01,3.550E+00,1.532E+00,3.142E+00,-2.033E-03,2.406E+00,2.376E+00,1.186E-01,2.707E+00
35,0.000E+00,0.000E+00,0.000E+00,1.150E-02,2.354E-02,1.202E-02,1.326E+00,1.716E+00,-2.533E-01,2.938E+00,1.821E+00,3.142E+00,-3.031E-03,2.626E+00,2.577E+00,2.206E-01,1.682E+00,1.797E+00,-3.629E-01,3.680E+00,1.548E+00,3.142E+00,-2.080E-03,2.412E+00,2.382E+00,1.183E-01,2.714E+00
36,0.000E+00,0.000E+00,0.000E+00,1.177E-02,2.422E-02,1.240E-02,1.363E+00,1.712E+00,-2.561E-01,2.958E+00,1.842E+00,3.142E+00,-2.889E-03,2.628E+00,2.582E+00,2.207E-01,1.682E+00,1.790E+00,-3.719E-01,3.810E+00,1.564E+00,3.142E+00,-2.128E-03,2.419E+00,2.387E+00,1.179E-01,2.720E+00
37,0.000E+00,0.000E+00,0.000E+00,1.205E-02,2.489E-02,1.279E-02,1.401E+00,1.708E+00,-2.589E-01,2.978E+00,1.862E+00,3.142E+00,-2.747E-03,2.631E+00,2.586E+00,2.207E-01,1.682E+00,1.784E+00,-3.809E-01,3.940E+00,1.580E+00,3.142E+00,-2.175E-03,2.425E+00,2.393E+00,1.176E-01,2.727E+00
38,0.000E+00,0.000E+00,0.000E+00,1.233E-02,2.557E-02,1.317E-02,1.438E+00,1.705E+00,-2.617E-01,2.999E+00,1.883E+00,3.142E+00,-2.605E-03,2.633E+00,2.591E+00,2.208E-01,1.681E+00,1.778E+00,-3.899E-01,4.070E+00,1.595E+00,3.142E+00,-2.222E-03,2.432E+00,2.399E+00,1.172E-01,2.733E+00
39,0.000E+00,0.000E+00,0.000E+00,1.261E-02,2.625E-02,1.355E-02,1.476E+00,1.701E+00,-2.645E-01,3.019E+00,1.903E+00,3.142E+00,-2.463E-03,2.636E+00,2.596E+00,2.208E-01,1.681E+00,1.772E+00,-3.989E-01,4.200E+00,1.611E+00,3.142E+00,-2.270E-03,2.438E+00,2.404E+00,1.169E-01,2.739E+00
40,0.000E+00,0.000E+00,0.000E+00,1.289E-02,2.693E-02,1.394E-02,1.514E+00,1.697E+00,-2.673E-01,3.039E+00,1.924E+00,3.142E+00,-2.321E-03,2.639E+00,2.601E+00,2.209E-01,1.680E+00,1.767E+00,-4.079E-01,4.330E+00,1.627E+00,3.142E+00,-2.317E-03,2.445E+00,2.410E+00,1.166E-01,2.746E+00
41,0.000E+00,0.000E+00,0.000E+00,1.316E-02,2.760E-02,1.432E-02,1.551E+00,1.694E+00,-2.701E-01,3.059E+00,1.944E+00,3.142E+00,-2.179E-03,2.641E+00,2.606E+00,2.210E-01,1.680E+00,1.762E+00,-4.169E-01,4.460E+00,1.643E+00,3.142E+00,-2.365E-03,2.451E+00,2.416E+00,1.162E-01,2.752E+00
42,0.000E+00,0.000E+00,0.000E+00,1.344E-02,2.828E-02,1.470E-02,1.589E+00,1.690E+00,-2.729E-01,3.079E+00,1.964E+00,3.142E+00,-2.037E-03,2.644E+00,2.610E+00,2.210E-01,1.680E+00,1.757E+00,-4.259E-01,4.590E+00,1.659E+00,3.142E+00,-2.412E-03,2.458E+00,2.422E+00,1.159E-01,2.759E+00
43,0.000E+00,0.000E+00,0.000E+00,1.372E-02,2.896E-02,1.509E-02,1.627E+00,1.687E+00,-2.757E-01,3.100E+00,1.985E+00,3.142E+00,-1.895E-03,2.646E+00,2.615E+00,2.211E-01,1.679E+00,1.752E+00,-4.349E-01,4.720E+00,1.675E+00,3.142E+00,-2.460E-03,2.464E+00,2.427E+00,1.155E-01,2.765E+00
44,0.000E+00,0.000E+00,0.000E+00,1.400E-02,2.964E-02,1.547E-02,1.664E+00,1.684E+00,-2.785E-01,3.120E+00,2.005E+00,3.142E+00,-1.753E-03,2.649E+00,2.620E+00,2.211E-01,1.679E+00,1.748E+00,-4.439E-01,4.850E+00,1.690E+00,3.142E+00,-2.507E-03,2.471E+00,2.433E+00,1.152E-01,2.772E+00
45,0.000E+00,0.000E+00,0.000E+00,1.428E-02,3.031E-02,1.585E-02,1.702E+00,1.680E+00,-2.813E-01,3.140E+00,2.026E+00,3.142E+00,-1.611E-03,2.651E+00,2.625E+00,2.212E-01,1.678E+00,1.744E+00,-4.529E-01,4.981E+00,1.706E+00,3.142E+00,-2.554E-03,2.477E+00,2.439E+00,1.148E-01,2.778E+00
46,0.000E+00,0.000E+00,0.000E+00,1.483E-02,3.171E-02,1.678E-02,1.784E+00,1.678E+00,-3.137E-01,3.546E+00,1.984E+00,3.142E+00,-1.735E-03,2.641E+00,2.613E+00,2.205E-01,1.683E+00,1.758E+00,-4.600E-01,4.897E+00,1.682E+00,3.142E+00,-3.753E-03,2.491E+00,2.434E+00,1.145E-01,2.785E+00
47,0.000E+00,0.000E+00,0.000E+00,1.511E-02,3.240E-02,1.724E-02,1.825E+00,1.678E+00,-3.300E-01,3.749E+00,1.963E+00,3.142E+00,-1.797E-03,2.636E+00,2.607E+00,2.201E-01,1.685E+00,1.766E+00,-4.635E-01,4.856E+00,1.670E+00,3.142E+00,-4.352E-03,2.498E+00,2.432E+00,1.143E-01,2.789E+00
48,0.000E+00,0.000E+00,0.000E+00,1.539E-02,3.310E-02,1.771E-02,1.866E+00,1.679E+00,-3.462E-01,3.952E+00,1.942E+00,3.142E+00,-1.859E-03,2.631E+00,2.601E+00,2.198E-01,1.688E+00,1.773E+00,-4.670E-01,4.814E+00,1.658E+00,3.142E+00,-4.951E-03,2.505E+00,2.430E+00,1.141E-01,2.792E+00
49,0.000E+00,0.000E+00,0.000E+00,1.637E-02,3.495E-02,1.863E-02,1.972E+00,1.681E+00,-3.567E-01,4.203E+00,1.889E+00,3.142E+00,-1.022E-03,2.596E+00,2.580E+00,2.149E-01,1.721E+00,1.761E+00,-4.613E-01,4.811E+00,1.693E+00,3.142E+00,-1.814E-03,2.451E+00,2.423E+00,1.146E-01,2.783E+00
50,0.000E+00,0.000E+00,0.000E+00,1.686E-02,3.588E-02,1.908E-02,2.025E+00,1.682E+00,-3.620E-01,4.329E+00,1.862E+00,3.142E+00,-6.042E-04,2.579E+00,2.569E+00,2.125E-01,1.738E+00,1.755E+00,-4.584E-01,4.810E+00,1.711E+00,3.142E+00,-2.454E-04,2.424E+00,2.420E+00,1.148E-01,2.778E+00
51,0.000E+00,0.000E+00,0.000E+00,1.736E-02,3.680E-02,1.954E-02,2.079E+00,1.683E+00,-3.673E-01,4.454E+00,1.836E+00,3.142E+00,-1.860E-04,2.562E+00,2.559E+00,2.100E-01,1.755E+00,1.749E+00,-4.555E-01,4.808E+00,1.728E+00,3.142E+00,1.323E-03,2.397E+00,2.416E+00,1.151E-01,2.774E+00
52,0.000E+00,0.000E+00,0.000E+00,1.823E-02,3.907E-02,2.089E-02,2.204E+00,1.669E+00,-3.642E-01,4.388E+00,1.916E+00,3.142E+00,-1.846E-03,2.635E+00,2.604E+00,2.112E-01,1.747E+00,1.736E+00,-4.509E-01,4.551E+00,1.836E+00,3.142E+00,2.973E-04,2.409E+00,2.413E+00,1.123E-01,2.829E+00
53,0.000E+00,0.000E+00,0.000E+00,1.867E-02,4.021E-02,2.156E-02,2.267E+00,1.662E+00,-3.626E-01,4.355E+00,1.956E+00,3.142E+00,-2.676E-03,2.672E+00,2.627E+00,2.117E-01,1.743E+00,1.730E+00,-4.486E-01,4.422E+00,1.889E+00,3.142E+00,-2.155E-04,2.415E+00,2.411E+00,1.109E-01,2.857E+00
54,0.000E+00,0.000E+00,0.000E+00,1.910E-02,4.134E-02,2.224E-02,2.330E+00,1.655E+00,-3.610E-01,4.322E+00,1.996E+00,3.142E+00,-3.506E-03,2.708E+00,2.649E+00,2.123E-01,1.739E+00,1.725E+00,-4.464E-01,4.294E+00,1.943E+00,3.142E+00,-7.284E-04,2.421E+00,2.410E+00,1.095E-01,2.885E+00
55,0.000E+00,0.000E+00,0.000E+00,2.012E-02,4.384E-02,2.367E-02,2.469E+00,1.662E+00,-3.713E-01,4.439E+00,1.962E+00,3.142E+00,-3.203E-03,2.693E+00,2.639E+00,2.107E-01,1.750E+00,1.728E+00,-4.804E-01,4.890E+00,1.878E+00,3.142E+00,-7.219E-04,2.408E+00,2.397E+00,1.094E-01,2.887E+00
56,0.000E+00,0.000E+00,0.000E+00,2.064E-02,4.508E-02,2.439E-02,2.539E+00,1.666E+00,-3.764E-01,4.497E+00,1.945E+00,3.142E+00,-3.052E-03,2.685E+00,2.634E+00,2.099E-01,1.756E+00,1.731E+00,-4.975E-01,5.188E+00,1.845E+00,3.142E+00,-7.186E-04,2.401E+00,2.391E+00,1.094E-01,2.888E+00
57,0.000E+00,0.000E+00,0.000E+00,2.115E-02,4.633E-02,2.510E-02,2.609E+00,1.669E+00,-3.815E-01,4.555E+00,1.928E+00,3.142E+00,-2.900E-03,2.678E+00,2.629E+00,2.092E-01,1.761E+00,1.736E+00,-5.145E-01,5.487E+00,1.812E+00,3.142E+00,-7.153E-04,2.395E+00,2.385E+00,1.093E-01,2.890E+00
58,0.000E+00,0.000E+00,0.000E+00,2.247E-02,4.954E-02,2.701E-02,2.790E+00,1.652E+00,-4.022E-01,5.138E+00,1.926E+00,3.142E+00,-3.404E-03,2.689E+00,2.632E+00,2.115E-01,1.745E+00,1.719E+00,-5.247E-01,5.827E+00,1.852E+00,3.142E+00,-3.649E-03,2.501E+00,2.444E+00,1.092E-01,2.892E+00
59,0.000E+00,0.000E+00,0.000E+00,2.313E-02,5.114E-02,2.796E-02,2.881E+00,1.645E+00,-4.125E-01,5.430E+00,1.926E+00,3.142E+00,-3.656E-03,2.694E+00,2.633E+00,2.126E-01,1.737E+00,1.711E+00,-5.298E-01,5.998E+00,1.872E+00,3.142E+00,-5.116E-03,2.554E+00,2.473E+00,1.091E-01,2.894E+00
60,0.000E+00,0.000E+00,0.000E+00,2.379E-02,5.275E-02,2.891E-02,2.972E+00,1.639E+00,-4.229E-01,5.722E+00,1.925E+00,3.142E+00,-3.908E-03,2.700E+00,2.635E+00,2.138E-01,1.728E+00,1.703E+00,-5.349E-01,6.168E+00,1.892E+00,3.142E+00,-6.582E-03,2.608E+00,2.503E+00,1.091E-01,2.895E+00
61,0.000E+00,0.000E+00,0.000E+00,2.526E-02,5.596E-02,3.067E-02,3.153E+00,1.640E+00,-4.428E-01,6.269E+00,1.880E+00,3.142E+00,-2.434E-03,2.652E+00,2.611E+00,2.093E-01,1.761E+00,1.697E+00,-5.527E-01,6.648E+00,1.892E+00,3.142E+00,-3.930E-03,2.555E+00,2.493E+00,1.099E-01,2.877E+00
62,0.000E+00,0.000E+00,0.000E+00,2.599E-02,5.756E-02,3.155E-02,3.243E+00,1.641E+00,-4.527E-01,6.543E+00,1.857E+00,3.142E+00,-1.697E-03,2.628E+00,2.600E+00,2.070E-01,1.777E+00,1.694E+00,-5.616E-01,6.888E+00,1.892E+00,3.142E+00,-2.603E-03,2.529E+00,2.488E+00,1.103E-01,2.868E+00
63,0.000E+00,0.000E+00,0.000E+00,2.673E-02,5.917E-02,3.242E-02,3.333E+00,1.642E+00,-4.627E-01,6.816E+00,1.835E+00,3.142E+00,-9.602E-04,2.604E+00,2.588E+00,2.048E-01,1.794E+00,1.691E+00,-5.706E-01,7.128E+00,1.892E+00,3.142E+00,-1.277E-03,2.503E+00,2.484E+00,1.108E-01,2.859E+00
64,0.000E+00,0.000E+00,0.000E+00,2.842E-02,6.392E-02,3.537E-02,3.598E+00,1.620E+00,-4.590E-01,6.967E+00,1.901E+00,3.142E+00,1.812E-04,2.558E+00,2.560E+00,2.075E-01,1.774E+00,1.663E+00,-6.194E-01,9.818E+00,1.836E+00,3.142E+00,-2.628E-03,2.484E+00,2.444E+00,1.083E-01,2.912E+00
65,0.000E+00,0.000E+00,0.000E+00,2.927E-02,6.629E-02,3.684E-02,3.730E+00,1.609E+00,-4.572E-01,7.042E+00,1.935E+00,3.142E+00,7.519E-04,2.535E+00,2.547E+00,2.089E-01,1.764E+00,1.658E+00,-6.438E-01,1.116E+01,1.808E+00,3.142E+00,-3.304E-03,2.474E+00,2.424E+00,1.071E-01,2.939E+00
66,0.000E+00,0.000E+00,0.000E+00,3.011E-02,6.867E-02,3.832E-02,3.862E+00,1.599E+00,-4.553E-01,7.117E+00,1.968E+00,3.142E+00,1.323E-03,2.512E+00,2.533E+00,2.102E-01,1.754E+00,1.657E+00,-6.682E-01,1.251E+01,1.780E+00,3.142E+00,-3.980E-03,2.464E+00,2.404E+00,1.058E-01,2.965E+00
67,0.000E+00,0.000E+00,0.000E+00,3.246E-02,7.399E-02,4.145E-02,4.167E+00,1.574E+00,-4.873E-01,8.685E+00,1.961E+00,3.142E+00,8.449E-04,2.518E+00,2.532E+00,2.076E-01,1.773E+00,1.622E+00,-6.672E-01,1.318E+01,1.877E+00,3.142E+00,-1.187E-03,2.401E+00,2.383E+00,1.042E-01,3.004E+00
68,0.000E+00,0.000E+00,0.000E+00,3.363E-02,7.665E-02,4.301E-02,4.320E+00,1.566E+00,-5.032E-01,9.469E+00,1.957E+00,3.142E+00,6.060E-04,2.521E+00,2.531E+00,2.062E-01,1.783E+00,1.606E+00,-6.668E-01,1.351E+01,1.925E+00,3.142E+00,2.087E-04,2.370E+00,2.372E+00,1.033E-01,3.023E+00
69,0.000E+00,0.000E+00,0.000E+00,3.480E-02,7.930E-02,4.458E-02,4.472E+00,1.560E+00,-5.192E-01,1.025E+01,1.953E+00,3.142E+00,3.672E-04,2.524E+00,2.530E+00,2.049E-01,1.793E+00,1.590E+00,-6.663E-01,1.384E+01,1.973E+00,3.142E+00,1.605E-03,2.338E+00,2.361E+00,1.025E-01,3.042E+00
70,0.000E+00,0.000E+00,0.000E+00,3.728E-02,8.578E-02,4.860E-02,4.838E+00,1.536E+00,-5.311E-01,1.142E+01,1.990E+00,3.142E+00,-5.465E-05,2.559E+00,2.558E+00,2.024E-01,1.812E+00,1.560E+00,-6.785E-01,1.527E+01,2.057E+00,3.142E+00,3.885E-03,2.308E+00,2.363E+00,1.040E-01,3.007E+00
71,0.000E+00,0.000E+00,0.000E+00,3.853E-02,8.902E-02,5.062E-02,5.021E+00,1.526E+00,-5.371E-01,1.200E+01,2.009E+00,3.142E+00,-2.656E-04,2.577E+00,2.573E+00,2.011E-01,1.822E+00,1.546E+00,-6.847E-01,1.599E+01,2.098E+00,3.142E+00,5.025E-03,2.293E+00,2.364E+00,1.048E-01,2.989E+00
72,0.000E+00,0.000E+00,0.000E+00,3.977E-02,9.226E-02,5.263E-02,5.205E+00,1.516E+00,-5.431E-01,1.259E+01,2.027E+00,3.142E+00,-4.765E-04,2.594E+00,2.587E+00,1.999E-01,1.831E+00,1.533E+00,-6.908E-01,1.670E+01,2.140E+00,3.142E+00,6.165E-03,2.278E+00,2.365E+00,1.055E-01,2.972E+00
73,0.000E+00,0.000E+00,0.000E+00,4.137E-02,9.753E-02,5.620E-02,5.498E+00,1.498E+00,-5.380E-01,1.249E+01,2.108E+00,3.142E+00,5.535E-06,2.541E+00,2.541E+00,1.986E-01,1.841E+00,1.508E+00,-6.935E-01,1.815E+01,2.189E+00,3.142E+00,5.898E-03,2.281E+00,2.364E+00,1.046E-01,2.992E+00
74,0.000E+00,0.000E+00,0.000E+00,4.298E-02,1.028E-01,5.976E-02,5.792E+00,1.481E+00,-5.330E-01,1.239E+01,2.189E+00,3.142E+00,4.875E-04,2.488E+00,2.496E+00,1.974E-01,1.851E+00,1.486E+00,-6.963E-01,1.959E+01,2.239E+00,3.142E+00,5.631E-03,2.285E+00,2.364E+00,1.037E-01,3.013E+00
75,0.000E+00,0.000E+00,0.000E+00,4.479E-02,1.078E-01,6.299E-02,6.075E+00,1.456E+00,-5.212E-01,1.197E+01,2.327E+00,3.142E+00,2.308E-04,2.483E+00,2.487E+00,1.983E-01,1.844E+00,1.454E+00,-6.866E-01,1.912E+01,2.404E+00,3.142E+00,8.748E-03,2.211E+00,2.330E+00,1.037E-01,3.015E+00
76,0.000E+00,0.000E+00,0.000E+00,4.661E-02,1.127E-01,6.623E-02,6.358E+00,1.434E+00,-5.095E-01,1.156E+01,2.466E+00,3.142E+00,-2.587E-05,2.479E+00,2.478E+00,1.993E-01,1.836E+00,1.425E+00,-6.768E-01,1.865E+01,2.569E+00,3.142E+00,1.186E-02,2.137E+00,2.296E+00,1.036E-01,3.016E+00
77,0.000E+00,0.000E+00,4.883E-07,4.838E-02,1.185E-01,7.020E-02,6.682E+00,1.408E+00,-5.127E-01,1.225E+01,2.561E+00,3.142E+00,3.229E-03,2.388E+00,2.434E+00,1.973E-01,1.852E+00,1.390E+00,-6.572E-01,1.752E+01,2.798E+00,3.142E+00,1.119E-02,2.096E+00,2.243E+00,1.006E-01,3.088E+00
78,0.000E+00,0.000E+00,9.766E-07,5.016E-02,1.243E-01,7.417E-02,7.007E+00,1.385E+00,-5.159E-01,1.294E+01,2.656E+00,3.142E+00,6.484E-03,2.297E+00,2.390E+00,1.953E-01,1.868E+00,1.360E+00,-6.376E-01,1.639E+01,3.027E+00,3.142E+00,1.051E-02,2.056E+00,2.189E+00,9.766E-02,3.160E+00
79,0.000E+00,0.000E+00,4.883E-07,5.125E-02,1.291E-01,7.779E-02,7.274E+00,1.349E+00,-4.959E-01,1.190E+01,2.962E+00,3.142E+00,7.469E-03,2.264E+00,2.370E+00,1.921E-01,1.895E+00,1.321E+00,-6.343E-01,1.616E+01,3.362E+00,3.142E+00,1.576E-02,1.971E+00,2.165E+00,9.719E-02,3.172E+00
80,0.000E+00,0.000E+00,0.000E+00,5.235E-02,1.338E-01,8.140E-02,7.542E+00,1.321E+00,-4.758E-01,1.086E+01,3.268E+00,3.142E+00,8.454E-03,2.232E+00,2.350E+00,1.889E-01,1.922E+00,1.286E+00,-6.310E-01,1.594E+01,3.696E+00,3.142E+00,2.101E-02,1.887E+00,2.140E+00,9.671E-02,3.184E+00
81,0.000E+00,0.000E+00,0.000E+00,5.236E-02,1.357E-01,8.319E-02,7.643E+00,1.281E+00,-4.628E-01,1.040E+01,3.680E+00,3.142E+00,1.499E-02,2.068E+00,2.258E+00,1.861E-01,1.947E+00,1.248E+00,-6.129E-01,1.524E+01,4.092E+00,3.142E+00,2.301E-02,1.838E+00,2.108E+00,9.306E-02,3.286E+00
82,0.000E+00,0.000E+00,0.000E+00,5.237E-02,1.375E-01,8.498E-02,7.744E+00,1.248E+00,-4.498E-01,9.933E+00,4.091E+00,3.142E+00,2.153E-02,1.904E+00,2.165E+00,1.834E-01,1.971E+00,1.215E+00,-5.948E-01,1.454E+01,4.488E+00,3.142E+00,2.501E-02,1.789E+00,2.077E+00,8.940E-02,3.387E+00
83,0.000E+00,0.000E+00,0.000E+00,4.918E-02,1.316E-01,8.238E-02,7.417E+00,1.216E+00,-4.505E-01,1.010E+01,4.459E+00,3.142E+00,5.450E-02,1.553E+00,2.107E+00,1.771E-01,2.032E+00,1.161E+00,-5.925E-01,1.442E+01,5.295E+00,3.142E+00,5.277E-02,1.490E+00,2.005E+00,8.678E-02,3.469E+00
84,0.000E+00,0.000E+00,0.000E+00,4.599E-02,1.258E-01,7.979E-02,7.091E+00,1.188E+00,-4.513E-01,1.026E+01,4.827E+00,3.142E+00,8.746E-02,1.202E+00,2.049E+00,1.709E-01,2.093E+00,1.116E+00,-5.902E-01,1.429E+01,6.102E+00,3.142E+00,8.052E-02,1.191E+00,1.933E+00,8.416E-02,3.550E+00
85,0.000E+00,0.000E+00,0.000E+00,3.659E-02,1.014E-01,6.487E-02,5.718E+00,1.139E+00,-4.319E-01,9.440E+00,5.840E+00,3.142E+00,8.824E-02,1.086E+00,1.850E+00,1.629E-01,2.183E+00,1.073E+00,-5.618E-01,1.208E+01,7.624E+00,3.142E+00,8.477E-02,1.078E+00,1.782E+00,7.796E-02,3.782E+00
86,0.000E+00,0.000E+00,0.000E+00,2.718E-02,7.703E-02,4.994E-02,4.345E+00,1.105E+00,-4.125E-01,8.619E+00,6.853E+00,3.142E+00,8.901E-02,9.698E-01,1.651E+00,1.550E-01,2.273E+00,1.057E+00,-5.334E-01,9.875E+00,9.147E+00,3.142E+00,8.901E-02,9.643E-01,1.630E+00,7.176E-02,4.014E+00
87,0.000E+00,0.000E+00,0.000E+00,1.445E-02,4.104E-02,2.656E-02,2.312E+00,1.141E+00,-4.495E-01,7.599E+00,7.226E+00,3.142E+00,8.898E-02,8.044E-01,1.379E+00,1.425E-01,2.452E+00,1.056E+00,-5.901E-01,9.553E+00,1.040E+01,3.142E+00,8.899E-02,7.909E-01,1.350E+00,6.017E-02,4.692E+00
88,0.000E+00,0.000E+00,0.000E+00,1.708E-03,5.058E-03,3.174E-03,2.784E-01,1.181E+00,-4.865E-01,6.579E+00,7.600E+00,3.142E+00,8.895E-02,6.389E-01,1.107E+00,1.301E-01,2.631E+00,1.055E+00,-6.469E-01,9.232E+00,1.165E+01,3.142E+00,8.896E-02,6.176E-01,1.070E+00,4.858E-02,5.370E+00
89,0.000E+00,0.000E+00,0.000E+00,3.906E-06,1.240E-04,6.738E-05,5.812E-03,3.142E+00,0.000E+00,0.000E+00,0.000E+00,0.000E+00,0.000E+00,0.000E+00,0.000E+00,0.000E+00,0.000E+00,3.142E+00,0.000E+00,0.000E+00,0.000E+00,0.000E+00,0.000E+00,0.000E+00,0.000E+00,0.000E+00,0.000E+00
