alpha,H,He,Ca,S,Ca_1,S_1,amu/ion,thetaK_Ca,thetaTilt_Ca,thetaM_Ca,thetaN_Ca,3dK_Ca,3dTilt_Ca,3dM_Ca,3dN_Ca,energyK_Ca,energyE_Ca,thetaK_S,thetaTilt_S,thetaM_S,thetaN_S,3dK_S,3dTilt_S,3dM_S,3dN_S,energyK_S,energyE_S
0.000E+00,0.000E+00,0.000E+00,0.000E+00,7.822E-04,8.804E-03,8.253E-03,6.420E-01,1.774E+00,2.395E-02,1.246E+00,1.666E+00,4.935E+00,0.000E+00,1.000E+00,1.000E+00,1.203E-01,2.563E+00,1.812E+00,-8.059E-03,1.407E+00,1.341E+00,4.935E+00,2.595E-03,1.000E+00,1.000E+00,1.082E-01,2.913E+00
1.000E+00,0.000E+00,0.000E+00,0.000E+00,7.708E-04,8.855E-03,8.285E-03,6.448E-01,1.766E+00,1.691E-02,1.270E+00,1.675E+00,4.935E+00,6.910E-03,1.000E+00,1.000E+00,1.203E-01,2.564E+00,1.804E+00,-1.694E-02,1.444E+00,1.384E+00,4.935E+00,1.121E-02,1.000E+00,1.000E+00,1.079E-01,2.920E+00
2.000E+00,0.000E+00,0.000E+00,0.000E+00,7.593E-04,8.906E-03,8.318E-03,6.476E-01,1.759E+00,9.873E-03,1.294E+00,1.684E+00,4.935E+00,1.382E-02,1.000E+00,1.000E+00,1.203E-01,2.564E+00,1.796E+00,-2.582E-02,1.481E+00,1.427E+00,4.935E+00,1.983E-02,1.000E+00,1.000E+00,1.076E-01,2.927E+00
3.000E+00,0.000E+00,0.000E+00,0.000E+00,7.478E-04,8.957E-03,8.350E-03,6.504E-01,1.751E+00,2.834E-03,1.319E+00,1.693E+00,4.935E+00,2.073E-02,1.000E+00,1.000E+00,1.203E-01,2.565E+00,1.789E+00,-3.470E-02,1.518E+00,1.470E+00,4.935E+00,2.844E-02,1.000E+00,1.000E+00,1.073E-01,2.934E+00
4.000E+00,0.000E+00,0.000E+00,0.000E+00,7.421E-04,8.983E-03,8.366E-03,6.518E-01,1.748E+00,-6.860E-04,1.331E+00,1.697E+00,4.935E+00,2.418E-02,1.000E+00,1.000E+00,1.202E-01,2.565E+00,1.785E+00,-3.914E-02,1.536E+00,1.492E+00,4.935E+00,3.275E-02,1.000E+00,1.000E+00,1.071E-01,2.937E+00
5.000E+00,0.000E+00,0.000E+00,0.000E+00,7.363E-04,9.008E-03,8.382E-03,6.533E-01,1.748E+00,-4.206E-03,1.343E+00,1.702E+00,4.935E+00,2.764E-02,1.000E+00,1.000E+00,1.202E-01,2.565E+00,1.782E+00,-4.358E-02,1.555E+00,1.513E+00,4.935E+00,3.706E-02,1.000E+00,1.000E+00,1.069E-01,2.941E+00
6.000E+00,0.000E+00,0.000E+00,0.000E+00,7.249E-04,9.059E-03,8.415E-03,6.561E-01,1.749E+00,-1.124E-02,1.367E+00,1.711E+00,4.935E+00,3.455E-02,1.000E+00,1.000E+00,1.202E-01,2.566E+00,1.774E+00,-5.246E-02,1.591E+00,1.557E+00,4.935E+00,4.567E-02,1.000E+00,1.000E+00,1.066E-01,2.948E+00
7.000E+00,0.000E+00,0.000E+00,0.000E+00,7.134E-04,9.111E-03,8.447E-03,6.589E-01,1.749E+00,-1.828E-02,1.391E+00,1.720E+00,4.935E+00,4.146E-02,1.000E+00,1.000E+00,1.202E-01,2.566E+00,1.768E+00,-6.134E-02,1.628E+00,1.600E+00,4.935E+00,5.429E-02,1.000E+00,1.000E+00,1.063E-01,2.955E+00
8.000E+00,0.000E+00,0.000E+00,0.000E+00,7.019E-04,9.162E-03,8.479E-03,6.617E-01,1.750E+00,-2.532E-02,1.415E+00,1.729E+00,4.935E+00,4.837E-02,1.000E+00,1.000E+00,1.201E-01,2.567E+00,1.761E+00,-7.022E-02,1.665E+00,1.643E+00,4.935E+00,6.290E-02,1.000E+00,1.000E+00,1.060E-01,2.962E+00
9.000E+00,0.000E+00,0.000E+00,0.000E+00,6.962E-04,9.187E-03,8.496E-03,6.631E-01,1.750E+00,-2.884E-02,1.428E+00,1.734E+00,4.935E+00,5.182E-02,1.000E+00,1.000E+00,1.201E-01,2.567E+00,1.758E+00,-7.466E-02,1.683E+00,1.665E+00,4.935E+00,6.721E-02,1.000E+00,1.000E+00,1.058E-01,2.965E+00
1.000E+01,0.000E+00,0.000E+00,0.000E+00,6.904E-04,9.213E-03,8.512E-03,6.645E-01,1.750E+00,-3.236E-02,1.440E+00,1.738E+00,4.935E+00,5.528E-02,1.000E+00,1.000E+00,1.201E-01,2.567E+00,1.754E+00,-7.910E-02,1.702E+00,1.686E+00,4.935E+00,7.152E-02,1.000E+00,1.000E+00,1.057E-01,2.968E+00
1.100E+01,0.000E+00,0.000E+00,0.000E+00,7.231E-04,9.396E-03,8.650E-03,6.774E-01,1.756E+00,-5.337E-02,1.550E+00,1.698E+00,4.935E+00,6.372E-02,1.000E+00,1.000E+00,1.197E-01,2.575E+00,1.757E+00,-8.290E-02,1.693E+00,1.700E+00,4.935E+00,7.701E-02,1.000E+00,1.000E+00,1.054E-01,2.974E+00
1.200E+01,0.000E+00,0.000E+00,0.000E+00,7.559E-04,9.578E-03,8.789E-03,6.902E-01,1.763E+00,-7.437E-02,1.660E+00,1.658E+00,4.935E+00,7.216E-02,1.000E+00,1.000E+00,1.192E-01,2.583E+00,1.760E+00,-8.670E-02,1.685E+00,1.713E+00,4.935E+00,8.250E-02,1.000E+00,1.000E+00,1.052E-01,2.980E+00
1.300E+01,0.000E+00,0.000E+00,0.000E+00,7.886E-04,9.761E-03,8.927E-03,7.031E-01,1.771E+00,-9.537E-02,1.771E+00,1.618E+00,4.935E+00,8.060E-02,1.000E+00,1.000E+00,1.188E-01,2.590E+00,1.763E+00,-9.049E-02,1.676E+00,1.726E+00,4.935E+00,8.799E-02,1.000E+00,1.000E+00,1.049E-01,2.986E+00
1.400E+01,0.000E+00,0.000E+00,0.000E+00,8.049E-04,9.852E-03,8.997E-03,7.096E-01,1.776E+00,-1.059E-01,1.826E+00,1.598E+00,4.935E+00,8.482E-02,1.000E+00,1.000E+00,1.186E-01,2.594E+00,1.764E+00,-9.239E-02,1.672E+00,1.733E+00,4.935E+00,9.073E-02,1.000E+00,1.000E+00,1.048E-01,2.989E+00
1.500E+01,0.000E+00,0.000E+00,0.000E+00,8.213E-04,9.943E-03,9.066E-03,7.160E-01,1.781E+00,-1.164E-01,1.881E+00,1.578E+00,4.935E+00,8.904E-02,1.000E+00,1.000E+00,1.183E-01,2.598E+00,1.765E+00,-9.429E-02,1.667E+00,1.740E+00,4.935E+00,9.347E-02,1.000E+00,1.000E+00,1.046E-01,2.992E+00
1.600E+01,0.000E+00,0.000E+00,0.000E+00,8.540E-04,1.013E-02,9.204E-03,7.289E-01,1.792E+00,-1.374E-01,1.991E+00,1.537E+00,4.935E+00,9.748E-02,1.000E+00,1.000E+00,1.179E-01,2.606E+00,1.768E+00,-9.809E-02,1.659E+00,1.753E+00,4.935E+00,9.896E-02,1.000E+00,1.000E+00,1.044E-01,2.998E+00
1.700E+01,0.000E+00,0.000E+00,0.000E+00,8.867E-04,1.031E-02,9.343E-03,7.417E-01,1.804E+00,-1.584E-01,2.102E+00,1.497E+00,4.935E+00,1.059E-01,1.000E+00,1.000E+00,1.174E-01,2.613E+00,1.771E+00,-1.019E-01,1.650E+00,1.767E+00,4.935E+00,1.045E-01,1.000E+00,1.000E+00,1.041E-01,3.004E+00
1.800E+01,0.000E+00,0.000E+00,0.000E+00,9.194E-04,1.049E-02,9.482E-03,7.546E-01,1.816E+00,-1.794E-01,2.212E+00,1.457E+00,4.935E+00,1.144E-01,1.000E+00,1.000E+00,1.170E-01,2.621E+00,1.774E+00,-1.057E-01,1.642E+00,1.780E+00,4.935E+00,1.099E-01,1.000E+00,1.000E+00,1.038E-01,3.010E+00
1.900E+01,0.000E+00,0.000E+00,0.000E+00,9.358E-04,1.058E-02,9.551E-03,7.611E-01,1.823E+00,-1.899E-01,2.267E+00,1.437E+00,4.935E+00,1.186E-01,1.000E+00,1.000E+00,1.168E-01,2.625E+00,1.775E+00,-1.076E-01,1.637E+00,1.787E+00,4.935E+00,1.127E-01,1.000E+00,1.000E+00,1.037E-01,3.013E+00
2.000E+01,0.000E+00,0.000E+00,0.000E+00,9.521E-04,1.067E-02,9.620E-03,7.675E-01,1.830E+00,-2.004E-01,2.322E+00,1.417E+00,4.935E+00,1.228E-01,1.000E+00,1.000E+00,1.166E-01,2.628E+00,1.776E+00,-1.095E-01,1.633E+00,1.793E+00,4.935E+00,1.154E-01,1.000E+00,1.000E+00,1.036E-01,3.016E+00
2.100E+01,0.000E+00,0.000E+00,0.000E+00,9.497E-04,1.096E-02,9.927E-03,7.886E-01,1.830E+00,-2.128E-01,2.385E+00,1.429E+00,4.935E+00,1.310E-01,1.000E+00,1.000E+00,1.162E-01,2.634E+00,1.778E+00,-1.355E-01,1.807E+00,1.743E+00,4.935E+00,1.243E-01,1.000E+00,1.000E+00,1.036E-01,3.016E+00
2.200E+01,0.000E+00,0.000E+00,0.000E+00,9.473E-04,1.124E-02,1.023E-02,8.097E-01,1.830E+00,-2.253E-01,2.447E+00,1.442E+00,4.935E+00,1.391E-01,1.000E+00,1.000E+00,1.159E-01,2.640E+00,1.783E+00,-1.615E-01,1.980E+00,1.693E+00,4.935E+00,1.332E-01,1.000E+00,1.000E+00,1.036E-01,3.016E+00
2.300E+01,0.000E+00,0.000E+00,0.000E+00,9.448E-04,1.153E-02,1.054E-02,8.307E-01,1.830E+00,-2.377E-01,2.510E+00,1.454E+00,4.935E+00,1.473E-01,1.000E+00,1.000E+00,1.156E-01,2.646E+00,1.790E+00,-1.875E-01,2.153E+00,1.642E+00,4.935E+00,1.421E-01,1.000E+00,1.000E+00,1.036E-01,3.015E+00
2.400E+01,0.000E+00,0.000E+00,0.000E+00,9.436E-04,1.167E-02,1.069E-02,8.413E-01,1.830E+00,-2.439E-01,2.541E+00,1.460E+00,4.935E+00,1.514E-01,1.000E+00,1.000E+00,1.154E-01,2.649E+00,1.795E+00,-2.005E-01,2.240E+00,1.617E+00,4.935E+00,1.465E-01,1.000E+00,1.000E+00,1.036E-01,3.015E+00
2.500E+01,0.000E+00,0.000E+00,0.000E+00,9.424E-04,1.181E-02,1.085E-02,8.518E-01,1.830E+00,-2.502E-01,2.572E+00,1.467E+00,4.935E+00,1.555E-01,1.000E+00,1.000E+00,1.153E-01,2.652E+00,1.800E+00,-2.135E-01,2.327E+00,1.592E+00,4.935E+00,1.510E-01,1.000E+00,1.000E+00,1.037E-01,3.015E+00
2.600E+01,0.000E+00,0.000E+00,0.000E+00,9.399E-04,1.210E-02,1.115E-02,8.729E-01,1.830E+00,-2.626E-01,2.635E+00,1.479E+00,4.935E+00,1.637E-01,1.000E+00,1.000E+00,1.150E-01,2.657E+00,1.811E+00,-2.395E-01,2.500E+00,1.541E+00,4.935E+00,1.599E-01,1.000E+00,1.000E+00,1.037E-01,3.014E+00
2.700E+01,0.000E+00,0.000E+00,0.000E+00,9.375E-04,1.238E-02,1.146E-02,8.940E-01,1.830E+00,-2.751E-01,2.697E+00,1.491E+00,4.935E+00,1.718E-01,1.000E+00,1.000E+00,1.146E-01,2.663E+00,1.825E+00,-2.655E-01,2.673E+00,1.491E+00,4.935E+00,1.688E-01,1.000E+00,1.000E+00,1.037E-01,3.014E+00
2.800E+01,0.000E+00,0.000E+00,0.000E+00,9.351E-04,1.267E-02,1.177E-02,9.151E-01,1.830E+00,-2.875E-01,2.759E+00,1.504E+00,4.935E+00,1.800E-01,1.000E+00,1.000E+00,1.143E-01,2.669E+00,1.840E+00,-2.915E-01,2.847E+00,1.441E+00,4.935E+00,1.777E-01,1.000E+00,1.000E+00,1.037E-01,3.013E+00
2.900E+01,0.000E+00,0.000E+00,0.000E+00,9.338E-04,1.281E-02,1.192E-02,9.256E-01,1.830E+00,-2.937E-01,2.791E+00,1.510E+00,4.935E+00,1.841E-01,1.000E+00,1.000E+00,1.142E-01,2.672E+00,1.849E+00,-3.045E-01,2.933E+00,1.415E+00,4.935E+00,1.821E-01,1.000E+00,1.000E+00,1.037E-01,3.013E+00
3.000E+01,0.000E+00,0.000E+00,0.000E+00,9.326E-04,1.295E-02,1.207E-02,9.361E-01,1.831E+00,-3.000E-01,2.822E+00,1.516E+00,4.935E+00,1.882E-01,1.000E+00,1.000E+00,1.140E-01,2.675E+00,1.857E+00,-3.175E-01,3.020E+00,1.390E+00,4.935E+00,1.866E-01,1.000E+00,1.000E+00,1.037E-01,3.013E+00
3.100E+01,0.000E+00,0.000E+00,0.000E+00,1.022E-03,1.384E-02,1.287E-02,1.000E+00,1.813E+00,-3.277E-01,3.227E+00,1.521E+00,4.935E+00,2.016E-01,1.000E+00,1.000E+00,1.131E-01,2.691E+00,1.844E+00,-3.366E-01,3.266E+00,1.415E+00,4.935E+00,1.978E-01,1.000E+00,1.000E+00,1.028E-01,3.036E+00
3.200E+01,0.000E+00,0.000E+00,0.000E+00,1.066E-03,1.429E-02,1.327E-02,1.032E+00,1.806E+00,-3.416E-01,3.430E+00,1.523E+00,4.935E+00,2.083E-01,1.000E+00,1.000E+00,1.127E-01,2.700E+00,1.838E+00,-3.461E-01,3.388E+00,1.428E+00,4.935E+00,2.034E-01,1.000E+00,1.000E+00,1.023E-01,3.047E+00
3.300E+01,0.000E+00,0.000E+00,0.000E+00,1.111E-03,1.473E-02,1.367E-02,1.064E+00,1.800E+00,-3.554E-01,3.633E+00,1.526E+00,4.935E+00,2.150E-01,1.000E+00,1.000E+00,1.123E-01,2.708E+00,1.832E+00,-3.556E-01,3.511E+00,1.440E+00,4.935E+00,2.091E-01,1.000E+00,1.000E+00,1.019E-01,3.059E+00
3.400E+01,0.000E+00,0.000E+00,0.000E+00,1.155E-03,1.518E-02,1.407E-02,1.096E+00,1.795E+00,-3.693E-01,3.835E+00,1.528E+00,4.935E+00,2.217E-01,1.000E+00,1.000E+00,1.118E-01,2.716E+00,1.826E+00,-3.652E-01,3.634E+00,1.453E+00,4.935E+00,2.147E-01,1.000E+00,1.000E+00,1.014E-01,3.070E+00
3.500E+01,0.000E+00,0.000E+00,0.000E+00,1.200E-03,1.563E-02,1.447E-02,1.128E+00,1.791E+00,-3.832E-01,4.038E+00,1.531E+00,4.935E+00,2.284E-01,1.000E+00,1.000E+00,1.114E-01,2.725E+00,1.821E+00,-3.747E-01,3.757E+00,1.465E+00,4.935E+00,2.203E-01,1.000E+00,1.000E+00,1.009E-01,3.081E+00
3.600E+01,0.000E+00,0.000E+00,0.000E+00,1.244E-03,1.607E-02,1.487E-02,1.161E+00,1.788E+00,-3.970E-01,4.241E+00,1.533E+00,4.935E+00,2.351E-01,1.000E+00,1.000E+00,1.110E-01,2.733E+00,1.816E+00,-3.842E-01,3.880E+00,1.478E+00,4.935E+00,2.259E-01,1.000E+00,1.000E+00,1.005E-01,3.093E+00
3.700E+01,0.000E+00,0.000E+00,0.000E+00,1.289E-03,1.652E-02,1.527E-02,1.193E+00,1.785E+00,-4.109E-01,4.443E+00,1.536E+00,4.935E+00,2.418E-01,1.000E+00,1.000E+00,1.106E-01,2.742E+00,1.812E+00,-3.938E-01,4.002E+00,1.490E+00,4.935E+00,2.316E-01,1.000E+00,1.000E+00,1.000E-01,3.104E+00
3.800E+01,0.000E+00,0.000E+00,0.000E+00,1.333E-03,1.696E-02,1.567E-02,1.225E+00,1.783E+00,-4.248E-01,4.646E+00,1.538E+00,4.935E+00,2.485E-01,1.000E+00,1.000E+00,1.101E-01,2.750E+00,1.807E+00,-4.033E-01,4.125E+00,1.503E+00,4.935E+00,2.372E-01,1.000E+00,1.000E+00,9.954E-02,3.116E+00
3.900E+01,0.000E+00,0.000E+00,0.000E+00,1.378E-03,1.741E-02,1.607E-02,1.257E+00,1.781E+00,-4.386E-01,4.849E+00,1.541E+00,4.935E+00,2.552E-01,1.000E+00,1.000E+00,1.097E-01,2.758E+00,1.803E+00,-4.128E-01,4.248E+00,1.515E+00,4.935E+00,2.428E-01,1.000E+00,1.000E+00,9.907E-02,3.127E+00
4.000E+01,0.000E+00,0.000E+00,0.000E+00,1.422E-03,1.785E-02,1.647E-02,1.289E+00,1.780E+00,-4.525E-01,5.052E+00,1.543E+00,4.935E+00,2.619E-01,1.000E+00,1.000E+00,1.093E-01,2.767E+00,1.800E+00,-4.224E-01,4.371E+00,1.528E+00,4.935E+00,2.484E-01,1.000E+00,1.000E+00,9.861E-02,3.139E+00
4.100E+01,0.000E+00,0.000E+00,0.000E+00,1.467E-03,1.830E-02,1.687E-02,1.321E+00,1.779E+00,-4.664E-01,5.254E+00,1.545E+00,4.935E+00,2.686E-01,1.000E+00,1.000E+00,1.088E-01,2.775E+00,1.796E+00,-4.319E-01,4.493E+00,1.540E+00,4.935E+00,2.541E-01,1.000E+00,1.000E+00,9.814E-02,3.150E+00
4.200E+01,0.000E+00,0.000E+00,0.000E+00,1.511E-03,1.875E-02,1.727E-02,1.353E+00,1.779E+00,-4.803E-01,5.457E+00,1.548E+00,4.935E+00,2.753E-01,1.000E+00,1.000E+00,1.084E-01,2.783E+00,1.792E+00,-4.414E-01,4.616E+00,1.553E+00,4.935E+00,2.597E-01,1.000E+00,1.000E+00,9.767E-02,3.161E+00
4.300E+01,0.000E+00,0.000E+00,0.000E+00,1.556E-03,1.919E-02,1.767E-02,1.385E+00,1.779E+00,-4.941E-01,5.660E+00,1.550E+00,4.935E+00,2.820E-01,1.000E+00,1.000E+00,1.080E-01,2.792E+00,1.789E+00,-4.510E-01,4.739E+00,1.565E+00,4.935E+00,2.653E-01,1.000E+00,1.000E+00,9.721E-02,3.173E+00
4.400E+01,0.000E+00,0.000E+00,0.000E+00,1.600E-03,1.964E-02,1.807E-02,1.417E+00,1.779E+00,-5.080E-01,5.862E+00,1.553E+00,4.935E+00,2.887E-01,1.000E+00,1.000E+00,1.075E-01,2.800E+00,1.786E+00,-4.605E-01,4.862E+00,1.578E+00,4.935E+00,2.710E-01,1.000E+00,1.000E+00,9.674E-02,3.184E+00
4.500E+01,0.000E+00,0.000E+00,0.000E+00,1.645E-03,2.008E-02,1.847E-02,1.449E+00,1.779E+00,-5.219E-01,6.065E+00,1.555E+00,4.935E+00,2.954E-01,1.000E+00,1.000E+00,1.071E-01,2.808E+00,1.783E+00,-4.700E-01,4.985E+00,1.590E+00,4.935E+00,2.766E-01,1.000E+00,1.000E+00,9.627E-02,3.196E+00
4.600E+01,0.000E+00,0.000E+00,0.000E+00,1.718E-03,2.105E-02,1.931E-02,1.517E+00,1.762E+00,-5.012E-01,5.615E+00,1.644E+00,4.935E+00,2.937E-01,1.000E+00,1.000E+00,1.081E-01,2.789E+00,1.752E+00,-4.583E-01,4.790E+00,1.729E+00,4.935E+00,2.773E-01,1.000E+00,1.000E+00,9.603E-02,3.202E+00
4.700E+01,0.000E+00,0.000E+00,0.000E+00,1.754E-03,2.154E-02,1.972E-02,1.551E+00,1.754E+00,-4.909E-01,5.390E+00,1.688E+00,4.935E+00,2.929E-01,1.000E+00,1.000E+00,1.085E-01,2.780E+00,1.737E+00,-4.525E-01,4.693E+00,1.799E+00,4.935E+00,2.776E-01,1.000E+00,1.000E+00,9.590E-02,3.206E+00
4.800E+01,0.000E+00,0.000E+00,0.000E+00,1.791E-03,2.202E-02,2.014E-02,1.585E+00,1.747E+00,-4.806E-01,5.165E+00,1.732E+00,4.935E+00,2.920E-01,1.000E+00,1.000E+00,1.090E-01,2.770E+00,1.724E+00,-4.466E-01,4.596E+00,1.868E+00,4.935E+00,2.780E-01,1.000E+00,1.000E+00,9.578E-02,3.209E+00
4.900E+01,0.000E+00,0.000E+00,0.000E+00,1.921E-03,2.333E-02,2.139E-02,1.682E+00,1.751E+00,-4.898E-01,5.202E+00,1.735E+00,4.935E+00,3.024E-01,1.000E+00,1.000E+00,1.083E-01,2.785E+00,1.722E+00,-4.647E-01,4.882E+00,1.861E+00,4.935E+00,2.931E-01,1.000E+00,1.000E+00,9.662E-02,3.187E+00
5.000E+01,0.000E+00,0.000E+00,0.000E+00,1.986E-03,2.399E-02,2.201E-02,1.731E+00,1.752E+00,-4.945E-01,5.221E+00,1.736E+00,4.935E+00,3.076E-01,1.000E+00,1.000E+00,1.079E-01,2.793E+00,1.722E+00,-4.737E-01,5.024E+00,1.857E+00,4.935E+00,3.007E-01,1.000E+00,1.000E+00,9.704E-02,3.176E+00
5.100E+01,0.000E+00,0.000E+00,0.000E+00,2.051E-03,2.464E-02,2.263E-02,1.779E+00,1.754E+00,-4.991E-01,5.240E+00,1.738E+00,4.935E+00,3.128E-01,1.000E+00,1.000E+00,1.075E-01,2.800E+00,1.721E+00,-4.827E-01,5.167E+00,1.853E+00,4.935E+00,3.083E-01,1.000E+00,1.000E+00,9.746E-02,3.165E+00
5.200E+01,0.000E+00,0.000E+00,0.000E+00,2.043E-03,2.615E-02,2.415E-02,1.888E+00,1.740E+00,-5.103E-01,5.481E+00,1.785E+00,4.935E+00,3.198E-01,1.000E+00,1.000E+00,1.051E-01,2.851E+00,1.714E+00,-4.591E-01,4.632E+00,1.947E+00,4.935E+00,3.124E-01,1.000E+00,1.000E+00,9.647E-02,3.191E+00
5.300E+01,0.000E+00,0.000E+00,0.000E+00,2.040E-03,2.690E-02,2.491E-02,1.942E+00,1.732E+00,-5.159E-01,5.602E+00,1.809E+00,4.935E+00,3.234E-01,1.000E+00,1.000E+00,1.039E-01,2.877E+00,1.712E+00,-4.473E-01,4.365E+00,1.994E+00,4.935E+00,3.145E-01,1.000E+00,1.000E+00,9.598E-02,3.204E+00
5.400E+01,0.000E+00,0.000E+00,0.000E+00,2.036E-03,2.765E-02,2.567E-02,1.996E+00,1.726E+00,-5.215E-01,5.723E+00,1.832E+00,4.935E+00,3.269E-01,1.000E+00,1.000E+00,1.027E-01,2.902E+00,1.711E+00,-4.355E-01,4.097E+00,2.041E+00,4.935E+00,3.166E-01,1.000E+00,1.000E+00,9.548E-02,3.217E+00
5.500E+01,0.000E+00,0.000E+00,4.883E-07,2.261E-03,2.938E-02,2.705E-02,2.117E+00,1.712E+00,-5.043E-01,5.303E+00,1.930E+00,4.935E+00,3.315E-01,1.000E+00,1.000E+00,1.023E-01,2.910E+00,1.722E+00,-4.595E-01,4.393E+00,1.972E+00,4.935E+00,3.213E-01,1.000E+00,1.000E+00,9.579E-02,3.209E+00
5.600E+01,0.000E+00,0.000E+00,7.324E-07,2.374E-03,3.024E-02,2.774E-02,2.177E+00,1.706E+00,-4.956E-01,5.093E+00,1.980E+00,4.935E+00,3.339E-01,1.000E+00,1.000E+00,1.021E-01,2.914E+00,1.728E+00,-4.715E-01,4.540E+00,1.937E+00,4.935E+00,3.236E-01,1.000E+00,1.000E+00,9.594E-02,3.205E+00
5.700E+01,0.000E+00,0.000E+00,9.766E-07,2.486E-03,3.110E-02,2.843E-02,2.237E+00,1.702E+00,-4.870E-01,4.883E+00,2.029E+00,4.935E+00,3.362E-01,1.000E+00,1.000E+00,1.019E-01,2.918E+00,1.735E+00,-4.836E-01,4.688E+00,1.902E+00,4.935E+00,3.260E-01,1.000E+00,1.000E+00,9.610E-02,3.200E+00
5.800E+01,0.000E+00,0.000E+00,4.883E-07,2.718E-03,3.340E-02,3.050E-02,2.403E+00,1.688E+00,-5.257E-01,5.820E+00,2.004E+00,4.935E+00,3.471E-01,1.000E+00,1.000E+00,1.025E-01,2.906E+00,1.716E+00,-4.924E-01,4.963E+00,1.955E+00,4.935E+00,3.324E-01,1.000E+00,1.000E+00,9.508E-02,3.228E+00
5.900E+01,0.000E+00,0.000E+00,2.441E-07,2.833E-03,3.454E-02,3.153E-02,2.486E+00,1.684E+00,-5.450E-01,6.288E+00,1.992E+00,4.935E+00,3.526E-01,1.000E+00,1.000E+00,1.028E-01,2.900E+00,1.706E+00,-4.968E-01,5.100E+00,1.981E+00,4.935E+00,3.356E-01,1.000E+00,1.000E+00,9.458E-02,3.241E+00
6.000E+01,0.000E+00,0.000E+00,0.000E+00,2.949E-03,3.569E-02,3.257E-02,2.569E+00,1.681E+00,-5.644E-01,6.757E+00,1.980E+00,4.935E+00,3.580E-01,1.000E+00,1.000E+00,1.030E-01,2.895E+00,1.697E+00,-5.012E-01,5.237E+00,2.008E+00,4.935E+00,3.388E-01,1.000E+00,1.000E+00,9.407E-02,3.255E+00
6.100E+01,0.000E+00,0.000E+00,0.000E+00,2.961E-03,3.806E-02,3.500E-02,2.743E+00,1.666E+00,-5.701E-01,7.129E+00,2.011E+00,4.935E+00,3.616E-01,1.000E+00,1.000E+00,1.023E-01,2.911E+00,1.681E+00,-5.453E-01,6.520E+00,1.965E+00,4.935E+00,3.450E-01,1.000E+00,1.000E+00,9.303E-02,3.284E+00
6.200E+01,0.000E+00,0.000E+00,0.000E+00,2.968E-03,3.925E-02,3.621E-02,2.830E+00,1.659E+00,-5.730E-01,7.316E+00,2.026E+00,4.935E+00,3.633E-01,1.000E+00,1.000E+00,1.019E-01,2.919E+00,1.677E+00,-5.674E-01,7.161E+00,1.943E+00,4.935E+00,3.481E-01,1.000E+00,1.000E+00,9.251E-02,3.298E+00
6.300E+01,0.000E+00,0.000E+00,0.000E+00,2.974E-03,4.043E-02,3.743E-02,2.917E+00,1.651E+00,-5.759E-01,7.502E+00,2.042E+00,4.935E+00,3.651E-01,1.000E+00,1.000E+00,1.015E-01,2.927E+00,1.676E+00,-5.895E-01,7.802E+00,1.922E+00,4.935E+00,3.512E-01,1.000E+00,1.000E+00,9.198E-02,3.312E+00
6.400E+01,0.000E+00,0.000E+00,0.000E+00,3.426E-03,4.339E-02,4.003E-02,3.132E+00,1.628E+00,-5.901E-01,8.113E+00,2.112E+00,4.935E+00,3.731E-01,1.000E+00,1.000E+00,1.034E-01,2.887E+00,1.660E+00,-6.243E-01,9.628E+00,1.882E+00,4.935E+00,3.607E-01,1.000E+00,1.000E+00,9.190E-02,3.315E+00
6.500E+01,0.000E+00,0.000E+00,0.000E+00,3.653E-03,4.487E-02,4.133E-02,3.240E+00,1.618E+00,-5.972E-01,8.419E+00,2.147E+00,4.935E+00,3.771E-01,1.000E+00,1.000E+00,1.043E-01,2.867E+00,1.656E+00,-6.417E-01,1.054E+01,1.862E+00,4.935E+00,3.655E-01,1.000E+00,1.000E+00,9.186E-02,3.316E+00
6.600E+01,0.000E+00,0.000E+00,0.000E+00,3.879E-03,4.635E-02,4.263E-02,3.348E+00,1.607E+00,-6.043E-01,8.724E+00,2.182E+00,4.935E+00,3.811E-01,1.000E+00,1.000E+00,1.053E-01,2.846E+00,1.654E+00,-6.592E-01,1.145E+01,1.843E+00,4.935E+00,3.702E-01,1.000E+00,1.000E+00,9.181E-02,3.317E+00
6.700E+01,0.000E+00,0.000E+00,0.000E+00,4.028E-03,4.990E-02,4.588E-02,3.600E+00,1.588E+00,-6.510E-01,1.179E+01,2.091E+00,4.935E+00,3.875E-01,1.000E+00,1.000E+00,1.032E-01,2.891E+00,1.614E+00,-6.587E-01,1.210E+01,1.966E+00,4.935E+00,3.764E-01,1.000E+00,1.000E+00,9.232E-02,3.303E+00
6.800E+01,0.000E+00,0.000E+00,0.000E+00,4.103E-03,5.167E-02,4.751E-02,3.726E+00,1.587E+00,-6.743E-01,1.332E+01,2.046E+00,4.935E+00,3.907E-01,1.000E+00,1.000E+00,1.022E-01,2.914E+00,1.595E+00,-6.585E-01,1.242E+01,2.028E+00,4.935E+00,3.795E-01,1.000E+00,1.000E+00,9.257E-02,3.296E+00
6.900E+01,0.000E+00,0.000E+00,0.000E+00,4.178E-03,5.344E-02,4.914E-02,3.852E+00,1.589E+00,-6.977E-01,1.485E+01,2.001E+00,4.935E+00,3.938E-01,1.000E+00,1.000E+00,1.011E-01,2.936E+00,1.577E+00,-6.583E-01,1.274E+01,2.090E+00,4.935E+00,3.825E-01,1.000E+00,1.000E+00,9.282E-02,3.289E+00
7.000E+01,0.000E+00,0.000E+00,0.000E+00,4.644E-03,5.804E-02,5.336E-02,4.186E+00,1.542E+00,-7.057E-01,1.685E+01,2.133E+00,4.903E+00,4.049E-01,1.034E+00,1.000E+00,9.923E-02,2.981E+00,1.550E+00,-6.795E-01,1.507E+01,2.119E+00,4.927E+00,3.918E-01,1.008E+00,1.000E+00,9.203E-02,3.311E+00
7.100E+01,0.000E+00,0.000E+00,0.000E+00,4.877E-03,6.034E-02,5.547E-02,4.354E+00,1.520E+00,-7.097E-01,1.784E+01,2.200E+00,4.887E+00,4.104E-01,1.051E+00,1.000E+00,9.827E-02,3.003E+00,1.539E+00,-6.901E-01,1.624E+01,2.134E+00,4.923E+00,3.965E-01,1.012E+00,1.000E+00,9.164E-02,3.322E+00
7.200E+01,0.000E+00,0.000E+00,0.000E+00,5.110E-03,6.263E-02,5.758E-02,4.521E+00,1.499E+00,-7.138E-01,1.884E+01,2.266E+00,4.871E+00,4.160E-01,1.069E+00,1.000E+00,9.730E-02,3.025E+00,1.529E+00,-7.007E-01,1.741E+01,2.149E+00,4.920E+00,4.011E-01,1.016E+00,1.000E+00,9.125E-02,3.333E+00
7.300E+01,0.000E+00,0.000E+00,0.000E+00,4.951E-03,6.626E-02,6.132E-02,4.781E+00,1.484E+00,-7.101E-01,1.878E+01,2.338E+00,4.842E+00,4.188E-01,1.102E+00,1.000E+00,9.834E-02,3.001E+00,1.507E+00,-7.027E-01,1.820E+01,2.221E+00,4.887E+00,4.059E-01,1.051E+00,1.000E+00,9.066E-02,3.350E+00
7.400E+01,0.000E+00,0.000E+00,0.000E+00,4.791E-03,6.989E-02,6.507E-02,5.042E+00,1.469E+00,-7.064E-01,1.871E+01,2.409E+00,4.813E+00,4.215E-01,1.136E+00,1.000E+00,9.938E-02,2.976E+00,1.487E+00,-7.046E-01,1.899E+01,2.294E+00,4.856E+00,4.107E-01,1.085E+00,1.000E+00,9.007E-02,3.367E+00
7.500E+01,0.000E+00,0.000E+00,0.000E+00,5.470E-03,7.361E-02,6.816E-02,5.311E+00,1.435E+00,-6.953E-01,1.819E+01,2.603E+00,4.755E+00,4.353E-01,1.204E+00,1.000E+00,9.824E-02,3.003E+00,1.458E+00,-6.867E-01,1.781E+01,2.460E+00,4.790E+00,4.204E-01,1.163E+00,1.000E+00,8.879E-02,3.406E+00
7.600E+01,0.000E+00,0.000E+00,0.000E+00,6.148E-03,7.732E-02,7.126E-02,5.581E+00,1.405E+00,-6.842E-01,1.767E+01,2.798E+00,4.701E+00,4.490E-01,1.273E+00,1.000E+00,9.710E-02,3.030E+00,1.433E+00,-6.687E-01,1.662E+01,2.627E+00,4.727E+00,4.302E-01,1.240E+00,1.000E+00,8.752E-02,3.444E+00
7.700E+01,0.000E+00,0.000E+00,0.000E+00,6.540E-03,8.140E-02,7.488E-02,5.873E+00,1.375E+00,-6.779E-01,1.740E+01,3.004E+00,4.646E+00,4.601E-01,1.346E+00,1.000E+00,9.591E-02,3.060E+00,1.400E+00,-6.601E-01,1.617E+01,2.852E+00,4.702E+00,4.375E-01,1.272E+00,1.000E+00,8.713E-02,3.456E+00
7.800E+01,0.000E+00,0.000E+00,0.000E+00,6.931E-03,8.548E-02,7.851E-02,6.165E+00,1.348E+00,-6.715E-01,1.714E+01,3.211E+00,4.595E+00,4.711E-01,1.418E+00,1.000E+00,9.472E-02,3.089E+00,1.370E+00,-6.516E-01,1.573E+01,3.077E+00,4.677E+00,4.448E-01,1.304E+00,1.000E+00,8.673E-02,3.468E+00
7.900E+01,0.000E+00,0.000E+00,0.000E+00,7.610E-03,8.933E-02,8.165E-02,6.442E+00,1.303E+00,-6.676E-01,1.751E+01,3.551E+00,4.502E+00,4.853E-01,1.557E+00,1.000E+00,9.515E-02,3.078E+00,1.327E+00,-6.444E-01,1.576E+01,3.403E+00,4.560E+00,4.634E-01,1.469E+00,1.000E+00,8.618E-02,3.486E+00
8.000E+01,0.000E+00,0.000E+00,0.000E+00,8.289E-03,9.317E-02,8.479E-02,6.718E+00,1.262E+00,-6.637E-01,1.788E+01,3.891E+00,4.418E+00,4.995E-01,1.695E+00,1.000E+00,9.558E-02,3.067E+00,1.288E+00,-6.372E-01,1.580E+01,3.729E+00,4.455E+00,4.820E-01,1.633E+00,1.000E+00,8.563E-02,3.503E+00
8.100E+01,0.000E+00,0.000E+00,0.000E+00,8.259E-03,9.567E-02,8.733E-02,6.899E+00,1.234E+00,-6.477E-01,1.640E+01,4.306E+00,4.348E+00,5.058E-01,1.818E+00,1.000E+00,9.076E-02,3.197E+00,1.251E+00,-6.301E-01,1.552E+01,4.123E+00,4.361E+00,4.932E-01,1.795E+00,1.000E+00,8.318E-02,3.585E+00
8.200E+01,0.000E+00,0.000E+00,0.000E+00,8.229E-03,9.817E-02,8.987E-02,7.080E+00,1.212E+00,-6.317E-01,1.492E+01,4.721E+00,4.282E+00,5.121E-01,1.941E+00,1.000E+00,8.593E-02,3.328E+00,1.219E+00,-6.230E-01,1.524E+01,4.517E+00,4.274E+00,5.044E-01,1.957E+00,1.000E+00,8.073E-02,3.667E+00
8.300E+01,0.000E+00,0.000E+00,4.883E-07,7.539E-03,9.582E-02,8.824E-02,6.911E+00,1.154E+00,-6.255E-01,1.473E+01,5.611E+00,4.089E+00,5.330E-01,2.357E+00,1.000E+00,8.278E-02,3.426E+00,1.168E+00,-6.070E-01,1.411E+01,5.373E+00,4.123E+00,5.181E-01,2.277E+00,1.000E+00,7.746E-02,3.790E+00
8.400E+01,0.000E+00,0.000E+00,9.766E-07,6.849E-03,9.347E-02,8.662E-02,6.743E+00,1.107E+00,-6.194E-01,1.454E+01,6.501E+00,3.927E+00,5.540E-01,2.772E+00,1.000E+00,7.963E-02,3.525E+00,1.131E+00,-5.910E-01,1.299E+01,6.230E+00,3.992E+00,5.317E-01,2.598E+00,1.000E+00,7.419E-02,3.913E+00
8.500E+01,0.000E+00,0.000E+00,4.883E-07,5.947E-03,7.959E-02,7.361E-02,5.740E+00,1.077E+00,-6.036E-01,1.295E+01,7.634E+00,3.858E+00,5.638E-01,2.975E+00,1.000E+00,7.533E-02,3.683E+00,1.090E+00,-5.776E-01,1.188E+01,7.472E+00,3.891E+00,5.428E-01,2.877E+00,1.000E+00,6.902E-02,4.149E+00
8.600E+01,0.000E+00,0.000E+00,0.000E+00,5.046E-03,6.571E-02,6.060E-02,4.737E+00,1.060E+00,-5.879E-01,1.136E+01,8.766E+00,3.793E+00,5.736E-01,3.177E+00,1.000E+00,7.104E-02,3.840E+00,1.063E+00,-5.642E-01,1.078E+01,8.713E+00,3.800E+00,5.538E-01,3.157E+00,1.000E+00,6.386E-02,4.386E+00
8.700E+01,0.000E+00,0.000E+00,0.000E+00,2.809E-03,3.690E-02,3.408E-02,2.661E+00,1.041E+00,-6.145E-01,1.012E+01,1.088E+01,3.770E+00,6.307E-01,3.253E+00,1.000E+00,5.951E-02,4.472E+00,1.057E+00,-5.779E-01,9.039E+00,1.067E+01,3.792E+00,6.066E-01,3.180E+00,1.000E+00,5.632E-02,4.869E+00
8.800E+01,0.000E+00,0.000E+00,0.000E+00,5.723E-04,8.091E-03,7.569E-03,5.843E-01,1.036E+00,-6.411E-01,8.873E+00,1.299E+01,3.747E+00,6.878E-01,3.329E+00,1.000E+00,4.798E-02,5.105E+00,1.071E+00,-5.916E-01,7.298E+00,1.262E+01,3.785E+00,6.594E-01,3.202E+00,1.000E+00,4.879E-02,5.353E+00
8.900E+01,0.000E+00,0.000E+00,0.000E+00,3.906E-06,4.961E-04,4.297E-04,3.317E-02,3.142E+00,0.000E+00,0.000E+00,0.000E+00,9.870E+00,0.000E+00,0.000E+00,0.000E+00,0.000E+00,0.000E+00,3.142E+00,0.000E+00,0.000E+00,0.000E+00,9.870E+00,0.000E+00,0.000E+00,0.000E+00,0.000E+00,0.000E+00
