alpha,H,He,K,Al,Si,O,K_1,O_1,Si_2,O_2,Al_3,O_3,amu/ion,thetaK_Al,thetaTilt_Al,thetaM_Al,thetaN_Al,3dK_Al,3dTilt_Al,3dM_Al,3dN_Al,energyK_Al,energyE_Al,thetaK_K,thetaTilt_K,thetaM_K,thetaN_K,3dK_K,3dTilt_K,3dM_K,3dN_K,energyK_K,energyE_K,thetaK_O,thetaTilt_O,thetaM_O,thetaN_O,3dK_O,3dTilt_O,3dM_O,3dN_O,energyK_O,energyE_O,thetaK_Si,thetaTilt_Si,thetaM_Si,thetaN_Si,3dK_Si,3dTilt_Si,3dM_Si,3dN_Si,energyK_Si,energyE_Si
0.000E+00,0.000E+00,0.000E+00,1.090E-03,0.000E+00,1.961E-03,0.000E+00,0.000E+00,0.000E+00,1.256E-03,5.558E-03,1.138E-03,2.647E-03,2.947E-01,1.867E+00,2.391E-02,1.288E+00,1.189E+00,4.935E+00,0.000E+00,1.000E+00,1.000E+00,7.354E-02,4.087E+00,1.851E+00,-3.658E-02,1.692E+00,1.095E+00,4.935E+00,0.000E+00,1.000E+00,1.000E+00,3.448E-01,1.077E+00,1.715E+00,3.509E-03,1.549E+00,1.618E+00,4.935E+00,0.000E+00,1.000E+00,1.000E+00,1.122E-01,3.166E+00,1.833E+00,2.728E-02,1.172E+00,1.464E+00,4.935E+00,0.000E+00,1.000E+00,1.000E+00,5.996E-02,4.740E+00
1.000E+00,0.000E+00,0.000E+00,1.090E-03,0.000E+00,1.959E-03,0.000E+00,0.000E+00,0.000E+00,1.271E-03,5.596E-03,1.133E-03,2.668E-03,2.960E-01,1.847E+00,9.832E-03,1.345E+00,1.216E+00,4.935E+00,7.971E-03,1.000E+00,1.000E+00,7.332E-02,4.096E+00,1.831E+00,-4.596E-02,1.752E+00,1.162E+00,4.935E+00,7.801E-03,1.000E+00,1.000E+00,3.460E-01,1.073E+00,1.708E+00,-2.658E-03,1.561E+00,1.654E+00,4.935E+00,7.297E-03,1.000E+00,1.000E+00,1.118E-01,3.177E+00,1.808E+00,1.668E-02,1.216E+00,1.530E+00,4.935E+00,8.747E-03,1.000E+00,1.000E+00,5.997E-02,4.740E+00
2.000E+00,0.000E+00,0.000E+00,1.090E-03,0.000E+00,1.958E-03,0.000E+00,0.000E+00,0.000E+00,1.286E-03,5.634E-03,1.129E-03,2.688E-03,2.973E-01,1.832E+00,-4.243E-03,1.403E+00,1.243E+00,4.935E+00,1.594E-02,1.000E+00,1.000E+00,7.310E-02,4.106E+00,1.813E+00,-5.534E-02,1.813E+00,1.229E+00,4.935E+00,1.560E-02,1.000E+00,1.000E+00,3.472E-01,1.070E+00,1.706E+00,-8.824E-03,1.573E+00,1.691E+00,4.935E+00,1.459E-02,1.000E+00,1.000E+00,1.113E-01,3.188E+00,1.783E+00,6.094E-03,1.260E+00,1.595E+00,4.935E+00,1.749E-02,1.000E+00,1.000E+00,5.998E-02,4.739E+00
3.000E+00,0.000E+00,0.000E+00,1.091E-03,0.000E+00,1.957E-03,0.000E+00,0.000E+00,0.000E+00,1.302E-03,5.672E-03,1.125E-03,2.708E-03,2.985E-01,1.829E+00,-1.832E-02,1.460E+00,1.270E+00,4.935E+00,2.391E-02,1.000E+00,1.000E+00,7.288E-02,4.116E+00,1.795E+00,-6.471E-02,1.874E+00,1.296E+00,4.935E+00,2.340E-02,1.000E+00,1.000E+00,3.483E-01,1.067E+00,1.703E+00,-1.499E-02,1.584E+00,1.728E+00,4.935E+00,2.189E-02,1.000E+00,1.000E+00,1.109E-01,3.199E+00,1.765E+00,-4.498E-03,1.304E+00,1.661E+00,4.935E+00,2.624E-02,1.000E+00,1.000E+00,5.998E-02,4.739E+00
4.000E+00,0.000E+00,0.000E+00,1.091E-03,0.000E+00,1.956E-03,0.000E+00,0.000E+00,0.000E+00,1.309E-03,5.691E-03,1.123E-03,2.718E-03,2.991E-01,1.828E+00,-2.536E-02,1.489E+00,1.284E+00,4.935E+00,2.790E-02,1.000E+00,1.000E+00,7.277E-02,4.121E+00,1.787E+00,-6.940E-02,1.904E+00,1.329E+00,4.935E+00,2.730E-02,1.000E+00,1.000E+00,3.489E-01,1.066E+00,1.702E+00,-1.807E-02,1.590E+00,1.746E+00,4.935E+00,2.554E-02,1.000E+00,1.000E+00,1.107E-01,3.204E+00,1.760E+00,-9.793E-03,1.326E+00,1.694E+00,4.935E+00,3.061E-02,1.000E+00,1.000E+00,5.999E-02,4.739E+00
5.000E+00,0.000E+00,0.000E+00,1.091E-03,0.000E+00,1.955E-03,0.000E+00,0.000E+00,0.000E+00,1.317E-03,5.710E-03,1.121E-03,2.728E-03,2.998E-01,1.826E+00,-3.239E-02,1.518E+00,1.297E+00,4.935E+00,3.189E-02,1.000E+00,1.000E+00,7.266E-02,4.126E+00,1.778E+00,-7.409E-02,1.934E+00,1.363E+00,4.935E+00,3.120E-02,1.000E+00,1.000E+00,3.495E-01,1.064E+00,1.701E+00,-2.116E-02,1.596E+00,1.764E+00,4.935E+00,2.919E-02,1.000E+00,1.000E+00,1.105E-01,3.209E+00,1.754E+00,-1.509E-02,1.348E+00,1.727E+00,4.935E+00,3.499E-02,1.000E+00,1.000E+00,5.999E-02,4.738E+00
6.000E+00,0.000E+00,0.000E+00,1.091E-03,0.000E+00,1.954E-03,0.000E+00,0.000E+00,0.000E+00,1.332E-03,5.749E-03,1.116E-03,2.748E-03,3.010E-01,1.823E+00,-4.647E-02,1.576E+00,1.324E+00,4.935E+00,3.986E-02,1.000E+00,1.000E+00,7.244E-02,4.135E+00,1.763E+00,-8.346E-02,1.995E+00,1.430E+00,4.935E+00,3.900E-02,1.000E+00,1.000E+00,3.507E-01,1.061E+00,1.699E+00,-2.732E-02,1.608E+00,1.801E+00,4.935E+00,3.648E-02,1.000E+00,1.000E+00,1.100E-01,3.220E+00,1.744E+00,-2.568E-02,1.392E+00,1.793E+00,4.935E+00,4.373E-02,1.000E+00,1.000E+00,6.000E-02,4.738E+00
7.000E+00,0.000E+00,0.000E+00,1.091E-03,0.000E+00,1.952E-03,0.000E+00,0.000E+00,0.000E+00,1.347E-03,5.787E-03,1.112E-03,2.768E-03,3.023E-01,1.820E+00,-6.055E-02,1.633E+00,1.352E+00,4.935E+00,4.783E-02,1.000E+00,1.000E+00,7.222E-02,4.145E+00,1.748E+00,-9.284E-02,2.056E+00,1.497E+00,4.935E+00,4.680E-02,1.000E+00,1.000E+00,3.518E-01,1.058E+00,1.696E+00,-3.349E-02,1.620E+00,1.838E+00,4.935E+00,4.378E-02,1.000E+00,1.000E+00,1.096E-01,3.231E+00,1.734E+00,-3.627E-02,1.436E+00,1.859E+00,4.935E+00,5.248E-02,1.000E+00,1.000E+00,6.001E-02,4.737E+00
8.000E+00,0.000E+00,0.000E+00,1.092E-03,0.000E+00,1.951E-03,0.000E+00,0.000E+00,0.000E+00,1.363E-03,5.825E-03,1.108E-03,2.788E-03,3.036E-01,1.818E+00,-7.462E-02,1.691E+00,1.379E+00,4.935E+00,5.580E-02,1.000E+00,1.000E+00,7.200E-02,4.155E+00,1.733E+00,-1.022E-01,2.116E+00,1.564E+00,4.935E+00,5.460E-02,1.000E+00,1.000E+00,3.530E-01,1.055E+00,1.694E+00,-3.966E-02,1.632E+00,1.874E+00,4.935E+00,5.108E-02,1.000E+00,1.000E+00,1.091E-01,3.242E+00,1.724E+00,-4.686E-02,1.480E+00,1.925E+00,4.935E+00,6.123E-02,1.000E+00,1.000E+00,6.002E-02,4.737E+00
9.000E+00,0.000E+00,0.000E+00,1.092E-03,0.000E+00,1.950E-03,0.000E+00,0.000E+00,0.000E+00,1.370E-03,5.844E-03,1.106E-03,2.799E-03,3.042E-01,1.816E+00,-8.166E-02,1.720E+00,1.392E+00,4.935E+00,5.978E-02,1.000E+00,1.000E+00,7.189E-02,4.160E+00,1.727E+00,-1.069E-01,2.147E+00,1.597E+00,4.935E+00,5.850E-02,1.000E+00,1.000E+00,3.536E-01,1.053E+00,1.693E+00,-4.274E-02,1.638E+00,1.893E+00,4.935E+00,5.472E-02,1.000E+00,1.000E+00,1.089E-01,3.247E+00,1.719E+00,-5.216E-02,1.502E+00,1.958E+00,4.935E+00,6.560E-02,1.000E+00,1.000E+00,6.002E-02,4.737E+00
1.000E+01,0.000E+00,0.000E+00,1.092E-03,0.000E+00,1.949E-03,0.000E+00,0.000E+00,0.000E+00,1.378E-03,5.863E-03,1.104E-03,2.809E-03,3.048E-01,1.815E+00,-8.870E-02,1.749E+00,1.406E+00,4.935E+00,6.377E-02,1.000E+00,1.000E+00,7.178E-02,4.164E+00,1.720E+00,-1.116E-01,2.177E+00,1.631E+00,4.935E+00,6.241E-02,1.000E+00,1.000E+00,3.542E-01,1.052E+00,1.692E+00,-4.582E-02,1.643E+00,1.911E+00,4.935E+00,5.837E-02,1.000E+00,1.000E+00,1.087E-01,3.253E+00,1.715E+00,-5.745E-02,1.524E+00,1.991E+00,4.935E+00,6.998E-02,1.000E+00,1.000E+00,6.003E-02,4.736E+00
1.100E+01,0.000E+00,0.000E+00,1.106E-03,0.000E+00,1.994E-03,0.000E+00,0.000E+00,0.000E+00,1.411E-03,6.025E-03,1.125E-03,2.838E-03,3.112E-01,1.787E+00,-8.413E-02,1.677E+00,1.573E+00,4.935E+00,7.462E-02,1.000E+00,1.000E+00,7.202E-02,4.154E+00,1.720E+00,-1.229E-01,2.238E+00,1.642E+00,4.935E+00,6.915E-02,1.000E+00,1.000E+00,3.512E-01,1.060E+00,1.693E+00,-6.375E-02,1.745E+00,1.899E+00,4.935E+00,6.836E-02,1.000E+00,1.000E+00,1.085E-01,3.258E+00,1.727E+00,-7.683E-02,1.616E+00,1.917E+00,4.935E+00,7.773E-02,1.000E+00,1.000E+00,5.983E-02,4.748E+00
1.200E+01,0.000E+00,0.000E+00,1.121E-03,0.000E+00,2.040E-03,0.000E+00,0.000E+00,0.000E+00,1.445E-03,6.187E-03,1.146E-03,2.867E-03,3.175E-01,1.763E+00,-7.956E-02,1.606E+00,1.740E+00,4.935E+00,8.548E-02,1.000E+00,1.000E+00,7.226E-02,4.143E+00,1.720E+00,-1.343E-01,2.298E+00,1.654E+00,4.935E+00,7.589E-02,1.000E+00,1.000E+00,3.483E-01,1.068E+00,1.695E+00,-8.168E-02,1.847E+00,1.887E+00,4.935E+00,7.835E-02,1.000E+00,1.000E+00,1.083E-01,3.263E+00,1.741E+00,-9.620E-02,1.708E+00,1.844E+00,4.935E+00,8.548E-02,1.000E+00,1.000E+00,5.963E-02,4.760E+00
1.300E+01,0.000E+00,0.000E+00,1.135E-03,0.000E+00,2.085E-03,0.000E+00,0.000E+00,0.000E+00,1.478E-03,6.348E-03,1.168E-03,2.896E-03,3.239E-01,1.743E+00,-7.500E-02,1.535E+00,1.907E+00,4.935E+00,9.633E-02,1.000E+00,1.000E+00,7.250E-02,4.133E+00,1.720E+00,-1.456E-01,2.359E+00,1.665E+00,4.935E+00,8.263E-02,1.000E+00,1.000E+00,3.453E-01,1.076E+00,1.697E+00,-9.961E-02,1.949E+00,1.875E+00,4.935E+00,8.833E-02,1.000E+00,1.000E+00,1.081E-01,3.269E+00,1.756E+00,-1.156E-01,1.799E+00,1.770E+00,4.935E+00,9.324E-02,1.000E+00,1.000E+00,5.944E-02,4.773E+00
1.400E+01,0.000E+00,0.000E+00,1.142E-03,0.000E+00,2.107E-03,0.000E+00,0.000E+00,0.000E+00,1.495E-03,6.429E-03,1.179E-03,2.911E-03,3.270E-01,1.735E+00,-7.272E-02,1.500E+00,1.991E+00,4.935E+00,1.018E-01,1.000E+00,1.000E+00,7.261E-02,4.128E+00,1.720E+00,-1.513E-01,2.389E+00,1.671E+00,4.935E+00,8.600E-02,1.000E+00,1.000E+00,3.439E-01,1.080E+00,1.699E+00,-1.086E-01,2.000E+00,1.869E+00,4.935E+00,9.333E-02,1.000E+00,1.000E+00,1.079E-01,3.272E+00,1.764E+00,-1.253E-01,1.845E+00,1.733E+00,4.935E+00,9.712E-02,1.000E+00,1.000E+00,5.934E-02,4.779E+00
1.500E+01,0.000E+00,0.000E+00,1.149E-03,0.000E+00,2.130E-03,0.000E+00,0.000E+00,0.000E+00,1.512E-03,6.510E-03,1.189E-03,2.925E-03,3.302E-01,1.727E+00,-7.043E-02,1.464E+00,2.075E+00,4.935E+00,1.072E-01,1.000E+00,1.000E+00,7.273E-02,4.123E+00,1.720E+00,-1.570E-01,2.420E+00,1.676E+00,4.935E+00,8.937E-02,1.000E+00,1.000E+00,3.424E-01,1.084E+00,1.700E+00,-1.175E-01,2.050E+00,1.863E+00,4.935E+00,9.832E-02,1.000E+00,1.000E+00,1.078E-01,3.274E+00,1.772E+00,-1.349E-01,1.891E+00,1.696E+00,4.935E+00,1.010E-01,1.000E+00,1.000E+00,5.924E-02,4.785E+00
1.600E+01,0.000E+00,0.000E+00,1.164E-03,0.000E+00,2.175E-03,0.000E+00,0.000E+00,0.000E+00,1.545E-03,6.671E-03,1.211E-03,2.954E-03,3.366E-01,1.714E+00,-6.587E-02,1.393E+00,2.242E+00,4.935E+00,1.180E-01,1.000E+00,1.000E+00,7.297E-02,4.112E+00,1.721E+00,-1.683E-01,2.480E+00,1.688E+00,4.935E+00,9.611E-02,1.000E+00,1.000E+00,3.394E-01,1.092E+00,1.704E+00,-1.355E-01,2.152E+00,1.851E+00,4.935E+00,1.083E-01,1.000E+00,1.000E+00,1.076E-01,3.280E+00,1.790E+00,-1.543E-01,1.983E+00,1.623E+00,4.935E+00,1.087E-01,1.000E+00,1.000E+00,5.904E-02,4.797E+00
1.700E+01,0.000E+00,0.000E+00,1.178E-03,0.000E+00,2.220E-03,0.000E+00,0.000E+00,0.000E+00,1.579E-03,6.833E-03,1.232E-03,2.984E-03,3.429E-01,1.704E+00,-6.130E-02,1.322E+00,2.409E+00,4.935E+00,1.289E-01,1.000E+00,1.000E+00,7.321E-02,4.102E+00,1.721E+00,-1.797E-01,2.541E+00,1.699E+00,4.935E+00,1.028E-01,1.000E+00,1.000E+00,3.365E-01,1.100E+00,1.708E+00,-1.534E-01,2.254E+00,1.838E+00,4.935E+00,1.183E-01,1.000E+00,1.000E+00,1.074E-01,3.285E+00,1.809E+00,-1.737E-01,2.075E+00,1.549E+00,4.935E+00,1.165E-01,1.000E+00,1.000E+00,5.884E-02,4.809E+00
1.800E+01,0.000E+00,0.000E+00,1.193E-03,0.000E+00,2.265E-03,0.000E+00,0.000E+00,0.000E+00,1.612E-03,6.995E-03,1.254E-03,3.013E-03,3.492E-01,1.697E+00,-5.674E-02,1.251E+00,2.577E+00,4.935E+00,1.397E-01,1.000E+00,1.000E+00,7.344E-02,4.091E+00,1.722E+00,-1.910E-01,2.602E+00,1.711E+00,4.935E+00,1.096E-01,1.000E+00,1.000E+00,3.335E-01,1.108E+00,1.712E+00,-1.713E-01,2.356E+00,1.826E+00,4.935E+00,1.283E-01,1.000E+00,1.000E+00,1.072E-01,3.291E+00,1.830E+00,-1.931E-01,2.166E+00,1.476E+00,4.935E+00,1.243E-01,1.000E+00,1.000E+00,5.865E-02,4.821E+00
1.900E+01,0.000E+00,0.000E+00,1.200E-03,0.000E+00,2.288E-03,0.000E+00,0.000E+00,0.000E+00,1.629E-03,7.075E-03,1.265E-03,3.027E-03,3.524E-01,1.694E+00,-5.445E-02,1.215E+00,2.660E+00,4.935E+00,1.452E-01,1.000E+00,1.000E+00,7.356E-02,4.086E+00,1.722E+00,-1.967E-01,2.632E+00,1.716E+00,4.935E+00,1.130E-01,1.000E+00,1.000E+00,3.321E-01,1.112E+00,1.715E+00,-1.803E-01,2.406E+00,1.820E+00,4.935E+00,1.333E-01,1.000E+00,1.000E+00,1.071E-01,3.293E+00,1.841E+00,-2.028E-01,2.212E+00,1.439E+00,4.935E+00,1.281E-01,1.000E+00,1.000E+00,5.855E-02,4.827E+00
2.000E+01,0.000E+00,0.000E+00,1.207E-03,0.000E+00,2.311E-03,0.000E+00,0.000E+00,0.000E+00,1.646E-03,7.156E-03,1.275E-03,3.042E-03,3.556E-01,1.692E+00,-5.217E-02,1.180E+00,2.744E+00,4.935E+00,1.506E-01,1.000E+00,1.000E+00,7.368E-02,4.081E+00,1.722E+00,-2.024E-01,2.663E+00,1.722E+00,4.935E+00,1.163E-01,1.000E+00,1.000E+00,3.306E-01,1.116E+00,1.717E+00,-1.893E-01,2.457E+00,1.814E+00,4.935E+00,1.383E-01,1.000E+00,1.000E+00,1.070E-01,3.296E+00,1.853E+00,-2.124E-01,2.258E+00,1.402E+00,4.935E+00,1.320E-01,1.000E+00,1.000E+00,5.845E-02,4.833E+00
2.100E+01,0.000E+00,0.000E+00,1.265E-03,0.000E+00,2.374E-03,0.000E+00,0.000E+00,0.000E+00,1.704E-03,7.391E-03,1.315E-03,3.149E-03,3.679E-01,1.677E+00,-8.839E-02,1.434E+00,2.620E+00,4.935E+00,1.597E-01,1.000E+00,1.000E+00,7.305E-02,4.110E+00,1.723E+00,-2.180E-01,2.804E+00,1.710E+00,4.935E+00,1.242E-01,1.000E+00,1.000E+00,3.291E-01,1.121E+00,1.721E+00,-2.044E-01,2.571E+00,1.792E+00,4.935E+00,1.450E-01,1.000E+00,1.000E+00,1.063E-01,3.316E+00,1.850E+00,-2.275E-01,2.345E+00,1.419E+00,4.935E+00,1.411E-01,1.000E+00,1.000E+00,5.819E-02,4.849E+00
2.200E+01,0.000E+00,0.000E+00,1.323E-03,0.000E+00,2.437E-03,0.000E+00,0.000E+00,0.000E+00,1.762E-03,7.626E-03,1.355E-03,3.256E-03,3.802E-01,1.673E+00,-1.246E-01,1.687E+00,2.496E+00,4.935E+00,1.687E-01,1.000E+00,1.000E+00,7.241E-02,4.139E+00,1.724E+00,-2.337E-01,2.945E+00,1.697E+00,4.935E+00,1.320E-01,1.000E+00,1.000E+00,3.275E-01,1.126E+00,1.725E+00,-2.195E-01,2.685E+00,1.770E+00,4.935E+00,1.518E-01,1.000E+00,1.000E+00,1.055E-01,3.336E+00,1.848E+00,-2.426E-01,2.431E+00,1.436E+00,4.935E+00,1.502E-01,1.000E+00,1.000E+00,5.794E-02,4.866E+00
2.300E+01,0.000E+00,0.000E+00,1.382E-03,0.000E+00,2.500E-03,0.000E+00,0.000E+00,0.000E+00,1.820E-03,7.860E-03,1.395E-03,3.363E-03,3.925E-01,1.675E+00,-1.608E-01,1.941E+00,2.372E+00,4.935E+00,1.778E-01,1.000E+00,1.000E+00,7.178E-02,4.168E+00,1.726E+00,-2.493E-01,3.086E+00,1.684E+00,4.935E+00,1.398E-01,1.000E+00,1.000E+00,3.260E-01,1.130E+00,1.729E+00,-2.347E-01,2.798E+00,1.748E+00,4.935E+00,1.586E-01,1.000E+00,1.000E+00,1.048E-01,3.355E+00,1.846E+00,-2.577E-01,2.517E+00,1.453E+00,4.935E+00,1.593E-01,1.000E+00,1.000E+00,5.768E-02,4.883E+00
2.400E+01,0.000E+00,0.000E+00,1.411E-03,0.000E+00,2.532E-03,0.000E+00,0.000E+00,0.000E+00,1.849E-03,7.978E-03,1.415E-03,3.416E-03,3.986E-01,1.679E+00,-1.789E-01,2.068E+00,2.310E+00,4.935E+00,1.823E-01,1.000E+00,1.000E+00,7.146E-02,4.182E+00,1.727E+00,-2.571E-01,3.157E+00,1.678E+00,4.935E+00,1.438E-01,1.000E+00,1.000E+00,3.252E-01,1.133E+00,1.732E+00,-2.422E-01,2.855E+00,1.737E+00,4.935E+00,1.620E-01,1.000E+00,1.000E+00,1.045E-01,3.365E+00,1.845E+00,-2.653E-01,2.560E+00,1.461E+00,4.935E+00,1.639E-01,1.000E+00,1.000E+00,5.755E-02,4.891E+00
2.500E+01,0.000E+00,0.000E+00,1.440E-03,0.000E+00,2.563E-03,0.000E+00,0.000E+00,0.000E+00,1.878E-03,8.095E-03,1.435E-03,3.470E-03,4.048E-01,1.685E+00,-1.970E-01,2.195E+00,2.248E+00,4.935E+00,1.868E-01,1.000E+00,1.000E+00,7.114E-02,4.197E+00,1.728E+00,-2.650E-01,3.227E+00,1.672E+00,4.935E+00,1.477E-01,1.000E+00,1.000E+00,3.244E-01,1.135E+00,1.735E+00,-2.498E-01,2.912E+00,1.726E+00,4.935E+00,1.654E-01,1.000E+00,1.000E+00,1.041E-01,3.375E+00,1.844E+00,-2.728E-01,2.603E+00,1.470E+00,4.935E+00,1.684E-01,1.000E+00,1.000E+00,5.742E-02,4.899E+00
2.600E+01,0.000E+00,0.000E+00,1.498E-03,0.000E+00,2.627E-03,0.000E+00,0.000E+00,0.000E+00,1.937E-03,8.330E-03,1.474E-03,3.577E-03,4.171E-01,1.700E+00,-2.333E-01,2.449E+00,2.124E+00,4.935E+00,1.959E-01,1.000E+00,1.000E+00,7.051E-02,4.226E+00,1.732E+00,-2.806E-01,3.368E+00,1.659E+00,4.935E+00,1.555E-01,1.000E+00,1.000E+00,3.229E-01,1.139E+00,1.740E+00,-2.650E-01,3.026E+00,1.705E+00,4.935E+00,1.721E-01,1.000E+00,1.000E+00,1.034E-01,3.395E+00,1.842E+00,-2.879E-01,2.689E+00,1.487E+00,4.935E+00,1.775E-01,1.000E+00,1.000E+00,5.716E-02,4.916E+00
2.700E+01,0.000E+00,0.000E+00,1.556E-03,0.000E+00,2.690E-03,0.000E+00,0.000E+00,0.000E+00,1.995E-03,8.565E-03,1.514E-03,3.684E-03,4.294E-01,1.719E+00,-2.695E-01,2.703E+00,2.000E+00,4.935E+00,2.049E-01,1.000E+00,1.000E+00,6.987E-02,4.255E+00,1.735E+00,-2.962E-01,3.510E+00,1.647E+00,4.935E+00,1.633E-01,1.000E+00,1.000E+00,3.214E-01,1.144E+00,1.746E+00,-2.801E-01,3.139E+00,1.683E+00,4.935E+00,1.789E-01,1.000E+00,1.000E+00,1.026E-01,3.415E+00,1.841E+00,-3.030E-01,2.776E+00,1.504E+00,4.935E+00,1.866E-01,1.000E+00,1.000E+00,5.690E-02,4.932E+00
2.800E+01,0.000E+00,0.000E+00,1.615E-03,0.000E+00,2.753E-03,0.000E+00,0.000E+00,0.000E+00,2.053E-03,8.799E-03,1.554E-03,3.791E-03,4.417E-01,1.743E+00,-3.057E-01,2.956E+00,1.876E+00,4.935E+00,2.140E-01,1.000E+00,1.000E+00,6.924E-02,4.284E+00,1.739E+00,-3.119E-01,3.651E+00,1.634E+00,4.935E+00,1.712E-01,1.000E+00,1.000E+00,3.198E-01,1.149E+00,1.753E+00,-2.952E-01,3.253E+00,1.661E+00,4.935E+00,1.857E-01,1.000E+00,1.000E+00,1.019E-01,3.434E+00,1.839E+00,-3.181E-01,2.862E+00,1.521E+00,4.935E+00,1.957E-01,1.000E+00,1.000E+00,5.665E-02,4.949E+00
2.900E+01,0.000E+00,0.000E+00,1.644E-03,0.000E+00,2.785E-03,0.000E+00,0.000E+00,0.000E+00,2.082E-03,8.917E-03,1.574E-03,3.844E-03,4.478E-01,1.757E+00,-3.238E-01,3.083E+00,1.814E+00,4.935E+00,2.185E-01,1.000E+00,1.000E+00,6.892E-02,4.299E+00,1.742E+00,-3.197E-01,3.721E+00,1.628E+00,4.935E+00,1.751E-01,1.000E+00,1.000E+00,3.191E-01,1.151E+00,1.756E+00,-3.028E-01,3.310E+00,1.650E+00,4.935E+00,1.891E-01,1.000E+00,1.000E+00,1.016E-01,3.444E+00,1.839E+00,-3.257E-01,2.905E+00,1.529E+00,4.935E+00,2.002E-01,1.000E+00,1.000E+00,5.652E-02,4.957E+00
3.000E+01,0.000E+00,0.000E+00,1.673E-03,0.000E+00,2.816E-03,0.000E+00,0.000E+00,0.000E+00,2.111E-03,9.034E-03,1.594E-03,3.897E-03,4.539E-01,1.772E+00,-3.419E-01,3.210E+00,1.752E+00,4.935E+00,2.230E-01,1.000E+00,1.000E+00,6.860E-02,4.313E+00,1.744E+00,-3.275E-01,3.792E+00,1.622E+00,4.935E+00,1.790E-01,1.000E+00,1.000E+00,3.183E-01,1.153E+00,1.760E+00,-3.104E-01,3.367E+00,1.639E+00,4.935E+00,1.925E-01,1.000E+00,1.000E+00,1.012E-01,3.454E+00,1.838E+00,-3.332E-01,2.948E+00,1.537E+00,4.935E+00,2.048E-01,1.000E+00,1.000E+00,5.639E-02,4.966E+00
3.100E+01,0.000E+00,0.000E+00,1.792E-03,0.000E+00,2.996E-03,0.000E+00,0.000E+00,0.000E+00,2.316E-03,9.782E-03,1.720E-03,4.153E-03,4.889E-01,1.750E+00,-3.679E-01,3.648E+00,1.776E+00,4.935E+00,2.349E-01,1.000E+00,1.000E+00,6.828E-02,4.329E+00,1.736E+00,-3.468E-01,4.099E+00,1.627E+00,4.935E+00,1.899E-01,1.000E+00,1.000E+00,3.160E-01,1.161E+00,1.751E+00,-3.217E-01,3.512E+00,1.663E+00,4.935E+00,1.997E-01,1.000E+00,1.000E+00,1.008E-01,3.466E+00,1.829E+00,-3.649E-01,3.348E+00,1.529E+00,4.935E+00,2.198E-01,1.000E+00,1.000E+00,5.594E-02,4.997E+00
3.200E+01,0.000E+00,0.000E+00,1.852E-03,0.000E+00,3.086E-03,0.000E+00,0.000E+00,0.000E+00,2.419E-03,1.016E-02,1.784E-03,4.280E-03,5.064E-01,1.741E+00,-3.809E-01,3.867E+00,1.788E+00,4.935E+00,2.409E-01,1.000E+00,1.000E+00,6.812E-02,4.337E+00,1.733E+00,-3.565E-01,4.253E+00,1.629E+00,4.935E+00,1.953E-01,1.000E+00,1.000E+00,3.149E-01,1.164E+00,1.747E+00,-3.273E-01,3.585E+00,1.675E+00,4.935E+00,2.032E-01,1.000E+00,1.000E+00,1.006E-01,3.472E+00,1.826E+00,-3.808E-01,3.548E+00,1.524E+00,4.935E+00,2.273E-01,1.000E+00,1.000E+00,5.571E-02,5.013E+00
3.300E+01,0.000E+00,0.000E+00,1.912E-03,0.000E+00,3.176E-03,0.000E+00,0.000E+00,0.000E+00,2.521E-03,1.053E-02,1.847E-03,4.408E-03,5.239E-01,1.733E+00,-3.939E-01,4.086E+00,1.800E+00,4.935E+00,2.468E-01,1.000E+00,1.000E+00,6.796E-02,4.345E+00,1.730E+00,-3.661E-01,4.407E+00,1.632E+00,4.935E+00,2.007E-01,1.000E+00,1.000E+00,3.138E-01,1.168E+00,1.743E+00,-3.329E-01,3.657E+00,1.687E+00,4.935E+00,2.068E-01,1.000E+00,1.000E+00,1.004E-01,3.478E+00,1.823E+00,-3.967E-01,3.748E+00,1.520E+00,4.935E+00,2.347E-01,1.000E+00,1.000E+00,5.549E-02,5.028E+00
3.400E+01,0.000E+00,0.000E+00,1.972E-03,0.000E+00,3.265E-03,0.000E+00,0.000E+00,0.000E+00,2.624E-03,1.090E-02,1.911E-03,4.536E-03,5.414E-01,1.726E+00,-4.069E-01,4.305E+00,1.811E+00,4.935E+00,2.528E-01,1.000E+00,1.000E+00,6.780E-02,4.353E+00,1.728E+00,-3.758E-01,4.561E+00,1.635E+00,4.935E+00,2.061E-01,1.000E+00,1.000E+00,3.126E-01,1.172E+00,1.739E+00,-3.386E-01,3.730E+00,1.699E+00,4.935E+00,2.104E-01,1.000E+00,1.000E+00,1.002E-01,3.484E+00,1.822E+00,-4.125E-01,3.948E+00,1.515E+00,4.935E+00,2.422E-01,1.000E+00,1.000E+00,5.526E-02,5.044E+00
3.500E+01,0.000E+00,0.000E+00,2.032E-03,0.000E+00,3.355E-03,0.000E+00,0.000E+00,0.000E+00,2.727E-03,1.128E-02,1.974E-03,4.663E-03,5.589E-01,1.720E+00,-4.199E-01,4.523E+00,1.823E+00,4.935E+00,2.587E-01,1.000E+00,1.000E+00,6.764E-02,4.361E+00,1.725E+00,-3.854E-01,4.714E+00,1.637E+00,4.935E+00,2.115E-01,1.000E+00,1.000E+00,3.115E-01,1.176E+00,1.736E+00,-3.442E-01,3.802E+00,1.712E+00,4.935E+00,2.140E-01,1.000E+00,1.000E+00,9.996E-02,3.490E+00,1.822E+00,-4.284E-01,4.148E+00,1.511E+00,4.935E+00,2.497E-01,1.000E+00,1.000E+00,5.504E-02,5.060E+00
3.600E+01,0.000E+00,0.000E+00,2.092E-03,0.000E+00,3.445E-03,0.000E+00,0.000E+00,0.000E+00,2.829E-03,1.165E-02,2.037E-03,4.791E-03,5.763E-01,1.714E+00,-4.329E-01,4.742E+00,1.835E+00,4.935E+00,2.647E-01,1.000E+00,1.000E+00,6.748E-02,4.369E+00,1.723E+00,-3.951E-01,4.868E+00,1.640E+00,4.935E+00,2.170E-01,1.000E+00,1.000E+00,3.104E-01,1.179E+00,1.732E+00,-3.499E-01,3.875E+00,1.724E+00,4.935E+00,2.176E-01,1.000E+00,1.000E+00,9.975E-02,3.496E+00,1.822E+00,-4.443E-01,4.348E+00,1.506E+00,4.935E+00,2.572E-01,1.000E+00,1.000E+00,5.481E-02,5.076E+00
3.700E+01,0.000E+00,0.000E+00,2.151E-03,0.000E+00,3.535E-03,0.000E+00,0.000E+00,0.000E+00,2.932E-03,1.202E-02,2.101E-03,4.918E-03,5.938E-01,1.708E+00,-4.459E-01,4.961E+00,1.847E+00,4.935E+00,2.706E-01,1.000E+00,1.000E+00,6.732E-02,4.377E+00,1.722E+00,-4.047E-01,5.022E+00,1.642E+00,4.935E+00,2.224E-01,1.000E+00,1.000E+00,3.092E-01,1.183E+00,1.729E+00,-3.555E-01,3.948E+00,1.736E+00,4.935E+00,2.212E-01,1.000E+00,1.000E+00,9.955E-02,3.502E+00,1.822E+00,-4.601E-01,4.548E+00,1.502E+00,4.935E+00,2.647E-01,1.000E+00,1.000E+00,5.459E-02,5.091E+00
3.800E+01,0.000E+00,0.000E+00,2.211E-03,0.000E+00,3.624E-03,0.000E+00,0.000E+00,0.000E+00,3.034E-03,1.240E-02,2.164E-03,5.046E-03,6.113E-01,1.704E+00,-4.590E-01,5.180E+00,1.859E+00,4.935E+00,2.766E-01,1.000E+00,1.000E+00,6.716E-02,4.385E+00,1.721E+00,-4.144E-01,5.175E+00,1.645E+00,4.935E+00,2.278E-01,1.000E+00,1.000E+00,3.081E-01,1.187E+00,1.725E+00,-3.612E-01,4.020E+00,1.748E+00,4.935E+00,2.248E-01,1.000E+00,1.000E+00,9.934E-02,3.508E+00,1.824E+00,-4.760E-01,4.748E+00,1.497E+00,4.935E+00,2.722E-01,1.000E+00,1.000E+00,5.436E-02,5.107E+00
3.900E+01,0.000E+00,0.000E+00,2.271E-03,0.000E+00,3.714E-03,0.000E+00,0.000E+00,0.000E+00,3.137E-03,1.277E-02,2.227E-03,5.174E-03,6.288E-01,1.699E+00,-4.720E-01,5.399E+00,1.871E+00,4.935E+00,2.825E-01,1.000E+00,1.000E+00,6.700E-02,4.393E+00,1.719E+00,-4.240E-01,5.329E+00,1.648E+00,4.935E+00,2.332E-01,1.000E+00,1.000E+00,3.070E-01,1.191E+00,1.722E+00,-3.668E-01,4.093E+00,1.760E+00,4.935E+00,2.284E-01,1.000E+00,1.000E+00,9.914E-02,3.514E+00,1.825E+00,-4.919E-01,4.948E+00,1.493E+00,4.935E+00,2.797E-01,1.000E+00,1.000E+00,5.414E-02,5.123E+00
4.000E+01,0.000E+00,0.000E+00,2.331E-03,0.000E+00,3.804E-03,0.000E+00,0.000E+00,0.000E+00,3.239E-03,1.315E-02,2.291E-03,5.301E-03,6.463E-01,1.696E+00,-4.850E-01,5.618E+00,1.883E+00,4.935E+00,2.885E-01,1.000E+00,1.000E+00,6.684E-02,4.402E+00,1.719E+00,-4.336E-01,5.483E+00,1.650E+00,4.935E+00,2.387E-01,1.000E+00,1.000E+00,3.058E-01,1.194E+00,1.719E+00,-3.725E-01,4.166E+00,1.772E+00,4.935E+00,2.320E-01,1.000E+00,1.000E+00,9.893E-02,3.520E+00,1.827E+00,-5.077E-01,5.148E+00,1.488E+00,4.935E+00,2.872E-01,1.000E+00,1.000E+00,5.392E-02,5.139E+00
4.100E+01,0.000E+00,0.000E+00,2.391E-03,0.000E+00,3.894E-03,0.000E+00,0.000E+00,0.000E+00,3.342E-03,1.352E-02,2.354E-03,5.429E-03,6.638E-01,1.692E+00,-4.980E-01,5.837E+00,1.895E+00,4.935E+00,2.944E-01,1.000E+00,1.000E+00,6.668E-02,4.410E+00,1.718E+00,-4.433E-01,5.637E+00,1.653E+00,4.935E+00,2.441E-01,1.000E+00,1.000E+00,3.047E-01,1.198E+00,1.715E+00,-3.781E-01,4.238E+00,1.784E+00,4.935E+00,2.356E-01,1.000E+00,1.000E+00,9.873E-02,3.527E+00,1.830E+00,-5.236E-01,5.348E+00,1.484E+00,4.935E+00,2.947E-01,1.000E+00,1.000E+00,5.369E-02,5.154E+00
4.200E+01,0.000E+00,0.000E+00,2.450E-03,0.000E+00,3.984E-03,0.000E+00,0.000E+00,0.000E+00,3.444E-03,1.389E-02,2.417E-03,5.557E-03,6.812E-01,1.689E+00,-5.110E-01,6.055E+00,1.907E+00,4.935E+00,3.004E-01,1.000E+00,1.000E+00,6.652E-02,4.418E+00,1.717E+00,-4.529E-01,5.790E+00,1.655E+00,4.935E+00,2.495E-01,1.000E+00,1.000E+00,3.035E-01,1.202E+00,1.712E+00,-3.837E-01,4.311E+00,1.797E+00,4.935E+00,2.392E-01,1.000E+00,1.000E+00,9.852E-02,3.533E+00,1.833E+00,-5.395E-01,5.548E+00,1.480E+00,4.935E+00,3.021E-01,1.000E+00,1.000E+00,5.347E-02,5.170E+00
4.300E+01,0.000E+00,0.000E+00,2.510E-03,0.000E+00,4.073E-03,0.000E+00,0.000E+00,0.000E+00,3.547E-03,1.427E-02,2.481E-03,5.684E-03,6.987E-01,1.686E+00,-5.240E-01,6.274E+00,1.919E+00,4.935E+00,3.063E-01,1.000E+00,1.000E+00,6.636E-02,4.426E+00,1.717E+00,-4.626E-01,5.944E+00,1.658E+00,4.935E+00,2.549E-01,1.000E+00,1.000E+00,3.024E-01,1.205E+00,1.709E+00,-3.894E-01,4.383E+00,1.809E+00,4.935E+00,2.427E-01,1.000E+00,1.000E+00,9.832E-02,3.539E+00,1.836E+00,-5.553E-01,5.748E+00,1.475E+00,4.935E+00,3.096E-01,1.000E+00,1.000E+00,5.324E-02,5.186E+00
4.400E+01,0.000E+00,0.000E+00,2.570E-03,0.000E+00,4.163E-03,0.000E+00,0.000E+00,0.000E+00,3.649E-03,1.464E-02,2.544E-03,5.812E-03,7.162E-01,1.684E+00,-5.370E-01,6.493E+00,1.931E+00,4.935E+00,3.123E-01,1.000E+00,1.000E+00,6.620E-02,4.434E+00,1.717E+00,-4.722E-01,6.098E+00,1.661E+00,4.935E+00,2.603E-01,1.000E+00,1.000E+00,3.013E-01,1.209E+00,1.707E+00,-3.950E-01,4.456E+00,1.821E+00,4.935E+00,2.463E-01,1.000E+00,1.000E+00,9.811E-02,3.545E+00,1.839E+00,-5.712E-01,5.948E+00,1.471E+00,4.935E+00,3.171E-01,1.000E+00,1.000E+00,5.302E-02,5.202E+00
4.500E+01,0.000E+00,0.000E+00,2.630E-03,0.000E+00,4.253E-03,0.000E+00,0.000E+00,0.000E+00,3.752E-03,1.501E-02,2.607E-03,5.939E-03,7.337E-01,1.682E+00,-5.500E-01,6.712E+00,1.943E+00,4.935E+00,3.182E-01,1.000E+00,1.000E+00,6.604E-02,4.442E+00,1.717E+00,-4.819E-01,6.252E+00,1.663E+00,4.935E+00,2.658E-01,1.000E+00,1.000E+00,3.001E-01,1.213E+00,1.704E+00,-4.007E-01,4.529E+00,1.833E+00,4.935E+00,2.499E-01,1.000E+00,1.000E+00,9.791E-02,3.551E+00,1.842E+00,-5.870E-01,6.148E+00,1.466E+00,4.935E+00,3.246E-01,1.000E+00,1.000E+00,5.279E-02,5.217E+00
4.600E+01,0.000E+00,0.000E+00,2.770E-03,0.000E+00,4.452E-03,0.000E+00,0.000E+00,4.883E-07,3.981E-03,1.604E-02,2.722E-03,6.162E-03,7.738E-01,1.697E+00,-5.696E-01,6.963E+00,1.890E+00,4.935E+00,3.322E-01,1.000E+00,1.000E+00,6.439E-02,4.531E+00,1.670E+00,-4.252E-01,5.082E+00,1.932E+00,4.935E+00,2.630E-01,1.000E+00,1.000E+00,3.017E-01,1.207E+00,1.699E+00,-4.057E-01,4.548E+00,1.870E+00,4.935E+00,2.550E-01,1.000E+00,1.000E+00,9.754E-02,3.562E+00,1.817E+00,-6.016E-01,6.695E+00,1.522E+00,4.935E+00,3.387E-01,1.000E+00,1.000E+00,5.264E-02,5.228E+00
4.700E+01,0.000E+00,0.000E+00,2.839E-03,0.000E+00,4.552E-03,0.000E+00,0.000E+00,7.324E-07,4.095E-03,1.655E-02,2.779E-03,6.273E-03,7.939E-01,1.704E+00,-5.794E-01,7.089E+00,1.864E+00,4.935E+00,3.392E-01,1.000E+00,1.000E+00,6.356E-02,4.576E+00,1.657E+00,-3.968E-01,4.498E+00,2.067E+00,4.935E+00,2.616E-01,1.000E+00,1.000E+00,3.025E-01,1.205E+00,1.696E+00,-4.083E-01,4.557E+00,1.888E+00,4.935E+00,2.575E-01,1.000E+00,1.000E+00,9.735E-02,3.568E+00,1.804E+00,-6.089E-01,6.969E+00,1.549E+00,4.935E+00,3.458E-01,1.000E+00,1.000E+00,5.257E-02,5.234E+00
4.800E+01,0.000E+00,0.000E+00,2.909E-03,0.000E+00,4.651E-03,0.000E+00,0.000E+00,9.766E-07,4.210E-03,1.706E-02,2.836E-03,6.385E-03,8.140E-01,1.712E+00,-5.892E-01,7.214E+00,1.838E+00,4.935E+00,3.461E-01,1.000E+00,1.000E+00,6.273E-02,4.621E+00,1.651E+00,-3.685E-01,3.913E+00,2.201E+00,4.935E+00,2.603E-01,1.000E+00,1.000E+00,3.033E-01,1.202E+00,1.693E+00,-4.108E-01,4.567E+00,1.907E+00,4.935E+00,2.600E-01,1.000E+00,1.000E+00,9.717E-02,3.573E+00,1.793E+00,-6.161E-01,7.242E+00,1.577E+00,4.935E+00,3.528E-01,1.000E+00,1.000E+00,5.249E-02,5.239E+00
4.900E+01,0.000E+00,0.000E+00,3.094E-03,0.000E+00,4.991E-03,0.000E+00,0.000E+00,4.883E-07,4.420E-03,1.789E-02,3.054E-03,6.922E-03,8.642E-01,1.717E+00,-6.153E-01,8.296E+00,1.754E+00,4.935E+00,3.480E-01,1.000E+00,1.000E+00,6.346E-02,4.580E+00,1.695E+00,-3.775E-01,3.837E+00,2.017E+00,4.935E+00,2.567E-01,1.000E+00,1.000E+00,2.981E-01,1.220E+00,1.691E+00,-3.992E-01,4.353E+00,1.940E+00,4.935E+00,2.623E-01,1.000E+00,1.000E+00,9.748E-02,3.564E+00,1.777E+00,-6.200E-01,7.147E+00,1.655E+00,4.935E+00,3.619E-01,1.000E+00,1.000E+00,5.250E-02,5.238E+00
5.000E+01,0.000E+00,0.000E+00,3.186E-03,0.000E+00,5.161E-03,0.000E+00,0.000E+00,2.441E-07,4.526E-03,1.830E-02,3.163E-03,7.191E-03,8.893E-01,1.722E+00,-6.283E-01,8.837E+00,1.713E+00,4.935E+00,3.489E-01,1.000E+00,1.000E+00,6.382E-02,4.560E+00,1.719E+00,-3.821E-01,3.799E+00,1.925E+00,4.935E+00,2.549E-01,1.000E+00,1.000E+00,2.955E-01,1.229E+00,1.691E+00,-3.934E-01,4.246E+00,1.957E+00,4.935E+00,2.635E-01,1.000E+00,1.000E+00,9.764E-02,3.559E+00,1.770E+00,-6.219E-01,7.100E+00,1.694E+00,4.935E+00,3.665E-01,1.000E+00,1.000E+00,5.251E-02,5.238E+00
5.100E+01,0.000E+00,0.000E+00,3.278E-03,0.000E+00,5.331E-03,0.000E+00,0.000E+00,0.000E+00,4.631E-03,1.871E-02,3.271E-03,7.460E-03,9.144E-01,1.728E+00,-6.413E-01,9.377E+00,1.671E+00,4.935E+00,3.499E-01,1.000E+00,1.000E+00,6.418E-02,4.540E+00,1.743E+00,-3.866E-01,3.762E+00,1.833E+00,4.935E+00,2.531E-01,1.000E+00,1.000E+00,2.929E-01,1.238E+00,1.690E+00,-3.875E-01,4.140E+00,1.973E+00,4.935E+00,2.646E-01,1.000E+00,1.000E+00,9.780E-02,3.554E+00,1.762E+00,-6.238E-01,7.053E+00,1.733E+00,4.935E+00,3.711E-01,1.000E+00,1.000E+00,5.252E-02,5.238E+00
5.200E+01,0.000E+00,0.000E+00,3.493E-03,0.000E+00,5.436E-03,0.000E+00,0.000E+00,4.883E-07,5.063E-03,2.001E-02,3.479E-03,7.737E-03,9.692E-01,1.712E+00,-6.369E-01,8.813E+00,1.773E+00,4.935E+00,3.645E-01,1.000E+00,1.000E+00,6.505E-02,4.494E+00,1.703E+00,-4.082E-01,4.458E+00,1.883E+00,4.935E+00,2.644E-01,1.000E+00,1.000E+00,2.977E-01,1.221E+00,1.682E+00,-4.055E-01,4.542E+00,1.952E+00,4.935E+00,2.677E-01,1.000E+00,1.000E+00,9.730E-02,3.569E+00,1.746E+00,-6.216E-01,7.046E+00,1.794E+00,4.935E+00,3.796E-01,1.000E+00,1.000E+00,5.163E-02,5.306E+00
5.300E+01,0.000E+00,0.000E+00,3.601E-03,0.000E+00,5.488E-03,0.000E+00,0.000E+00,7.324E-07,5.278E-03,2.066E-02,3.583E-03,7.876E-03,9.966E-01,1.706E+00,-6.346E-01,8.531E+00,1.824E+00,4.935E+00,3.718E-01,1.000E+00,1.000E+00,6.549E-02,4.471E+00,1.685E+00,-4.190E-01,4.806E+00,1.908E+00,4.935E+00,2.701E-01,1.000E+00,1.000E+00,3.002E-01,1.213E+00,1.679E+00,-4.145E-01,4.743E+00,1.941E+00,4.935E+00,2.693E-01,1.000E+00,1.000E+00,9.704E-02,3.577E+00,1.739E+00,-6.206E-01,7.043E+00,1.824E+00,4.935E+00,3.839E-01,1.000E+00,1.000E+00,5.118E-02,5.340E+00
5.400E+01,0.000E+00,0.000E+00,3.708E-03,0.000E+00,5.540E-03,0.000E+00,0.000E+00,9.766E-07,5.494E-03,2.132E-02,3.688E-03,8.015E-03,1.024E+00,1.700E+00,-6.324E-01,8.249E+00,1.875E+00,4.935E+00,3.792E-01,1.000E+00,1.000E+00,6.592E-02,4.448E+00,1.670E+00,-4.297E-01,5.154E+00,1.933E+00,4.935E+00,2.758E-01,1.000E+00,1.000E+00,3.026E-01,1.204E+00,1.677E+00,-4.235E-01,4.944E+00,1.930E+00,4.935E+00,2.709E-01,1.000E+00,1.000E+00,9.679E-02,3.585E+00,1.731E+00,-6.195E-01,7.039E+00,1.855E+00,4.935E+00,3.882E-01,1.000E+00,1.000E+00,5.073E-02,5.374E+00
5.500E+01,0.000E+00,0.000E+00,3.940E-03,0.000E+00,5.806E-03,0.000E+00,0.000E+00,1.953E-06,5.985E-03,2.311E-02,3.945E-03,8.500E-03,1.098E+00,1.681E+00,-6.336E-01,8.484E+00,1.937E+00,4.935E+00,3.969E-01,1.000E+00,1.000E+00,6.478E-02,4.509E+00,1.676E+00,-4.682E-01,6.182E+00,1.812E+00,4.935E+00,2.663E-01,1.000E+00,1.000E+00,3.004E-01,1.212E+00,1.652E+00,-4.332E-01,5.133E+00,2.040E+00,4.935E+00,2.782E-01,1.000E+00,1.000E+00,9.595E-02,3.611E+00,1.709E+00,-6.401E-01,7.876E+00,1.895E+00,4.935E+00,4.022E-01,1.000E+00,1.000E+00,4.940E-02,5.484E+00
5.600E+01,0.000E+00,0.000E+00,4.057E-03,0.000E+00,5.939E-03,0.000E+00,0.000E+00,2.441E-06,6.231E-03,2.400E-02,4.073E-03,8.743E-03,1.134E+00,1.671E+00,-6.342E-01,8.602E+00,1.968E+00,4.935E+00,4.057E-01,1.000E+00,1.000E+00,6.421E-02,4.539E+00,1.683E+00,-4.874E-01,6.696E+00,1.752E+00,4.935E+00,2.616E-01,1.000E+00,1.000E+00,2.993E-01,1.216E+00,1.641E+00,-4.381E-01,5.228E+00,2.094E+00,4.935E+00,2.818E-01,1.000E+00,1.000E+00,9.553E-02,3.624E+00,1.700E+00,-6.504E-01,8.294E+00,1.915E+00,4.935E+00,4.092E-01,1.000E+00,1.000E+00,4.874E-02,5.539E+00
5.700E+01,0.000E+00,0.000E+00,4.173E-03,0.000E+00,6.072E-03,0.000E+00,0.000E+00,2.930E-06,6.477E-03,2.490E-02,4.202E-03,8.986E-03,1.171E+00,1.662E+00,-6.348E-01,8.719E+00,1.999E+00,4.935E+00,4.146E-01,1.000E+00,1.000E+00,6.365E-02,4.570E+00,1.693E+00,-5.066E-01,7.210E+00,1.691E+00,4.935E+00,2.568E-01,1.000E+00,1.000E+00,2.983E-01,1.219E+00,1.630E+00,-4.430E-01,5.322E+00,2.149E+00,4.935E+00,2.855E-01,1.000E+00,1.000E+00,9.511E-02,3.638E+00,1.691E+00,-6.607E-01,8.713E+00,1.936E+00,4.935E+00,4.161E-01,1.000E+00,1.000E+00,4.807E-02,5.593E+00
5.800E+01,0.000E+00,0.000E+00,4.491E-03,0.000E+00,6.663E-03,0.000E+00,0.000E+00,1.953E-06,6.867E-03,2.643E-02,4.492E-03,9.693E-03,1.255E+00,1.637E+00,-6.164E-01,8.367E+00,2.113E+00,4.935E+00,3.952E-01,1.000E+00,1.000E+00,6.366E-02,4.569E+00,1.695E+00,-5.638E-01,9.776E+00,1.564E+00,4.935E+00,2.631E-01,1.000E+00,1.000E+00,2.981E-01,1.220E+00,1.634E+00,-4.594E-01,5.806E+00,2.067E+00,4.935E+00,2.847E-01,1.000E+00,1.000E+00,9.555E-02,3.624E+00,1.692E+00,-6.681E-01,8.864E+00,1.934E+00,4.935E+00,4.130E-01,1.000E+00,1.000E+00,4.783E-02,5.614E+00
5.900E+01,0.000E+00,0.000E+00,4.650E-03,0.000E+00,6.958E-03,0.000E+00,0.000E+00,1.465E-06,7.062E-03,2.719E-02,4.636E-03,1.005E-02,1.297E+00,1.625E+00,-6.072E-01,8.191E+00,2.170E+00,4.935E+00,3.855E-01,1.000E+00,1.000E+00,6.367E-02,4.568E+00,1.705E+00,-5.924E-01,1.106E+01,1.501E+00,4.935E+00,2.663E-01,1.000E+00,1.000E+00,2.981E-01,1.220E+00,1.637E+00,-4.677E-01,6.048E+00,2.026E+00,4.935E+00,2.843E-01,1.000E+00,1.000E+00,9.577E-02,3.617E+00,1.692E+00,-6.718E-01,8.940E+00,1.933E+00,4.935E+00,4.114E-01,1.000E+00,1.000E+00,4.771E-02,5.625E+00
6.000E+01,0.000E+00,0.000E+00,4.810E-03,0.000E+00,7.254E-03,0.000E+00,0.000E+00,9.766E-07,7.258E-03,2.796E-02,4.781E-03,1.040E-02,1.339E+00,1.614E+00,-5.980E-01,8.015E+00,2.226E+00,4.935E+00,3.758E-01,1.000E+00,1.000E+00,6.368E-02,4.568E+00,1.721E+00,-6.210E-01,1.234E+01,1.437E+00,4.935E+00,2.694E-01,1.000E+00,1.000E+00,2.980E-01,1.220E+00,1.641E+00,-4.759E-01,6.290E+00,1.985E+00,4.935E+00,2.839E-01,1.000E+00,1.000E+00,9.599E-02,3.610E+00,1.693E+00,-6.755E-01,9.015E+00,1.932E+00,4.935E+00,4.099E-01,1.000E+00,1.000E+00,4.759E-02,5.635E+00
6.100E+01,0.000E+00,0.000E+00,5.164E-03,0.000E+00,7.653E-03,0.000E+00,0.000E+00,4.883E-07,7.953E-03,3.013E-02,5.180E-03,1.112E-02,1.440E+00,1.598E+00,-6.210E-01,9.215E+00,2.219E+00,4.935E+00,3.872E-01,1.000E+00,1.000E+00,6.248E-02,4.636E+00,1.655E+00,-6.507E-01,1.572E+01,1.562E+00,4.935E+00,2.880E-01,1.000E+00,1.000E+00,2.907E-01,1.247E+00,1.618E+00,-5.150E-01,7.998E+00,1.941E+00,4.935E+00,2.895E-01,1.000E+00,1.000E+00,9.571E-02,3.619E+00,1.657E+00,-6.856E-01,9.583E+00,2.062E+00,4.935E+00,4.364E-01,1.000E+00,1.000E+00,4.750E-02,5.643E+00
6.200E+01,0.000E+00,0.000E+00,5.341E-03,0.000E+00,7.852E-03,0.000E+00,0.000E+00,2.441E-07,8.300E-03,3.122E-02,5.380E-03,1.148E-02,1.491E+00,1.592E+00,-6.325E-01,9.814E+00,2.215E+00,4.935E+00,3.930E-01,1.000E+00,1.000E+00,6.188E-02,4.670E+00,1.628E+00,-6.655E-01,1.741E+01,1.624E+00,4.935E+00,2.973E-01,1.000E+00,1.000E+00,2.870E-01,1.261E+00,1.612E+00,-5.346E-01,8.853E+00,1.919E+00,4.935E+00,2.923E-01,1.000E+00,1.000E+00,9.557E-02,3.623E+00,1.641E+00,-6.907E-01,9.867E+00,2.127E+00,4.935E+00,4.497E-01,1.000E+00,1.000E+00,4.746E-02,5.646E+00
6.300E+01,0.000E+00,0.000E+00,5.519E-03,0.000E+00,8.052E-03,0.000E+00,0.000E+00,0.000E+00,8.647E-03,3.231E-02,5.579E-03,1.184E-02,1.541E+00,1.587E+00,-6.441E-01,1.041E+01,2.212E+00,4.935E+00,3.987E-01,1.000E+00,1.000E+00,6.128E-02,4.704E+00,1.604E+00,-6.804E-01,1.910E+01,1.687E+00,4.935E+00,3.066E-01,1.000E+00,1.000E+00,2.833E-01,1.274E+00,1.609E+00,-5.542E-01,9.707E+00,1.897E+00,4.935E+00,2.951E-01,1.000E+00,1.000E+00,9.544E-02,3.627E+00,1.625E+00,-6.957E-01,1.015E+01,2.192E+00,4.935E+00,4.630E-01,1.000E+00,1.000E+00,4.742E-02,5.650E+00
6.400E+01,0.000E+00,0.000E+00,5.966E-03,0.000E+00,8.481E-03,0.000E+00,0.000E+00,4.883E-07,9.544E-03,3.519E-02,6.041E-03,1.275E-02,1.669E+00,1.563E+00,-7.193E-01,1.694E+01,2.066E+00,4.935E+00,4.170E-01,1.000E+00,1.000E+00,6.163E-02,4.684E+00,1.574E+00,-6.497E-01,1.743E+01,1.791E+00,4.920E+00,3.001E-01,1.015E+00,1.000E+00,2.843E-01,1.270E+00,1.613E+00,-5.782E-01,1.105E+01,1.820E+00,4.935E+00,2.948E-01,1.000E+00,1.000E+00,9.508E-02,3.639E+00,1.603E+00,-7.264E-01,1.260E+01,2.170E+00,4.935E+00,4.599E-01,1.000E+00,1.000E+00,4.662E-02,5.722E+00
6.500E+01,0.000E+00,0.000E+00,6.190E-03,0.000E+00,8.696E-03,0.000E+00,0.000E+00,7.324E-07,9.993E-03,3.663E-02,6.272E-03,1.321E-02,1.733E+00,1.569E+00,-7.570E-01,2.020E+01,1.994E+00,4.935E+00,4.261E-01,1.000E+00,1.000E+00,6.181E-02,4.673E+00,1.561E+00,-6.344E-01,1.660E+01,1.844E+00,4.913E+00,2.968E-01,1.023E+00,1.000E+00,2.849E-01,1.268E+00,1.618E+00,-5.902E-01,1.172E+01,1.782E+00,4.935E+00,2.946E-01,1.000E+00,1.000E+00,9.490E-02,3.645E+00,1.596E+00,-7.417E-01,1.383E+01,2.159E+00,4.935E+00,4.583E-01,1.000E+00,1.000E+00,4.623E-02,5.758E+00
6.600E+01,0.000E+00,0.000E+00,6.414E-03,0.000E+00,8.910E-03,0.000E+00,0.000E+00,9.766E-07,1.044E-02,3.807E-02,6.503E-03,1.366E-02,1.797E+00,1.583E+00,-7.946E-01,2.347E+01,1.921E+00,4.935E+00,4.353E-01,1.000E+00,1.000E+00,6.199E-02,4.663E+00,1.549E+00,-6.191E-01,1.576E+01,1.896E+00,4.906E+00,2.935E-01,1.030E+00,1.000E+00,2.854E-01,1.266E+00,1.623E+00,-6.022E-01,1.239E+01,1.744E+00,4.935E+00,2.944E-01,1.000E+00,1.000E+00,9.471E-02,3.650E+00,1.590E+00,-7.570E-01,1.506E+01,2.148E+00,4.935E+00,4.568E-01,1.000E+00,1.000E+00,4.583E-02,5.794E+00
6.700E+01,0.000E+00,0.000E+00,6.965E-03,0.000E+00,9.571E-03,0.000E+00,0.000E+00,9.766E-07,1.147E-02,4.155E-02,7.010E-03,1.451E-02,1.949E+00,1.569E+00,-7.772E-01,2.218E+01,1.977E+00,4.934E+00,4.208E-01,1.001E+00,1.000E+00,6.158E-02,4.687E+00,1.520E+00,-6.369E-01,1.846E+01,1.941E+00,4.871E+00,3.063E-01,1.069E+00,1.000E+00,2.885E-01,1.255E+00,1.584E+00,-6.174E-01,1.420E+01,1.833E+00,4.916E+00,3.027E-01,1.020E+00,1.000E+00,9.476E-02,3.649E+00,1.563E+00,-7.796E-01,1.819E+01,2.173E+00,4.935E+00,4.622E-01,1.000E+00,1.000E+00,4.569E-02,5.806E+00
6.800E+01,0.000E+00,0.000E+00,7.240E-03,0.000E+00,9.902E-03,0.000E+00,0.000E+00,9.766E-07,1.198E-02,4.329E-02,7.264E-03,1.493E-02,2.025E+00,1.562E+00,-7.684E-01,2.154E+01,2.005E+00,4.934E+00,4.136E-01,1.001E+00,1.000E+00,6.137E-02,4.699E+00,1.508E+00,-6.459E-01,1.981E+01,1.964E+00,4.854E+00,3.127E-01,1.088E+00,1.000E+00,2.901E-01,1.249E+00,1.566E+00,-6.250E-01,1.510E+01,1.877E+00,4.907E+00,3.068E-01,1.029E+00,1.000E+00,9.478E-02,3.648E+00,1.552E+00,-7.910E-01,1.976E+01,2.186E+00,4.935E+00,4.649E-01,1.000E+00,1.000E+00,4.563E-02,5.812E+00
6.900E+01,0.000E+00,0.000E+00,7.516E-03,0.000E+00,1.023E-02,0.000E+00,0.000E+00,9.766E-07,1.249E-02,4.503E-02,7.518E-03,1.536E-02,2.101E+00,1.556E+00,-7.597E-01,2.090E+01,2.033E+00,4.934E+00,4.064E-01,1.001E+00,1.000E+00,6.117E-02,4.711E+00,1.497E+00,-6.548E-01,2.116E+01,1.986E+00,4.837E+00,3.192E-01,1.108E+00,1.000E+00,2.916E-01,1.243E+00,1.550E+00,-6.326E-01,1.600E+01,1.921E+00,4.898E+00,3.109E-01,1.039E+00,1.000E+00,9.481E-02,3.647E+00,1.543E+00,-8.023E-01,2.132E+01,2.198E+00,4.935E+00,4.675E-01,1.000E+00,1.000E+00,4.556E-02,5.819E+00
7.000E+01,0.000E+00,0.000E+00,8.226E-03,0.000E+00,1.079E-02,0.000E+00,0.000E+00,1.465E-06,1.393E-02,4.935E-02,8.210E-03,1.648E-02,2.290E+00,1.509E+00,-7.581E-01,2.157E+01,2.225E+00,4.880E+00,4.255E-01,1.059E+00,1.000E+00,5.851E-02,4.879E+00,1.478E+00,-6.223E-01,1.809E+01,2.115E+00,4.802E+00,3.219E-01,1.148E+00,1.000E+00,2.934E-01,1.237E+00,1.506E+00,-6.154E-01,1.547E+01,2.105E+00,4.841E+00,3.206E-01,1.102E+00,1.000E+00,9.485E-02,3.646E+00,1.496E+00,-8.013E-01,2.264E+01,2.380E+00,4.860E+00,4.850E-01,1.081E+00,1.000E+00,4.545E-02,5.829E+00
7.100E+01,0.000E+00,0.000E+00,8.581E-03,0.000E+00,1.106E-02,0.000E+00,0.000E+00,1.709E-06,1.466E-02,5.151E-02,8.556E-03,1.704E-02,2.385E+00,1.487E+00,-7.573E-01,2.190E+01,2.321E+00,4.853E+00,4.350E-01,1.089E+00,1.000E+00,5.718E-02,4.964E+00,1.472E+00,-6.061E-01,1.655E+01,2.180E+00,4.785E+00,3.233E-01,1.168E+00,1.000E+00,2.943E-01,1.233E+00,1.486E+00,-6.068E-01,1.520E+01,2.197E+00,4.814E+00,3.255E-01,1.134E+00,1.000E+00,9.488E-02,3.645E+00,1.474E+00,-8.007E-01,2.329E+01,2.471E+00,4.824E+00,4.938E-01,1.122E+00,1.000E+00,4.539E-02,5.834E+00
7.200E+01,0.000E+00,0.000E+00,8.936E-03,0.000E+00,1.134E-02,0.000E+00,0.000E+00,1.953E-06,1.538E-02,5.368E-02,8.902E-03,1.759E-02,2.480E+00,1.466E+00,-7.565E-01,2.224E+01,2.417E+00,4.828E+00,4.446E-01,1.118E+00,1.000E+00,5.585E-02,5.048E+00,1.469E+00,-5.898E-01,1.502E+01,2.245E+00,4.768E+00,3.246E-01,1.189E+00,1.000E+00,2.952E-01,1.230E+00,1.467E+00,-5.982E-01,1.494E+01,2.289E+00,4.787E+00,3.304E-01,1.166E+00,1.000E+00,9.490E-02,3.644E+00,1.453E+00,-8.002E-01,2.395E+01,2.562E+00,4.790E+00,5.026E-01,1.162E+00,1.000E+00,4.534E-02,5.840E+00
7.300E+01,0.000E+00,0.000E+00,9.472E-03,0.000E+00,1.195E-02,0.000E+00,4.883E-07,1.953E-06,1.653E-02,5.752E-02,9.482E-03,1.823E-02,2.638E+00,1.430E+00,-7.212E-01,1.985E+01,2.633E+00,4.718E+00,4.551E-01,1.251E+00,1.000E+00,5.595E-02,5.041E+00,1.414E+00,-5.633E-01,1.421E+01,2.532E+00,4.693E+00,3.316E-01,1.284E+00,1.000E+00,2.969E-01,1.224E+00,1.450E+00,-5.906E-01,1.478E+01,2.370E+00,4.773E+00,3.315E-01,1.183E+00,1.000E+00,9.474E-02,3.649E+00,1.421E+00,-7.803E-01,2.246E+01,2.758E+00,4.719E+00,5.036E-01,1.249E+00,1.000E+00,4.609E-02,5.770E+00
7.400E+01,0.000E+00,0.000E+00,1.001E-02,0.000E+00,1.255E-02,0.000E+00,9.766E-07,1.953E-06,1.769E-02,6.136E-02,1.006E-02,1.886E-02,2.796E+00,1.401E+00,-6.859E-01,1.745E+01,2.848E+00,4.619E+00,4.656E-01,1.384E+00,1.000E+00,5.605E-02,5.034E+00,1.368E+00,-5.368E-01,1.341E+01,2.820E+00,4.622E+00,3.386E-01,1.380E+00,1.000E+00,2.986E-01,1.218E+00,1.434E+00,-5.831E-01,1.463E+01,2.450E+00,4.759E+00,3.326E-01,1.200E+00,1.000E+00,9.459E-02,3.654E+00,1.393E+00,-7.603E-01,2.098E+01,2.954E+00,4.653E+00,5.047E-01,1.336E+00,1.000E+00,4.685E-02,5.700E+00
7.500E+01,0.000E+00,0.000E+00,1.064E-02,0.000E+00,1.313E-02,0.000E+00,4.883E-07,2.441E-06,1.891E-02,6.535E-02,1.070E-02,1.988E-02,2.968E+00,1.371E+00,-6.913E-01,1.818E+01,3.029E+00,4.619E+00,4.615E-01,1.383E+00,1.000E+00,5.797E-02,4.911E+00,1.330E+00,-5.319E-01,1.399E+01,3.019E+00,4.586E+00,3.430E-01,1.430E+00,1.000E+00,2.972E-01,1.223E+00,1.404E+00,-5.721E-01,1.420E+01,2.637E+00,4.720E+00,3.407E-01,1.248E+00,1.000E+00,9.317E-02,3.701E+00,1.365E+00,-7.678E-01,2.310E+01,3.062E+00,4.633E+00,5.107E-01,1.364E+00,1.000E+00,4.594E-02,5.784E+00
7.600E+01,0.000E+00,0.000E+00,1.127E-02,0.000E+00,1.371E-02,0.000E+00,0.000E+00,2.930E-06,2.012E-02,6.934E-02,1.134E-02,2.090E-02,3.141E+00,1.343E+00,-6.968E-01,1.892E+01,3.210E+00,4.620E+00,4.575E-01,1.383E+00,1.000E+00,5.989E-02,4.787E+00,1.295E+00,-5.270E-01,1.457E+01,3.218E+00,4.552E+00,3.474E-01,1.481E+00,1.000E+00,2.957E-01,1.228E+00,1.377E+00,-5.612E-01,1.376E+01,2.824E+00,4.683E+00,3.488E-01,1.296E+00,1.000E+00,9.176E-02,3.748E+00,1.340E+00,-7.754E-01,2.523E+01,3.171E+00,4.613E+00,5.168E-01,1.392E+00,1.000E+00,4.503E-02,5.868E+00
7.700E+01,0.000E+00,0.000E+00,1.199E-02,0.000E+00,1.378E-02,0.000E+00,4.883E-07,4.395E-06,2.204E-02,7.450E-02,1.200E-02,2.105E-02,3.328E+00,1.326E+00,-7.024E-01,1.983E+01,3.303E+00,4.527E+00,4.864E-01,1.518E+00,1.000E+00,6.068E-02,4.740E+00,1.245E+00,-5.106E-01,1.383E+01,3.707E+00,4.432E+00,3.692E-01,1.671E+00,1.000E+00,2.944E-01,1.233E+00,1.353E+00,-5.492E-01,1.330E+01,3.004E+00,4.644E+00,3.545E-01,1.350E+00,1.000E+00,9.249E-02,3.723E+00,1.306E+00,-7.551E-01,2.267E+01,3.515E+00,4.514E+00,5.319E-01,1.539E+00,1.000E+00,4.573E-02,5.803E+00
7.800E+01,0.000E+00,0.000E+00,1.271E-02,0.000E+00,1.385E-02,0.000E+00,9.766E-07,5.859E-06,2.397E-02,7.966E-02,1.266E-02,2.120E-02,3.514E+00,1.310E+00,-7.079E-01,2.075E+01,3.396E+00,4.442E+00,5.153E-01,1.654E+00,1.000E+00,6.147E-02,4.693E+00,1.204E+00,-4.941E-01,1.309E+01,4.196E+00,4.324E+00,3.911E-01,1.861E+00,1.000E+00,2.932E-01,1.237E+00,1.331E+00,-5.373E-01,1.285E+01,3.184E+00,4.605E+00,3.601E-01,1.403E+00,1.000E+00,9.323E-02,3.699E+00,1.280E+00,-7.348E-01,2.011E+01,3.860E+00,4.423E+00,5.471E-01,1.685E+00,1.000E+00,4.643E-02,5.739E+00
7.900E+01,0.000E+00,0.000E+00,1.322E-02,0.000E+00,1.387E-02,0.000E+00,2.930E-06,6.348E-06,2.577E-02,8.472E-02,1.322E-02,2.086E-02,3.676E+00,1.258E+00,-6.779E-01,1.851E+01,3.942E+00,4.329E+00,5.201E-01,1.852E+00,1.000E+00,5.938E-02,4.822E+00,1.178E+00,-4.748E-01,1.248E+01,4.532E+00,4.287E+00,3.795E-01,1.932E+00,1.000E+00,2.865E-01,1.262E+00,1.292E+00,-5.241E-01,1.245E+01,3.537E+00,4.511E+00,3.739E-01,1.544E+00,1.000E+00,9.212E-02,3.736E+00,1.228E+00,-7.292E-01,2.102E+01,4.312E+00,4.341E+00,5.517E-01,1.831E+00,1.000E+00,4.477E-02,5.898E+00
8.000E+01,0.000E+00,0.000E+00,1.374E-02,0.000E+00,1.388E-02,0.000E+00,4.883E-06,6.836E-06,2.757E-02,8.978E-02,1.378E-02,2.053E-02,3.839E+00,1.221E+00,-6.479E-01,1.626E+01,4.488E+00,4.228E+00,5.249E-01,2.050E+00,1.000E+00,5.729E-02,4.951E+00,1.156E+00,-4.555E-01,1.186E+01,4.868E+00,4.251E+00,3.680E-01,2.003E+00,1.000E+00,2.798E-01,1.288E+00,1.258E+00,-5.109E-01,1.206E+01,3.891E+00,4.424E+00,3.878E-01,1.684E+00,1.000E+00,9.102E-02,3.773E+00,1.181E+00,-7.237E-01,2.192E+01,4.764E+00,4.265E+00,5.564E-01,1.976E+00,1.000E+00,4.312E-02,6.057E+00
8.100E+01,0.000E+00,0.000E+00,1.406E-02,0.000E+00,1.364E-02,0.000E+00,3.418E-06,8.301E-06,2.888E-02,9.246E-02,1.413E-02,2.067E-02,3.936E+00,1.178E+00,-6.556E-01,1.695E+01,5.019E+00,4.159E+00,5.369E-01,2.196E+00,1.000E+00,5.357E-02,5.225E+00,1.089E+00,-4.371E-01,1.134E+01,6.078E+00,4.001E+00,3.825E-01,2.575E+00,1.000E+00,2.767E-01,1.300E+00,1.216E+00,-5.000E-01,1.173E+01,4.391E+00,4.322E+00,3.996E-01,1.866E+00,1.000E+00,8.908E-02,3.843E+00,1.140E+00,-7.055E-01,2.015E+01,5.467E+00,4.112E+00,5.727E-01,2.302E+00,1.000E+00,4.179E-02,6.201E+00
8.200E+01,0.000E+00,0.000E+00,1.438E-02,0.000E+00,1.339E-02,0.000E+00,1.953E-06,9.766E-06,3.019E-02,9.513E-02,1.448E-02,2.081E-02,4.033E+00,1.140E+00,-6.632E-01,1.764E+01,5.550E+00,4.095E+00,5.490E-01,2.342E+00,1.000E+00,4.984E-02,5.498E+00,1.039E+00,-4.186E-01,1.082E+01,7.288E+00,3.803E+00,3.969E-01,3.147E+00,1.000E+00,2.735E-01,1.313E+00,1.182E+00,-4.891E-01,1.140E+01,4.891E+00,4.228E+00,4.114E-01,2.049E+00,1.000E+00,8.715E-02,3.912E+00,1.109E+00,-6.874E-01,1.838E+01,6.170E+00,3.980E+00,5.891E-01,2.629E+00,1.000E+00,4.045E-02,6.345E+00
8.300E+01,0.000E+00,0.000E+00,1.356E-02,0.000E+00,1.228E-02,0.000E+00,1.953E-06,9.766E-06,2.898E-02,9.051E-02,1.373E-02,1.932E-02,3.817E+00,1.067E+00,-6.375E-01,1.652E+01,7.030E+00,3.914E+00,5.552E-01,2.810E+00,1.000E+00,4.778E-02,5.679E+00,9.747E-01,-3.941E-01,1.052E+01,9.207E+00,3.632E+00,3.916E-01,3.748E+00,1.000E+00,2.675E-01,1.338E+00,1.137E+00,-4.794E-01,1.111E+01,5.661E+00,4.097E+00,4.243E-01,2.337E+00,1.000E+00,8.457E-02,4.013E+00,1.058E+00,-6.765E-01,1.736E+01,7.425E+00,3.916E+00,5.967E-01,2.804E+00,1.000E+00,3.763E-02,6.705E+00
8.400E+01,0.000E+00,0.000E+00,1.275E-02,0.000E+00,1.117E-02,0.000E+00,1.953E-06,9.766E-06,2.776E-02,8.589E-02,1.299E-02,1.782E-02,3.600E+00,1.015E+00,-6.118E-01,1.540E+01,8.509E+00,3.763E+00,5.615E-01,3.277E+00,1.000E+00,4.573E-02,5.860E+00,9.266E-01,-3.697E-01,1.021E+01,1.113E+01,3.490E+00,3.862E-01,4.350E+00,1.000E+00,2.615E-01,1.364E+00,1.100E+00,-4.697E-01,1.082E+01,6.431E+00,3.981E+00,4.372E-01,2.626E+00,1.000E+00,8.199E-02,4.114E+00,1.020E+00,-6.655E-01,1.635E+01,8.679E+00,3.856E+00,6.043E-01,2.979E+00,1.000E+00,3.480E-02,7.066E+00
8.500E+01,0.000E+00,0.000E+00,9.763E-03,0.000E+00,7.921E-03,0.000E+00,9.766E-07,6.348E-06,2.175E-02,6.589E-02,9.913E-03,1.316E-02,2.747E+00,1.030E+00,-6.078E-01,1.377E+01,8.687E+00,3.784E+00,5.708E-01,3.207E+00,1.000E+00,4.239E-02,6.219E+00,9.275E-01,-3.562E-01,8.609E+00,1.296E+01,3.536E+00,3.966E-01,4.142E+00,1.000E+00,2.402E-01,1.473E+00,1.075E+00,-4.516E-01,9.650E+00,7.487E+00,3.912E+00,4.446E-01,2.817E+00,1.000E+00,7.733E-02,4.328E+00,1.022E+00,-6.548E-01,1.449E+01,9.265E+00,3.796E+00,6.137E-01,3.167E+00,1.000E+00,3.074E-02,7.783E+00
8.600E+01,0.000E+00,0.000E+00,6.780E-03,0.000E+00,4.677E-03,0.000E+00,0.000E+00,2.930E-06,1.573E-02,4.590E-02,6.840E-03,8.495E-03,1.894E+00,1.050E+00,-6.037E-01,1.214E+01,8.864E+00,3.806E+00,5.801E-01,3.137E+00,1.000E+00,3.904E-02,6.577E+00,9.456E-01,-3.427E-01,7.010E+00,1.480E+01,3.586E+00,4.070E-01,3.934E+00,1.000E+00,2.189E-01,1.583E+00,1.063E+00,-4.335E-01,8.483E+00,8.543E+00,3.847E+00,4.520E-01,3.009E+00,1.000E+00,7.268E-02,4.541E+00,1.030E+00,-6.441E-01,1.263E+01,9.852E+00,3.740E+00,6.231E-01,3.355E+00,1.000E+00,2.667E-02,8.501E+00
8.700E+01,0.000E+00,0.000E+00,3.557E-03,0.000E+00,2.379E-03,0.000E+00,0.000E+00,1.465E-06,8.116E-03,2.376E-02,3.513E-03,4.366E-03,9.789E-01,1.048E+00,-6.937E-01,1.266E+01,9.857E+00,3.802E+00,6.648E-01,3.147E+00,1.000E+00,3.268E-02,7.629E+00,1.025E+00,-4.795E-01,8.044E+00,1.157E+01,3.818E+00,5.146E-01,3.096E+00,1.000E+00,1.887E-01,1.824E+00,1.080E+00,-4.900E-01,8.342E+00,9.029E+00,3.852E+00,5.169E-01,2.991E+00,1.000E+00,6.624E-02,4.929E+00,9.946E-01,-7.110E-01,1.222E+01,1.278E+01,3.695E+00,7.043E-01,3.512E+00,1.000E+00,1.993E-02,1.094E+01
8.800E+01,0.000E+00,0.000E+00,3.330E-04,0.000E+00,8.203E-05,0.000E+00,0.000E+00,0.000E+00,4.990E-04,1.631E-03,1.865E-04,2.373E-04,6.362E-02,1.042E+00,-7.837E-01,1.317E+01,1.085E+01,3.799E+00,7.494E-01,3.158E+00,1.000E+00,2.631E-02,8.681E+00,1.135E+00,-6.164E-01,9.079E+00,8.335E+00,4.131E+00,6.221E-01,2.259E+00,1.000E+00,1.586E-01,2.065E+00,1.096E+00,-5.464E-01,8.202E+00,9.516E+00,3.858E+00,5.818E-01,2.973E+00,1.000E+00,5.979E-02,5.316E+00,9.691E-01,-7.778E-01,1.181E+01,1.571E+01,3.653E+00,7.854E-01,3.670E+00,1.000E+00,1.320E-02,1.338E+01
8.900E+01,0.000E+00,0.000E+00,0.000E+00,0.000E+00,0.000E+00,0.000E+00,3.906E-06,2.930E-06,2.930E-06,9.766E-06,2.930E-06,2.930E-06,4.471E-04,3.142E+00,0.000E+00,0.000E+00,0.000E+00,9.870E+00,0.000E+00,0.000E+00,0.000E+00,0.000E+00,0.000E+00,3.142E+00,0.000E+00,0.000E+00,0.000E+00,9.870E+00,0.000E+00,0.000E+00,0.000E+00,0.000E+00,0.000E+00,3.142E+00,0.000E+00,0.000E+00,0.000E+00,9.870E+00,0.000E+00,0.000E+00,0.000E+00,0.000E+00,0.000E+00,3.142E+00,0.000E+00,0.000E+00,0.000E+00,9.870E+00,0.000E+00,0.000E+00,0.000E+00,0.000E+00,0.000E+00
