alpha,H,He,Si,O,Si_1,O_1,amu/ion,thetaK_O,thetaTilt_O,thetaM_O,thetaN_O,3dK_O,3dTilt_O,3dM_O,3dN_O,energyK_O,energyE_O,thetaK_Si,thetaTilt_Si,thetaM_Si,thetaN_Si,3dK_Si,3dTilt_Si,3dM_Si,3dN_Si,energyK_Si,energyE_Si
0.000E+00,0.000E+00,0.000E+00,2.613E-03,0.000E+00,1.894E-03,8.346E-03,2.601E-01,1.685E+00,-9.620E-03,1.670E+00,1.706E+00,4.935E+00,0.000E+00,1.000E+00,1.000E+00,1.121E-01,3.170E+00,1.797E+00,-8.659E-03,1.414E+00,1.402E+00,4.935E+00,4.219E-03,1.000E+00,1.000E+00,6.164E-02,4.642E+00
1.000E+00,0.000E+00,0.000E+00,2.617E-03,0.000E+00,1.918E-03,8.392E-03,2.617E-01,1.689E+00,-2.098E-02,1.712E+00,1.707E+00,4.935E+00,9.058E-03,1.000E+00,1.000E+00,1.121E-01,3.169E+00,1.792E+00,-1.956E-02,1.452E+00,1.441E+00,4.935E+00,1.337E-02,1.000E+00,1.000E+00,6.145E-02,4.653E+00
2.000E+00,0.000E+00,0.000E+00,2.621E-03,0.000E+00,1.942E-03,8.438E-03,2.632E-01,1.693E+00,-3.234E-02,1.755E+00,1.707E+00,4.935E+00,1.812E-02,1.000E+00,1.000E+00,1.122E-01,3.167E+00,1.788E+00,-3.045E-02,1.491E+00,1.481E+00,4.935E+00,2.252E-02,1.000E+00,1.000E+00,6.125E-02,4.665E+00
3.000E+00,0.000E+00,0.000E+00,2.625E-03,0.000E+00,1.967E-03,8.484E-03,2.647E-01,1.697E+00,-4.371E-02,1.798E+00,1.708E+00,4.935E+00,2.717E-02,1.000E+00,1.000E+00,1.122E-01,3.166E+00,1.783E+00,-4.135E-02,1.529E+00,1.521E+00,4.935E+00,3.167E-02,1.000E+00,1.000E+00,6.106E-02,4.676E+00
4.000E+00,0.000E+00,0.000E+00,2.627E-03,0.000E+00,1.979E-03,8.508E-03,2.655E-01,1.699E+00,-4.939E-02,1.820E+00,1.709E+00,4.935E+00,3.170E-02,1.000E+00,1.000E+00,1.122E-01,3.166E+00,1.780E+00,-4.680E-02,1.548E+00,1.541E+00,4.935E+00,3.625E-02,1.000E+00,1.000E+00,6.096E-02,4.682E+00
5.000E+00,0.000E+00,0.000E+00,2.629E-03,0.000E+00,1.991E-03,8.531E-03,2.662E-01,1.701E+00,-5.507E-02,1.841E+00,1.709E+00,4.935E+00,3.623E-02,1.000E+00,1.000E+00,1.123E-01,3.165E+00,1.778E+00,-5.224E-02,1.568E+00,1.561E+00,4.935E+00,4.083E-02,1.000E+00,1.000E+00,6.086E-02,4.687E+00
6.000E+00,0.000E+00,0.000E+00,2.633E-03,0.000E+00,2.016E-03,8.577E-03,2.678E-01,1.705E+00,-6.643E-02,1.884E+00,1.710E+00,4.935E+00,4.529E-02,1.000E+00,1.000E+00,1.123E-01,3.164E+00,1.774E+00,-6.314E-02,1.606E+00,1.600E+00,4.935E+00,4.998E-02,1.000E+00,1.000E+00,6.067E-02,4.699E+00
7.000E+00,0.000E+00,0.000E+00,2.637E-03,0.000E+00,2.040E-03,8.623E-03,2.693E-01,1.709E+00,-7.779E-02,1.927E+00,1.711E+00,4.935E+00,5.435E-02,1.000E+00,1.000E+00,1.123E-01,3.163E+00,1.769E+00,-7.404E-02,1.645E+00,1.640E+00,4.935E+00,5.913E-02,1.000E+00,1.000E+00,6.047E-02,4.710E+00
8.000E+00,0.000E+00,0.000E+00,2.641E-03,0.000E+00,2.064E-03,8.670E-03,2.708E-01,1.713E+00,-8.915E-02,1.970E+00,1.712E+00,4.935E+00,6.341E-02,1.000E+00,1.000E+00,1.124E-01,3.162E+00,1.765E+00,-8.493E-02,1.683E+00,1.680E+00,4.935E+00,6.828E-02,1.000E+00,1.000E+00,6.027E-02,4.722E+00
9.000E+00,0.000E+00,0.000E+00,2.643E-03,0.000E+00,2.077E-03,8.693E-03,2.716E-01,1.715E+00,-9.483E-02,1.992E+00,1.712E+00,4.935E+00,6.794E-02,1.000E+00,1.000E+00,1.124E-01,3.161E+00,1.763E+00,-9.038E-02,1.702E+00,1.700E+00,4.935E+00,7.286E-02,1.000E+00,1.000E+00,6.018E-02,4.727E+00
1.000E+01,0.000E+00,0.000E+00,2.645E-03,0.000E+00,2.089E-03,8.716E-03,2.723E-01,1.717E+00,-1.005E-01,2.013E+00,1.713E+00,4.935E+00,7.247E-02,1.000E+00,1.000E+00,1.124E-01,3.161E+00,1.761E+00,-9.583E-02,1.722E+00,1.720E+00,4.935E+00,7.743E-02,1.000E+00,1.000E+00,6.008E-02,4.733E+00
1.100E+01,0.000E+00,0.000E+00,2.717E-03,0.000E+00,2.119E-03,8.915E-03,2.784E-01,1.717E+00,-1.123E-01,2.082E+00,1.719E+00,4.935E+00,8.055E-02,1.000E+00,1.000E+00,1.121E-01,3.170E+00,1.764E+00,-1.051E-01,1.748E+00,1.723E+00,4.935E+00,8.450E-02,1.000E+00,1.000E+00,6.003E-02,4.736E+00
1.200E+01,0.000E+00,0.000E+00,2.789E-03,0.000E+00,2.149E-03,9.113E-03,2.845E-01,1.717E+00,-1.242E-01,2.151E+00,1.726E+00,4.935E+00,8.864E-02,1.000E+00,1.000E+00,1.117E-01,3.179E+00,1.768E+00,-1.144E-01,1.774E+00,1.727E+00,4.935E+00,9.157E-02,1.000E+00,1.000E+00,5.998E-02,4.739E+00
1.300E+01,0.000E+00,0.000E+00,2.862E-03,0.000E+00,2.180E-03,9.312E-03,2.906E-01,1.717E+00,-1.360E-01,2.220E+00,1.733E+00,4.935E+00,9.672E-02,1.000E+00,1.000E+00,1.113E-01,3.188E+00,1.771E+00,-1.237E-01,1.800E+00,1.730E+00,4.935E+00,9.864E-02,1.000E+00,1.000E+00,5.993E-02,4.742E+00
1.400E+01,0.000E+00,0.000E+00,2.898E-03,0.000E+00,2.195E-03,9.411E-03,2.937E-01,1.717E+00,-1.419E-01,2.254E+00,1.736E+00,4.935E+00,1.008E-01,1.000E+00,1.000E+00,1.111E-01,3.192E+00,1.773E+00,-1.283E-01,1.813E+00,1.732E+00,4.935E+00,1.022E-01,1.000E+00,1.000E+00,5.991E-02,4.743E+00
1.500E+01,0.000E+00,0.000E+00,2.934E-03,0.000E+00,2.210E-03,9.511E-03,2.967E-01,1.717E+00,-1.478E-01,2.288E+00,1.739E+00,4.935E+00,1.048E-01,1.000E+00,1.000E+00,1.110E-01,3.197E+00,1.774E+00,-1.330E-01,1.826E+00,1.734E+00,4.935E+00,1.057E-01,1.000E+00,1.000E+00,5.989E-02,4.745E+00
1.600E+01,0.000E+00,0.000E+00,3.006E-03,0.000E+00,2.240E-03,9.709E-03,3.028E-01,1.717E+00,-1.596E-01,2.357E+00,1.746E+00,4.935E+00,1.129E-01,1.000E+00,1.000E+00,1.106E-01,3.206E+00,1.777E+00,-1.423E-01,1.852E+00,1.737E+00,4.935E+00,1.128E-01,1.000E+00,1.000E+00,5.984E-02,4.748E+00
1.700E+01,0.000E+00,0.000E+00,3.079E-03,0.000E+00,2.271E-03,9.908E-03,3.090E-01,1.717E+00,-1.715E-01,2.426E+00,1.753E+00,4.935E+00,1.210E-01,1.000E+00,1.000E+00,1.102E-01,3.215E+00,1.781E+00,-1.515E-01,1.878E+00,1.741E+00,4.935E+00,1.198E-01,1.000E+00,1.000E+00,5.979E-02,4.751E+00
1.800E+01,0.000E+00,0.000E+00,3.151E-03,0.000E+00,2.301E-03,1.011E-02,3.151E-01,1.718E+00,-1.833E-01,2.494E+00,1.760E+00,4.935E+00,1.291E-01,1.000E+00,1.000E+00,1.099E-01,3.224E+00,1.784E+00,-1.608E-01,1.904E+00,1.745E+00,4.935E+00,1.269E-01,1.000E+00,1.000E+00,5.974E-02,4.753E+00
1.900E+01,0.000E+00,0.000E+00,3.187E-03,0.000E+00,2.316E-03,1.021E-02,3.181E-01,1.718E+00,-1.892E-01,2.529E+00,1.763E+00,4.935E+00,1.331E-01,1.000E+00,1.000E+00,1.097E-01,3.228E+00,1.785E+00,-1.655E-01,1.917E+00,1.746E+00,4.935E+00,1.305E-01,1.000E+00,1.000E+00,5.972E-02,4.755E+00
2.000E+01,0.000E+00,0.000E+00,3.224E-03,0.000E+00,2.331E-03,1.031E-02,3.212E-01,1.719E+00,-1.951E-01,2.563E+00,1.766E+00,4.935E+00,1.371E-01,1.000E+00,1.000E+00,1.095E-01,3.233E+00,1.787E+00,-1.701E-01,1.930E+00,1.748E+00,4.935E+00,1.340E-01,1.000E+00,1.000E+00,5.969E-02,4.756E+00
2.100E+01,0.000E+00,0.000E+00,3.321E-03,0.000E+00,2.419E-03,1.068E-02,3.323E-01,1.718E+00,-2.067E-01,2.648E+00,1.772E+00,4.935E+00,1.427E-01,1.000E+00,1.000E+00,1.088E-01,3.251E+00,1.793E+00,-1.844E-01,1.993E+00,1.729E+00,4.935E+00,1.427E-01,1.000E+00,1.000E+00,5.948E-02,4.770E+00
2.200E+01,0.000E+00,0.000E+00,3.419E-03,0.000E+00,2.507E-03,1.105E-02,3.434E-01,1.717E+00,-2.183E-01,2.732E+00,1.778E+00,4.935E+00,1.483E-01,1.000E+00,1.000E+00,1.081E-01,3.269E+00,1.799E+00,-1.987E-01,2.056E+00,1.709E+00,4.935E+00,1.514E-01,1.000E+00,1.000E+00,5.926E-02,4.783E+00
2.300E+01,0.000E+00,0.000E+00,3.517E-03,0.000E+00,2.595E-03,1.142E-02,3.545E-01,1.716E+00,-2.299E-01,2.817E+00,1.783E+00,4.935E+00,1.538E-01,1.000E+00,1.000E+00,1.074E-01,3.288E+00,1.806E+00,-2.129E-01,2.119E+00,1.690E+00,4.935E+00,1.601E-01,1.000E+00,1.000E+00,5.904E-02,4.797E+00
2.400E+01,0.000E+00,0.000E+00,3.566E-03,0.000E+00,2.639E-03,1.161E-02,3.600E-01,1.716E+00,-2.357E-01,2.859E+00,1.786E+00,4.935E+00,1.566E-01,1.000E+00,1.000E+00,1.070E-01,3.297E+00,1.809E+00,-2.201E-01,2.150E+00,1.680E+00,4.935E+00,1.645E-01,1.000E+00,1.000E+00,5.893E-02,4.803E+00
2.500E+01,0.000E+00,0.000E+00,3.615E-03,0.000E+00,2.683E-03,1.180E-02,3.656E-01,1.716E+00,-2.415E-01,2.902E+00,1.789E+00,4.935E+00,1.594E-01,1.000E+00,1.000E+00,1.067E-01,3.306E+00,1.813E+00,-2.272E-01,2.182E+00,1.671E+00,4.935E+00,1.689E-01,1.000E+00,1.000E+00,5.882E-02,4.810E+00
2.600E+01,0.000E+00,0.000E+00,3.713E-03,0.000E+00,2.771E-03,1.217E-02,3.767E-01,1.716E+00,-2.531E-01,2.986E+00,1.795E+00,4.935E+00,1.649E-01,1.000E+00,1.000E+00,1.060E-01,3.324E+00,1.820E+00,-2.415E-01,2.245E+00,1.651E+00,4.935E+00,1.776E-01,1.000E+00,1.000E+00,5.861E-02,4.824E+00
2.700E+01,0.000E+00,0.000E+00,3.810E-03,0.000E+00,2.859E-03,1.254E-02,3.878E-01,1.716E+00,-2.647E-01,3.071E+00,1.800E+00,4.935E+00,1.705E-01,1.000E+00,1.000E+00,1.053E-01,3.343E+00,1.827E+00,-2.557E-01,2.308E+00,1.632E+00,4.935E+00,1.863E-01,1.000E+00,1.000E+00,5.839E-02,4.837E+00
2.800E+01,0.000E+00,0.000E+00,3.908E-03,0.000E+00,2.947E-03,1.292E-02,3.989E-01,1.716E+00,-2.763E-01,3.156E+00,1.806E+00,4.935E+00,1.761E-01,1.000E+00,1.000E+00,1.046E-01,3.361E+00,1.834E+00,-2.700E-01,2.371E+00,1.613E+00,4.935E+00,1.950E-01,1.000E+00,1.000E+00,5.817E-02,4.851E+00
2.900E+01,0.000E+00,0.000E+00,3.957E-03,0.000E+00,2.991E-03,1.310E-02,4.045E-01,1.716E+00,-2.821E-01,3.198E+00,1.809E+00,4.935E+00,1.788E-01,1.000E+00,1.000E+00,1.042E-01,3.370E+00,1.838E+00,-2.772E-01,2.402E+00,1.603E+00,4.935E+00,1.994E-01,1.000E+00,1.000E+00,5.806E-02,4.857E+00
3.000E+01,0.000E+00,0.000E+00,4.006E-03,0.000E+00,3.035E-03,1.329E-02,4.100E-01,1.717E+00,-2.879E-01,3.240E+00,1.812E+00,4.935E+00,1.816E-01,1.000E+00,1.000E+00,1.039E-01,3.379E+00,1.842E+00,-2.843E-01,2.434E+00,1.593E+00,4.935E+00,2.037E-01,1.000E+00,1.000E+00,5.795E-02,4.864E+00
3.100E+01,0.000E+00,0.000E+00,4.236E-03,0.000E+00,3.320E-03,1.431E-02,4.409E-01,1.711E+00,-2.961E-01,3.325E+00,1.836E+00,4.935E+00,1.886E-01,1.000E+00,1.000E+00,1.036E-01,3.388E+00,1.812E+00,-3.238E-01,3.014E+00,1.590E+00,4.935E+00,2.192E-01,1.000E+00,1.000E+00,5.732E-02,4.907E+00
3.200E+01,0.000E+00,0.000E+00,4.351E-03,0.000E+00,3.463E-03,1.483E-02,4.564E-01,1.708E+00,-3.002E-01,3.367E+00,1.848E+00,4.935E+00,1.921E-01,1.000E+00,1.000E+00,1.034E-01,3.392E+00,1.802E+00,-3.435E-01,3.304E+00,1.588E+00,4.935E+00,2.269E-01,1.000E+00,1.000E+00,5.700E-02,4.929E+00
3.300E+01,0.000E+00,0.000E+00,4.467E-03,0.000E+00,3.605E-03,1.534E-02,4.718E-01,1.705E+00,-3.043E-01,3.409E+00,1.861E+00,4.935E+00,1.956E-01,1.000E+00,1.000E+00,1.033E-01,3.396E+00,1.794E+00,-3.633E-01,3.595E+00,1.586E+00,4.935E+00,2.346E-01,1.000E+00,1.000E+00,5.668E-02,4.951E+00
3.400E+01,0.000E+00,0.000E+00,4.582E-03,0.000E+00,3.748E-03,1.585E-02,4.873E-01,1.702E+00,-3.084E-01,3.452E+00,1.873E+00,4.935E+00,1.991E-01,1.000E+00,1.000E+00,1.031E-01,3.400E+00,1.788E+00,-3.830E-01,3.885E+00,1.584E+00,4.935E+00,2.424E-01,1.000E+00,1.000E+00,5.636E-02,4.973E+00
3.500E+01,0.000E+00,0.000E+00,4.697E-03,0.000E+00,3.891E-03,1.636E-02,5.027E-01,1.699E+00,-3.125E-01,3.494E+00,1.885E+00,4.935E+00,2.026E-01,1.000E+00,1.000E+00,1.030E-01,3.404E+00,1.784E+00,-4.027E-01,4.175E+00,1.582E+00,4.935E+00,2.501E-01,1.000E+00,1.000E+00,5.605E-02,4.994E+00
3.600E+01,0.000E+00,0.000E+00,4.812E-03,0.000E+00,4.033E-03,1.688E-02,5.182E-01,1.697E+00,-3.166E-01,3.536E+00,1.897E+00,4.935E+00,2.061E-01,1.000E+00,1.000E+00,1.028E-01,3.409E+00,1.781E+00,-4.225E-01,4.465E+00,1.580E+00,4.935E+00,2.578E-01,1.000E+00,1.000E+00,5.573E-02,5.016E+00
3.700E+01,0.000E+00,0.000E+00,4.927E-03,0.000E+00,4.176E-03,1.739E-02,5.337E-01,1.694E+00,-3.207E-01,3.579E+00,1.910E+00,4.935E+00,2.095E-01,1.000E+00,1.000E+00,1.027E-01,3.413E+00,1.779E+00,-4.422E-01,4.755E+00,1.578E+00,4.935E+00,2.655E-01,1.000E+00,1.000E+00,5.541E-02,5.038E+00
3.800E+01,0.000E+00,0.000E+00,5.042E-03,0.000E+00,4.318E-03,1.790E-02,5.491E-01,1.692E+00,-3.248E-01,3.621E+00,1.922E+00,4.935E+00,2.130E-01,1.000E+00,1.000E+00,1.025E-01,3.417E+00,1.778E+00,-4.620E-01,5.045E+00,1.577E+00,4.935E+00,2.733E-01,1.000E+00,1.000E+00,5.509E-02,5.060E+00
3.900E+01,0.000E+00,0.000E+00,5.158E-03,0.000E+00,4.461E-03,1.841E-02,5.646E-01,1.689E+00,-3.289E-01,3.663E+00,1.934E+00,4.935E+00,2.165E-01,1.000E+00,1.000E+00,1.024E-01,3.421E+00,1.778E+00,-4.817E-01,5.336E+00,1.575E+00,4.935E+00,2.810E-01,1.000E+00,1.000E+00,5.477E-02,5.081E+00
4.000E+01,0.000E+00,0.000E+00,5.273E-03,0.000E+00,4.604E-03,1.893E-02,5.800E-01,1.687E+00,-3.330E-01,3.705E+00,1.946E+00,4.935E+00,2.200E-01,1.000E+00,1.000E+00,1.022E-01,3.425E+00,1.779E+00,-5.014E-01,5.626E+00,1.573E+00,4.935E+00,2.887E-01,1.000E+00,1.000E+00,5.446E-02,5.103E+00
4.100E+01,0.000E+00,0.000E+00,5.388E-03,0.000E+00,4.746E-03,1.944E-02,5.955E-01,1.684E+00,-3.371E-01,3.748E+00,1.959E+00,4.935E+00,2.235E-01,1.000E+00,1.000E+00,1.021E-01,3.429E+00,1.781E+00,-5.212E-01,5.916E+00,1.571E+00,4.935E+00,2.964E-01,1.000E+00,1.000E+00,5.414E-02,5.125E+00
4.200E+01,0.000E+00,0.000E+00,5.503E-03,0.000E+00,4.889E-03,1.995E-02,6.109E-01,1.682E+00,-3.412E-01,3.790E+00,1.971E+00,4.935E+00,2.270E-01,1.000E+00,1.000E+00,1.019E-01,3.434E+00,1.783E+00,-5.409E-01,6.206E+00,1.569E+00,4.935E+00,3.041E-01,1.000E+00,1.000E+00,5.382E-02,5.147E+00
4.300E+01,0.000E+00,0.000E+00,5.618E-03,0.000E+00,5.031E-03,2.046E-02,6.264E-01,1.679E+00,-3.453E-01,3.832E+00,1.983E+00,4.935E+00,2.305E-01,1.000E+00,1.000E+00,1.018E-01,3.438E+00,1.785E+00,-5.607E-01,6.496E+00,1.567E+00,4.935E+00,3.119E-01,1.000E+00,1.000E+00,5.350E-02,5.168E+00
4.400E+01,0.000E+00,0.000E+00,5.733E-03,0.000E+00,5.174E-03,2.098E-02,6.418E-01,1.677E+00,-3.494E-01,3.875E+00,1.995E+00,4.935E+00,2.340E-01,1.000E+00,1.000E+00,1.016E-01,3.442E+00,1.789E+00,-5.804E-01,6.786E+00,1.565E+00,4.935E+00,3.196E-01,1.000E+00,1.000E+00,5.318E-02,5.190E+00
4.500E+01,0.000E+00,0.000E+00,5.849E-03,0.000E+00,5.316E-03,2.149E-02,6.573E-01,1.675E+00,-3.535E-01,3.917E+00,2.007E+00,4.935E+00,2.375E-01,1.000E+00,1.000E+00,1.015E-01,3.446E+00,1.792E+00,-6.001E-01,7.077E+00,1.564E+00,4.935E+00,3.273E-01,1.000E+00,1.000E+00,5.286E-02,5.212E+00
4.600E+01,0.000E+00,0.000E+00,6.179E-03,0.000E+00,5.673E-03,2.301E-02,7.012E-01,1.679E+00,-3.719E-01,4.098E+00,1.989E+00,4.935E+00,2.495E-01,1.000E+00,1.000E+00,1.007E-01,3.469E+00,1.789E+00,-6.040E-01,7.132E+00,1.578E+00,4.935E+00,3.380E-01,1.000E+00,1.000E+00,5.325E-02,5.183E+00
4.700E+01,0.000E+00,0.000E+00,6.344E-03,0.000E+00,5.851E-03,2.377E-02,7.232E-01,1.681E+00,-3.811E-01,4.189E+00,1.979E+00,4.935E+00,2.556E-01,1.000E+00,1.000E+00,1.003E-01,3.481E+00,1.787E+00,-6.059E-01,7.160E+00,1.585E+00,4.935E+00,3.433E-01,1.000E+00,1.000E+00,5.345E-02,5.169E+00
4.800E+01,0.000E+00,0.000E+00,6.509E-03,0.000E+00,6.029E-03,2.453E-02,7.451E-01,1.684E+00,-3.903E-01,4.279E+00,1.970E+00,4.935E+00,2.616E-01,1.000E+00,1.000E+00,9.987E-02,3.492E+00,1.785E+00,-6.078E-01,7.187E+00,1.593E+00,4.935E+00,3.486E-01,1.000E+00,1.000E+00,5.364E-02,5.155E+00
4.900E+01,0.000E+00,0.000E+00,6.931E-03,0.000E+00,6.412E-03,2.584E-02,7.890E-01,1.676E+00,-3.805E-01,4.139E+00,2.024E+00,4.935E+00,2.580E-01,1.000E+00,1.000E+00,9.937E-02,3.507E+00,1.761E+00,-5.945E-01,6.826E+00,1.700E+00,4.935E+00,3.545E-01,1.000E+00,1.000E+00,5.364E-02,5.156E+00
5.000E+01,0.000E+00,0.000E+00,7.142E-03,0.000E+00,6.603E-03,2.650E-02,8.109E-01,1.672E+00,-3.756E-01,4.070E+00,2.052E+00,4.935E+00,2.562E-01,1.000E+00,1.000E+00,9.913E-02,3.514E+00,1.750E+00,-5.878E-01,6.645E+00,1.753E+00,4.935E+00,3.575E-01,1.000E+00,1.000E+00,5.363E-02,5.156E+00
5.100E+01,0.000E+00,0.000E+00,7.353E-03,0.000E+00,6.794E-03,2.716E-02,8.328E-01,1.668E+00,-3.706E-01,4.000E+00,2.079E+00,4.935E+00,2.544E-01,1.000E+00,1.000E+00,9.888E-02,3.522E+00,1.739E+00,-5.811E-01,6.464E+00,1.807E+00,4.935E+00,3.605E-01,1.000E+00,1.000E+00,5.363E-02,5.156E+00
5.200E+01,0.000E+00,0.000E+00,7.660E-03,0.000E+00,7.373E-03,2.909E-02,8.880E-01,1.657E+00,-3.742E-01,4.083E+00,2.127E+00,4.935E+00,2.583E-01,1.000E+00,1.000E+00,9.792E-02,3.551E+00,1.725E+00,-6.163E-01,7.499E+00,1.814E+00,4.935E+00,3.777E-01,1.000E+00,1.000E+00,5.304E-02,5.199E+00
5.300E+01,0.000E+00,0.000E+00,7.814E-03,0.000E+00,7.663E-03,3.006E-02,9.156E-01,1.651E+00,-3.760E-01,4.124E+00,2.151E+00,4.935E+00,2.603E-01,1.000E+00,1.000E+00,9.744E-02,3.565E+00,1.720E+00,-6.338E-01,8.017E+00,1.818E+00,4.935E+00,3.863E-01,1.000E+00,1.000E+00,5.275E-02,5.221E+00
5.400E+01,0.000E+00,0.000E+00,7.968E-03,0.000E+00,7.952E-03,3.102E-02,9.432E-01,1.645E+00,-3.777E-01,4.166E+00,2.175E+00,4.935E+00,2.623E-01,1.000E+00,1.000E+00,9.696E-02,3.580E+00,1.716E+00,-6.514E-01,8.534E+00,1.821E+00,4.935E+00,3.949E-01,1.000E+00,1.000E+00,5.245E-02,5.242E+00
5.500E+01,0.000E+00,0.000E+00,8.397E-03,0.000E+00,8.594E-03,3.329E-02,1.009E+00,1.637E+00,-4.076E-01,4.807E+00,2.124E+00,4.935E+00,2.701E-01,1.000E+00,1.000E+00,9.685E-02,3.583E+00,1.702E+00,-6.454E-01,8.455E+00,1.877E+00,4.935E+00,3.987E-01,1.000E+00,1.000E+00,5.211E-02,5.269E+00
5.600E+01,0.000E+00,0.000E+00,8.612E-03,0.000E+00,8.915E-03,3.442E-02,1.042E+00,1.635E+00,-4.225E-01,5.127E+00,2.098E+00,4.935E+00,2.741E-01,1.000E+00,1.000E+00,9.679E-02,3.585E+00,1.695E+00,-6.424E-01,8.416E+00,1.905E+00,4.935E+00,4.006E-01,1.000E+00,1.000E+00,5.193E-02,5.282E+00
5.700E+01,0.000E+00,0.000E+00,8.827E-03,0.000E+00,9.235E-03,3.555E-02,1.075E+00,1.634E+00,-4.375E-01,5.448E+00,2.073E+00,4.935E+00,2.780E-01,1.000E+00,1.000E+00,9.674E-02,3.587E+00,1.688E+00,-6.393E-01,8.377E+00,1.932E+00,4.935E+00,4.025E-01,1.000E+00,1.000E+00,5.176E-02,5.295E+00
5.800E+01,0.000E+00,0.000E+00,9.447E-03,0.000E+00,9.967E-03,3.816E-02,1.155E+00,1.636E+00,-4.430E-01,5.599E+00,2.042E+00,4.935E+00,2.782E-01,1.000E+00,1.000E+00,9.780E-02,3.554E+00,1.681E+00,-6.479E-01,8.397E+00,1.983E+00,4.935E+00,4.105E-01,1.000E+00,1.000E+00,5.141E-02,5.322E+00
5.900E+01,0.000E+00,0.000E+00,9.757E-03,0.000E+00,1.033E-02,3.946E-02,1.195E+00,1.638E+00,-4.458E-01,5.675E+00,2.026E+00,4.935E+00,2.783E-01,1.000E+00,1.000E+00,9.833E-02,3.538E+00,1.678E+00,-6.522E-01,8.407E+00,2.008E+00,4.935E+00,4.144E-01,1.000E+00,1.000E+00,5.124E-02,5.335E+00
6.000E+01,0.000E+00,0.000E+00,1.007E-02,0.000E+00,1.070E-02,4.077E-02,1.235E+00,1.639E+00,-4.486E-01,5.751E+00,2.011E+00,4.935E+00,2.784E-01,1.000E+00,1.000E+00,9.886E-02,3.522E+00,1.674E+00,-6.565E-01,8.417E+00,2.033E+00,4.935E+00,4.184E-01,1.000E+00,1.000E+00,5.106E-02,5.348E+00
6.100E+01,0.000E+00,0.000E+00,1.087E-02,0.000E+00,1.160E-02,4.386E-02,1.332E+00,1.626E+00,-5.001E-01,7.523E+00,1.922E+00,4.935E+00,2.846E-01,1.000E+00,1.000E+00,9.792E-02,3.550E+00,1.660E+00,-6.638E-01,8.953E+00,2.060E+00,4.935E+00,4.230E-01,1.000E+00,1.000E+00,5.032E-02,5.408E+00
6.200E+01,0.000E+00,0.000E+00,1.127E-02,0.000E+00,1.205E-02,4.540E-02,1.381E+00,1.627E+00,-5.259E-01,8.409E+00,1.878E+00,4.935E+00,2.877E-01,1.000E+00,1.000E+00,9.745E-02,3.565E+00,1.653E+00,-6.674E-01,9.220E+00,2.074E+00,4.935E+00,4.253E-01,1.000E+00,1.000E+00,4.994E-02,5.438E+00
6.300E+01,0.000E+00,0.000E+00,1.167E-02,0.000E+00,1.250E-02,4.695E-02,1.430E+00,1.631E+00,-5.517E-01,9.295E+00,1.834E+00,4.935E+00,2.908E-01,1.000E+00,1.000E+00,9.699E-02,3.579E+00,1.646E+00,-6.710E-01,9.488E+00,2.088E+00,4.935E+00,4.276E-01,1.000E+00,1.000E+00,4.957E-02,5.468E+00
6.400E+01,0.000E+00,0.000E+00,1.227E-02,0.000E+00,1.371E-02,5.058E-02,1.538E+00,1.604E+00,-5.498E-01,9.680E+00,1.907E+00,4.929E+00,2.951E-01,1.006E+00,1.000E+00,9.690E-02,3.582E+00,1.613E+00,-6.994E-01,1.127E+01,2.156E+00,4.935E+00,4.399E-01,1.000E+00,1.000E+00,4.833E-02,5.574E+00
6.500E+01,0.000E+00,0.000E+00,1.258E-02,0.000E+00,1.431E-02,5.239E-02,1.592E+00,1.591E+00,-5.489E-01,9.873E+00,1.943E+00,4.926E+00,2.973E-01,1.009E+00,1.000E+00,9.685E-02,3.583E+00,1.599E+00,-7.136E-01,1.216E+01,2.189E+00,4.935E+00,4.460E-01,1.000E+00,1.000E+00,4.771E-02,5.626E+00
6.600E+01,0.000E+00,0.000E+00,1.288E-02,0.000E+00,1.492E-02,5.420E-02,1.647E+00,1.579E+00,-5.480E-01,1.007E+01,1.980E+00,4.923E+00,2.995E-01,1.012E+00,1.000E+00,9.681E-02,3.584E+00,1.586E+00,-7.278E-01,1.304E+01,2.223E+00,4.935E+00,4.521E-01,1.000E+00,1.000E+00,4.708E-02,5.679E+00
6.700E+01,0.000E+00,0.000E+00,1.401E-02,0.000E+00,1.625E-02,5.893E-02,1.792E+00,1.560E+00,-5.786E-01,1.231E+01,1.953E+00,4.911E+00,3.035E-01,1.025E+00,1.000E+00,9.652E-02,3.593E+00,1.553E+00,-7.636E-01,1.751E+01,2.210E+00,4.926E+00,4.609E-01,1.010E+00,1.000E+00,4.777E-02,5.620E+00
6.800E+01,0.000E+00,0.000E+00,1.458E-02,0.000E+00,1.692E-02,6.129E-02,1.865E+00,1.555E+00,-5.939E-01,1.343E+01,1.940E+00,4.906E+00,3.055E-01,1.031E+00,1.000E+00,9.638E-02,3.598E+00,1.543E+00,-7.815E-01,1.975E+01,2.203E+00,4.921E+00,4.653E-01,1.014E+00,1.000E+00,4.811E-02,5.591E+00
6.900E+01,0.000E+00,0.000E+00,1.515E-02,0.000E+00,1.759E-02,6.365E-02,1.937E+00,1.552E+00,-6.091E-01,1.455E+01,1.927E+00,4.900E+00,3.075E-01,1.037E+00,1.000E+00,9.624E-02,3.602E+00,1.536E+00,-7.995E-01,2.199E+01,2.196E+00,4.917E+00,4.697E-01,1.019E+00,1.000E+00,4.845E-02,5.561E+00
7.000E+01,0.000E+00,0.000E+00,1.644E-02,0.000E+00,1.942E-02,6.955E-02,2.120E+00,1.516E+00,-6.068E-01,1.491E+01,2.066E+00,4.858E+00,3.159E-01,1.084E+00,1.000E+00,9.562E-02,3.621E+00,1.493E+00,-7.980E-01,2.313E+01,2.368E+00,4.852E+00,4.768E-01,1.090E+00,1.000E+00,4.791E-02,5.608E+00
7.100E+01,0.000E+00,0.000E+00,1.709E-02,0.000E+00,2.034E-02,7.249E-02,2.211E+00,1.499E+00,-6.056E-01,1.508E+01,2.135E+00,4.837E+00,3.201E-01,1.107E+00,1.000E+00,9.532E-02,3.631E+00,1.472E+00,-7.973E-01,2.370E+01,2.454E+00,4.821E+00,4.804E-01,1.126E+00,1.000E+00,4.764E-02,5.631E+00
7.200E+01,0.000E+00,0.000E+00,1.774E-02,0.000E+00,2.125E-02,7.544E-02,2.302E+00,1.482E+00,-6.044E-01,1.526E+01,2.205E+00,4.817E+00,3.244E-01,1.131E+00,1.000E+00,9.501E-02,3.641E+00,1.453E+00,-7.966E-01,2.427E+01,2.540E+00,4.790E+00,4.839E-01,1.162E+00,1.000E+00,4.737E-02,5.654E+00
7.300E+01,0.000E+00,0.000E+00,1.855E-02,0.000E+00,2.263E-02,7.991E-02,2.435E+00,1.451E+00,-5.878E-01,1.477E+01,2.359E+00,4.782E+00,3.287E-01,1.171E+00,1.000E+00,9.552E-02,3.625E+00,1.421E+00,-7.993E-01,2.659E+01,2.647E+00,4.734E+00,4.940E-01,1.231E+00,1.000E+00,4.701E-02,5.686E+00
7.400E+01,0.000E+00,0.000E+00,1.936E-02,0.000E+00,2.401E-02,8.437E-02,2.568E+00,1.422E+00,-5.712E-01,1.428E+01,2.512E+00,4.749E+00,3.331E-01,1.212E+00,1.000E+00,9.603E-02,3.609E+00,1.391E+00,-8.021E-01,2.891E+01,2.755E+00,4.681E+00,5.040E-01,1.300E+00,1.000E+00,4.666E-02,5.718E+00
7.500E+01,0.000E+00,0.000E+00,2.052E-02,0.000E+00,2.551E-02,8.920E-02,2.720E+00,1.400E+00,-5.575E-01,1.358E+01,2.668E+00,4.700E+00,3.379E-01,1.275E+00,1.000E+00,9.561E-02,3.622E+00,1.355E+00,-7.784E-01,2.613E+01,3.025E+00,4.614E+00,5.114E-01,1.391E+00,1.000E+00,4.746E-02,5.647E+00
7.600E+01,0.000E+00,0.000E+00,2.167E-02,0.000E+00,2.701E-02,9.402E-02,2.871E+00,1.380E+00,-5.438E-01,1.287E+01,2.823E+00,4.652E+00,3.428E-01,1.338E+00,1.000E+00,9.519E-02,3.635E+00,1.326E+00,-7.548E-01,2.334E+01,3.295E+00,4.551E+00,5.188E-01,1.483E+00,1.000E+00,4.826E-02,5.577E+00
7.700E+01,0.000E+00,0.000E+00,2.211E-02,0.000E+00,2.923E-02,9.945E-02,3.033E+00,1.351E+00,-5.310E-01,1.249E+01,3.042E+00,4.618E+00,3.475E-01,1.385E+00,1.000E+00,9.350E-02,3.691E+00,1.289E+00,-7.410E-01,2.194E+01,3.656E+00,4.489E+00,5.302E-01,1.577E+00,1.000E+00,4.630E-02,5.756E+00
7.800E+01,0.000E+00,0.000E+00,2.256E-02,0.000E+00,3.144E-02,1.049E-01,3.195E+00,1.324E+00,-5.182E-01,1.211E+01,3.261E+00,4.585E+00,3.522E-01,1.432E+00,1.000E+00,9.180E-02,3.746E+00,1.257E+00,-7.273E-01,2.053E+01,4.018E+00,4.431E+00,5.417E-01,1.672E+00,1.000E+00,4.433E-02,5.936E+00
7.900E+01,0.000E+00,0.000E+00,2.337E-02,0.000E+00,3.311E-02,1.097E-01,3.342E+00,1.290E+00,-5.165E-01,1.230E+01,3.539E+00,4.511E+00,3.663E-01,1.543E+00,1.000E+00,9.128E-02,3.764E+00,1.228E+00,-7.212E-01,2.020E+01,4.340E+00,4.322E+00,5.547E-01,1.866E+00,1.000E+00,4.341E-02,6.029E+00
8.000E+01,0.000E+00,0.000E+00,2.418E-02,0.000E+00,3.478E-02,1.145E-01,3.489E+00,1.259E+00,-5.148E-01,1.250E+01,3.817E+00,4.442E+00,3.803E-01,1.654E+00,1.000E+00,9.076E-02,3.782E+00,1.202E+00,-7.151E-01,1.987E+01,4.662E+00,4.223E+00,5.677E-01,2.060E+00,1.000E+00,4.250E-02,6.122E+00
8.100E+01,0.000E+00,0.000E+00,2.381E-02,0.000E+00,3.620E-02,1.167E-01,3.553E+00,1.217E+00,-5.014E-01,1.193E+01,4.341E+00,4.330E+00,3.939E-01,1.851E+00,1.000E+00,8.966E-02,3.821E+00,1.145E+00,-6.992E-01,1.898E+01,5.524E+00,4.108E+00,5.767E-01,2.313E+00,1.000E+00,4.196E-02,6.180E+00
8.200E+01,0.000E+00,0.000E+00,2.344E-02,0.000E+00,3.763E-02,1.189E-01,3.618E+00,1.183E+00,-4.881E-01,1.137E+01,4.865E+00,4.228E+00,4.074E-01,2.049E+00,1.000E+00,8.855E-02,3.860E+00,1.099E+00,-6.832E-01,1.809E+01,6.386E+00,4.004E+00,5.857E-01,2.565E+00,1.000E+00,4.142E-02,6.237E+00
8.300E+01,0.000E+00,0.000E+00,2.172E-02,0.000E+00,3.619E-02,1.125E-01,3.428E+00,1.134E+00,-4.789E-01,1.108E+01,5.724E+00,4.083E+00,4.239E-01,2.370E+00,1.000E+00,8.532E-02,3.985E+00,1.055E+00,-6.704E-01,1.724E+01,7.472E+00,3.896E+00,5.942E-01,2.862E+00,1.000E+00,3.827E-02,6.629E+00
8.400E+01,0.000E+00,0.000E+00,2.000E-02,0.000E+00,3.476E-02,1.062E-01,3.238E+00,1.095E+00,-4.698E-01,1.078E+01,6.583E+00,3.957E+00,4.404E-01,2.691E+00,1.000E+00,8.208E-02,4.110E+00,1.020E+00,-6.576E-01,1.639E+01,8.557E+00,3.799E+00,6.028E-01,3.159E+00,1.000E+00,3.512E-02,7.020E+00
8.500E+01,0.000E+00,0.000E+00,1.478E-02,0.000E+00,2.665E-02,8.043E-02,2.451E+00,1.063E+00,-4.505E-01,9.700E+00,7.789E+00,3.876E+00,4.466E-01,2.920E+00,1.000E+00,7.777E-02,4.306E+00,1.027E+00,-6.562E-01,1.476E+01,8.990E+00,3.788E+00,6.127E-01,3.195E+00,1.000E+00,3.123E-02,7.688E+00
8.600E+01,0.000E+00,0.000E+00,9.557E-03,0.000E+00,1.855E-02,5.465E-02,1.663E+00,1.045E+00,-4.312E-01,8.622E+00,8.995E+00,3.802E+00,4.528E-01,3.149E+00,1.000E+00,7.345E-02,4.502E+00,1.038E+00,-6.549E-01,1.312E+01,9.422E+00,3.777E+00,6.226E-01,3.230E+00,1.000E+00,2.735E-02,8.356E+00
8.700E+01,0.000E+00,0.000E+00,4.823E-03,0.000E+00,9.473E-03,2.790E-02,8.475E-01,1.113E+00,-4.971E-01,8.275E+00,8.102E+00,3.897E+00,5.200E-01,2.858E+00,1.000E+00,7.115E-02,4.624E+00,9.763E-01,-7.299E-01,1.348E+01,1.304E+01,3.682E+00,7.040E-01,3.560E+00,1.000E+00,2.055E-02,1.070E+01
8.800E+01,0.000E+00,0.000E+00,8.984E-05,0.000E+00,3.965E-04,1.159E-03,3.203E-02,1.185E+00,-5.630E-01,7.929E+00,7.208E+00,4.004E+00,5.872E-01,2.567E+00,1.000E+00,6.884E-02,4.746E+00,9.331E-01,-8.049E-01,1.384E+01,1.666E+01,3.596E+00,7.854E-01,3.890E+00,1.000E+00,1.376E-02,1.304E+01
8.900E+01,0.000E+00,0.000E+00,9.766E-07,0.000E+00,3.906E-06,1.660E-05,8.853E-04,3.142E+00,0.000E+00,0.000E+00,0.000E+00,9.870E+00,0.000E+00,0.000E+00,0.000E+00,0.000E+00,0.000E+00,3.142E+00,0.000E+00,0.000E+00,0.000E+00,9.870E+00,0.000E+00,0.000E+00,0.000E+00,0.000E+00,0.000E+00
