alpha,H,He,Mg,Al,O,Mg_1,O_1,Al_2,O_2,amu/ion,thetaK_Al,thetaTilt_Al,thetaM_Al,thetaN_Al,3dK_Al,3dTilt_Al,3dM_Al,3dN_Al,energyK_Al,energyE_Al,thetaK_Mg,thetaTilt_Mg,thetaM_Mg,thetaN_Mg,3dK_Mg,3dTilt_Mg,3dM_Mg,3dN_Mg,energyK_Mg,energyE_Mg,thetaK_O,thetaTilt_O,thetaM_O,thetaN_O,3dK_O,3dTilt_O,3dM_O,3dN_O,energyK_O,energyE_O
0.000E+00,0.000E+00,0.000E+00,2.758E-03,3.828E-04,0.000E+00,0.000E+00,0.000E+00,5.360E-03,1.117E-02,4.014E-01,1.700E+00,1.057E-02,1.438E+00,1.829E+00,4.935E+00,1.222E-02,1.000E+00,1.000E+00,8.670E-02,3.591E+00,1.662E+00,1.055E-02,1.532E+00,1.947E+00,4.935E+00,4.085E-03,1.000E+00,1.000E+00,2.112E-01,1.747E+00,1.704E+00,1.654E-02,1.548E+00,1.678E+00,4.935E+00,0.000E+00,1.000E+00,1.000E+00,1.211E-01,2.968E+00
1.000E+00,0.000E+00,0.000E+00,2.776E-03,3.885E-04,0.000E+00,0.000E+00,2.441E-07,5.401E-03,1.127E-02,4.045E-01,1.694E+00,-2.465E-03,1.500E+00,1.799E+00,4.935E+00,1.804E-02,1.000E+00,1.000E+00,8.710E-02,3.578E+00,1.655E+00,-7.557E-03,1.643E+00,1.901E+00,4.935E+00,1.148E-02,1.000E+00,1.000E+00,2.107E-01,1.750E+00,1.686E+00,4.089E-03,1.612E+00,1.706E+00,4.935E+00,8.102E-03,1.000E+00,1.000E+00,1.213E-01,2.964E+00
2.000E+00,0.000E+00,0.000E+00,2.794E-03,3.943E-04,0.000E+00,0.000E+00,4.883E-07,5.441E-03,1.136E-02,4.076E-01,1.701E+00,-1.550E-02,1.563E+00,1.769E+00,4.935E+00,2.386E-02,1.000E+00,1.000E+00,8.750E-02,3.565E+00,1.661E+00,-2.567E-02,1.754E+00,1.854E+00,4.935E+00,1.888E-02,1.000E+00,1.000E+00,2.103E-01,1.753E+00,1.678E+00,-8.361E-03,1.675E+00,1.735E+00,4.935E+00,1.620E-02,1.000E+00,1.000E+00,1.215E-01,2.960E+00
3.000E+00,0.000E+00,0.000E+00,2.813E-03,4.000E-04,0.000E+00,0.000E+00,7.324E-07,5.482E-03,1.146E-02,4.108E-01,1.708E+00,-2.853E-02,1.625E+00,1.738E+00,4.935E+00,2.968E-02,1.000E+00,1.000E+00,8.790E-02,3.553E+00,1.668E+00,-4.378E-02,1.865E+00,1.808E+00,4.935E+00,2.627E-02,1.000E+00,1.000E+00,2.099E-01,1.756E+00,1.674E+00,-2.081E-02,1.739E+00,1.763E+00,4.935E+00,2.431E-02,1.000E+00,1.000E+00,1.217E-01,2.956E+00
4.000E+00,0.000E+00,0.000E+00,2.822E-03,4.029E-04,0.000E+00,0.000E+00,8.545E-07,5.502E-03,1.151E-02,4.124E-01,1.711E+00,-3.504E-02,1.656E+00,1.723E+00,4.935E+00,3.259E-02,1.000E+00,1.000E+00,8.810E-02,3.546E+00,1.672E+00,-5.283E-02,1.921E+00,1.784E+00,4.935E+00,2.997E-02,1.000E+00,1.000E+00,2.096E-01,1.758E+00,1.672E+00,-2.704E-02,1.771E+00,1.777E+00,4.935E+00,2.836E-02,1.000E+00,1.000E+00,1.218E-01,2.955E+00
5.000E+00,0.000E+00,0.000E+00,2.831E-03,4.058E-04,0.000E+00,0.000E+00,9.766E-07,5.522E-03,1.156E-02,4.139E-01,1.715E+00,-4.156E-02,1.687E+00,1.708E+00,4.935E+00,3.550E-02,1.000E+00,1.000E+00,8.829E-02,3.540E+00,1.676E+00,-6.189E-02,1.977E+00,1.761E+00,4.935E+00,3.367E-02,1.000E+00,1.000E+00,2.094E-01,1.760E+00,1.671E+00,-3.326E-02,1.802E+00,1.791E+00,4.935E+00,3.241E-02,1.000E+00,1.000E+00,1.219E-01,2.953E+00
6.000E+00,0.000E+00,0.000E+00,2.849E-03,4.115E-04,0.000E+00,0.000E+00,1.221E-06,5.562E-03,1.165E-02,4.171E-01,1.723E+00,-5.459E-02,1.749E+00,1.678E+00,4.935E+00,4.132E-02,1.000E+00,1.000E+00,8.869E-02,3.527E+00,1.686E+00,-8.000E-02,2.088E+00,1.715E+00,4.935E+00,4.106E-02,1.000E+00,1.000E+00,2.090E-01,1.763E+00,1.668E+00,-4.571E-02,1.866E+00,1.819E+00,4.935E+00,4.051E-02,1.000E+00,1.000E+00,1.221E-01,2.949E+00
7.000E+00,0.000E+00,0.000E+00,2.868E-03,4.172E-04,0.000E+00,0.000E+00,1.465E-06,5.603E-03,1.175E-02,4.202E-01,1.731E+00,-6.762E-02,1.812E+00,1.648E+00,4.935E+00,4.714E-02,1.000E+00,1.000E+00,8.909E-02,3.515E+00,1.696E+00,-9.811E-02,2.199E+00,1.668E+00,4.935E+00,4.846E-02,1.000E+00,1.000E+00,2.086E-01,1.766E+00,1.665E+00,-5.816E-02,1.929E+00,1.848E+00,4.935E+00,4.861E-02,1.000E+00,1.000E+00,1.222E-01,2.945E+00
8.000E+00,0.000E+00,0.000E+00,2.886E-03,4.230E-04,0.000E+00,0.000E+00,1.709E-06,5.643E-03,1.185E-02,4.234E-01,1.739E+00,-8.065E-02,1.874E+00,1.618E+00,4.935E+00,5.296E-02,1.000E+00,1.000E+00,8.949E-02,3.502E+00,1.708E+00,-1.162E-01,2.311E+00,1.622E+00,4.935E+00,5.586E-02,1.000E+00,1.000E+00,2.081E-01,1.769E+00,1.662E+00,-7.061E-02,1.993E+00,1.876E+00,4.935E+00,5.672E-02,1.000E+00,1.000E+00,1.224E-01,2.941E+00
9.000E+00,0.000E+00,0.000E+00,2.895E-03,4.258E-04,0.000E+00,0.000E+00,1.831E-06,5.663E-03,1.190E-02,4.249E-01,1.743E+00,-8.717E-02,1.905E+00,1.603E+00,4.935E+00,5.587E-02,1.000E+00,1.000E+00,8.969E-02,3.496E+00,1.714E+00,-1.253E-01,2.366E+00,1.599E+00,4.935E+00,5.955E-02,1.000E+00,1.000E+00,2.079E-01,1.770E+00,1.661E+00,-7.683E-02,2.025E+00,1.890E+00,4.935E+00,6.077E-02,1.000E+00,1.000E+00,1.225E-01,2.939E+00
1.000E+01,0.000E+00,0.000E+00,2.904E-03,4.287E-04,0.000E+00,0.000E+00,1.953E-06,5.684E-03,1.195E-02,4.265E-01,1.748E+00,-9.368E-02,1.936E+00,1.588E+00,4.935E+00,5.878E-02,1.000E+00,1.000E+00,8.988E-02,3.490E+00,1.720E+00,-1.343E-01,2.422E+00,1.575E+00,4.935E+00,6.325E-02,1.000E+00,1.000E+00,2.077E-01,1.772E+00,1.660E+00,-8.306E-02,2.056E+00,1.904E+00,4.935E+00,6.482E-02,1.000E+00,1.000E+00,1.226E-01,2.937E+00
1.100E+01,0.000E+00,0.000E+00,3.004E-03,4.414E-04,0.000E+00,0.000E+00,1.709E-06,5.773E-03,1.213E-02,4.347E-01,1.749E+00,-1.165E-01,2.095E+00,1.570E+00,4.935E+00,6.929E-02,1.000E+00,1.000E+00,8.949E-02,3.502E+00,1.714E+00,-1.435E-01,2.475E+00,1.615E+00,4.935E+00,7.330E-02,1.000E+00,1.000E+00,2.080E-01,1.770E+00,1.662E+00,-9.573E-02,2.130E+00,1.896E+00,4.935E+00,7.290E-02,1.000E+00,1.000E+00,1.218E-01,2.954E+00
1.200E+01,0.000E+00,0.000E+00,3.104E-03,4.541E-04,0.000E+00,0.000E+00,1.465E-06,5.863E-03,1.231E-02,4.428E-01,1.752E+00,-1.394E-01,2.254E+00,1.552E+00,4.935E+00,7.980E-02,1.000E+00,1.000E+00,8.909E-02,3.515E+00,1.707E+00,-1.527E-01,2.527E+00,1.655E+00,4.935E+00,8.336E-02,1.000E+00,1.000E+00,2.082E-01,1.768E+00,1.665E+00,-1.084E-01,2.204E+00,1.888E+00,4.935E+00,8.098E-02,1.000E+00,1.000E+00,1.210E-01,2.971E+00
1.300E+01,0.000E+00,0.000E+00,3.203E-03,4.668E-04,0.000E+00,0.000E+00,1.221E-06,5.952E-03,1.250E-02,4.509E-01,1.756E+00,-1.623E-01,2.413E+00,1.534E+00,4.935E+00,9.030E-02,1.000E+00,1.000E+00,8.869E-02,3.528E+00,1.701E+00,-1.618E-01,2.579E+00,1.695E+00,4.935E+00,9.341E-02,1.000E+00,1.000E+00,2.085E-01,1.766E+00,1.668E+00,-1.211E-01,2.278E+00,1.880E+00,4.935E+00,8.906E-02,1.000E+00,1.000E+00,1.202E-01,2.988E+00
1.400E+01,0.000E+00,0.000E+00,3.253E-03,4.731E-04,0.000E+00,0.000E+00,1.099E-06,5.997E-03,1.259E-02,4.550E-01,1.759E+00,-1.737E-01,2.493E+00,1.526E+00,4.935E+00,9.556E-02,1.000E+00,1.000E+00,8.849E-02,3.534E+00,1.699E+00,-1.664E-01,2.606E+00,1.715E+00,4.935E+00,9.843E-02,1.000E+00,1.000E+00,2.086E-01,1.765E+00,1.669E+00,-1.274E-01,2.315E+00,1.876E+00,4.935E+00,9.311E-02,1.000E+00,1.000E+00,1.198E-01,2.997E+00
1.500E+01,0.000E+00,0.000E+00,3.303E-03,4.795E-04,0.000E+00,0.000E+00,9.766E-07,6.042E-03,1.268E-02,4.591E-01,1.762E+00,-1.851E-01,2.572E+00,1.517E+00,4.935E+00,1.008E-01,1.000E+00,1.000E+00,8.829E-02,3.540E+00,1.696E+00,-1.710E-01,2.632E+00,1.735E+00,4.935E+00,1.035E-01,1.000E+00,1.000E+00,2.087E-01,1.764E+00,1.671E+00,-1.337E-01,2.352E+00,1.872E+00,4.935E+00,9.715E-02,1.000E+00,1.000E+00,1.194E-01,3.005E+00
1.600E+01,0.000E+00,0.000E+00,3.403E-03,4.922E-04,0.000E+00,0.000E+00,7.324E-07,6.131E-03,1.287E-02,4.672E-01,1.768E+00,-2.080E-01,2.731E+00,1.499E+00,4.935E+00,1.113E-01,1.000E+00,1.000E+00,8.790E-02,3.553E+00,1.690E+00,-1.802E-01,2.684E+00,1.774E+00,4.935E+00,1.135E-01,1.000E+00,1.000E+00,2.090E-01,1.762E+00,1.674E+00,-1.464E-01,2.426E+00,1.864E+00,4.935E+00,1.052E-01,1.000E+00,1.000E+00,1.186E-01,3.022E+00
1.700E+01,0.000E+00,0.000E+00,3.503E-03,5.049E-04,0.000E+00,0.000E+00,4.883E-07,6.220E-03,1.305E-02,4.754E-01,1.776E+00,-2.308E-01,2.890E+00,1.481E+00,4.935E+00,1.218E-01,1.000E+00,1.000E+00,8.750E-02,3.565E+00,1.685E+00,-1.893E-01,2.737E+00,1.814E+00,4.935E+00,1.236E-01,1.000E+00,1.000E+00,2.093E-01,1.761E+00,1.678E+00,-1.591E-01,2.499E+00,1.857E+00,4.935E+00,1.133E-01,1.000E+00,1.000E+00,1.178E-01,3.039E+00
1.800E+01,0.000E+00,0.000E+00,3.602E-03,5.176E-04,0.000E+00,0.000E+00,2.441E-07,6.310E-03,1.323E-02,4.835E-01,1.784E+00,-2.537E-01,3.049E+00,1.463E+00,4.935E+00,1.323E-01,1.000E+00,1.000E+00,8.710E-02,3.578E+00,1.679E+00,-1.985E-01,2.789E+00,1.854E+00,4.935E+00,1.336E-01,1.000E+00,1.000E+00,2.095E-01,1.759E+00,1.681E+00,-1.717E-01,2.573E+00,1.849E+00,4.935E+00,1.214E-01,1.000E+00,1.000E+00,1.170E-01,3.056E+00
1.900E+01,0.000E+00,0.000E+00,3.652E-03,5.239E-04,0.000E+00,0.000E+00,1.221E-07,6.355E-03,1.333E-02,4.876E-01,1.788E+00,-2.651E-01,3.129E+00,1.455E+00,4.935E+00,1.376E-01,1.000E+00,1.000E+00,8.690E-02,3.584E+00,1.677E+00,-2.031E-01,2.815E+00,1.874E+00,4.935E+00,1.386E-01,1.000E+00,1.000E+00,2.097E-01,1.758E+00,1.683E+00,-1.781E-01,2.610E+00,1.845E+00,4.935E+00,1.254E-01,1.000E+00,1.000E+00,1.166E-01,3.065E+00
2.000E+01,0.000E+00,0.000E+00,3.702E-03,5.303E-04,0.000E+00,0.000E+00,0.000E+00,6.399E-03,1.342E-02,4.917E-01,1.793E+00,-2.765E-01,3.208E+00,1.446E+00,4.935E+00,1.428E-01,1.000E+00,1.000E+00,8.670E-02,3.591E+00,1.674E+00,-2.077E-01,2.842E+00,1.894E+00,4.935E+00,1.437E-01,1.000E+00,1.000E+00,2.098E-01,1.757E+00,1.685E+00,-1.844E-01,2.647E+00,1.841E+00,4.935E+00,1.295E-01,1.000E+00,1.000E+00,1.162E-01,3.073E+00
2.100E+01,0.000E+00,0.000E+00,3.773E-03,5.005E-04,0.000E+00,0.000E+00,0.000E+00,6.678E-03,1.397E-02,5.089E-01,1.789E+00,-2.801E-01,3.204E+00,1.472E+00,4.935E+00,1.491E-01,1.000E+00,1.000E+00,8.604E-02,3.614E+00,1.676E+00,-2.159E-01,2.915E+00,1.878E+00,4.935E+00,1.458E-01,1.000E+00,1.000E+00,2.094E-01,1.760E+00,1.682E+00,-1.939E-01,2.723E+00,1.860E+00,4.935E+00,1.357E-01,1.000E+00,1.000E+00,1.160E-01,3.079E+00
2.200E+01,0.000E+00,0.000E+00,3.844E-03,4.707E-04,0.000E+00,0.000E+00,0.000E+00,6.957E-03,1.452E-02,5.262E-01,1.786E+00,-2.837E-01,3.200E+00,1.499E+00,4.935E+00,1.553E-01,1.000E+00,1.000E+00,8.537E-02,3.637E+00,1.679E+00,-2.241E-01,2.989E+00,1.863E+00,4.935E+00,1.480E-01,1.000E+00,1.000E+00,2.089E-01,1.763E+00,1.678E+00,-2.033E-01,2.798E+00,1.879E+00,4.935E+00,1.419E-01,1.000E+00,1.000E+00,1.157E-01,3.085E+00
2.300E+01,0.000E+00,0.000E+00,3.914E-03,4.409E-04,0.000E+00,0.000E+00,0.000E+00,7.235E-03,1.507E-02,5.435E-01,1.783E+00,-2.873E-01,3.196E+00,1.525E+00,4.935E+00,1.615E-01,1.000E+00,1.000E+00,8.470E-02,3.660E+00,1.681E+00,-2.323E-01,3.063E+00,1.847E+00,4.935E+00,1.502E-01,1.000E+00,1.000E+00,2.085E-01,1.766E+00,1.674E+00,-2.128E-01,2.873E+00,1.898E+00,4.935E+00,1.481E-01,1.000E+00,1.000E+00,1.155E-01,3.090E+00
2.400E+01,0.000E+00,0.000E+00,3.950E-03,4.260E-04,0.000E+00,0.000E+00,0.000E+00,7.375E-03,1.534E-02,5.521E-01,1.781E+00,-2.891E-01,3.195E+00,1.538E+00,4.935E+00,1.647E-01,1.000E+00,1.000E+00,8.437E-02,3.672E+00,1.683E+00,-2.364E-01,3.100E+00,1.839E+00,4.935E+00,1.512E-01,1.000E+00,1.000E+00,2.082E-01,1.768E+00,1.673E+00,-2.175E-01,2.911E+00,1.907E+00,4.935E+00,1.512E-01,1.000E+00,1.000E+00,1.154E-01,3.093E+00
2.500E+01,0.000E+00,0.000E+00,3.985E-03,4.111E-04,0.000E+00,0.000E+00,0.000E+00,7.514E-03,1.562E-02,5.608E-01,1.780E+00,-2.909E-01,3.193E+00,1.551E+00,4.935E+00,1.678E-01,1.000E+00,1.000E+00,8.404E-02,3.683E+00,1.684E+00,-2.405E-01,3.137E+00,1.831E+00,4.935E+00,1.523E-01,1.000E+00,1.000E+00,2.080E-01,1.770E+00,1.671E+00,-2.223E-01,2.949E+00,1.917E+00,4.935E+00,1.543E-01,1.000E+00,1.000E+00,1.152E-01,3.096E+00
2.600E+01,0.000E+00,0.000E+00,4.056E-03,3.813E-04,0.000E+00,0.000E+00,0.000E+00,7.793E-03,1.617E-02,5.780E-01,1.777E+00,-2.945E-01,3.189E+00,1.578E+00,4.935E+00,1.740E-01,1.000E+00,1.000E+00,8.337E-02,3.706E+00,1.687E+00,-2.488E-01,3.211E+00,1.816E+00,4.935E+00,1.545E-01,1.000E+00,1.000E+00,2.076E-01,1.773E+00,1.668E+00,-2.317E-01,3.024E+00,1.936E+00,4.935E+00,1.605E-01,1.000E+00,1.000E+00,1.150E-01,3.101E+00
2.700E+01,0.000E+00,0.000E+00,4.126E-03,3.516E-04,0.000E+00,0.000E+00,0.000E+00,8.072E-03,1.672E-02,5.953E-01,1.774E+00,-2.981E-01,3.185E+00,1.604E+00,4.935E+00,1.802E-01,1.000E+00,1.000E+00,8.270E-02,3.729E+00,1.690E+00,-2.570E-01,3.285E+00,1.800E+00,4.935E+00,1.566E-01,1.000E+00,1.000E+00,2.071E-01,1.776E+00,1.665E+00,-2.412E-01,3.100E+00,1.955E+00,4.935E+00,1.667E-01,1.000E+00,1.000E+00,1.148E-01,3.107E+00
2.800E+01,0.000E+00,0.000E+00,4.197E-03,3.218E-04,0.000E+00,0.000E+00,0.000E+00,8.350E-03,1.727E-02,6.126E-01,1.771E+00,-3.016E-01,3.181E+00,1.631E+00,4.935E+00,1.865E-01,1.000E+00,1.000E+00,8.203E-02,3.752E+00,1.693E+00,-2.652E-01,3.359E+00,1.784E+00,4.935E+00,1.588E-01,1.000E+00,1.000E+00,2.067E-01,1.779E+00,1.662E+00,-2.507E-01,3.175E+00,1.974E+00,4.935E+00,1.729E-01,1.000E+00,1.000E+00,1.145E-01,3.113E+00
2.900E+01,0.000E+00,0.000E+00,4.232E-03,3.069E-04,0.000E+00,0.000E+00,0.000E+00,8.490E-03,1.754E-02,6.212E-01,1.770E+00,-3.034E-01,3.179E+00,1.644E+00,4.935E+00,1.896E-01,1.000E+00,1.000E+00,8.170E-02,3.764E+00,1.695E+00,-2.693E-01,3.396E+00,1.777E+00,4.935E+00,1.599E-01,1.000E+00,1.000E+00,2.065E-01,1.781E+00,1.661E+00,-2.554E-01,3.213E+00,1.984E+00,4.935E+00,1.760E-01,1.000E+00,1.000E+00,1.144E-01,3.115E+00
3.000E+01,0.000E+00,0.000E+00,4.268E-03,2.920E-04,0.000E+00,0.000E+00,0.000E+00,8.629E-03,1.782E-02,6.299E-01,1.768E+00,-3.052E-01,3.177E+00,1.657E+00,4.935E+00,1.927E-01,1.000E+00,1.000E+00,8.137E-02,3.776E+00,1.697E+00,-2.734E-01,3.433E+00,1.769E+00,4.935E+00,1.610E-01,1.000E+00,1.000E+00,2.062E-01,1.783E+00,1.660E+00,-2.601E-01,3.250E+00,1.993E+00,4.935E+00,1.791E-01,1.000E+00,1.000E+00,1.143E-01,3.118E+00
3.100E+01,0.000E+00,0.000E+00,4.608E-03,2.555E-04,0.000E+00,2.441E-07,4.883E-07,9.369E-03,1.916E-02,6.787E-01,1.749E+00,-3.242E-01,3.444E+00,1.705E+00,4.935E+00,2.051E-01,1.000E+00,1.000E+00,8.081E-02,3.797E+00,1.692E+00,-2.855E-01,3.567E+00,1.785E+00,4.935E+00,1.702E-01,1.000E+00,1.000E+00,2.043E-01,1.798E+00,1.654E+00,-2.706E-01,3.383E+00,2.006E+00,4.935E+00,1.849E-01,1.000E+00,1.000E+00,1.135E-01,3.136E+00
3.200E+01,0.000E+00,0.000E+00,4.778E-03,2.372E-04,0.000E+00,3.662E-07,7.324E-07,9.739E-03,1.983E-02,7.031E-01,1.741E+00,-3.336E-01,3.578E+00,1.729E+00,4.935E+00,2.113E-01,1.000E+00,1.000E+00,8.053E-02,3.808E+00,1.690E+00,-2.915E-01,3.634E+00,1.793E+00,4.935E+00,1.748E-01,1.000E+00,1.000E+00,2.034E-01,1.806E+00,1.651E+00,-2.759E-01,3.450E+00,2.012E+00,4.935E+00,1.879E-01,1.000E+00,1.000E+00,1.131E-01,3.146E+00
3.300E+01,0.000E+00,0.000E+00,4.948E-03,2.190E-04,0.000E+00,4.883E-07,9.766E-07,1.011E-02,2.050E-02,7.275E-01,1.732E+00,-3.431E-01,3.711E+00,1.754E+00,4.935E+00,2.175E-01,1.000E+00,1.000E+00,8.025E-02,3.818E+00,1.688E+00,-2.976E-01,3.701E+00,1.801E+00,4.935E+00,1.795E-01,1.000E+00,1.000E+00,2.024E-01,1.813E+00,1.649E+00,-2.811E-01,3.517E+00,2.018E+00,4.935E+00,1.908E-01,1.000E+00,1.000E+00,1.128E-01,3.155E+00
3.400E+01,0.000E+00,0.000E+00,5.119E-03,2.007E-04,0.000E+00,6.104E-07,1.221E-06,1.048E-02,2.117E-02,7.519E-01,1.725E+00,-3.526E-01,3.845E+00,1.778E+00,4.935E+00,2.237E-01,1.000E+00,1.000E+00,7.997E-02,3.829E+00,1.686E+00,-3.036E-01,3.768E+00,1.809E+00,4.935E+00,1.841E-01,1.000E+00,1.000E+00,2.015E-01,1.821E+00,1.646E+00,-2.863E-01,3.583E+00,2.025E+00,4.935E+00,1.937E-01,1.000E+00,1.000E+00,1.124E-01,3.164E+00
3.500E+01,0.000E+00,0.000E+00,5.289E-03,1.825E-04,0.000E+00,7.324E-07,1.465E-06,1.085E-02,2.184E-02,7.763E-01,1.717E+00,-3.620E-01,3.979E+00,1.802E+00,4.935E+00,2.299E-01,1.000E+00,1.000E+00,7.969E-02,3.840E+00,1.684E+00,-3.096E-01,3.836E+00,1.818E+00,4.935E+00,1.887E-01,1.000E+00,1.000E+00,2.005E-01,1.828E+00,1.644E+00,-2.916E-01,3.650E+00,2.031E+00,4.935E+00,1.966E-01,1.000E+00,1.000E+00,1.120E-01,3.173E+00
3.600E+01,0.000E+00,0.000E+00,5.459E-03,1.642E-04,0.000E+00,8.545E-07,1.709E-06,1.122E-02,2.251E-02,8.007E-01,1.710E+00,-3.715E-01,4.112E+00,1.826E+00,4.935E+00,2.361E-01,1.000E+00,1.000E+00,7.941E-02,3.851E+00,1.683E+00,-3.157E-01,3.903E+00,1.826E+00,4.935E+00,1.933E-01,1.000E+00,1.000E+00,1.996E-01,1.836E+00,1.642E+00,-2.968E-01,3.716E+00,2.037E+00,4.935E+00,1.995E-01,1.000E+00,1.000E+00,1.116E-01,3.182E+00
3.700E+01,0.000E+00,0.000E+00,5.629E-03,1.460E-04,0.000E+00,9.766E-07,1.953E-06,1.159E-02,2.319E-02,8.251E-01,1.703E+00,-3.810E-01,4.246E+00,1.850E+00,4.935E+00,2.423E-01,1.000E+00,1.000E+00,7.913E-02,3.861E+00,1.681E+00,-3.217E-01,3.970E+00,1.834E+00,4.935E+00,1.980E-01,1.000E+00,1.000E+00,1.986E-01,1.843E+00,1.640E+00,-3.020E-01,3.783E+00,2.044E+00,4.935E+00,2.024E-01,1.000E+00,1.000E+00,1.113E-01,3.191E+00
3.800E+01,0.000E+00,0.000E+00,5.800E-03,1.277E-04,0.000E+00,1.099E-06,2.197E-06,1.196E-02,2.386E-02,8.495E-01,1.697E+00,-3.904E-01,4.379E+00,1.874E+00,4.935E+00,2.484E-01,1.000E+00,1.000E+00,7.885E-02,3.872E+00,1.679E+00,-3.278E-01,4.037E+00,1.842E+00,4.935E+00,2.026E-01,1.000E+00,1.000E+00,1.976E-01,1.851E+00,1.638E+00,-3.073E-01,3.849E+00,2.050E+00,4.935E+00,2.053E-01,1.000E+00,1.000E+00,1.109E-01,3.200E+00
3.900E+01,0.000E+00,0.000E+00,5.970E-03,1.095E-04,0.000E+00,1.221E-06,2.441E-06,1.233E-02,2.453E-02,8.739E-01,1.691E+00,-3.999E-01,4.513E+00,1.898E+00,4.935E+00,2.546E-01,1.000E+00,1.000E+00,7.857E-02,3.883E+00,1.678E+00,-3.338E-01,4.104E+00,1.850E+00,4.935E+00,2.072E-01,1.000E+00,1.000E+00,1.967E-01,1.859E+00,1.636E+00,-3.125E-01,3.916E+00,2.056E+00,4.935E+00,2.083E-01,1.000E+00,1.000E+00,1.105E-01,3.209E+00
4.000E+01,0.000E+00,0.000E+00,6.140E-03,9.125E-05,0.000E+00,1.343E-06,2.686E-06,1.270E-02,2.520E-02,8.983E-01,1.685E+00,-4.094E-01,4.647E+00,1.922E+00,4.935E+00,2.608E-01,1.000E+00,1.000E+00,7.829E-02,3.893E+00,1.676E+00,-3.398E-01,4.171E+00,1.858E+00,4.935E+00,2.119E-01,1.000E+00,1.000E+00,1.957E-01,1.866E+00,1.634E+00,-3.177E-01,3.983E+00,2.062E+00,4.935E+00,2.112E-01,1.000E+00,1.000E+00,1.101E-01,3.218E+00
4.100E+01,0.000E+00,0.000E+00,6.310E-03,7.300E-05,0.000E+00,1.465E-06,2.930E-06,1.307E-02,2.587E-02,9.227E-01,1.679E+00,-4.188E-01,4.780E+00,1.946E+00,4.935E+00,2.670E-01,1.000E+00,1.000E+00,7.801E-02,3.904E+00,1.675E+00,-3.459E-01,4.238E+00,1.866E+00,4.935E+00,2.165E-01,1.000E+00,1.000E+00,1.948E-01,1.874E+00,1.632E+00,-3.230E-01,4.049E+00,2.069E+00,4.935E+00,2.141E-01,1.000E+00,1.000E+00,1.097E-01,3.227E+00
4.200E+01,0.000E+00,0.000E+00,6.481E-03,5.475E-05,0.000E+00,1.587E-06,3.174E-06,1.344E-02,2.654E-02,9.471E-01,1.674E+00,-4.283E-01,4.914E+00,1.971E+00,4.935E+00,2.732E-01,1.000E+00,1.000E+00,7.773E-02,3.915E+00,1.673E+00,-3.519E-01,4.305E+00,1.874E+00,4.935E+00,2.211E-01,1.000E+00,1.000E+00,1.938E-01,1.881E+00,1.630E+00,-3.282E-01,4.116E+00,2.075E+00,4.935E+00,2.170E-01,1.000E+00,1.000E+00,1.094E-01,3.237E+00
4.300E+01,0.000E+00,0.000E+00,6.651E-03,3.650E-05,0.000E+00,1.709E-06,3.418E-06,1.381E-02,2.721E-02,9.716E-01,1.668E+00,-4.378E-01,5.048E+00,1.995E+00,4.935E+00,2.794E-01,1.000E+00,1.000E+00,7.745E-02,3.926E+00,1.672E+00,-3.580E-01,4.372E+00,1.882E+00,4.935E+00,2.257E-01,1.000E+00,1.000E+00,1.929E-01,1.889E+00,1.629E+00,-3.334E-01,4.182E+00,2.081E+00,4.935E+00,2.199E-01,1.000E+00,1.000E+00,1.090E-01,3.246E+00
4.400E+01,0.000E+00,0.000E+00,6.821E-03,1.825E-05,0.000E+00,1.831E-06,3.662E-06,1.418E-02,2.789E-02,9.960E-01,1.663E+00,-4.472E-01,5.181E+00,2.019E+00,4.935E+00,2.856E-01,1.000E+00,1.000E+00,7.717E-02,3.936E+00,1.671E+00,-3.640E-01,4.439E+00,1.891E+00,4.935E+00,2.304E-01,1.000E+00,1.000E+00,1.919E-01,1.897E+00,1.627E+00,-3.387E-01,4.249E+00,2.087E+00,4.935E+00,2.228E-01,1.000E+00,1.000E+00,1.086E-01,3.255E+00
4.500E+01,0.000E+00,0.000E+00,6.991E-03,0.000E+00,0.000E+00,1.953E-06,3.906E-06,1.455E-02,2.856E-02,1.020E+00,1.659E+00,-4.567E-01,5.315E+00,2.043E+00,4.935E+00,2.918E-01,1.000E+00,1.000E+00,7.689E-02,3.947E+00,1.669E+00,-3.700E-01,4.506E+00,1.899E+00,4.935E+00,2.350E-01,1.000E+00,1.000E+00,1.910E-01,1.904E+00,1.626E+00,-3.439E-01,4.315E+00,2.094E+00,4.935E+00,2.257E-01,1.000E+00,1.000E+00,1.082E-01,3.264E+00
4.600E+01,0.000E+00,0.000E+00,7.340E-03,0.000E+00,0.000E+00,1.465E-06,7.324E-06,1.553E-02,3.030E-02,1.083E+00,1.689E+00,-4.867E-01,5.948E+00,1.856E+00,4.935E+00,2.941E-01,1.000E+00,1.000E+00,7.746E-02,3.925E+00,1.657E+00,-3.406E-01,4.106E+00,1.982E+00,4.935E+00,2.283E-01,1.000E+00,1.000E+00,1.910E-01,1.904E+00,1.610E+00,-3.465E-01,4.391E+00,2.170E+00,4.935E+00,2.287E-01,1.000E+00,1.000E+00,1.086E-01,3.256E+00
4.700E+01,0.000E+00,0.000E+00,7.515E-03,0.000E+00,0.000E+00,1.221E-06,9.033E-06,1.602E-02,3.117E-02,1.114E+00,1.707E+00,-5.016E-01,6.264E+00,1.762E+00,4.935E+00,2.952E-01,1.000E+00,1.000E+00,7.774E-02,3.913E+00,1.652E+00,-3.259E-01,3.906E+00,2.023E+00,4.935E+00,2.250E-01,1.000E+00,1.000E+00,1.910E-01,1.904E+00,1.602E+00,-3.479E-01,4.429E+00,2.208E+00,4.935E+00,2.302E-01,1.000E+00,1.000E+00,1.087E-01,3.252E+00
4.800E+01,0.000E+00,0.000E+00,7.689E-03,0.000E+00,0.000E+00,9.766E-07,1.074E-05,1.651E-02,3.205E-02,1.145E+00,1.727E+00,-5.166E-01,6.581E+00,1.668E+00,4.935E+00,2.963E-01,1.000E+00,1.000E+00,7.803E-02,3.902E+00,1.649E+00,-3.112E-01,3.706E+00,2.065E+00,4.935E+00,2.217E-01,1.000E+00,1.000E+00,1.910E-01,1.904E+00,1.594E+00,-3.492E-01,4.467E+00,2.247E+00,4.935E+00,2.317E-01,1.000E+00,1.000E+00,1.089E-01,3.248E+00
4.900E+01,0.000E+00,0.000E+00,8.240E-03,0.000E+00,0.000E+00,4.883E-06,1.074E-05,1.745E-02,3.420E-02,1.218E+00,1.667E+00,-4.959E-01,6.234E+00,1.931E+00,4.935E+00,3.068E-01,1.000E+00,1.000E+00,7.730E-02,3.931E+00,1.633E+00,-3.241E-01,3.907E+00,2.124E+00,4.935E+00,2.262E-01,1.000E+00,1.000E+00,1.894E-01,1.918E+00,1.598E+00,-3.435E-01,4.301E+00,2.260E+00,4.935E+00,2.367E-01,1.000E+00,1.000E+00,1.077E-01,3.277E+00
5.000E+01,0.000E+00,0.000E+00,8.515E-03,0.000E+00,0.000E+00,6.836E-06,1.074E-05,1.791E-02,3.528E-02,1.255E+00,1.641E+00,-4.856E-01,6.061E+00,2.063E+00,4.935E+00,3.120E-01,1.000E+00,1.000E+00,7.693E-02,3.946E+00,1.626E+00,-3.305E-01,4.008E+00,2.154E+00,4.935E+00,2.285E-01,1.000E+00,1.000E+00,1.886E-01,1.925E+00,1.601E+00,-3.407E-01,4.218E+00,2.267E+00,4.935E+00,2.392E-01,1.000E+00,1.000E+00,1.072E-01,3.292E+00
5.100E+01,0.000E+00,0.000E+00,8.790E-03,0.000E+00,0.000E+00,8.789E-06,1.074E-05,1.838E-02,3.636E-02,1.292E+00,1.617E+00,-4.753E-01,5.888E+00,2.194E+00,4.935E+00,3.172E-01,1.000E+00,1.000E+00,7.656E-02,3.960E+00,1.619E+00,-3.370E-01,4.108E+00,2.184E+00,4.935E+00,2.307E-01,1.000E+00,1.000E+00,1.878E-01,1.932E+00,1.603E+00,-3.378E-01,4.135E+00,2.273E+00,4.935E+00,2.418E-01,1.000E+00,1.000E+00,1.066E-01,3.306E+00
5.200E+01,0.000E+00,0.000E+00,9.376E-03,0.000E+00,0.000E+00,7.813E-06,1.221E-05,1.957E-02,3.847E-02,1.372E+00,1.619E+00,-4.776E-01,5.764E+00,2.224E+00,4.935E+00,3.225E-01,1.000E+00,1.000E+00,7.605E-02,3.981E+00,1.610E+00,-3.457E-01,4.193E+00,2.239E+00,4.935E+00,2.442E-01,1.000E+00,1.000E+00,1.893E-01,1.918E+00,1.611E+00,-3.458E-01,4.264E+00,2.206E+00,4.935E+00,2.412E-01,1.000E+00,1.000E+00,1.063E-01,3.315E+00
5.300E+01,0.000E+00,0.000E+00,9.670E-03,0.000E+00,0.000E+00,7.324E-06,1.294E-05,2.016E-02,3.953E-02,1.412E+00,1.620E+00,-4.788E-01,5.702E+00,2.238E+00,4.935E+00,3.251E-01,1.000E+00,1.000E+00,7.580E-02,3.992E+00,1.606E+00,-3.501E-01,4.236E+00,2.266E+00,4.935E+00,2.510E-01,1.000E+00,1.000E+00,1.901E-01,1.912E+00,1.616E+00,-3.498E-01,4.329E+00,2.172E+00,4.935E+00,2.410E-01,1.000E+00,1.000E+00,1.061E-01,3.320E+00
5.400E+01,0.000E+00,0.000E+00,9.963E-03,0.000E+00,0.000E+00,6.836E-06,1.367E-05,2.075E-02,4.058E-02,1.452E+00,1.621E+00,-4.799E-01,5.640E+00,2.253E+00,4.935E+00,3.277E-01,1.000E+00,1.000E+00,7.554E-02,4.002E+00,1.602E+00,-3.545E-01,4.278E+00,2.294E+00,4.935E+00,2.577E-01,1.000E+00,1.000E+00,1.908E-01,1.905E+00,1.620E+00,-3.538E-01,4.394E+00,2.138E+00,4.935E+00,2.407E-01,1.000E+00,1.000E+00,1.059E-01,3.325E+00
5.500E+01,0.000E+00,0.000E+00,1.068E-02,0.000E+00,0.000E+00,1.025E-05,1.904E-05,2.211E-02,4.344E-02,1.551E+00,1.628E+00,-5.161E-01,6.646E+00,2.117E+00,4.935E+00,3.320E-01,1.000E+00,1.000E+00,7.434E-02,4.053E+00,1.617E+00,-3.759E-01,4.691E+00,2.147E+00,4.935E+00,2.496E-01,1.000E+00,1.000E+00,1.887E-01,1.924E+00,1.607E+00,-3.546E-01,4.425E+00,2.209E+00,4.935E+00,2.454E-01,1.000E+00,1.000E+00,1.053E-01,3.341E+00
5.600E+01,0.000E+00,0.000E+00,1.103E-02,0.000E+00,0.000E+00,1.196E-05,2.173E-05,2.279E-02,4.487E-02,1.601E+00,1.635E+00,-5.342E-01,7.149E+00,2.049E+00,4.935E+00,3.341E-01,1.000E+00,1.000E+00,7.374E-02,4.079E+00,1.626E+00,-3.867E-01,4.898E+00,2.073E+00,4.935E+00,2.455E-01,1.000E+00,1.000E+00,1.877E-01,1.933E+00,1.600E+00,-3.549E-01,4.440E+00,2.244E+00,4.935E+00,2.477E-01,1.000E+00,1.000E+00,1.050E-01,3.349E+00
5.700E+01,0.000E+00,0.000E+00,1.139E-02,0.000E+00,0.000E+00,1.367E-05,2.441E-05,2.348E-02,4.629E-02,1.651E+00,1.645E+00,-5.523E-01,7.651E+00,1.980E+00,4.935E+00,3.363E-01,1.000E+00,1.000E+00,7.314E-02,4.104E+00,1.636E+00,-3.974E-01,5.104E+00,1.999E+00,4.935E+00,2.414E-01,1.000E+00,1.000E+00,1.866E-01,1.942E+00,1.594E+00,-3.553E-01,4.455E+00,2.279E+00,4.935E+00,2.500E-01,1.000E+00,1.000E+00,1.047E-01,3.358E+00
5.800E+01,0.000E+00,0.000E+00,1.215E-02,0.000E+00,0.000E+00,1.123E-05,2.832E-05,2.519E-02,4.959E-02,1.769E+00,1.620E+00,-5.421E-01,7.359E+00,2.117E+00,4.935E+00,3.416E-01,1.000E+00,1.000E+00,7.400E-02,4.067E+00,1.627E+00,-4.153E-01,5.425E+00,2.035E+00,4.935E+00,2.489E-01,1.000E+00,1.000E+00,1.876E-01,1.934E+00,1.581E+00,-3.625E-01,4.626E+00,2.327E+00,4.935E+00,2.544E-01,1.000E+00,1.000E+00,1.043E-01,3.366E+00
5.900E+01,0.000E+00,0.000E+00,1.253E-02,0.000E+00,0.000E+00,1.001E-05,3.027E-05,2.604E-02,5.124E-02,1.828E+00,1.609E+00,-5.370E-01,7.212E+00,2.185E+00,4.935E+00,3.442E-01,1.000E+00,1.000E+00,7.443E-02,4.049E+00,1.622E+00,-4.242E-01,5.586E+00,2.052E+00,4.935E+00,2.527E-01,1.000E+00,1.000E+00,1.881E-01,1.929E+00,1.575E+00,-3.661E-01,4.712E+00,2.351E+00,4.935E+00,2.565E-01,1.000E+00,1.000E+00,1.042E-01,3.370E+00
6.000E+01,0.000E+00,0.000E+00,1.291E-02,0.000E+00,0.000E+00,8.789E-06,3.223E-05,2.690E-02,5.288E-02,1.887E+00,1.598E+00,-5.319E-01,7.066E+00,2.253E+00,4.935E+00,3.469E-01,1.000E+00,1.000E+00,7.486E-02,4.031E+00,1.618E+00,-4.331E-01,5.747E+00,2.070E+00,4.935E+00,2.564E-01,1.000E+00,1.000E+00,1.885E-01,1.925E+00,1.569E+00,-3.697E-01,4.797E+00,2.375E+00,4.935E+00,2.587E-01,1.000E+00,1.000E+00,1.040E-01,3.375E+00
6.100E+01,0.000E+00,0.000E+00,1.376E-02,0.000E+00,0.000E+00,1.318E-05,3.027E-05,2.880E-02,5.653E-02,2.017E+00,1.587E+00,-5.216E-01,6.738E+00,2.346E+00,4.935E+00,3.550E-01,1.000E+00,1.000E+00,7.278E-02,4.122E+00,1.581E+00,-4.316E-01,5.934E+00,2.223E+00,4.928E+00,2.632E-01,1.007E+00,1.000E+00,1.892E-01,1.920E+00,1.554E+00,-3.915E-01,5.354E+00,2.380E+00,4.910E+00,2.657E-01,1.026E+00,1.000E+00,1.035E-01,3.390E+00
6.200E+01,0.000E+00,0.000E+00,1.419E-02,0.000E+00,0.000E+00,1.538E-05,2.930E-05,2.975E-02,5.835E-02,2.082E+00,1.582E+00,-5.164E-01,6.573E+00,2.393E+00,4.935E+00,3.591E-01,1.000E+00,1.000E+00,7.174E-02,4.168E+00,1.563E+00,-4.309E-01,6.028E+00,2.300E+00,4.925E+00,2.666E-01,1.010E+00,1.000E+00,1.895E-01,1.917E+00,1.548E+00,-4.024E-01,5.632E+00,2.383E+00,4.898E+00,2.692E-01,1.040E+00,1.000E+00,1.032E-01,3.398E+00
6.300E+01,0.000E+00,0.000E+00,1.461E-02,0.000E+00,0.000E+00,1.758E-05,2.832E-05,3.071E-02,6.017E-02,2.147E+00,1.578E+00,-5.112E-01,6.409E+00,2.440E+00,4.935E+00,3.632E-01,1.000E+00,1.000E+00,7.070E-02,4.214E+00,1.547E+00,-4.301E-01,6.122E+00,2.376E+00,4.922E+00,2.700E-01,1.014E+00,1.000E+00,1.898E-01,1.914E+00,1.543E+00,-4.133E-01,5.911E+00,2.386E+00,4.886E+00,2.727E-01,1.053E+00,1.000E+00,1.029E-01,3.406E+00
6.400E+01,0.000E+00,0.000E+00,1.587E-02,0.000E+00,0.000E+00,2.100E-05,4.395E-05,3.296E-02,6.484E-02,2.314E+00,1.549E+00,-5.395E-01,7.659E+00,2.459E+00,4.919E+00,3.698E-01,1.017E+00,1.000E+00,7.204E-02,4.154E+00,1.546E+00,-5.065E-01,9.830E+00,2.027E+00,4.917E+00,2.649E-01,1.018E+00,1.000E+00,1.877E-01,1.933E+00,1.537E+00,-4.348E-01,6.626E+00,2.332E+00,4.878E+00,2.726E-01,1.062E+00,1.000E+00,1.028E-01,3.409E+00
6.500E+01,0.000E+00,0.000E+00,1.650E-02,0.000E+00,0.000E+00,2.271E-05,5.176E-05,3.409E-02,6.718E-02,2.398E+00,1.538E+00,-5.537E-01,8.284E+00,2.468E+00,4.911E+00,3.731E-01,1.025E+00,1.000E+00,7.270E-02,4.124E+00,1.570E+00,-5.447E-01,1.168E+01,1.852E+00,4.915E+00,2.624E-01,1.021E+00,1.000E+00,1.866E-01,1.942E+00,1.535E+00,-4.455E-01,6.983E+00,2.305E+00,4.874E+00,2.725E-01,1.066E+00,1.000E+00,1.027E-01,3.410E+00
6.600E+01,0.000E+00,0.000E+00,1.713E-02,0.000E+00,0.000E+00,2.441E-05,5.957E-05,3.521E-02,6.952E-02,2.481E+00,1.529E+00,-5.679E-01,8.909E+00,2.478E+00,4.903E+00,3.765E-01,1.033E+00,1.000E+00,7.337E-02,4.094E+00,1.607E+00,-5.829E-01,1.354E+01,1.677E+00,4.913E+00,2.598E-01,1.023E+00,1.000E+00,1.856E-01,1.951E+00,1.535E+00,-4.563E-01,7.340E+00,2.278E+00,4.870E+00,2.724E-01,1.070E+00,1.000E+00,1.027E-01,3.412E+00
6.700E+01,0.000E+00,0.000E+00,1.854E-02,0.000E+00,0.000E+00,2.246E-05,6.836E-05,3.809E-02,7.503E-02,2.680E+00,1.529E+00,-6.122E-01,1.113E+01,2.342E+00,4.888E+00,3.784E-01,1.050E+00,1.000E+00,7.259E-02,4.129E+00,1.562E+00,-5.828E-01,1.408E+01,1.828E+00,4.893E+00,2.746E-01,1.044E+00,1.000E+00,1.860E-01,1.948E+00,1.528E+00,-4.796E-01,8.445E+00,2.211E+00,4.862E+00,2.756E-01,1.079E+00,1.000E+00,1.012E-01,3.456E+00
6.800E+01,0.000E+00,0.000E+00,1.924E-02,0.000E+00,0.000E+00,2.148E-05,7.275E-05,3.953E-02,7.779E-02,2.780E+00,1.534E+00,-6.343E-01,1.225E+01,2.275E+00,4.880E+00,3.794E-01,1.059E+00,1.000E+00,7.219E-02,4.146E+00,1.541E+00,-5.827E-01,1.435E+01,1.904E+00,4.884E+00,2.820E-01,1.055E+00,1.000E+00,1.862E-01,1.946E+00,1.527E+00,-4.913E-01,8.997E+00,2.177E+00,4.858E+00,2.772E-01,1.083E+00,1.000E+00,1.004E-01,3.478E+00
6.900E+01,0.000E+00,0.000E+00,1.995E-02,0.000E+00,0.000E+00,2.051E-05,7.715E-05,4.096E-02,8.055E-02,2.880E+00,1.543E+00,-6.565E-01,1.336E+01,2.207E+00,4.872E+00,3.804E-01,1.068E+00,1.000E+00,7.180E-02,4.164E+00,1.521E+00,-5.826E-01,1.462E+01,1.979E+00,4.874E+00,2.894E-01,1.065E+00,1.000E+00,1.864E-01,1.944E+00,1.528E+00,-5.030E-01,9.549E+00,2.144E+00,4.855E+00,2.788E-01,1.087E+00,1.000E+00,9.963E-02,3.499E+00
7.000E+01,0.000E+00,0.000E+00,2.155E-02,0.000E+00,0.000E+00,3.711E-05,9.131E-05,4.445E-02,8.738E-02,3.124E+00,1.499E+00,-6.854E-01,1.680E+01,2.290E+00,4.821E+00,4.003E-01,1.125E+00,1.000E+00,7.010E-02,4.244E+00,1.468E+00,-5.656E-01,1.481E+01,2.174E+00,4.793E+00,2.878E-01,1.159E+00,1.000E+00,1.874E-01,1.935E+00,1.498E+00,-5.325E-01,1.160E+01,2.175E+00,4.824E+00,2.873E-01,1.122E+00,1.000E+00,9.899E-02,3.518E+00
7.100E+01,0.000E+00,0.000E+00,2.235E-02,0.000E+00,0.000E+00,4.541E-05,9.839E-05,4.620E-02,9.080E-02,3.246E+00,1.482E+00,-6.998E-01,1.852E+01,2.331E+00,4.797E+00,4.103E-01,1.154E+00,1.000E+00,6.924E-02,4.284E+00,1.444E+00,-5.571E-01,1.491E+01,2.272E+00,4.755E+00,2.870E-01,1.205E+00,1.000E+00,1.880E-01,1.930E+00,1.487E+00,-5.472E-01,1.262E+01,2.190E+00,4.809E+00,2.916E-01,1.140E+00,1.000E+00,9.867E-02,3.528E+00
7.200E+01,0.000E+00,0.000E+00,2.315E-02,0.000E+00,0.000E+00,5.371E-05,1.055E-04,4.794E-02,9.422E-02,3.368E+00,1.466E+00,-7.143E-01,2.024E+01,2.372E+00,4.773E+00,4.203E-01,1.183E+00,1.000E+00,6.839E-02,4.324E+00,1.420E+00,-5.486E-01,1.501E+01,2.369E+00,4.718E+00,2.863E-01,1.252E+00,1.000E+00,1.885E-01,1.925E+00,1.477E+00,-5.619E-01,1.365E+01,2.206E+00,4.794E+00,2.959E-01,1.158E+00,1.000E+00,9.835E-02,3.537E+00
7.300E+01,0.000E+00,0.000E+00,2.427E-02,0.000E+00,0.000E+00,1.030E-04,1.602E-04,5.033E-02,9.895E-02,3.537E+00,1.430E+00,-7.037E-01,2.005E+01,2.555E+00,4.726E+00,4.229E-01,1.241E+00,1.000E+00,6.753E-02,4.367E+00,1.390E+00,-5.445E-01,1.485E+01,2.552E+00,4.676E+00,3.065E-01,1.306E+00,1.000E+00,1.859E-01,1.949E+00,1.457E+00,-5.570E-01,1.348E+01,2.313E+00,4.768E+00,3.054E-01,1.189E+00,1.000E+00,9.869E-02,3.527E+00
7.400E+01,0.000E+00,0.000E+00,2.539E-02,0.000E+00,0.000E+00,1.523E-04,2.148E-04,5.271E-02,1.037E-01,3.705E+00,1.397E+00,-6.932E-01,1.985E+01,2.738E+00,4.681E+00,4.256E-01,1.300E+00,1.000E+00,6.666E-02,4.410E+00,1.363E+00,-5.405E-01,1.470E+01,2.735E+00,4.637E+00,3.268E-01,1.359E+00,1.000E+00,1.833E-01,1.972E+00,1.438E+00,-5.521E-01,1.332E+01,2.421E+00,4.742E+00,3.148E-01,1.221E+00,1.000E+00,9.903E-02,3.517E+00
7.500E+01,0.000E+00,0.000E+00,2.659E-02,0.000E+00,0.000E+00,2.280E-04,2.827E-04,5.562E-02,1.092E-01,3.904E+00,1.357E+00,-6.843E-01,1.973E+01,2.985E+00,4.604E+00,4.438E-01,1.405E+00,1.000E+00,6.548E-02,4.472E+00,1.337E+00,-5.314E-01,1.444E+01,2.906E+00,4.603E+00,3.304E-01,1.407E+00,1.000E+00,1.847E-01,1.959E+00,1.400E+00,-5.426E-01,1.322E+01,2.640E+00,4.694E+00,3.234E-01,1.283E+00,1.000E+00,9.716E-02,3.574E+00
7.600E+01,0.000E+00,0.000E+00,2.780E-02,0.000E+00,0.000E+00,3.037E-04,3.506E-04,5.852E-02,1.146E-01,4.103E+00,1.322E+00,-6.754E-01,1.961E+01,3.232E+00,4.532E+00,4.620E-01,1.511E+00,1.000E+00,6.429E-02,4.535E+00,1.314E+00,-5.223E-01,1.418E+01,3.077E+00,4.570E+00,3.339E-01,1.454E+00,1.000E+00,1.862E-01,1.946E+00,1.365E+00,-5.332E-01,1.312E+01,2.860E+00,4.648E+00,3.320E-01,1.344E+00,1.000E+00,9.529E-02,3.632E+00
7.700E+01,0.000E+00,0.000E+00,2.881E-02,0.000E+00,0.000E+00,4.072E-04,4.243E-04,6.072E-02,1.189E-01,4.257E+00,1.295E+00,-6.711E-01,1.955E+01,3.446E+00,4.484E+00,4.682E-01,1.585E+00,1.000E+00,6.306E-02,4.603E+00,1.259E+00,-5.036E-01,1.383E+01,3.516E+00,4.433E+00,3.518E-01,1.668E+00,1.000E+00,1.866E-01,1.943E+00,1.327E+00,-5.250E-01,1.300E+01,3.132E+00,4.568E+00,3.468E-01,1.456E+00,1.000E+00,9.396E-02,3.675E+00
7.800E+01,0.000E+00,0.000E+00,2.981E-02,0.000E+00,0.000E+00,5.107E-04,4.980E-04,6.292E-02,1.231E-01,4.412E+00,1.270E+00,-6.668E-01,1.950E+01,3.661E+00,4.439E+00,4.744E-01,1.660E+00,1.000E+00,6.184E-02,4.672E+00,1.213E+00,-4.849E-01,1.348E+01,3.956E+00,4.313E+00,3.697E-01,1.883E+00,1.000E+00,1.869E-01,1.939E+00,1.294E+00,-5.168E-01,1.287E+01,3.404E+00,4.494E+00,3.616E-01,1.569E+00,1.000E+00,9.262E-02,3.719E+00
7.900E+01,0.000E+00,0.000E+00,2.964E-02,0.000E+00,0.000E+00,1.238E-03,1.146E-03,6.418E-02,1.250E-01,4.499E+00,1.229E+00,-6.529E-01,1.850E+01,4.114E+00,4.346E+00,4.885E-01,1.821E+00,1.000E+00,5.992E-02,4.788E+00,1.161E+00,-4.691E-01,1.307E+01,4.589E+00,4.211E+00,3.770E-01,2.085E+00,1.000E+00,1.828E-01,1.977E+00,1.264E+00,-5.106E-01,1.277E+01,3.683E+00,4.450E+00,3.701E-01,1.641E+00,1.000E+00,9.135E-02,3.763E+00
8.000E+01,0.000E+00,0.000E+00,2.946E-02,0.000E+00,0.000E+00,1.965E-03,1.793E-03,6.543E-02,1.268E-01,4.586E+00,1.195E+00,-6.390E-01,1.751E+01,4.568E+00,4.261E+00,5.025E-01,1.983E+00,1.000E+00,5.801E-02,4.905E+00,1.118E+00,-4.534E-01,1.267E+01,5.223E+00,4.118E+00,3.842E-01,2.288E+00,1.000E+00,1.787E-01,2.015E+00,1.237E+00,-5.045E-01,1.267E+01,3.961E+00,4.407E+00,3.786E-01,1.713E+00,1.000E+00,9.007E-02,3.806E+00
8.100E+01,0.000E+00,0.000E+00,2.835E-02,0.000E+00,0.000E+00,2.652E-03,2.304E-03,6.442E-02,1.243E-01,4.517E+00,1.145E+00,-6.336E-01,1.765E+01,5.232E+00,4.118E+00,5.184E-01,2.287E+00,1.000E+00,5.654E-02,5.003E+00,1.081E+00,-4.370E-01,1.204E+01,5.962E+00,4.005E+00,3.860E-01,2.563E+00,1.000E+00,1.741E-01,2.061E+00,1.192E+00,-4.980E-01,1.252E+01,4.517E+00,4.281E+00,3.969E-01,1.944E+00,1.000E+00,8.864E-02,3.858E+00
8.200E+01,0.000E+00,0.000E+00,2.724E-02,0.000E+00,0.000E+00,3.339E-03,2.814E-03,6.342E-02,1.217E-01,4.448E+00,1.102E+00,-6.281E-01,1.779E+01,5.896E+00,3.994E+00,5.343E-01,2.592E+00,1.000E+00,5.507E-02,5.102E+00,1.051E+00,-4.206E-01,1.142E+01,6.701E+00,3.904E+00,3.878E-01,2.838E+00,1.000E+00,1.695E-01,2.107E+00,1.153E+00,-4.916E-01,1.237E+01,5.074E+00,4.168E+00,4.152E-01,2.176E+00,1.000E+00,8.720E-02,3.910E+00
8.300E+01,0.000E+00,0.000E+00,2.284E-02,0.000E+00,0.000E+00,4.050E-03,3.431E-03,5.585E-02,1.061E-01,3.915E+00,1.070E+00,-6.202E-01,1.653E+01,6.773E+00,3.898E+00,5.478E-01,2.856E+00,1.000E+00,5.105E-02,5.421E+00,1.017E+00,-4.112E-01,1.098E+01,7.735E+00,3.831E+00,3.937E-01,3.056E+00,1.000E+00,1.620E-01,2.194E+00,1.120E+00,-4.804E-01,1.162E+01,5.808E+00,4.061E+00,4.270E-01,2.424E+00,1.000E+00,8.288E-02,4.085E+00
8.400E+01,0.000E+00,0.000E+00,1.845E-02,0.000E+00,0.000E+00,4.762E-03,4.048E-03,4.829E-02,9.059E-02,3.381E+00,1.046E+00,-6.122E-01,1.526E+01,7.649E+00,3.811E+00,5.612E-01,3.121E+00,1.000E+00,4.703E-02,5.740E+00,9.896E-01,-4.019E-01,1.055E+01,8.769E+00,3.764E+00,3.995E-01,3.274E+00,1.000E+00,1.544E-01,2.280E+00,1.094E+00,-4.692E-01,1.087E+01,6.542E+00,3.964E+00,4.388E-01,2.671E+00,1.000E+00,7.856E-02,4.261E+00
8.500E+01,0.000E+00,0.000E+00,1.187E-02,0.000E+00,0.000E+00,3.614E-03,3.035E-03,3.209E-02,6.000E-02,2.251E+00,1.073E+00,-6.025E-01,1.327E+01,7.598E+00,3.857E+00,5.649E-01,2.978E+00,1.000E+00,4.292E-02,6.172E+00,1.016E+00,-3.790E-01,8.708E+00,8.982E+00,3.815E+00,4.063E-01,3.108E+00,1.000E+00,1.390E-01,2.513E+00,1.095E+00,-4.431E-01,9.336E+00,7.048E+00,3.957E+00,4.391E-01,2.691E+00,1.000E+00,7.422E-02,4.475E+00
8.600E+01,0.000E+00,0.000E+00,5.299E-03,0.000E+00,0.000E+00,2.467E-03,2.022E-03,1.590E-02,2.941E-02,1.121E+00,1.106E+00,-5.928E-01,1.127E+01,7.548E+00,3.906E+00,5.686E-01,2.834E+00,1.000E+00,3.881E-02,6.605E+00,1.058E+00,-3.561E-01,6.869E+00,9.195E+00,3.869E+00,4.130E-01,2.943E+00,1.000E+00,1.236E-01,2.746E+00,1.106E+00,-4.169E-01,7.807E+00,7.554E+00,3.950E+00,4.395E-01,2.710E+00,1.000E+00,6.988E-02,4.688E+00
8.700E+01,0.000E+00,0.000E+00,2.650E-03,0.000E+00,0.000E+00,1.251E-03,1.022E-03,7.966E-03,1.476E-02,5.627E-01,8.499E-01,-6.178E-01,1.287E+01,2.098E+01,3.590E+00,6.480E-01,3.917E+00,1.000E+00,3.366E-02,7.411E+00,1.151E+00,-4.482E-01,6.730E+00,7.789E+00,4.245E+00,4.625E-01,2.016E+00,1.000E+00,9.606E-02,3.577E+00,1.187E+00,-5.358E-01,9.217E+00,6.089E+00,4.075E+00,5.172E-01,2.390E+00,1.000E+00,6.514E-02,4.981E+00
8.800E+01,0.000E+00,0.000E+00,9.766E-07,0.000E+00,0.000E+00,3.613E-05,2.246E-05,3.711E-05,1.006E-04,4.527E-03,7.516E-01,-6.429E-01,1.447E+01,3.442E+01,3.358E+00,7.274E-01,5.000E+00,1.000E+00,2.850E-02,8.217E+00,1.254E+00,-5.403E-01,6.592E+00,6.383E+00,4.853E+00,5.120E-01,1.089E+00,1.000E+00,6.856E-02,4.409E+00,1.301E+00,-6.547E-01,1.063E+01,4.624E+00,4.218E+00,5.950E-01,2.071E+00,1.000E+00,6.040E-02,5.274E+00
8.900E+01,0.000E+00,0.000E+00,0.000E+00,0.000E+00,0.000E+00,9.766E-07,0.000E+00,0.000E+00,9.766E-07,-8.292E-04,3.142E+00,0.000E+00,0.000E+00,0.000E+00,9.870E+00,0.000E+00,0.000E+00,0.000E+00,0.000E+00,0.000E+00,3.142E+00,0.000E+00,0.000E+00,0.000E+00,9.870E+00,0.000E+00,0.000E+00,0.000E+00,0.000E+00,0.000E+00,3.142E+00,0.000E+00,0.000E+00,0.000E+00,9.870E+00,0.000E+00,0.000E+00,0.000E+00,0.000E+00,0.000E+00
