alpha,H,He,Fe,S,Fe_1,S_1,amu/ion,thetaK_Fe,thetaTilt_Fe,thetaM_Fe,thetaN_Fe,3dK_Fe,3dTilt_Fe,3dM_Fe,3dN_Fe,energyK_Fe,energyE_Fe,thetaK_S,thetaTilt_S,thetaM_S,thetaN_S,3dK_S,3dTilt_S,3dM_S,3dN_S,energyK_S,energyE_S
0.0,0.0,0.0,0.0052568359375,0.0,0.0053203125,0.0108134765624999,0.9381453471374088,1.7626871316247499,-0.0006212225195499687,1.4011369400039928,1.5355942837006347,8.283185307179584,0.0032606847107940914,1.0,1.0,0.06664785882461388,3.68642759312097,1.7070073898316986,0.010278354401282332,1.476989880308939,1.740809206033099,8.283185307179584,0.00043575075417310975,1.0,1.0,0.13191499454546923,2.4838824164214572
1.0,0.0,0.0,0.0052724609375,0.0,0.0053638916015625,0.010863403320312413,0.9428882360664679,1.7566525843263685,-0.0017153461731351715,1.3922817699109804,1.5818939754398658,8.283185307179584,0.007828397493261875,1.0,1.0,0.06643359430529097,3.694987980652926,1.699048331170459,0.001990503899076398,1.5185361123744214,1.735551645779461,8.283185307179584,0.005318922544136525,1.0,1.0,0.13190563572634556,2.484025607541989
2.0,0.0,0.0,0.0052880859375,0.0,0.005407470703125,0.010913330078124926,0.9476311249955268,1.7509022524851687,-0.0028094698267203742,1.3834265998179682,1.6281936671790966,8.283185307179584,0.012396110275729658,1.0,1.0,0.06621932978596805,3.703548368184882,1.698314644047532,-0.006297346603129536,1.5600823444399037,1.7302940855258233,8.283185307179584,0.01020209433409994,1.0,1.0,0.1318962769072219,2.4841687986625205
3.0,0.0,0.0,0.0053037109375,0.0,0.0054510498046875,0.010963256835937438,0.9523740139245858,1.7454228071930693,-0.003903593480305577,1.374571429724956,1.6744933589183275,8.283185307179584,0.016963823058197443,1.0,1.0,0.06600506526664512,3.712108755716838,1.699917205400277,-0.014585197105335469,1.601628576505386,1.7250365252721855,8.283185307179584,0.015085266124063357,1.0,1.0,0.13188691808809822,2.484311989783052
4.0,0.0,0.0,0.0053115234375,0.0,0.00547283935546875,0.010988220214843695,0.9547454583891153,1.7427807494823035,-0.004450655307098178,1.37014384467845,1.697643204787943,8.283185307179584,0.019247679449431336,1.0,1.0,0.06589793300698367,3.716388949482816,1.7007630295412128,-0.018729122356438435,1.622401692538127,1.7224077451453665,8.283185307179584,0.017526852019045067,1.0,1.0,0.13188223867853638,2.4843835853433176
5.0,0.0,0.0,0.0053193359375,0.0,0.00549462890625,0.01101318359374995,0.9571169028536448,1.740201816712617,-0.00499771713389078,1.3657162596319439,1.7207930506575586,8.283185307179584,0.021531535840665226,1.0,1.0,0.06579080074732221,3.720669143248794,1.7016372733791796,-0.022873047607541403,1.6431748085708682,1.7197789650185475,8.283185307179584,0.019968437914026773,1.0,1.0,0.13187755926897451,2.4844551809035833
6.0,0.0,0.0,0.0053349609375,0.0,0.0055382080078125,0.01106311035156246,0.9618597917827039,1.7352276615935298,-0.006091840787475983,1.3568610895389317,1.7670927423967895,8.283185307179584,0.02609924862313301,1.0,1.0,0.0655765362279993,3.72922953078075,1.70346832004619,-0.031160898109747336,1.6847210406363504,1.7145214047649098,8.283185307179584,0.02485160970399019,1.0,1.0,0.13186820044985081,2.4845983720241147
7.0,0.0,0.0,0.0053505859375,0.0,0.005581787109375,0.011113037109374974,0.9666026807117628,1.7304894644731141,-0.007185964441061185,1.3480059194459193,1.8133924341360204,8.283185307179584,0.030666961405600796,1.0,1.0,0.06536227170867638,3.7377899183127066,1.7054058013342206,-0.03944874861195327,1.7262672727018327,1.709263844511272,8.283185307179584,0.029734781493953602,1.0,1.0,0.13185884163072714,2.4847415631446466
8.0,0.0,0.0,0.0053662109375,0.0,0.0056253662109375,0.011162963867187486,0.9713455696408217,1.7259770286715543,-0.00828008809464639,1.339150749352907,1.8596921258752515,8.283185307179584,0.03523467418806858,1.0,1.0,0.06514800718935346,3.746350305844663,1.7074459581884864,-0.0477365991141592,1.767813504767315,1.704006284257634,8.283185307179584,0.03461795328391702,1.0,1.0,0.13184948281160347,2.4848847542651784
9.0,0.0,0.0,0.0053740234375,0.0,0.00564715576171875,0.011187927246093743,0.9737170141053513,1.7238024573165145,-0.00882714992143899,1.3347231643064008,1.8828419717448668,8.283185307179584,0.037518530579302475,1.0,1.0,0.065040874929692,3.750630499610641,1.7085034653973437,-0.051880524365262165,1.788586620800056,1.7013775041308152,8.283185307179584,0.03705953917889873,1.0,1.0,0.13184480340204163,2.484956349825444
10.0,0.0,0.0,0.0053818359375,0.0,0.0056689453125,0.011212890625,0.9760884585698808,1.721680783374553,-0.009374211748231592,1.3302955792598947,1.9059918176144823,8.283185307179584,0.03980238697053636,1.0,1.0,0.06493374267003055,3.754910693376619,1.7095853761866795,-0.056024449616365136,1.8093597368327972,1.6987487240039962,8.283185307179584,0.039501125073880435,1.0,1.0,0.1318401239924798,2.48502794538571
11.0,0.0,0.0,0.0054931640625,0.0,0.00572705078125,0.011349365234374999,0.9899488568938856,1.7238455348478738,-0.024736996956111798,1.4181708226088647,1.8698873973293946,8.283185307179584,0.045506491983176814,1.0,1.0,0.06489869517501246,3.756344681454821,1.704151579189513,-0.05547801812795118,1.7830298401048181,1.7499948585122818,8.283185307179584,0.04459218698485726,1.0,1.0,0.13149042068268196,2.490480698443264
12.0,0.0,0.0,0.005604492187500001,0.0,0.0057851562499999995,0.01148583984375,1.0038092552178903,1.726953096509289,-0.04009978216399201,1.5060460659578347,1.833782977044307,8.283185307179584,0.05121059699581726,1.0,1.0,0.06486364767999436,3.7577786695330224,1.6990950148660109,-0.05493158663953723,1.7566999433768393,1.8012409930205675,8.283185307179584,0.04968324889583407,1.0,1.0,0.1311407173728841,2.4959334515008185
13.0,0.0,0.0,0.005715820312500001,0.0,0.005843261718749999,0.011622314453125001,1.017669653541895,1.7309736349127869,-0.05546256737187222,1.593921309306805,1.7976785567592193,8.283185307179584,0.05691470200845771,1.0,1.0,0.06482860018497627,3.759212657611224,1.6944021631046078,-0.05438515515112328,1.7303700466488605,1.8524871275288533,8.283185307179584,0.05477431080681089,1.0,1.0,0.13079101406308624,2.501386204558373
14.0,0.0,0.0,0.005771484375,0.0,0.005872314453124999,0.0116905517578125,1.0245998527038973,1.7333151526001431,-0.06314395997581232,1.6378589309812899,1.7796263466166753,8.283185307179584,0.059766754514777934,1.0,1.0,0.06481107643746722,3.759929651650325,1.6921882139725763,-0.054111939406916304,1.717205098284871,1.8781101947829961,8.283185307179584,0.057319841762299296,1.0,1.0,0.13061616240818733,2.50411258108715
15.0,0.0,0.0,0.0058271484375000005,0.0,0.005901367187499999,0.0117587890625,1.0315300518658996,1.7358712086450128,-0.07082535257975242,1.681796552655775,1.7615741364741315,8.283185307179584,0.06261880702109816,1.0,1.0,0.06479355268995818,3.760646645689426,1.6900606270464844,-0.05383872366270932,1.7040401499208815,1.903733262037139,8.283185307179584,0.059865372717787704,1.0,1.0,0.1304413107532884,2.506838957615927
16.0,0.0,0.0,0.0059384765625,0.0,0.005959472656249999,0.011895263671875,1.0453904501899043,1.7416080303552257,-0.08618813778763262,1.769671796004745,1.725469716189044,8.283185307179584,0.06832291203373861,1.0,1.0,0.06475850519494009,3.762080633767628,1.6860590464771632,-0.053292292174295375,1.6777102531929025,1.9549793965454245,8.283185307179584,0.06495643462876452,1.0,1.0,0.13009160744349058,2.5122917106734812
17.0,0.0,0.0,0.0060498046875,0.0,0.006017578124999999,0.01203173828125,1.059250848513909,1.7481473276750314,-0.10155092299551284,1.8575470393537152,1.6893652959039562,8.283185307179584,0.07402701704637907,1.0,1.0,0.064723457699922,3.7635146218458297,1.6823870204423192,-0.05274586068588142,1.6513803564649234,2.00622553105371,8.283185307179584,0.07004749653974135,1.0,1.0,0.12974190413369271,2.5177444637310353
18.0,0.0,0.0,0.0061611328125,0.0,0.006075683593749999,0.012168212890624999,1.0731112468379136,1.7554548414070603,-0.11691370820339306,1.9454222827026852,1.6532608756188685,8.283185307179584,0.07973112205901951,1.0,1.0,0.0646884102049039,3.7649486099240317,1.679035038083252,-0.052199429197467465,1.6250504597369444,2.057471665561996,8.283185307179584,0.07513855845071817,1.0,1.0,0.12939220082389485,2.5231972167885894
19.0,0.0,0.0,0.006216796875,0.0,0.006104736328124999,0.012236450195312498,1.080041445999916,1.7593868424003238,-0.12459510080733316,1.9893599043771704,1.6352086654763247,8.283185307179584,0.08258317456533973,1.0,1.0,0.06467088645739485,3.765665603963132,1.677476319179624,-0.05192621345326049,1.611885511372955,2.0830947328161384,8.283185307179584,0.07768408940620658,1.0,1.0,0.12921734916899594,2.5259235933173665
20.0,0.0,0.0,0.0062724609375,0.0,0.0061337890625,0.0123046875,1.0869716451619182,1.7634995232429158,-0.13227649341127326,2.0332975260516553,1.617156455333781,8.283185307179584,0.08543522707165996,1.0,1.0,0.06465336270988582,3.766382598002233,1.6759944168363954,-0.051652997709053516,1.5987205630089656,2.1087178000702815,8.283185307179584,0.08022962036169498,1.0,1.0,0.12904249751409702,2.528649969846144
21.0,0.0,0.0,0.006435546875,0.0,0.006270263671875,0.012605224609375,1.1133430027442177,1.769205865322074,-0.14079724125295773,2.06657274530573,1.603628465269928,8.283185307179584,0.09130609965023441,1.0,1.0,0.06460234257628379,3.768487601882236,1.6788081948537674,-0.06800386223172603,1.700777649445076,2.0657738347859884,8.283185307179584,0.08588116778470782,1.0,1.0,0.12867796787774335,2.53455450142697
22.0,0.0,0.0,0.0065986328125,0.0,0.006406738281249999,0.012905761718749999,1.139714360326517,1.7749763096231392,-0.14931798909464217,2.099847964559804,1.590100475206075,8.283185307179584,0.09717697222880886,1.0,1.0,0.06455132244268176,3.770592605762239,1.6827178189212666,-0.08435472675439853,1.8028347358811865,2.0228298695016953,8.283185307179584,0.09153271520772066,1.0,1.0,0.1283134382413897,2.540459033007796
23.0,0.0,0.0,0.0067617187499999995,0.0,0.006543212890625,0.013206298828124999,1.1660857179088162,1.7808102703161497,-0.15783873693632663,2.133123183813878,1.576572485142222,8.283185307179584,0.1030478448073833,1.0,1.0,0.06450030230907973,3.7726976096422424,1.6876571757329728,-0.10070559127707104,1.904891822317297,1.979885904217402,8.283185307179584,0.09718426263073349,1.0,1.0,0.12794890860503602,2.5463635645886216
24.0,0.0,0.0,0.00684326171875,0.0,0.0066114501953125,0.0133565673828125,1.179271396699966,1.783750885062211,-0.16209911085716888,2.1497607934409153,1.5698084901102956,8.283185307179584,0.10598328109667052,1.0,1.0,0.06447479224227871,3.773750111582244,1.6904940666421897,-0.10888102353840731,1.9559203655353523,1.9584139215752554,8.283185307179584,0.1000100363422399,1.0,1.0,0.1277666437868592,2.5493158303790344
25.0,0.0,0.0,0.0069248046875,0.0,0.0066796875,0.0135068359375,1.1924570754911157,1.7867071577517435,-0.1663594847780111,2.1663984030679524,1.563044495078369,8.283185307179584,0.10891871738595775,1.0,1.0,0.0644492821754777,3.7748026135222457,1.693566523722329,-0.11705645579974357,2.0069489087534076,1.9369419389331086,8.283185307179584,0.10283581005374633,1.0,1.0,0.12758437896868235,2.5522680961694473
26.0,0.0,0.0,0.007087890625000001,0.0,0.006816162109375,0.013807373046875,1.218828433073415,1.792666383144987,-0.17488023261969554,2.1996736223220266,1.549516505014516,8.283185307179584,0.1147895899645322,1.0,1.0,0.06439826204187567,3.776907617402249,1.700392997163941,-0.1334073203224161,2.109005995189518,1.8939979736488155,8.283185307179584,0.10848735747675917,1.0,1.0,0.1272198493323287,2.558172627750273
27.0,0.0,0.0,0.007250976562500001,0.0,0.00695263671875,0.01410791015625,1.2451997906557142,1.7986873628063207,-0.18340098046138,2.2329488415761007,1.5359885149506631,8.283185307179584,0.12066046254310664,1.0,1.0,0.06434724190827364,3.7790126212822517,1.7080904890968855,-0.1497581848450886,2.2110630816256283,1.8510540083645222,8.283185307179584,0.11413890489977199,1.0,1.0,0.12685531969597502,2.5640771593310987
28.0,0.0,0.0,0.0074140625000000005,0.0,0.007089111328125,0.014408447265624999,1.2715711482380136,1.8047695219374134,-0.19192172830306448,2.266224060830175,1.5224605248868102,8.283185307179584,0.12653133512168108,1.0,1.0,0.0642962217746716,3.7811176251622545,1.7166192649728456,-0.1661090493677611,2.313120168061739,1.8081100430802288,8.283185307179584,0.11979045232278483,1.0,1.0,0.12649079005962138,2.5699816909119244
29.0,0.0,0.0,0.00749560546875,0.0,0.0071573486328124995,0.014558715820312498,1.2847568270291632,1.8078333674533276,-0.1961821022239067,2.282861670457212,1.5156965298548837,8.283185307179584,0.1294667714109683,1.0,1.0,0.06427071170787059,3.782170127102256,1.7211845919975763,-0.17428448162909738,2.3641487112797943,1.7866380604380823,8.283185307179584,0.12261622603429126,1.0,1.0,0.12630852524144454,2.5729339567023373
30.0,0.0,0.0,0.0075771484375,0.0,0.0072255859375,0.014708984375,1.297942505820313,1.810912298023434,-0.20044247614474892,2.2994992800842495,1.508932534822957,8.283185307179584,0.13240220770025554,1.0,1.0,0.06424520164106957,3.7832226290422577,1.7259454824167766,-0.18245991389043362,2.4151772544978494,1.7651660777959357,8.283185307179584,0.12544199974579767,1.0,1.0,0.12612626042326772,2.57588622249275
31.0,0.0,0.0,0.007950683593749987,0.0,0.007639404296874999,0.015517333984374986,1.3678061305371099,1.8097763253119952,-0.22202314178265678,2.4412986246037556,1.5162639563052216,8.283185307179584,0.1445943765501846,1.0,1.0,0.06389520762078688,3.798247663649196,1.7231639678795247,-0.19698172370246697,2.515780504419368,1.780192724143649,8.283185307179584,0.13488982335153699,1.0,1.0,0.12542891776265552,2.5878606305736964
32.0,0.0,0.0,0.00813745117187498,0.0,0.007846313476562498,0.01592150878906248,1.4027379428955082,1.809503101469133,-0.23281347460161073,2.5121982968635086,1.519929667046354,8.283185307179584,0.15069046097514913,1.0,1.0,0.06372021061064553,3.8057601809526647,1.721911970426614,-0.20424262860848366,2.5660821293801273,1.7877060473175055,8.283185307179584,0.13961373515440667,1.0,1.0,0.12508024643234944,2.5938478346141696
33.0,0.0,0.0,0.008324218749999975,0.0,0.00805322265625,0.016325683593749973,1.4376697552539066,1.809406908942531,-0.24360380742056464,2.5830979691232616,1.5235953777874862,8.283185307179584,0.15678654540011366,1.0,1.0,0.06354521360050418,3.813272698256134,1.720746309388835,-0.21150353351450035,2.6163837543408865,1.7952193704913622,8.283185307179584,0.14433764695727633,1.0,1.0,0.12473157510204334,2.5998350386546427
34.0,0.0,0.0,0.00851098632812497,0.0,0.0082601318359375,0.016729858398437467,1.4726015676123052,1.809474388743836,-0.25439414023951856,2.6539976413830146,1.5272610885286184,8.283185307179584,0.1628826298250782,1.0,1.0,0.06337021659036282,3.820785215559603,1.7196626359592146,-0.21876443842051702,2.666685379301646,1.8027326936652188,8.283185307179584,0.14906155876014598,1.0,1.0,0.12438290377173725,2.605822242695116
35.0,0.0,0.0,0.008697753906249963,0.0,0.008467041015625,0.01713403320312496,1.5075333799707036,1.8096930663914181,-0.2651844730584725,2.7248973136427677,1.5309267992697508,8.283185307179584,0.16897871425004274,1.0,1.0,0.06319521958022148,3.8282977328630716,1.7186568067926165,-0.2260253433265337,2.716987004262405,1.8102460168390753,8.283185307179584,0.15378547056301567,1.0,1.0,0.12403423244143116,2.611809446735589
36.0,0.0,0.0,0.008884521484374956,0.0,0.008673950195312499,0.017538208007812455,1.542465192329102,1.8100512682669743,-0.2759748058774264,2.7957969859025207,1.5345925100108833,8.283185307179584,0.17507479867500728,1.0,1.0,0.06302022257008014,3.8358102501665408,1.7177248706000423,-0.2332862482325504,2.7672886292231644,1.817759340012932,8.283185307179584,0.15850938236588533,1.0,1.0,0.12368556111112507,2.6177966507760626
37.0,0.0,0.0,0.00907128906249995,0.0,0.008880859375,0.01794238281249995,1.5773970046875005,1.8105380467852061,-0.2867651386963804,2.8666966581622737,1.5382582207520155,8.283185307179584,0.1811708830999718,1.0,1.0,0.06284522555993878,3.84332276747001,1.7168630556080715,-0.24054715313856706,2.8175902541839237,1.8252726631867886,8.283185307179584,0.16323329416875498,1.0,1.0,0.12333688978081897,2.6237838548165358
38.0,0.0,0.0,0.009258056640624943,0.0,0.0090877685546875,0.018346557617187443,1.612328817045899,1.8111431133825255,-0.29755547151533435,2.9375963304220267,1.5419239314931477,8.283185307179584,0.18726696752493635,1.0,1.0,0.06267022854979742,3.850835284773479,1.7160677579826817,-0.24780805804458375,2.867891879144683,1.832785986360645,8.283185307179584,0.16795720597162464,1.0,1.0,0.12298821845051287,2.629771058857009
39.0,0.0,0.0,0.009444824218749938,0.0,0.009294677734375,0.018750732421874937,1.6472606294042973,1.8118567784431923,-0.30834580433428826,3.0084960026817797,1.54558964223428,8.283185307179584,0.1933630519499009,1.0,1.0,0.06249523153965608,3.858347802076948,1.7153355310278178,-0.25506896295060044,2.9181935041054423,1.8402993095345017,8.283185307179584,0.1726811177744943,1.0,1.0,0.12263954712020678,2.6357582628974825
40.0,0.0,0.0,0.009631591796874932,0.0,0.009501586914062499,0.01915490722656243,1.682192441762696,1.8126698973840103,-0.3191361371532422,3.0793956749415328,1.5492553529754125,8.283185307179584,0.19945913637486543,1.0,1.0,0.06232023452951473,3.8658603193804173,1.7146630751508414,-0.2623298678566171,2.9684951290662016,1.8478126327083584,8.283185307179584,0.17740502957736395,1.0,1.0,0.1222908757899007,2.6417454669379556
41.0,0.0,0.0,0.009818359374999926,0.0,0.00970849609375,0.019559082031249925,1.7171242541210943,1.8135738222110382,-0.3299264699721961,3.150295347201286,1.5529210637165447,8.283185307179584,0.20555522079982996,1.0,1.0,0.062145237519373384,3.8733728366838864,1.7140472285303456,-0.26959077276263377,3.018796754026961,1.8553259558822148,8.283185307179584,0.1821289413802336,1.0,1.0,0.1219422044595946,2.647732670978429
42.0,0.0,0.0,0.010005126953124919,0.0,0.0099154052734375,0.01996325683593742,1.7520560664794926,1.8145603579439706,-0.34071680279115,3.221195019461039,1.556586774457677,8.283185307179584,0.2116513052247945,1.0,1.0,0.061970240509232034,3.8808853539873556,1.7134849584343592,-0.27685167766865043,3.06909837898772,1.8628392790560715,8.283185307179584,0.18685285318310327,1.0,1.0,0.1215935331292885,2.653719875018902
43.0,0.0,0.0,0.010191894531249912,0.0,0.010122314453125,0.020367431640624913,1.7869878788378912,1.8156217233765255,-0.35150713561010394,3.292094691720792,1.5602524851988093,8.283185307179584,0.21774738964975904,1.0,1.0,0.061795243499090685,3.8883978712908247,1.7129733531406148,-0.2841125825746671,3.1194000039484795,1.8703526022299282,8.283185307179584,0.19157676498597292,1.0,1.0,0.12124486179898242,2.659707079059375
44.0,0.0,0.0,0.010378662109374905,0.0,0.010329223632812499,0.020771606445312406,1.8219196911962896,1.8167505157050918,-0.36229746842905786,3.362994363980545,1.5639181959399417,8.283185307179584,0.22384347407472355,1.0,1.0,0.06162024648894934,3.8959103885942934,1.7125096144141256,-0.2913734874806838,3.1697016289092392,1.8778659254037846,8.283185307179584,0.1963006767888426,1.0,1.0,0.12089619046867632,2.6656942830998482
45.0,0.0,0.0,0.0105654296874999,0.0,0.0105361328125,0.0211757812499999,1.856851503554688,1.8179396786140114,-0.37308780124801183,3.433894036240298,1.567583906681074,8.283185307179584,0.22993955849968808,1.0,1.0,0.061445249478807994,3.9034229058977625,1.7120910505006686,-0.2986343923867005,3.2200032538699985,1.8853792485776413,8.283185307179584,0.20102458859171227,1.0,1.0,0.12054751913837022,2.6716814871403214
46.0,0.0,0.0,0.0109614257812499,0.0,0.01121435546874995,0.02225830078124995,1.9519247652231926,1.8088170037574667,-0.4100947706390865,4.000868087971593,1.547281098021163,8.283185307179584,0.24702305954059478,1.0,1.0,0.061360190734414774,3.907211967869853,1.7285238206089857,-0.3382324776967629,3.742950680812192,1.7440591332867101,8.283185307179584,0.20888208110017778,1.0,1.0,0.11938522170178284,2.692777577762447
47.0,0.0,0.0,0.0111594238281249,0.0,0.011553466796874926,0.022799560546874972,1.9994613960574448,1.8066473536770964,-0.42859825533462387,4.284355113837241,1.5371296936912078,8.283185307179584,0.25556481006104814,1.0,1.0,0.06131766136221816,3.9091064988558983,1.7404639681910459,-0.3580315203517941,4.004424394283289,1.6733990756412445,8.283185307179584,0.21281082735441054,1.0,1.0,0.11880407298348913,2.7033256230735105
48.0,0.0,0.0,0.0113574218749999,0.0,0.0118925781249999,0.0233408203125,2.046998026891697,1.805786428462917,-0.44710174003016123,4.567842139702888,1.5269782893612522,8.283185307179584,0.2641065605815015,1.0,1.0,0.06127513199002155,3.9110010298419433,1.7546904131959489,-0.3778305630068253,4.265898107754385,1.6027390179957788,8.283185307179584,0.2167395736086433,1.0,1.0,0.11822292426519544,2.7138736683845734
49.0,0.0,0.0,0.01200634765624995,0.0,0.01258837890624995,0.024797851562499952,2.1687216598018537,1.7915209056883046,-0.4979808367732925,5.645297075815924,1.514412461495876,8.283185307179584,0.28065718861342176,1.0,1.0,0.0612048556377774,3.914143971996972,1.7394212792647297,-0.38222151636717605,4.316495958473361,1.6680767620098966,8.283185307179584,0.22481245292410404,1.0,1.0,0.11834872450486546,2.711556216392993
50.0,0.0,0.0,0.012330810546874975,0.0,0.012936279296874974,0.025526367187499927,2.2295834762569315,1.788606160716907,-0.5234203851448582,6.184024543872443,1.508129547563188,8.283185307179584,0.28893250262938186,1.0,1.0,0.06116971746165533,3.9157154430744865,1.7320157748251428,-0.38441699304735144,4.341794883832849,1.7007456340169556,8.283185307179584,0.2288488925818344,1.0,1.0,0.11841162462470047,2.710397490397203
51.0,0.0,0.0,0.0126552734375,0.0,0.0132841796875,0.0262548828124999,2.29044529271201,1.787810881380091,-0.5488599335164238,6.722752011928961,1.5018466336304999,8.283185307179584,0.297207816645342,1.0,1.0,0.06113457928553326,3.917286914152001,1.724756272947345,-0.3866124697275268,4.367093809192338,1.7334145060240145,8.283185307179584,0.23288533223956479,1.0,1.0,0.11847452474453547,2.7092387644014124
52.0,0.0,0.0,0.013333496093749949,0.0,0.013955078125,0.027551757812499952,2.4076175108481928,1.7750152099476764,-0.5472115275021796,6.516827614943966,1.5712573457670904,8.283185307179584,0.3046281146816042,1.0,1.0,0.060299053920034526,3.9555356794133196,1.7190975924109284,-0.3965241322384804,4.468706901583902,1.7639420910191315,8.283185307179584,0.24192593382825045,1.0,1.0,0.1191820915687491,2.6963593086006457
53.0,0.0,0.0,0.013672607421874924,0.0,0.01429052734375,0.028200195312499975,2.4662036199162842,1.7690453642922925,-0.5463873244950574,6.413865416451468,1.6059627018353857,8.283185307179584,0.3083382636997354,1.0,1.0,0.05988129123728516,3.974660062043979,1.7163353191143904,-0.4014799634939572,4.519513447779684,1.7792058835166897,8.283185307179584,0.24644623462259327,1.0,1.0,0.11953587498085591,2.689919580700262
54.0,0.0,0.0,0.0140117187499999,0.0,0.0146259765625,0.0288486328125,2.5247897289843757,1.7633516181970932,-0.5455631214879354,6.3109032179589715,1.640668057903681,8.283185307179584,0.3120484127178665,1.0,1.0,0.059463528554535794,3.9937844446746387,1.713616028507591,-0.40643579474943403,4.570319993975467,1.7944696760142482,8.283185307179584,0.2509665354169361,1.0,1.0,0.11988965839296273,2.6834798527998784
55.0,0.0,0.0,0.01461035156249995,0.0,0.01566064453125,0.030462890624999947,2.6673352011249643,1.7666430854248762,-0.5598753733922368,6.6156157357477765,1.6209673392728756,8.283185307179584,0.3199244640568303,1.0,1.0,0.05937719085456428,3.9978321055118657,1.6886673385480073,-0.40675486891887536,4.517679253002866,1.9308335418855171,8.283185307179584,0.26170175446241434,1.0,1.0,0.117600184502124,2.7261277774042307
56.0,0.0,0.0,0.014909667968749974,0.0,0.016177978515625,0.03127001953124992,2.7386079371952583,1.7685509418029977,-0.5670314993443876,6.7679719946421795,1.611116979957473,8.283185307179584,0.32386248972631215,1.0,1.0,0.05933402200457852,3.999855935930479,1.6770284555228647,-0.406914406003596,4.4913588825165665,1.9990154748211515,8.283185307179584,0.26706936398515346,1.0,1.0,0.11645544755670464,2.7474517397064067
57.0,0.0,0.0,0.015208984375,0.0,0.0166953125,0.0320771484374999,2.809880673265553,1.7706237338358939,-0.5741876252965383,6.9203282535365815,1.6012666206420703,8.283185307179584,0.3278005153957941,1.0,1.0,0.05929085315459277,4.001879766349092,1.6659009541238503,-0.4070739430883167,4.465038512030266,2.067197407756786,8.283185307179584,0.2724369735078926,1.0,1.0,0.11531071061128528,2.7687757020085826
58.0,0.0,0.0,0.0162822265625,0.0,0.0176796875,0.0340688476562499,2.9889036482915157,1.7344476173883503,-0.5918681202779497,7.456759925609541,1.7204134148125254,8.283185307179584,0.3452917525733205,1.0,1.0,0.05904323560468548,4.013590726128118,1.672360243761668,-0.42437340515435795,4.770904283548489,2.0030609793343226,8.283185307179584,0.2766697244362098,1.0,1.0,0.11509191326275675,2.7730030587295325
59.0,0.0,0.0,0.016818847656249997,0.0,0.018171874999999997,0.0350646972656249,3.078415135804497,1.717554358152325,-0.6007083677686553,7.724975761646021,1.779986811897753,8.283185307179584,0.3540373711620837,1.0,1.0,0.058919426829731836,4.019446206017632,1.6762936656375094,-0.43302313618737864,4.9238371693076015,1.9709927651230907,8.283185307179584,0.2787860999003684,1.0,1.0,0.11498251458849248,2.7751167370900074
60.0,0.0,0.0,0.01735546875,0.0,0.0186640625,0.0360605468749999,3.1679266233174785,1.701386538407914,-0.6095486152593611,7.9931915976825,1.8395602089829806,8.283185307179584,0.36278298975084694,1.0,1.0,0.05879561805477819,4.025301685907145,1.6806747601785061,-0.4416728672203993,5.076770055066714,1.938924550911859,8.283185307179584,0.280902475364527,1.0,1.0,0.1148731159142282,2.7772304154504823
61.0,0.0,0.0,0.018468261718749997,0.0,0.0197861328125,0.03827636718749995,3.3634881745390985,1.6841223435087693,-0.6074995273808703,7.85095326145306,1.9283183351294846,8.283185307179584,0.37520135633024965,1.0,1.0,0.05738341728968333,4.095135551192041,1.660598219987573,-0.4413433276315817,5.11657479987236,2.0299592620294025,8.283185307179584,0.2902449227574849,1.0,1.0,0.11399644430500941,2.7944477780446517
62.0,0.0,0.0,0.019024658203124996,0.0,0.02034716796875,0.039384277343749975,3.4612689501499085,1.6759180648678598,-0.606474983441625,7.779834093338339,1.9726973982027365,8.283185307179584,0.381410539619951,1.0,1.0,0.0566773169071359,4.13005248383449,1.650905980951912,-0.44117855783717286,5.136477172275184,2.0754766175881745,8.283185307179584,0.29491614645396386,1.0,1.0,0.1135581085004,2.8030564593417364
63.0,0.0,0.0,0.0195810546875,0.0,0.020908203125,0.0404921875,3.5590497257607185,1.6679849077907336,-0.6054504395023796,7.708714925223619,2.0170764612759884,8.283185307179584,0.3876197229096523,1.0,1.0,0.055971216524588474,4.1649694164769375,1.6414320540310565,-0.44101378804276403,5.156379544678006,2.1209939731469465,8.283185307179584,0.2995873701504428,1.0,1.0,0.1131197726957906,2.811665140638821
64.0,0.0,0.0,0.020723632812499997,0.0,0.02273388671875,0.0434248046875,3.8190090249297235,1.6517251979766543,-0.5992459650094946,7.2333734972916535,2.1506230049496606,8.283185307179584,0.4035105107919132,1.0,1.0,0.055487621916528236,4.1901494887971245,1.6353586126113597,-0.47987450919473124,6.16728267672017,2.0500884216419917,8.283185307179584,0.3052145309345129,1.0,1.0,0.11098012212231816,2.8556613495467227
65.0,0.0,0.0,0.021294921874999997,0.0,0.023646728515625,0.04489111328125,3.9489886745142257,1.6447416225512161,-0.5961437277630519,6.995702783325671,2.2173962767864968,8.283185307179584,0.4114559047330436,1.0,1.0,0.05524582461249812,4.202739524957218,1.6358246998211605,-0.49930486977071487,6.672734242741251,2.014635645889514,8.283185307179584,0.30802811132654795,1.0,1.0,0.10991029683558193,2.877659454000673
66.0,0.0,0.0,0.0218662109375,0.0,0.0245595703125,0.046357421875,4.078968324098728,1.638502948891372,-0.5930414905166094,6.758032069359688,2.2841695486233324,8.283185307179584,0.4194012986741741,1.0,1.0,0.055004027308468,4.215329561117311,1.6381932280852811,-0.5187352303466984,7.178185808762334,1.9791828701370366,8.283185307179584,0.31084169171858295,1.0,1.0,0.10884047154884571,2.899657558454624
67.0,0.0,0.0,0.023369140625,0.0,0.02644384765625,0.04981396484374995,4.378935820546875,1.6200236467626334,-0.622793790997442,7.606634688993844,2.331855185918314,8.283185307179584,0.4378085684427401,1.0,1.0,0.053372390517019565,4.305576690226541,1.6245935958164432,-0.5576812714424598,8.782381438217405,1.9409252971825248,8.283185307179584,0.3226281999614463,1.0,1.0,0.10948125339224958,2.8861766091130026
68.0,0.0,0.0,0.02412060546875,0.0,0.027385986328125,0.05154223632812492,4.528919568770949,1.612021827896638,-0.6376699412378584,8.030935998810921,2.355698004565805,8.283185307179584,0.44701220332702307,1.0,1.0,0.052556572121295345,4.350700254781156,1.6217218079745361,-0.5771542919903405,9.584479252944941,1.9217965107052688,8.283185307179584,0.32852145408287803,1.0,1.0,0.10980164431395151,2.8794361344421917
69.0,0.0,0.0,0.0248720703125,0.0,0.028328125,0.0532705078124999,4.678903316995022,1.6047151045927341,-0.6525460914782747,8.455237308628,2.3795408232132957,8.283185307179584,0.4562158382113061,1.0,1.0,0.05174075372557113,4.395823819335772,1.620882410008298,-0.5966273125382212,10.386577067672476,1.9026677242280128,8.283185307179584,0.3344147082043097,1.0,1.0,0.11012203523565345,2.8726956597713813
70.0,0.0,0.0,0.02630615234375,0.0,0.03075439453125,0.05705517578124995,5.0157220835951675,1.5713211282717623,-0.6862874416737742,10.21137037619355,2.4489480103865864,8.254342353039469,0.4755706760544923,1.0114050884536927,1.0,0.050973168995573345,4.441363358058639,1.567337697472624,-0.6254341251969615,13.232293799980745,1.9966095270373447,8.241184419387448,0.3445563731732838,1.0166463071200091,1.0,0.1072984847717237,2.9341967360655845
71.0,0.0,0.0,0.027023193359375,0.0,0.031967529296875,0.058947509765624975,5.18413146689524,1.5575738258189635,-0.703158116771524,11.089436909976325,2.4836516039732315,8.240029171692795,0.4852480949760854,1.0171076326805393,1.0,0.05058937663057445,4.464133127420072,1.545771964175224,-0.6398375315263316,14.65515216613488,2.0435804284420107,8.220413251350841,0.34962720565777083,1.0249694606800137,1.0,0.10588670953975882,2.9649472742126863
72.0,0.0,0.0,0.027740234375,0.0,0.0331806640625,0.06083984375,5.352540850195313,1.5453789100560749,-0.7200287918692737,11.967503443759101,2.518355197559877,8.225787410028337,0.49492551389767847,1.0228101769073856,1.0,0.05020558426557556,4.486902896781506,1.5267828666451881,-0.6542409378557018,16.078010532289014,2.0905513298466767,8.199792543395816,0.35469803814225787,1.033292614240018,1.0,0.10447493430779395,2.995697812359788
73.0,0.0,0.0,0.02875048828125,0.0,0.035394531249999944,0.06408691406249994,5.636828090649571,1.5106492865162695,-0.769047319151885,16.623607669187496,2.5070371905036577,8.156485056119893,0.5109478995048456,1.0509711193852835,1.0,0.04962188773898496,4.522982704678972,1.5060498517963723,-0.6571981598614323,16.6631729703125,2.1683047916812517,8.101357030410805,0.3632841807946199,1.0738711060687582,1.0,0.10442207906626406,2.996902779959165
74.0,0.0,0.0,0.0297607421875,0.0,0.0376083984374999,0.0673339843749999,5.92111533110383,1.4949547404727608,-0.8180658464344962,21.279711894615893,2.4957191834474384,8.088843628687599,0.5269702851120128,1.0791320618631814,1.0,0.049038191212394354,4.559062512576437,1.4862241490589732,-0.6601553818671628,17.24833540833599,2.2460582535158267,8.006262957985685,0.37187032344698184,1.1144495978974982,1.0,0.10436922382473418,2.9981077475585427
75.0,0.0,0.0,0.0310439453125,0.0,0.03924414062499995,0.07022021484374996,6.176429725540732,1.456448729914498,-0.8419521656155502,25.504663483847153,2.6151321614608176,7.875641570145192,0.5481826131069548,1.1725167157856946,1.0,0.047802856233451076,4.639920419929668,1.4451114261355502,-0.6513267966965841,17.069144304208734,2.4569612518209754,7.891840957526553,0.3832333783157327,1.1651637828792856,1.0,0.102415545619741,3.0441474588749
76.0,0.0,0.0,0.0323271484375,0.0,0.0408798828125,0.0731064453125,6.431744119977634,1.4245915421186206,-0.8658384847966041,29.729615073078413,2.734545139474197,7.677958212109031,0.5693949411018968,1.2659013697082078,1.0,0.0465675212545078,4.720778327282898,1.407954094266707,-0.6424982115260053,16.88995320008148,2.6678642501261236,7.7820346565871095,0.3945964331844835,1.2158779678610732,1.0,0.10046186741474782,3.0901871701912573
77.0,0.0,0.0,0.03307128906249995,0.0,0.0428154296875,0.075833984375,6.6684087125229965,1.3780899950031231,-0.8526863503369362,29.141458360818618,3.01479881518671,7.475231388539853,0.5800519103120607,1.3692138719249751,1.0,0.04511879376562174,4.824313911426653,1.3743091471966744,-0.630600808070686,16.31156794186165,2.8992065904915627,7.5487673724890145,0.40946663101564584,1.3308046757549672,1.0,0.09977826975037192,3.107019427571556
78.0,0.0,0.0,0.0338154296874999,0.0,0.0447509765625,0.0785615234375,6.905073305068359,1.3367328355606587,-0.8395342158772682,28.55330164855882,3.295052490899223,7.2873489090855355,0.5907088795222247,1.4725263741417423,1.0,0.04367006627673567,4.92784949557041,1.3444315635238293,-0.6187034046153665,15.733182683641823,3.1305489308570023,7.33475133837513,0.42433682884680823,1.445731383648861,1.0,0.09909467208599602,3.1238516849518554
79.0,0.0,0.0,0.03418066406249995,0.0,0.04661425781249995,0.0809033203125,7.105440691353956,1.2939274669377854,-0.8458558725543894,30.14891980217591,3.6042282538110255,7.0769678666422,0.6078551834253569,1.5978383252327926,1.0,0.04260657063533155,5.010693009778273,1.3087447088369095,-0.6147948340644296,15.80450864013314,3.408623794784308,7.19911369274168,0.4345723732946097,1.5237811081476895,1.0,0.09606362298641002,3.2034761612744997
80.0,0.0,0.0,0.0345458984375,0.0,0.0484775390624999,0.0832451171875,7.305808077639553,1.255428490575595,-0.8521775292315107,31.744537955793003,3.9134040167228283,6.883422189472514,0.6250014873284891,1.7231502763238429,1.0,0.04154307499392743,5.0935365239861365,1.2763837025991829,-0.6108862635134927,15.875834596624456,3.6866986587116135,7.070553883186691,0.44480791774241113,1.6018308326465183,1.0,0.09303257388682401,3.283100637597144
81.0,0.0,0.0,0.03392236328125,0.0,0.04841357421874995,0.082484375,7.242877648427735,1.2011013577329268,-0.8364009993435124,29.36668086669342,4.553763176761141,6.597259396144409,0.640319298731963,1.9285370545292677,1.0,0.03923174196279593,5.2976152524576,1.2284409401165322,-0.5970486150002808,15.163462596370946,4.231721874857444,6.708560959912082,0.46440041945530924,1.8455919175015363,1.0,0.09123584048798838,3.334554637932841
82.0,0.0,0.0,0.033298828125,0.0,0.048349609375,0.0817236328125,7.179947219215916,1.1589851423275745,-0.8206244694555143,26.988823777593836,5.194122336799453,6.343466996222715,0.655637110135437,2.1339238327346925,1.0,0.03692040893166443,5.501693980929065,1.189356748899092,-0.5832109664870689,14.451090596117437,4.776745091003274,6.396097002146744,0.48399292116820736,2.089353002356554,1.0,0.08943910708915276,3.386008638268538
83.0,0.0,0.0,0.0299892578125,0.0,0.04494287109375,0.07507373046875,6.591710992924805,1.115840875327251,-0.8197463007649475,26.917478998697632,5.8694197722756325,6.129202382388708,0.6695596910839964,2.327170743585838,1.0,0.03451066348269172,5.759175316818917,1.1433738351916816,-0.5683900888111113,13.67307377691008,5.567953923758504,6.035249166873738,0.493108028590299,2.4183609157202843,1.0,0.08671870488541421,3.470872943968788
84.0,0.0,0.0,0.0266796875,0.0,0.0415361328125,0.068423828125,6.003474766633694,1.0790393667080678,-0.8188681320743806,26.846134219801428,6.544717207751811,5.934985736337353,0.6834822720325557,2.5204176544369834,1.0,0.032100918033719006,6.016656652708768,1.1076133520013844,-0.5535692111351537,12.895056957702721,6.359162756513734,5.728596071992874,0.5022231360123907,2.747368829084014,1.0,0.08399830268167566,3.555737249669038
85.0,0.0,0.0,0.019460449218750002,0.0,0.03069140625,0.05026708984375,4.412168390615235,1.0702343199170548,-0.8160933225670867,24.21118045336609,7.066256451827895,5.816866085157988,0.6982034203631872,2.6473859926102397,1.0,0.02814508129495351,6.590143626413138,1.1051026848949799,-0.5442840310227532,11.570084032118839,6.843636817757902,5.6889713768381,0.5112817083966261,2.79375261317269,1.0,0.07788871959497753,3.7845336526612723
86.0,0.0,0.0,0.0122412109375,0.0,0.0198466796875,0.0321103515625,2.8208620145967758,1.0663771242555744,-0.8133185130597927,21.576226686930752,7.587795695903979,5.705443895043786,0.7129245686938186,2.774354330783496,1.0,0.024189244556188014,7.163630600117507,1.1084776897420858,-0.5349988509103528,10.245111106534958,7.328110879002072,5.650147872704682,0.5203402807808616,2.8401363972613654,1.0,0.07177913650827941,4.0133300556535065
87.0,0.0,0.0,0.00620263671874995,0.0,0.010203125,0.0165517578125,1.4464642058663069,0.9657343664191671,-0.8858815222999089,25.98210610367122,10.406876375411835,5.055692165370299,0.7491613660456334,3.6875245068536247,1.0,0.018597821147170374,8.670036831277537,1.126835277055338,-0.6288132910077042,11.778627352850995,7.167222893321998,5.728229613058702,0.6031788519256787,2.7477934481073394,1.0,0.06441793836250481,4.392109470075706
88.0,0.0,0.0,0.0001640624999999,0.0,0.0005595703125,0.0009931640625,0.0720663971358379,0.8958672592262736,-0.9584445315400251,30.387985520411686,13.225957054919693,4.585880352607801,0.7853981633974483,4.600694682923753,1.0,0.013006397738152736,10.176443062437567,1.1465966098174056,-0.7226277311050556,13.312143599167031,7.006334907641926,5.80959658981116,0.6860174230704958,2.6554504989533134,1.0,0.05705674021673021,4.770888884497905
89.0,0.0,0.0,0.0,0.0,1.26953125e-05,2.63671875e-05,0.0022649668847658,3.141592653589793,0.0,0.0,0.0,9.869604401089358,0.0,0.0,0.0,0.0,0.0,3.141592653589793,0.0,0.0,0.0,9.869604401089358,0.0,0.0,0.0,0.0,0.0
