alpha,H,He,Ti,S,Ti_1,S_1,amu/ion,thetaK_S,thetaTilt_S,thetaM_S,thetaN_S,3dK_S,3dTilt_S,3dM_S,3dN_S,energyK_S,energyE_S,thetaK_Ti,thetaTilt_Ti,thetaM_Ti,thetaN_Ti,3dK_Ti,3dTilt_Ti,3dM_Ti,3dN_Ti,energyK_Ti,energyE_Ti
0.000E+00,0.000E+00,0.000E+00,4.094E-03,0.000E+00,2.491E-03,6.532E-03,5.254E-01,1.745E+00,-2.326E-03,1.524E+00,1.504E+00,4.935E+00,0.000E+00,1.000E+00,1.000E+00,1.208E-01,2.668E+00,1.824E+00,2.307E-02,1.165E+00,1.518E+00,4.935E+00,0.000E+00,1.000E+00,1.000E+00,4.478E-02,5.084E+00
1.000E+00,0.000E+00,0.000E+00,4.099E-03,0.000E+00,2.516E-03,6.570E-03,5.280E-01,1.739E+00,-7.436E-03,1.535E+00,1.548E+00,4.935E+00,5.657E-03,1.000E+00,1.000E+00,1.206E-01,2.670E+00,1.814E+00,1.277E-02,1.211E+00,1.505E+00,4.935E+00,5.739E-03,1.000E+00,1.000E+00,4.488E-02,5.077E+00
2.000E+00,0.000E+00,0.000E+00,4.104E-03,0.000E+00,2.540E-03,6.609E-03,5.306E-01,1.734E+00,-1.255E-02,1.546E+00,1.592E+00,4.935E+00,1.131E-02,1.000E+00,1.000E+00,1.205E-01,2.672E+00,1.805E+00,2.472E-03,1.257E+00,1.492E+00,4.935E+00,1.148E-02,1.000E+00,1.000E+00,4.498E-02,5.069E+00
3.000E+00,0.000E+00,0.000E+00,4.109E-03,0.000E+00,2.564E-03,6.647E-03,5.332E-01,1.729E+00,-1.765E-02,1.557E+00,1.636E+00,4.935E+00,1.697E-02,1.000E+00,1.000E+00,1.204E-01,2.674E+00,1.806E+00,-7.829E-03,1.303E+00,1.478E+00,4.935E+00,1.722E-02,1.000E+00,1.000E+00,4.508E-02,5.061E+00
4.000E+00,0.000E+00,0.000E+00,4.111E-03,0.000E+00,2.577E-03,6.666E-03,5.345E-01,1.726E+00,-2.021E-02,1.562E+00,1.657E+00,4.935E+00,1.980E-02,1.000E+00,1.000E+00,1.204E-01,2.675E+00,1.807E+00,-1.298E-02,1.325E+00,1.472E+00,4.935E+00,2.009E-02,1.000E+00,1.000E+00,4.513E-02,5.057E+00
5.000E+00,0.000E+00,0.000E+00,4.114E-03,0.000E+00,2.589E-03,6.685E-03,5.358E-01,1.724E+00,-2.276E-02,1.568E+00,1.679E+00,4.935E+00,2.263E-02,1.000E+00,1.000E+00,1.203E-01,2.676E+00,1.809E+00,-1.813E-02,1.348E+00,1.465E+00,4.935E+00,2.295E-02,1.000E+00,1.000E+00,4.518E-02,5.053E+00
6.000E+00,0.000E+00,0.000E+00,4.119E-03,0.000E+00,2.613E-03,6.723E-03,5.384E-01,1.719E+00,-2.787E-02,1.579E+00,1.723E+00,4.935E+00,2.829E-02,1.000E+00,1.000E+00,1.202E-01,2.678E+00,1.813E+00,-2.843E-02,1.394E+00,1.452E+00,4.935E+00,2.869E-02,1.000E+00,1.000E+00,4.528E-02,5.046E+00
7.000E+00,0.000E+00,0.000E+00,4.124E-03,0.000E+00,2.638E-03,6.761E-03,5.410E-01,1.714E+00,-3.298E-02,1.590E+00,1.767E+00,4.935E+00,3.394E-02,1.000E+00,1.000E+00,1.201E-01,2.680E+00,1.817E+00,-3.873E-02,1.440E+00,1.438E+00,4.935E+00,3.443E-02,1.000E+00,1.000E+00,4.538E-02,5.038E+00
8.000E+00,0.000E+00,0.000E+00,4.129E-03,0.000E+00,2.662E-03,6.800E-03,5.436E-01,1.710E+00,-3.809E-02,1.601E+00,1.810E+00,4.935E+00,3.960E-02,1.000E+00,1.000E+00,1.199E-01,2.683E+00,1.821E+00,-4.903E-02,1.486E+00,1.425E+00,4.935E+00,4.017E-02,1.000E+00,1.000E+00,4.549E-02,5.030E+00
9.000E+00,0.000E+00,0.000E+00,4.131E-03,0.000E+00,2.674E-03,6.819E-03,5.449E-01,1.707E+00,-4.065E-02,1.606E+00,1.832E+00,4.935E+00,4.243E-02,1.000E+00,1.000E+00,1.199E-01,2.684E+00,1.823E+00,-5.419E-02,1.509E+00,1.418E+00,4.935E+00,4.304E-02,1.000E+00,1.000E+00,4.554E-02,5.026E+00
1.000E+01,0.000E+00,0.000E+00,4.134E-03,0.000E+00,2.687E-03,6.838E-03,5.462E-01,1.705E+00,-4.320E-02,1.612E+00,1.854E+00,4.935E+00,4.526E-02,1.000E+00,1.000E+00,1.198E-01,2.685E+00,1.825E+00,-5.934E-02,1.532E+00,1.412E+00,4.935E+00,4.591E-02,1.000E+00,1.000E+00,4.559E-02,5.022E+00
1.100E+01,0.000E+00,0.000E+00,4.224E-03,0.000E+00,2.700E-03,6.956E-03,5.550E-01,1.707E+00,-5.113E-02,1.647E+00,1.851E+00,4.935E+00,5.173E-02,1.000E+00,1.000E+00,1.197E-01,2.687E+00,1.823E+00,-6.962E-02,1.579E+00,1.425E+00,4.935E+00,5.274E-02,1.000E+00,1.000E+00,4.554E-02,5.026E+00
1.200E+01,0.000E+00,0.000E+00,4.314E-03,0.000E+00,2.713E-03,7.075E-03,5.638E-01,1.709E+00,-5.906E-02,1.682E+00,1.849E+00,4.935E+00,5.821E-02,1.000E+00,1.000E+00,1.196E-01,2.689E+00,1.821E+00,-7.991E-02,1.627E+00,1.438E+00,4.935E+00,5.956E-02,1.000E+00,1.000E+00,4.549E-02,5.030E+00
1.300E+01,0.000E+00,0.000E+00,4.404E-03,0.000E+00,2.726E-03,7.193E-03,5.726E-01,1.710E+00,-6.699E-02,1.718E+00,1.846E+00,4.935E+00,6.468E-02,1.000E+00,1.000E+00,1.195E-01,2.691E+00,1.820E+00,-9.019E-02,1.674E+00,1.452E+00,4.935E+00,6.639E-02,1.000E+00,1.000E+00,4.544E-02,5.034E+00
1.400E+01,0.000E+00,0.000E+00,4.449E-03,0.000E+00,2.732E-03,7.253E-03,5.770E-01,1.711E+00,-7.096E-02,1.735E+00,1.845E+00,4.935E+00,6.792E-02,1.000E+00,1.000E+00,1.194E-01,2.692E+00,1.819E+00,-9.534E-02,1.698E+00,1.459E+00,4.935E+00,6.980E-02,1.000E+00,1.000E+00,4.541E-02,5.036E+00
1.500E+01,0.000E+00,0.000E+00,4.494E-03,0.000E+00,2.739E-03,7.312E-03,5.814E-01,1.712E+00,-7.492E-02,1.753E+00,1.843E+00,4.935E+00,7.115E-02,1.000E+00,1.000E+00,1.193E-01,2.693E+00,1.818E+00,-1.005E-01,1.722E+00,1.465E+00,4.935E+00,7.322E-02,1.000E+00,1.000E+00,4.539E-02,5.037E+00
1.600E+01,0.000E+00,0.000E+00,4.584E-03,0.000E+00,2.752E-03,7.431E-03,5.901E-01,1.714E+00,-8.285E-02,1.789E+00,1.841E+00,4.935E+00,7.763E-02,1.000E+00,1.000E+00,1.192E-01,2.695E+00,1.816E+00,-1.108E-01,1.769E+00,1.479E+00,4.935E+00,8.004E-02,1.000E+00,1.000E+00,4.534E-02,5.041E+00
1.700E+01,0.000E+00,0.000E+00,4.674E-03,0.000E+00,2.765E-03,7.549E-03,5.989E-01,1.716E+00,-9.078E-02,1.824E+00,1.838E+00,4.935E+00,8.410E-02,1.000E+00,1.000E+00,1.191E-01,2.698E+00,1.815E+00,-1.211E-01,1.816E+00,1.492E+00,4.935E+00,8.687E-02,1.000E+00,1.000E+00,4.529E-02,5.045E+00
1.800E+01,0.000E+00,0.000E+00,4.764E-03,0.000E+00,2.778E-03,7.668E-03,6.077E-01,1.718E+00,-9.871E-02,1.859E+00,1.835E+00,4.935E+00,9.057E-02,1.000E+00,1.000E+00,1.190E-01,2.700E+00,1.814E+00,-1.313E-01,1.864E+00,1.505E+00,4.935E+00,9.370E-02,1.000E+00,1.000E+00,4.524E-02,5.049E+00
1.900E+01,0.000E+00,0.000E+00,4.809E-03,0.000E+00,2.784E-03,7.727E-03,6.121E-01,1.719E+00,-1.027E-01,1.877E+00,1.834E+00,4.935E+00,9.381E-02,1.000E+00,1.000E+00,1.189E-01,2.701E+00,1.813E+00,-1.365E-01,1.888E+00,1.512E+00,4.935E+00,9.711E-02,1.000E+00,1.000E+00,4.522E-02,5.051E+00
2.000E+01,0.000E+00,0.000E+00,4.854E-03,0.000E+00,2.791E-03,7.786E-03,6.165E-01,1.720E+00,-1.066E-01,1.895E+00,1.833E+00,4.935E+00,9.705E-02,1.000E+00,1.000E+00,1.189E-01,2.702E+00,1.813E+00,-1.416E-01,1.911E+00,1.519E+00,4.935E+00,1.005E-01,1.000E+00,1.000E+00,4.519E-02,5.052E+00
2.100E+01,0.000E+00,0.000E+00,4.976E-03,0.000E+00,2.894E-03,7.993E-03,6.339E-01,1.719E+00,-1.168E-01,1.942E+00,1.850E+00,4.935E+00,1.042E-01,1.000E+00,1.000E+00,1.184E-01,2.712E+00,1.812E+00,-1.537E-01,1.969E+00,1.529E+00,4.935E+00,1.081E-01,1.000E+00,1.000E+00,4.515E-02,5.056E+00
2.200E+01,0.000E+00,0.000E+00,5.098E-03,0.000E+00,2.996E-03,8.199E-03,6.514E-01,1.717E+00,-1.270E-01,1.990E+00,1.868E+00,4.935E+00,1.113E-01,1.000E+00,1.000E+00,1.178E-01,2.722E+00,1.812E+00,-1.658E-01,2.026E+00,1.539E+00,4.935E+00,1.157E-01,1.000E+00,1.000E+00,4.510E-02,5.060E+00
2.300E+01,0.000E+00,0.000E+00,5.221E-03,0.000E+00,3.099E-03,8.406E-03,6.688E-01,1.716E+00,-1.371E-01,2.037E+00,1.886E+00,4.935E+00,1.184E-01,1.000E+00,1.000E+00,1.173E-01,2.731E+00,1.812E+00,-1.780E-01,2.083E+00,1.549E+00,4.935E+00,1.233E-01,1.000E+00,1.000E+00,4.505E-02,5.063E+00
2.400E+01,0.000E+00,0.000E+00,5.282E-03,0.000E+00,3.150E-03,8.509E-03,6.775E-01,1.715E+00,-1.422E-01,2.061E+00,1.895E+00,4.935E+00,1.219E-01,1.000E+00,1.000E+00,1.171E-01,2.736E+00,1.812E+00,-1.840E-01,2.112E+00,1.554E+00,4.935E+00,1.270E-01,1.000E+00,1.000E+00,4.503E-02,5.065E+00
2.500E+01,0.000E+00,0.000E+00,5.343E-03,0.000E+00,3.202E-03,8.612E-03,6.862E-01,1.715E+00,-1.473E-01,2.085E+00,1.904E+00,4.935E+00,1.255E-01,1.000E+00,1.000E+00,1.168E-01,2.741E+00,1.812E+00,-1.901E-01,2.140E+00,1.559E+00,4.935E+00,1.308E-01,1.000E+00,1.000E+00,4.501E-02,5.067E+00
2.600E+01,0.000E+00,0.000E+00,5.466E-03,0.000E+00,3.304E-03,8.819E-03,7.036E-01,1.714E+00,-1.574E-01,2.132E+00,1.921E+00,4.935E+00,1.326E-01,1.000E+00,1.000E+00,1.163E-01,2.751E+00,1.812E+00,-2.022E-01,2.197E+00,1.569E+00,4.935E+00,1.384E-01,1.000E+00,1.000E+00,4.496E-02,5.070E+00
2.700E+01,0.000E+00,0.000E+00,5.588E-03,0.000E+00,3.407E-03,9.025E-03,7.211E-01,1.712E+00,-1.676E-01,2.179E+00,1.939E+00,4.935E+00,1.397E-01,1.000E+00,1.000E+00,1.157E-01,2.761E+00,1.813E+00,-2.143E-01,2.255E+00,1.579E+00,4.935E+00,1.460E-01,1.000E+00,1.000E+00,4.492E-02,5.074E+00
2.800E+01,0.000E+00,0.000E+00,5.711E-03,0.000E+00,3.510E-03,9.232E-03,7.385E-01,1.711E+00,-1.778E-01,2.227E+00,1.957E+00,4.935E+00,1.468E-01,1.000E+00,1.000E+00,1.152E-01,2.771E+00,1.813E+00,-2.264E-01,2.312E+00,1.589E+00,4.935E+00,1.536E-01,1.000E+00,1.000E+00,4.487E-02,5.077E+00
2.900E+01,0.000E+00,0.000E+00,5.772E-03,0.000E+00,3.561E-03,9.335E-03,7.472E-01,1.711E+00,-1.829E-01,2.251E+00,1.966E+00,4.935E+00,1.503E-01,1.000E+00,1.000E+00,1.150E-01,2.776E+00,1.813E+00,-2.325E-01,2.340E+00,1.594E+00,4.935E+00,1.574E-01,1.000E+00,1.000E+00,4.485E-02,5.079E+00
3.000E+01,0.000E+00,0.000E+00,5.833E-03,0.000E+00,3.612E-03,9.438E-03,7.559E-01,1.710E+00,-1.879E-01,2.274E+00,1.975E+00,4.935E+00,1.539E-01,1.000E+00,1.000E+00,1.147E-01,2.780E+00,1.813E+00,-2.385E-01,2.369E+00,1.599E+00,4.935E+00,1.611E-01,1.000E+00,1.000E+00,4.483E-02,5.081E+00
3.100E+01,0.000E+00,0.000E+00,6.196E-03,0.000E+00,3.837E-03,1.006E-02,8.039E-01,1.710E+00,-2.016E-01,2.359E+00,1.978E+00,4.935E+00,1.627E-01,1.000E+00,1.000E+00,1.144E-01,2.787E+00,1.811E+00,-2.612E-01,2.525E+00,1.608E+00,4.935E+00,1.753E-01,1.000E+00,1.000E+00,4.470E-02,5.091E+00
3.200E+01,0.000E+00,0.000E+00,6.378E-03,0.000E+00,3.950E-03,1.037E-02,8.278E-01,1.710E+00,-2.084E-01,2.401E+00,1.980E+00,4.935E+00,1.670E-01,1.000E+00,1.000E+00,1.142E-01,2.791E+00,1.810E+00,-2.726E-01,2.604E+00,1.612E+00,4.935E+00,1.825E-01,1.000E+00,1.000E+00,4.464E-02,5.096E+00
3.300E+01,0.000E+00,0.000E+00,6.559E-03,0.000E+00,4.062E-03,1.068E-02,8.518E-01,1.710E+00,-2.152E-01,2.443E+00,1.981E+00,4.935E+00,1.714E-01,1.000E+00,1.000E+00,1.140E-01,2.794E+00,1.809E+00,-2.840E-01,2.682E+00,1.616E+00,4.935E+00,1.896E-01,1.000E+00,1.000E+00,4.457E-02,5.101E+00
3.400E+01,0.000E+00,0.000E+00,6.741E-03,0.000E+00,4.175E-03,1.098E-02,8.757E-01,1.710E+00,-2.220E-01,2.486E+00,1.983E+00,4.935E+00,1.758E-01,1.000E+00,1.000E+00,1.139E-01,2.797E+00,1.809E+00,-2.953E-01,2.760E+00,1.620E+00,4.935E+00,1.967E-01,1.000E+00,1.000E+00,4.451E-02,5.106E+00
3.500E+01,0.000E+00,0.000E+00,6.922E-03,0.000E+00,4.288E-03,1.129E-02,8.997E-01,1.710E+00,-2.288E-01,2.528E+00,1.985E+00,4.935E+00,1.802E-01,1.000E+00,1.000E+00,1.137E-01,2.801E+00,1.808E+00,-3.067E-01,2.839E+00,1.625E+00,4.935E+00,2.038E-01,1.000E+00,1.000E+00,4.444E-02,5.111E+00
3.600E+01,0.000E+00,0.000E+00,7.104E-03,0.000E+00,4.400E-03,1.160E-02,9.237E-01,1.710E+00,-2.357E-01,2.570E+00,1.986E+00,4.935E+00,1.846E-01,1.000E+00,1.000E+00,1.135E-01,2.804E+00,1.808E+00,-3.181E-01,2.917E+00,1.629E+00,4.935E+00,2.109E-01,1.000E+00,1.000E+00,4.438E-02,5.116E+00
3.700E+01,0.000E+00,0.000E+00,7.285E-03,0.000E+00,4.513E-03,1.191E-02,9.476E-01,1.711E+00,-2.425E-01,2.612E+00,1.988E+00,4.935E+00,1.890E-01,1.000E+00,1.000E+00,1.133E-01,2.807E+00,1.808E+00,-3.294E-01,2.995E+00,1.633E+00,4.935E+00,2.180E-01,1.000E+00,1.000E+00,4.432E-02,5.121E+00
3.800E+01,0.000E+00,0.000E+00,7.467E-03,0.000E+00,4.625E-03,1.222E-02,9.716E-01,1.711E+00,-2.493E-01,2.655E+00,1.989E+00,4.935E+00,1.934E-01,1.000E+00,1.000E+00,1.132E-01,2.811E+00,1.808E+00,-3.408E-01,3.073E+00,1.637E+00,4.935E+00,2.251E-01,1.000E+00,1.000E+00,4.425E-02,5.126E+00
3.900E+01,0.000E+00,0.000E+00,7.648E-03,0.000E+00,4.738E-03,1.253E-02,9.956E-01,1.711E+00,-2.561E-01,2.697E+00,1.991E+00,4.935E+00,1.978E-01,1.000E+00,1.000E+00,1.130E-01,2.814E+00,1.809E+00,-3.521E-01,3.152E+00,1.641E+00,4.935E+00,2.322E-01,1.000E+00,1.000E+00,4.419E-02,5.131E+00
4.000E+01,0.000E+00,0.000E+00,7.830E-03,0.000E+00,4.850E-03,1.284E-02,1.020E+00,1.712E+00,-2.629E-01,2.739E+00,1.993E+00,4.935E+00,2.022E-01,1.000E+00,1.000E+00,1.128E-01,2.818E+00,1.809E+00,-3.635E-01,3.230E+00,1.646E+00,4.935E+00,2.393E-01,1.000E+00,1.000E+00,4.413E-02,5.136E+00
4.100E+01,0.000E+00,0.000E+00,8.011E-03,0.000E+00,4.963E-03,1.315E-02,1.043E+00,1.712E+00,-2.697E-01,2.781E+00,1.994E+00,4.935E+00,2.066E-01,1.000E+00,1.000E+00,1.127E-01,2.821E+00,1.809E+00,-3.749E-01,3.308E+00,1.650E+00,4.935E+00,2.464E-01,1.000E+00,1.000E+00,4.406E-02,5.141E+00
4.200E+01,0.000E+00,0.000E+00,8.193E-03,0.000E+00,5.075E-03,1.346E-02,1.067E+00,1.713E+00,-2.766E-01,2.824E+00,1.996E+00,4.935E+00,2.110E-01,1.000E+00,1.000E+00,1.125E-01,2.824E+00,1.810E+00,-3.862E-01,3.386E+00,1.654E+00,4.935E+00,2.535E-01,1.000E+00,1.000E+00,4.400E-02,5.146E+00
4.300E+01,0.000E+00,0.000E+00,8.374E-03,0.000E+00,5.188E-03,1.377E-02,1.091E+00,1.713E+00,-2.834E-01,2.866E+00,1.998E+00,4.935E+00,2.154E-01,1.000E+00,1.000E+00,1.123E-01,2.828E+00,1.811E+00,-3.976E-01,3.465E+00,1.658E+00,4.935E+00,2.606E-01,1.000E+00,1.000E+00,4.394E-02,5.151E+00
4.400E+01,0.000E+00,0.000E+00,8.556E-03,0.000E+00,5.301E-03,1.408E-02,1.115E+00,1.714E+00,-2.902E-01,2.908E+00,1.999E+00,4.935E+00,2.198E-01,1.000E+00,1.000E+00,1.122E-01,2.831E+00,1.811E+00,-4.090E-01,3.543E+00,1.662E+00,4.935E+00,2.677E-01,1.000E+00,1.000E+00,4.387E-02,5.156E+00
4.500E+01,0.000E+00,0.000E+00,8.737E-03,0.000E+00,5.413E-03,1.438E-02,1.139E+00,1.714E+00,-2.970E-01,2.950E+00,2.001E+00,4.935E+00,2.241E-01,1.000E+00,1.000E+00,1.120E-01,2.834E+00,1.812E+00,-4.203E-01,3.621E+00,1.667E+00,4.935E+00,2.748E-01,1.000E+00,1.000E+00,4.381E-02,5.161E+00
4.600E+01,0.000E+00,0.000E+00,9.359E-03,0.000E+00,5.564E-03,1.499E-02,1.196E+00,1.720E+00,-3.559E-01,3.743E+00,1.849E+00,4.935E+00,2.353E-01,1.000E+00,1.000E+00,1.103E-01,2.869E+00,1.821E+00,-4.507E-01,3.963E+00,1.616E+00,4.935E+00,2.901E-01,1.000E+00,1.000E+00,4.292E-02,5.234E+00
4.700E+01,0.000E+00,0.000E+00,9.670E-03,0.000E+00,5.639E-03,1.529E-02,1.224E+00,1.729E+00,-3.854E-01,4.140E+00,1.773E+00,4.935E+00,2.409E-01,1.000E+00,1.000E+00,1.095E-01,2.886E+00,1.827E+00,-4.658E-01,4.133E+00,1.591E+00,4.935E+00,2.977E-01,1.000E+00,1.000E+00,4.248E-02,5.271E+00
4.800E+01,0.000E+00,0.000E+00,9.981E-03,0.000E+00,5.715E-03,1.560E-02,1.252E+00,1.743E+00,-4.148E-01,4.536E+00,1.697E+00,4.935E+00,2.465E-01,1.000E+00,1.000E+00,1.087E-01,2.903E+00,1.833E+00,-4.810E-01,4.304E+00,1.565E+00,4.935E+00,3.054E-01,1.000E+00,1.000E+00,4.204E-02,5.307E+00
4.900E+01,0.000E+00,0.000E+00,1.042E-02,0.000E+00,6.078E-03,1.644E-02,1.317E+00,1.721E+00,-4.051E-01,4.312E+00,1.829E+00,4.935E+00,2.524E-01,1.000E+00,1.000E+00,1.083E-01,2.912E+00,1.818E+00,-5.315E-01,5.307E+00,1.550E+00,4.935E+00,3.212E-01,1.000E+00,1.000E+00,4.232E-02,5.284E+00
5.000E+01,0.000E+00,0.000E+00,1.064E-02,0.000E+00,6.259E-03,1.686E-02,1.350E+00,1.711E+00,-4.003E-01,4.200E+00,1.894E+00,4.935E+00,2.553E-01,1.000E+00,1.000E+00,1.081E-01,2.916E+00,1.815E+00,-5.568E-01,5.809E+00,1.543E+00,4.935E+00,3.292E-01,1.000E+00,1.000E+00,4.246E-02,5.272E+00
5.100E+01,0.000E+00,0.000E+00,1.086E-02,0.000E+00,6.440E-03,1.728E-02,1.382E+00,1.702E+00,-3.955E-01,4.088E+00,1.960E+00,4.935E+00,2.583E-01,1.000E+00,1.000E+00,1.079E-01,2.920E+00,1.814E+00,-5.820E-01,6.310E+00,1.536E+00,4.935E+00,3.371E-01,1.000E+00,1.000E+00,4.260E-02,5.260E+00
5.200E+01,0.000E+00,0.000E+00,1.156E-02,0.000E+00,6.959E-03,1.842E-02,1.478E+00,1.688E+00,-3.824E-01,3.880E+00,2.062E+00,4.935E+00,2.685E-01,1.000E+00,1.000E+00,1.079E-01,2.919E+00,1.793E+00,-6.022E-01,7.180E+00,1.553E+00,4.935E+00,3.431E-01,1.000E+00,1.000E+00,4.235E-02,5.281E+00
5.300E+01,0.000E+00,0.000E+00,1.191E-02,0.000E+00,7.219E-03,1.898E-02,1.525E+00,1.681E+00,-3.759E-01,3.776E+00,2.112E+00,4.935E+00,2.736E-01,1.000E+00,1.000E+00,1.080E-01,2.918E+00,1.784E+00,-6.122E-01,7.615E+00,1.561E+00,4.935E+00,3.461E-01,1.000E+00,1.000E+00,4.222E-02,5.292E+00
5.400E+01,0.000E+00,0.000E+00,1.226E-02,0.000E+00,7.479E-03,1.955E-02,1.573E+00,1.676E+00,-3.694E-01,3.672E+00,2.163E+00,4.935E+00,2.787E-01,1.000E+00,1.000E+00,1.080E-01,2.918E+00,1.776E+00,-6.223E-01,8.050E+00,1.570E+00,4.935E+00,3.491E-01,1.000E+00,1.000E+00,4.209E-02,5.302E+00
5.500E+01,0.000E+00,0.000E+00,1.278E-02,0.000E+00,8.079E-03,2.076E-02,1.665E+00,1.684E+00,-4.003E-01,4.099E+00,2.064E+00,4.935E+00,2.866E-01,1.000E+00,1.000E+00,1.064E-01,2.952E+00,1.761E+00,-6.632E-01,9.633E+00,1.576E+00,4.935E+00,3.652E-01,1.000E+00,1.000E+00,4.182E-02,5.326E+00
5.600E+01,0.000E+00,0.000E+00,1.303E-02,0.000E+00,8.379E-03,2.137E-02,1.711E+00,1.691E+00,-4.157E-01,4.312E+00,2.014E+00,4.935E+00,2.906E-01,1.000E+00,1.000E+00,1.056E-01,2.970E+00,1.757E+00,-6.837E-01,1.042E+01,1.579E+00,4.935E+00,3.732E-01,1.000E+00,1.000E+00,4.168E-02,5.338E+00
5.700E+01,0.000E+00,0.000E+00,1.329E-02,0.000E+00,8.680E-03,2.198E-02,1.756E+00,1.698E+00,-4.311E-01,4.526E+00,1.964E+00,4.935E+00,2.946E-01,1.000E+00,1.000E+00,1.049E-01,2.987E+00,1.754E+00,-7.041E-01,1.122E+01,1.582E+00,4.935E+00,3.813E-01,1.000E+00,1.000E+00,4.154E-02,5.350E+00
5.800E+01,0.000E+00,0.000E+00,1.424E-02,0.000E+00,9.285E-03,2.352E-02,1.881E+00,1.673E+00,-4.469E-01,4.934E+00,2.031E+00,4.935E+00,3.039E-01,1.000E+00,1.000E+00,1.054E-01,2.975E+00,1.726E+00,-6.994E-01,1.081E+01,1.702E+00,4.935E+00,3.996E-01,1.000E+00,1.000E+00,4.117E-02,5.383E+00
5.900E+01,0.000E+00,0.000E+00,1.472E-02,0.000E+00,9.587E-03,2.429E-02,1.943E+00,1.662E+00,-4.548E-01,5.138E+00,2.065E+00,4.935E+00,3.086E-01,1.000E+00,1.000E+00,1.057E-01,2.969E+00,1.713E+00,-6.970E-01,1.061E+01,1.762E+00,4.935E+00,4.087E-01,1.000E+00,1.000E+00,4.099E-02,5.399E+00
6.000E+01,0.000E+00,0.000E+00,1.519E-02,0.000E+00,9.890E-03,2.507E-02,2.005E+00,1.651E+00,-4.627E-01,5.342E+00,2.098E+00,4.935E+00,3.133E-01,1.000E+00,1.000E+00,1.060E-01,2.962E+00,1.700E+00,-6.947E-01,1.041E+01,1.822E+00,4.935E+00,4.179E-01,1.000E+00,1.000E+00,4.080E-02,5.415E+00
6.100E+01,0.000E+00,0.000E+00,1.616E-02,0.000E+00,1.079E-02,2.691E-02,2.154E+00,1.653E+00,-5.021E-01,6.297E+00,2.006E+00,4.935E+00,3.189E-01,1.000E+00,1.000E+00,1.060E-01,2.961E+00,1.681E+00,-6.941E-01,1.049E+01,1.895E+00,4.935E+00,4.243E-01,1.000E+00,1.000E+00,3.994E-02,5.495E+00
6.200E+01,0.000E+00,0.000E+00,1.665E-02,0.000E+00,1.124E-02,2.784E-02,2.229E+00,1.658E+00,-5.218E-01,6.774E+00,1.960E+00,4.935E+00,3.218E-01,1.000E+00,1.000E+00,1.060E-01,2.961E+00,1.671E+00,-6.938E-01,1.054E+01,1.932E+00,4.935E+00,4.275E-01,1.000E+00,1.000E+00,3.951E-02,5.535E+00
6.300E+01,0.000E+00,0.000E+00,1.714E-02,0.000E+00,1.169E-02,2.876E-02,2.303E+00,1.664E+00,-5.415E-01,7.252E+00,1.914E+00,4.935E+00,3.246E-01,1.000E+00,1.000E+00,1.060E-01,2.960E+00,1.662E+00,-6.935E-01,1.058E+01,1.969E+00,4.935E+00,4.307E-01,1.000E+00,1.000E+00,3.908E-02,5.574E+00
6.400E+01,0.000E+00,0.000E+00,1.839E-02,0.000E+00,1.263E-02,3.104E-02,2.481E+00,1.633E+00,-5.291E-01,7.141E+00,2.047E+00,4.935E+00,3.269E-01,1.000E+00,1.000E+00,1.053E-01,2.978E+00,1.652E+00,-6.956E-01,1.012E+01,2.060E+00,4.935E+00,4.509E-01,1.000E+00,1.000E+00,3.847E-02,5.634E+00
6.500E+01,0.000E+00,0.000E+00,1.902E-02,0.000E+00,1.309E-02,3.219E-02,2.570E+00,1.618E+00,-5.229E-01,7.086E+00,2.113E+00,4.935E+00,3.280E-01,1.000E+00,1.000E+00,1.049E-01,2.987E+00,1.648E+00,-6.967E-01,9.884E+00,2.106E+00,4.935E+00,4.610E-01,1.000E+00,1.000E+00,3.817E-02,5.663E+00
6.600E+01,0.000E+00,0.000E+00,1.964E-02,0.000E+00,1.356E-02,3.333E-02,2.659E+00,1.603E+00,-5.167E-01,7.031E+00,2.180E+00,4.935E+00,3.291E-01,1.000E+00,1.000E+00,1.045E-01,2.996E+00,1.644E+00,-6.977E-01,9.652E+00,2.151E+00,4.935E+00,4.712E-01,1.000E+00,1.000E+00,3.786E-02,5.693E+00
6.700E+01,0.000E+00,0.000E+00,2.121E-02,0.000E+00,1.468E-02,3.593E-02,2.871E+00,1.596E+00,-5.652E-01,9.176E+00,2.055E+00,4.935E+00,3.363E-01,1.000E+00,1.000E+00,1.038E-01,3.011E+00,1.618E+00,-7.034E-01,9.626E+00,2.303E+00,4.935E+00,4.865E-01,1.000E+00,1.000E+00,3.748E-02,5.732E+00
6.800E+01,0.000E+00,0.000E+00,2.199E-02,0.000E+00,1.525E-02,3.723E-02,2.978E+00,1.600E+00,-5.895E-01,1.025E+01,1.993E+00,4.935E+00,3.399E-01,1.000E+00,1.000E+00,1.035E-01,3.019E+00,1.606E+00,-7.063E-01,9.613E+00,2.379E+00,4.935E+00,4.942E-01,1.000E+00,1.000E+00,3.729E-02,5.751E+00
6.900E+01,0.000E+00,0.000E+00,2.278E-02,0.000E+00,1.581E-02,3.853E-02,3.084E+00,1.607E+00,-6.138E-01,1.132E+01,1.930E+00,4.935E+00,3.436E-01,1.000E+00,1.000E+00,1.031E-01,3.026E+00,1.594E+00,-7.091E-01,9.601E+00,2.455E+00,4.935E+00,5.018E-01,1.000E+00,1.000E+00,3.710E-02,5.770E+00
7.000E+01,0.000E+00,0.000E+00,2.448E-02,0.000E+00,1.753E-02,4.198E-02,3.359E+00,1.567E+00,-6.354E-01,1.326E+01,2.027E+00,4.912E+00,3.561E-01,1.024E+00,1.000E+00,1.014E-01,3.068E+00,1.572E+00,-7.280E-01,1.036E+01,2.547E+00,4.935E+00,5.214E-01,1.000E+00,1.000E+00,3.593E-02,5.897E+00
7.100E+01,0.000E+00,0.000E+00,2.533E-02,0.000E+00,1.839E-02,4.371E-02,3.496E+00,1.549E+00,-6.462E-01,1.423E+01,2.076E+00,4.900E+00,3.623E-01,1.037E+00,1.000E+00,1.006E-01,3.088E+00,1.562E+00,-7.375E-01,1.075E+01,2.592E+00,4.935E+00,5.311E-01,1.000E+00,1.000E+00,3.534E-02,5.961E+00
7.200E+01,0.000E+00,0.000E+00,2.618E-02,0.000E+00,1.925E-02,4.544E-02,3.633E+00,1.533E+00,-6.571E-01,1.521E+01,2.124E+00,4.889E+00,3.685E-01,1.049E+00,1.000E+00,9.970E-02,3.109E+00,1.553E+00,-7.469E-01,1.113E+01,2.638E+00,4.935E+00,5.409E-01,1.000E+00,1.000E+00,3.476E-02,6.025E+00
7.300E+01,0.000E+00,0.000E+00,2.737E-02,0.000E+00,2.033E-02,4.779E-02,3.817E+00,1.503E+00,-6.651E-01,1.622E+01,2.236E+00,4.854E+00,3.822E-01,1.087E+00,1.000E+00,9.906E-02,3.125E+00,1.514E+00,-8.050E-01,1.705E+01,2.572E+00,4.908E+00,5.514E-01,1.028E+00,1.000E+00,3.486E-02,6.013E+00
7.400E+01,0.000E+00,0.000E+00,2.856E-02,0.000E+00,2.141E-02,5.013E-02,4.000E+00,1.476E+00,-6.730E-01,1.724E+01,2.347E+00,4.821E+00,3.959E-01,1.126E+00,1.000E+00,9.841E-02,3.141E+00,1.504E+00,-8.632E-01,2.297E+01,2.507E+00,4.882E+00,5.619E-01,1.057E+00,1.000E+00,3.496E-02,6.001E+00
7.500E+01,0.000E+00,0.000E+00,2.990E-02,0.000E+00,2.278E-02,5.281E-02,4.216E+00,1.436E+00,-6.609E-01,1.707E+01,2.549E+00,4.772E+00,3.990E-01,1.184E+00,1.000E+00,9.629E-02,3.197E+00,1.464E+00,-8.757E-01,2.562E+01,2.671E+00,4.796E+00,5.795E-01,1.155E+00,1.000E+00,3.398E-02,6.117E+00
7.600E+01,0.000E+00,0.000E+00,3.123E-02,0.000E+00,2.415E-02,5.548E-02,4.431E+00,1.399E+00,-6.488E-01,1.689E+01,2.751E+00,4.726E+00,4.020E-01,1.242E+00,1.000E+00,9.416E-02,3.252E+00,1.428E+00,-8.882E-01,2.826E+01,2.836E+00,4.717E+00,5.970E-01,1.253E+00,1.000E+00,3.299E-02,6.233E+00
7.700E+01,0.000E+00,0.000E+00,3.254E-02,0.000E+00,2.573E-02,5.835E-02,4.661E+00,1.371E+00,-6.347E-01,1.617E+01,2.951E+00,4.655E+00,4.149E-01,1.334E+00,1.000E+00,9.356E-02,3.269E+00,1.377E+00,-8.873E-01,3.072E+01,3.086E+00,4.648E+00,6.083E-01,1.344E+00,1.000E+00,3.220E-02,6.334E+00
7.800E+01,0.000E+00,0.000E+00,3.384E-02,0.000E+00,2.730E-02,6.122E-02,4.892E+00,1.347E+00,-6.206E-01,1.545E+01,3.151E+00,4.589E+00,4.278E-01,1.427E+00,1.000E+00,9.296E-02,3.285E+00,1.331E+00,-8.864E-01,3.318E+01,3.336E+00,4.583E+00,6.195E-01,1.435E+00,1.000E+00,3.141E-02,6.435E+00
7.900E+01,0.000E+00,0.000E+00,3.467E-02,0.000E+00,2.881E-02,6.357E-02,5.079E+00,1.315E+00,-6.189E-01,1.548E+01,3.407E+00,4.527E+00,4.430E-01,1.519E+00,1.000E+00,9.133E-02,3.332E+00,1.292E+00,-8.760E-01,3.115E+01,3.704E+00,4.496E+00,6.362E-01,1.567E+00,1.000E+00,3.030E-02,6.590E+00
8.000E+01,0.000E+00,0.000E+00,3.550E-02,0.000E+00,3.032E-02,6.591E-02,5.266E+00,1.287E+00,-6.172E-01,1.552E+01,3.663E+00,4.468E+00,4.581E-01,1.612E+00,1.000E+00,8.969E-02,3.379E+00,1.259E+00,-8.657E-01,2.912E+01,4.072E+00,4.416E+00,6.529E-01,1.698E+00,1.000E+00,2.920E-02,6.744E+00
8.100E+01,0.000E+00,0.000E+00,3.571E-02,0.000E+00,3.075E-02,6.651E-02,5.315E+00,1.231E+00,-6.077E-01,1.529E+01,4.248E+00,4.336E+00,4.751E-01,1.840E+00,1.000E+00,8.672E-02,3.471E+00,1.200E+00,-8.658E-01,3.024E+01,4.672E+00,4.305E+00,6.693E-01,1.897E+00,1.000E+00,2.780E-02,6.966E+00
8.200E+01,0.000E+00,0.000E+00,3.592E-02,0.000E+00,3.118E-02,6.710E-02,5.364E+00,1.185E+00,-5.983E-01,1.505E+01,4.833E+00,4.219E+00,4.922E-01,2.068E+00,1.000E+00,8.376E-02,3.564E+00,1.149E+00,-8.660E-01,3.136E+01,5.271E+00,4.206E+00,6.858E-01,2.095E+00,1.000E+00,2.640E-02,7.188E+00
8.300E+01,0.000E+00,0.000E+00,3.346E-02,0.000E+00,3.033E-02,6.384E-02,5.102E+00,1.145E+00,-5.842E-01,1.422E+01,5.542E+00,4.097E+00,5.003E-01,2.338E+00,1.000E+00,8.191E-02,3.627E+00,1.106E+00,-8.624E-01,3.052E+01,5.993E+00,4.128E+00,7.015E-01,2.265E+00,1.000E+00,2.452E-02,7.546E+00
8.400E+01,0.000E+00,0.000E+00,3.101E-02,0.000E+00,2.948E-02,6.058E-02,4.840E+00,1.113E+00,-5.701E-01,1.339E+01,6.252E+00,3.988E+00,5.084E-01,2.607E+00,1.000E+00,8.006E-02,3.690E+00,1.070E+00,-8.589E-01,2.968E+01,6.714E+00,4.056E+00,7.173E-01,2.435E+00,1.000E+00,2.264E-02,7.903E+00
8.500E+01,0.000E+00,0.000E+00,2.372E-02,0.000E+00,2.358E-02,4.739E-02,3.785E+00,1.100E+00,-5.624E-01,1.212E+01,6.922E+00,3.950E+00,5.208E-01,2.710E+00,1.000E+00,7.463E-02,3.909E+00,1.058E+00,-8.563E-01,2.714E+01,7.247E+00,4.010E+00,7.301E-01,2.550E+00,1.000E+00,2.047E-02,8.441E+00
8.600E+01,0.000E+00,0.000E+00,1.643E-02,0.000E+00,1.768E-02,3.421E-02,2.731E+00,1.095E+00,-5.548E-01,1.084E+01,7.592E+00,3.913E+00,5.331E-01,2.812E+00,1.000E+00,6.919E-02,4.127E+00,1.051E+00,-8.537E-01,2.461E+01,7.780E+00,3.967E+00,7.430E-01,2.665E+00,1.000E+00,1.830E-02,8.978E+00
8.700E+01,0.000E+00,0.000E+00,8.453E-03,0.000E+00,9.230E-03,1.792E-02,1.422E+00,1.114E+00,-6.379E-01,1.152E+01,7.711E+00,3.916E+00,6.120E-01,2.804E+00,1.000E+00,5.927E-02,4.718E+00,8.801E-01,-8.455E-01,1.894E+01,1.723E+01,3.611E+00,7.642E-01,3.832E+00,1.000E+00,1.393E-02,1.090E+01
8.800E+01,0.000E+00,0.000E+00,4.785E-04,0.000E+00,7.754E-04,1.642E-03,1.130E-01,1.130E+00,-7.210E-01,1.219E+01,7.830E+00,3.919E+00,6.909E-01,2.795E+00,1.000E+00,4.934E-02,5.309E+00,8.500E-01,-8.374E-01,1.326E+01,2.668E+01,3.358E+00,7.854E-01,5.000E+00,1.000E+00,9.559E-03,1.282E+01
8.900E+01,0.000E+00,0.000E+00,0.000E+00,0.000E+00,1.660E-05,5.273E-05,2.369E-03,3.142E+00,0.000E+00,0.000E+00,0.000E+00,9.870E+00,0.000E+00,0.000E+00,0.000E+00,0.000E+00,0.000E+00,3.142E+00,0.000E+00,0.000E+00,0.000E+00,9.870E+00,0.000E+00,0.000E+00,0.000E+00,0.000E+00,0.000E+00
