alpha,H,He,Ca,Si,O,Ca_1,O_1,Si_2,O_2,amu/ion,thetaK_Ca,thetaTilt_Ca,thetaM_Ca,thetaN_Ca,3dK_Ca,3dTilt_Ca,3dM_Ca,3dN_Ca,energyK_Ca,energyE_Ca,thetaK_O,thetaTilt_O,thetaM_O,thetaN_O,3dK_O,3dTilt_O,3dM_O,3dN_O,energyK_O,energyE_O,thetaK_Si,thetaTilt_Si,thetaM_Si,thetaN_Si,3dK_Si,3dTilt_Si,3dM_Si,3dN_Si,energyK_Si,energyE_Si
0.000E+00,0.000E+00,0.000E+00,0.000E+00,1.659E-03,0.000E+00,2.707E-03,3.813E-03,9.453E-04,4.083E-03,3.073E-01,1.692E+00,2.501E-02,1.349E+00,2.013E+00,4.935E+00,9.255E-04,1.000E+00,1.000E+00,8.504E-02,3.354E+00,1.672E+00,1.657E-02,1.533E+00,1.880E+00,4.935E+00,0.000E+00,1.000E+00,1.000E+00,1.071E-01,3.292E+00,1.719E+00,2.619E-02,1.286E+00,1.936E+00,4.935E+00,0.000E+00,1.000E+00,1.000E+00,5.753E-02,4.891E+00
1.000E+00,0.000E+00,0.000E+00,0.000E+00,1.684E-03,0.000E+00,2.724E-03,3.869E-03,9.540E-04,4.111E-03,3.103E-01,1.684E+00,1.716E-02,1.375E+00,2.023E+00,4.935E+00,7.621E-03,1.000E+00,1.000E+00,8.513E-02,3.352E+00,1.660E+00,2.526E-03,1.601E+00,1.871E+00,4.935E+00,8.058E-03,1.000E+00,1.000E+00,1.070E-01,3.297E+00,1.717E+00,1.243E-02,1.339E+00,1.864E+00,4.935E+00,6.719E-03,1.000E+00,1.000E+00,5.799E-02,4.863E+00
2.000E+00,0.000E+00,0.000E+00,0.000E+00,1.708E-03,0.000E+00,2.741E-03,3.925E-03,9.626E-04,4.140E-03,3.133E-01,1.676E+00,9.308E-03,1.400E+00,2.033E+00,4.935E+00,1.432E-02,1.000E+00,1.000E+00,8.522E-02,3.349E+00,1.660E+00,-1.152E-02,1.669E+00,1.861E+00,4.935E+00,1.612E-02,1.000E+00,1.000E+00,1.068E-01,3.302E+00,1.718E+00,-1.323E-03,1.391E+00,1.792E+00,4.935E+00,1.344E-02,1.000E+00,1.000E+00,5.846E-02,4.835E+00
3.000E+00,0.000E+00,0.000E+00,0.000E+00,1.733E-03,0.000E+00,2.758E-03,3.981E-03,9.713E-04,4.168E-03,3.163E-01,1.669E+00,1.458E-03,1.426E+00,2.043E+00,4.935E+00,2.101E-02,1.000E+00,1.000E+00,8.531E-02,3.346E+00,1.664E+00,-2.556E-02,1.737E+00,1.851E+00,4.935E+00,2.418E-02,1.000E+00,1.000E+00,1.066E-01,3.306E+00,1.734E+00,-1.508E-02,1.444E+00,1.720E+00,4.935E+00,2.016E-02,1.000E+00,1.000E+00,5.892E-02,4.806E+00
4.000E+00,0.000E+00,0.000E+00,0.000E+00,1.745E-03,0.000E+00,2.767E-03,4.009E-03,9.756E-04,4.183E-03,3.178E-01,1.668E+00,-2.467E-03,1.439E+00,2.048E+00,4.935E+00,2.436E-02,1.000E+00,1.000E+00,8.536E-02,3.345E+00,1.666E+00,-3.258E-02,1.771E+00,1.846E+00,4.935E+00,2.820E-02,1.000E+00,1.000E+00,1.065E-01,3.309E+00,1.742E+00,-2.196E-02,1.471E+00,1.684E+00,4.935E+00,2.352E-02,1.000E+00,1.000E+00,5.916E-02,4.792E+00
5.000E+00,0.000E+00,0.000E+00,0.000E+00,1.758E-03,0.000E+00,2.775E-03,4.037E-03,9.800E-04,4.197E-03,3.193E-01,1.669E+00,-6.393E-03,1.451E+00,2.053E+00,4.935E+00,2.771E-02,1.000E+00,1.000E+00,8.540E-02,3.343E+00,1.668E+00,-3.960E-02,1.805E+00,1.841E+00,4.935E+00,3.223E-02,1.000E+00,1.000E+00,1.064E-01,3.311E+00,1.751E+00,-2.883E-02,1.497E+00,1.648E+00,4.935E+00,2.688E-02,1.000E+00,1.000E+00,5.939E-02,4.778E+00
6.000E+00,0.000E+00,0.000E+00,0.000E+00,1.782E-03,0.000E+00,2.792E-03,4.092E-03,9.886E-04,4.225E-03,3.222E-01,1.670E+00,-1.424E-02,1.477E+00,2.063E+00,4.935E+00,3.440E-02,1.000E+00,1.000E+00,8.549E-02,3.341E+00,1.672E+00,-5.365E-02,1.873E+00,1.831E+00,4.935E+00,4.029E-02,1.000E+00,1.000E+00,1.063E-01,3.315E+00,1.768E+00,-4.259E-02,1.550E+00,1.576E+00,4.935E+00,3.360E-02,1.000E+00,1.000E+00,5.986E-02,4.749E+00
7.000E+00,0.000E+00,0.000E+00,0.000E+00,1.807E-03,0.000E+00,2.810E-03,4.148E-03,9.973E-04,4.254E-03,3.252E-01,1.671E+00,-2.209E-02,1.502E+00,2.073E+00,4.935E+00,4.110E-02,1.000E+00,1.000E+00,8.558E-02,3.338E+00,1.677E+00,-6.769E-02,1.941E+00,1.822E+00,4.935E+00,4.835E-02,1.000E+00,1.000E+00,1.061E-01,3.320E+00,1.787E+00,-5.635E-02,1.603E+00,1.504E+00,4.935E+00,4.032E-02,1.000E+00,1.000E+00,6.032E-02,4.721E+00
8.000E+00,0.000E+00,0.000E+00,0.000E+00,1.832E-03,0.000E+00,2.827E-03,4.204E-03,1.006E-03,4.282E-03,3.282E-01,1.672E+00,-2.994E-02,1.528E+00,2.083E+00,4.935E+00,4.779E-02,1.000E+00,1.000E+00,8.568E-02,3.335E+00,1.682E+00,-8.173E-02,2.009E+00,1.812E+00,4.935E+00,5.641E-02,1.000E+00,1.000E+00,1.059E-01,3.325E+00,1.807E+00,-7.010E-02,1.656E+00,1.433E+00,4.935E+00,4.703E-02,1.000E+00,1.000E+00,6.079E-02,4.692E+00
9.000E+00,0.000E+00,0.000E+00,0.000E+00,1.844E-03,0.000E+00,2.835E-03,4.232E-03,1.010E-03,4.296E-03,3.297E-01,1.673E+00,-3.387E-02,1.541E+00,2.087E+00,4.935E+00,5.114E-02,1.000E+00,1.000E+00,8.572E-02,3.334E+00,1.684E+00,-8.875E-02,2.043E+00,1.807E+00,4.935E+00,6.044E-02,1.000E+00,1.000E+00,1.058E-01,3.327E+00,1.818E+00,-7.698E-02,1.682E+00,1.397E+00,4.935E+00,5.039E-02,1.000E+00,1.000E+00,6.102E-02,4.678E+00
1.000E+01,0.000E+00,0.000E+00,0.000E+00,1.856E-03,0.000E+00,2.844E-03,4.260E-03,1.015E-03,4.311E-03,3.312E-01,1.674E+00,-3.779E-02,1.553E+00,2.092E+00,4.935E+00,5.449E-02,1.000E+00,1.000E+00,8.577E-02,3.333E+00,1.686E+00,-9.577E-02,2.077E+00,1.802E+00,4.935E+00,6.447E-02,1.000E+00,1.000E+00,1.057E-01,3.329E+00,1.828E+00,-8.386E-02,1.708E+00,1.361E+00,4.935E+00,5.375E-02,1.000E+00,1.000E+00,6.125E-02,4.664E+00
1.100E+01,0.000E+00,0.000E+00,0.000E+00,1.878E-03,0.000E+00,2.913E-03,4.322E-03,1.038E-03,4.401E-03,3.377E-01,1.675E+00,-6.357E-02,1.721E+00,2.042E+00,4.935E+00,6.607E-02,1.000E+00,1.000E+00,8.545E-02,3.342E+00,1.689E+00,-1.074E-01,2.138E+00,1.797E+00,4.935E+00,7.188E-02,1.000E+00,1.000E+00,1.055E-01,3.337E+00,1.826E+00,-9.265E-02,1.734E+00,1.389E+00,4.935E+00,6.220E-02,1.000E+00,1.000E+00,6.117E-02,4.669E+00
1.200E+01,0.000E+00,0.000E+00,0.000E+00,1.899E-03,0.000E+00,2.982E-03,4.383E-03,1.061E-03,4.492E-03,3.442E-01,1.678E+00,-8.936E-02,1.888E+00,1.991E+00,4.935E+00,7.766E-02,1.000E+00,1.000E+00,8.514E-02,3.352E+00,1.693E+00,-1.191E-01,2.199E+00,1.792E+00,4.935E+00,7.930E-02,1.000E+00,1.000E+00,1.052E-01,3.344E+00,1.823E+00,-1.014E-01,1.759E+00,1.418E+00,4.935E+00,7.065E-02,1.000E+00,1.000E+00,6.109E-02,4.673E+00
1.300E+01,0.000E+00,0.000E+00,0.000E+00,1.921E-03,0.000E+00,3.051E-03,4.445E-03,1.085E-03,4.582E-03,3.507E-01,1.684E+00,-1.151E-01,2.055E+00,1.940E+00,4.935E+00,8.925E-02,1.000E+00,1.000E+00,8.483E-02,3.361E+00,1.696E+00,-1.307E-01,2.259E+00,1.787E+00,4.935E+00,8.671E-02,1.000E+00,1.000E+00,1.049E-01,3.351E+00,1.821E+00,-1.102E-01,1.784E+00,1.447E+00,4.935E+00,7.910E-02,1.000E+00,1.000E+00,6.101E-02,4.678E+00
1.400E+01,0.000E+00,0.000E+00,0.000E+00,1.931E-03,0.000E+00,3.086E-03,4.476E-03,1.096E-03,4.628E-03,3.539E-01,1.688E+00,-1.280E-01,2.138E+00,1.915E+00,4.935E+00,9.504E-02,1.000E+00,1.000E+00,8.467E-02,3.366E+00,1.698E+00,-1.365E-01,2.290E+00,1.784E+00,4.935E+00,9.042E-02,1.000E+00,1.000E+00,1.048E-01,3.355E+00,1.819E+00,-1.146E-01,1.797E+00,1.461E+00,4.935E+00,8.333E-02,1.000E+00,1.000E+00,6.097E-02,4.680E+00
1.500E+01,0.000E+00,0.000E+00,0.000E+00,1.942E-03,0.000E+00,3.121E-03,4.507E-03,1.108E-03,4.673E-03,3.571E-01,1.692E+00,-1.409E-01,2.222E+00,1.890E+00,4.935E+00,1.008E-01,1.000E+00,1.000E+00,8.451E-02,3.370E+00,1.699E+00,-1.424E-01,2.320E+00,1.782E+00,4.935E+00,9.413E-02,1.000E+00,1.000E+00,1.046E-01,3.359E+00,1.818E+00,-1.190E-01,1.809E+00,1.475E+00,4.935E+00,8.755E-02,1.000E+00,1.000E+00,6.093E-02,4.683E+00
1.600E+01,0.000E+00,0.000E+00,0.000E+00,1.963E-03,0.000E+00,3.190E-03,4.569E-03,1.131E-03,4.763E-03,3.636E-01,1.701E+00,-1.667E-01,2.389E+00,1.839E+00,4.935E+00,1.124E-01,1.000E+00,1.000E+00,8.420E-02,3.380E+00,1.703E+00,-1.540E-01,2.381E+00,1.777E+00,4.935E+00,1.015E-01,1.000E+00,1.000E+00,1.044E-01,3.366E+00,1.816E+00,-1.278E-01,1.834E+00,1.504E+00,4.935E+00,9.600E-02,1.000E+00,1.000E+00,6.085E-02,4.687E+00
1.700E+01,0.000E+00,0.000E+00,0.000E+00,1.985E-03,0.000E+00,3.259E-03,4.630E-03,1.155E-03,4.854E-03,3.701E-01,1.713E+00,-1.925E-01,2.556E+00,1.789E+00,4.935E+00,1.240E-01,1.000E+00,1.000E+00,8.389E-02,3.389E+00,1.706E+00,-1.656E-01,2.442E+00,1.772E+00,4.935E+00,1.090E-01,1.000E+00,1.000E+00,1.041E-01,3.374E+00,1.813E+00,-1.366E-01,1.859E+00,1.533E+00,4.935E+00,1.044E-01,1.000E+00,1.000E+00,6.077E-02,4.692E+00
1.800E+01,0.000E+00,0.000E+00,0.000E+00,2.006E-03,0.000E+00,3.328E-03,4.692E-03,1.178E-03,4.945E-03,3.766E-01,1.726E+00,-2.183E-01,2.723E+00,1.738E+00,4.935E+00,1.356E-01,1.000E+00,1.000E+00,8.357E-02,3.399E+00,1.710E+00,-1.773E-01,2.503E+00,1.767E+00,4.935E+00,1.164E-01,1.000E+00,1.000E+00,1.038E-01,3.381E+00,1.811E+00,-1.454E-01,1.885E+00,1.561E+00,4.935E+00,1.129E-01,1.000E+00,1.000E+00,6.069E-02,4.697E+00
1.900E+01,0.000E+00,0.000E+00,0.000E+00,2.017E-03,0.000E+00,3.363E-03,4.723E-03,1.190E-03,4.990E-03,3.798E-01,1.733E+00,-2.312E-01,2.807E+00,1.713E+00,4.935E+00,1.414E-01,1.000E+00,1.000E+00,8.341E-02,3.404E+00,1.712E+00,-1.831E-01,2.533E+00,1.764E+00,4.935E+00,1.201E-01,1.000E+00,1.000E+00,1.037E-01,3.385E+00,1.810E+00,-1.498E-01,1.897E+00,1.576E+00,4.935E+00,1.171E-01,1.000E+00,1.000E+00,6.065E-02,4.699E+00
2.000E+01,0.000E+00,0.000E+00,0.000E+00,2.027E-03,0.000E+00,3.397E-03,4.754E-03,1.201E-03,5.035E-03,3.831E-01,1.740E+00,-2.440E-01,2.890E+00,1.687E+00,4.935E+00,1.472E-01,1.000E+00,1.000E+00,8.326E-02,3.408E+00,1.714E+00,-1.889E-01,2.564E+00,1.762E+00,4.935E+00,1.238E-01,1.000E+00,1.000E+00,1.035E-01,3.388E+00,1.809E+00,-1.542E-01,1.910E+00,1.590E+00,4.935E+00,1.213E-01,1.000E+00,1.000E+00,6.061E-02,4.701E+00
2.100E+01,0.000E+00,0.000E+00,0.000E+00,2.106E-03,0.000E+00,3.498E-03,4.883E-03,1.233E-03,5.191E-03,3.949E-01,1.742E+00,-2.545E-01,2.957E+00,1.688E+00,4.935E+00,1.549E-01,1.000E+00,1.000E+00,8.280E-02,3.423E+00,1.714E+00,-1.970E-01,2.607E+00,1.772E+00,4.935E+00,1.298E-01,1.000E+00,1.000E+00,1.030E-01,3.403E+00,1.805E+00,-1.799E-01,2.116E+00,1.568E+00,4.935E+00,1.311E-01,1.000E+00,1.000E+00,6.003E-02,4.738E+00
2.200E+01,0.000E+00,0.000E+00,0.000E+00,2.185E-03,0.000E+00,3.598E-03,5.011E-03,1.264E-03,5.346E-03,4.067E-01,1.744E+00,-2.650E-01,3.023E+00,1.689E+00,4.935E+00,1.625E-01,1.000E+00,1.000E+00,8.234E-02,3.438E+00,1.714E+00,-2.050E-01,2.650E+00,1.782E+00,4.935E+00,1.357E-01,1.000E+00,1.000E+00,1.025E-01,3.418E+00,1.804E+00,-2.055E-01,2.323E+00,1.546E+00,4.935E+00,1.409E-01,1.000E+00,1.000E+00,5.944E-02,4.775E+00
2.300E+01,0.000E+00,0.000E+00,0.000E+00,2.264E-03,0.000E+00,3.698E-03,5.140E-03,1.295E-03,5.502E-03,4.185E-01,1.746E+00,-2.755E-01,3.089E+00,1.691E+00,4.935E+00,1.702E-01,1.000E+00,1.000E+00,8.189E-02,3.453E+00,1.714E+00,-2.130E-01,2.693E+00,1.793E+00,4.935E+00,1.417E-01,1.000E+00,1.000E+00,1.020E-01,3.433E+00,1.805E+00,-2.312E-01,2.530E+00,1.524E+00,4.935E+00,1.507E-01,1.000E+00,1.000E+00,5.886E-02,4.812E+00
2.400E+01,0.000E+00,0.000E+00,0.000E+00,2.303E-03,0.000E+00,3.748E-03,5.204E-03,1.311E-03,5.580E-03,4.244E-01,1.747E+00,-2.808E-01,3.122E+00,1.691E+00,4.935E+00,1.740E-01,1.000E+00,1.000E+00,8.166E-02,3.460E+00,1.714E+00,-2.170E-01,2.714E+00,1.798E+00,4.935E+00,1.447E-01,1.000E+00,1.000E+00,1.017E-01,3.440E+00,1.807E+00,-2.440E-01,2.633E+00,1.513E+00,4.935E+00,1.555E-01,1.000E+00,1.000E+00,5.857E-02,4.830E+00
2.500E+01,0.000E+00,0.000E+00,0.000E+00,2.343E-03,0.000E+00,3.798E-03,5.269E-03,1.327E-03,5.658E-03,4.303E-01,1.748E+00,-2.860E-01,3.155E+00,1.692E+00,4.935E+00,1.779E-01,1.000E+00,1.000E+00,8.143E-02,3.467E+00,1.714E+00,-2.210E-01,2.736E+00,1.803E+00,4.935E+00,1.477E-01,1.000E+00,1.000E+00,1.015E-01,3.448E+00,1.809E+00,-2.569E-01,2.736E+00,1.503E+00,4.935E+00,1.604E-01,1.000E+00,1.000E+00,5.827E-02,4.849E+00
2.600E+01,0.000E+00,0.000E+00,0.000E+00,2.422E-03,0.000E+00,3.898E-03,5.397E-03,1.358E-03,5.813E-03,4.421E-01,1.750E+00,-2.965E-01,3.221E+00,1.693E+00,4.935E+00,1.855E-01,1.000E+00,1.000E+00,8.097E-02,3.482E+00,1.714E+00,-2.291E-01,2.779E+00,1.813E+00,4.935E+00,1.536E-01,1.000E+00,1.000E+00,1.009E-01,3.462E+00,1.814E+00,-2.825E-01,2.943E+00,1.481E+00,4.935E+00,1.702E-01,1.000E+00,1.000E+00,5.769E-02,4.885E+00
2.700E+01,0.000E+00,0.000E+00,0.000E+00,2.500E-03,0.000E+00,3.998E-03,5.526E-03,1.389E-03,5.969E-03,4.539E-01,1.752E+00,-3.070E-01,3.288E+00,1.694E+00,4.935E+00,1.932E-01,1.000E+00,1.000E+00,8.052E-02,3.497E+00,1.714E+00,-2.371E-01,2.822E+00,1.824E+00,4.935E+00,1.596E-01,1.000E+00,1.000E+00,1.004E-01,3.477E+00,1.820E+00,-3.082E-01,3.149E+00,1.459E+00,4.935E+00,1.800E-01,1.000E+00,1.000E+00,5.710E-02,4.922E+00
2.800E+01,0.000E+00,0.000E+00,0.000E+00,2.579E-03,0.000E+00,4.098E-03,5.655E-03,1.421E-03,6.125E-03,4.657E-01,1.754E+00,-3.175E-01,3.354E+00,1.695E+00,4.935E+00,2.009E-01,1.000E+00,1.000E+00,8.006E-02,3.511E+00,1.714E+00,-2.451E-01,2.864E+00,1.834E+00,4.935E+00,1.656E-01,1.000E+00,1.000E+00,9.989E-02,3.492E+00,1.828E+00,-3.339E-01,3.356E+00,1.437E+00,4.935E+00,1.897E-01,1.000E+00,1.000E+00,5.652E-02,4.959E+00
2.900E+01,0.000E+00,0.000E+00,0.000E+00,2.619E-03,0.000E+00,4.148E-03,5.719E-03,1.436E-03,6.202E-03,4.716E-01,1.755E+00,-3.228E-01,3.387E+00,1.696E+00,4.935E+00,2.047E-01,1.000E+00,1.000E+00,7.983E-02,3.519E+00,1.714E+00,-2.491E-01,2.886E+00,1.839E+00,4.935E+00,1.685E-01,1.000E+00,1.000E+00,9.963E-02,3.499E+00,1.833E+00,-3.467E-01,3.459E+00,1.426E+00,4.935E+00,1.946E-01,1.000E+00,1.000E+00,5.623E-02,4.977E+00
3.000E+01,0.000E+00,0.000E+00,0.000E+00,2.658E-03,0.000E+00,4.198E-03,5.783E-03,1.452E-03,6.280E-03,4.775E-01,1.756E+00,-3.280E-01,3.420E+00,1.696E+00,4.935E+00,2.086E-01,1.000E+00,1.000E+00,7.960E-02,3.526E+00,1.714E+00,-2.531E-01,2.907E+00,1.844E+00,4.935E+00,1.715E-01,1.000E+00,1.000E+00,9.938E-02,3.507E+00,1.837E+00,-3.595E-01,3.562E+00,1.415E+00,4.935E+00,1.995E-01,1.000E+00,1.000E+00,5.593E-02,4.996E+00
3.100E+01,0.000E+00,0.000E+00,0.000E+00,2.826E-03,0.000E+00,4.513E-03,6.203E-03,1.606E-03,6.849E-03,5.148E-01,1.748E+00,-3.548E-01,3.789E+00,1.696E+00,4.935E+00,2.218E-01,1.000E+00,1.000E+00,7.936E-02,3.534E+00,1.711E+00,-2.634E-01,3.002E+00,1.856E+00,4.935E+00,1.791E-01,1.000E+00,1.000E+00,9.900E-02,3.518E+00,1.824E+00,-3.773E-01,3.736E+00,1.466E+00,4.935E+00,2.163E-01,1.000E+00,1.000E+00,5.557E-02,5.021E+00
3.200E+01,0.000E+00,0.000E+00,0.000E+00,2.910E-03,0.000E+00,4.671E-03,6.412E-03,1.683E-03,7.133E-03,5.335E-01,1.745E+00,-3.682E-01,3.974E+00,1.696E+00,4.935E+00,2.283E-01,1.000E+00,1.000E+00,7.924E-02,3.538E+00,1.709E+00,-2.685E-01,3.049E+00,1.862E+00,4.935E+00,1.829E-01,1.000E+00,1.000E+00,9.881E-02,3.524E+00,1.818E+00,-3.862E-01,3.823E+00,1.491E+00,4.935E+00,2.246E-01,1.000E+00,1.000E+00,5.539E-02,5.034E+00
3.300E+01,0.000E+00,0.000E+00,0.000E+00,2.993E-03,0.000E+00,4.828E-03,6.622E-03,1.760E-03,7.417E-03,5.522E-01,1.743E+00,-3.816E-01,4.159E+00,1.696E+00,4.935E+00,2.349E-01,1.000E+00,1.000E+00,7.912E-02,3.543E+00,1.707E+00,-2.736E-01,3.097E+00,1.868E+00,4.935E+00,1.867E-01,1.000E+00,1.000E+00,9.863E-02,3.529E+00,1.812E+00,-3.951E-01,3.910E+00,1.516E+00,4.935E+00,2.330E-01,1.000E+00,1.000E+00,5.521E-02,5.046E+00
3.400E+01,0.000E+00,0.000E+00,0.000E+00,3.077E-03,0.000E+00,4.986E-03,6.831E-03,1.838E-03,7.702E-03,5.709E-01,1.741E+00,-3.950E-01,4.344E+00,1.696E+00,4.935E+00,2.415E-01,1.000E+00,1.000E+00,7.900E-02,3.547E+00,1.706E+00,-2.788E-01,3.144E+00,1.874E+00,4.935E+00,1.905E-01,1.000E+00,1.000E+00,9.844E-02,3.535E+00,1.806E+00,-4.039E-01,3.997E+00,1.542E+00,4.935E+00,2.414E-01,1.000E+00,1.000E+00,5.503E-02,5.059E+00
3.500E+01,0.000E+00,0.000E+00,0.000E+00,3.161E-03,0.000E+00,5.143E-03,7.041E-03,1.915E-03,7.986E-03,5.895E-01,1.740E+00,-4.084E-01,4.528E+00,1.695E+00,4.935E+00,2.481E-01,1.000E+00,1.000E+00,7.888E-02,3.551E+00,1.704E+00,-2.839E-01,3.191E+00,1.880E+00,4.935E+00,1.943E-01,1.000E+00,1.000E+00,9.825E-02,3.541E+00,1.800E+00,-4.128E-01,4.083E+00,1.567E+00,4.935E+00,2.497E-01,1.000E+00,1.000E+00,5.485E-02,5.072E+00
3.600E+01,0.000E+00,0.000E+00,0.000E+00,3.245E-03,0.000E+00,5.301E-03,7.251E-03,1.992E-03,8.270E-03,6.082E-01,1.739E+00,-4.218E-01,4.713E+00,1.695E+00,4.935E+00,2.547E-01,1.000E+00,1.000E+00,7.876E-02,3.555E+00,1.703E+00,-2.890E-01,3.239E+00,1.886E+00,4.935E+00,1.981E-01,1.000E+00,1.000E+00,9.807E-02,3.546E+00,1.795E+00,-4.217E-01,4.170E+00,1.592E+00,4.935E+00,2.581E-01,1.000E+00,1.000E+00,5.467E-02,5.084E+00
3.700E+01,0.000E+00,0.000E+00,0.000E+00,3.329E-03,0.000E+00,5.458E-03,7.460E-03,2.069E-03,8.555E-03,6.269E-01,1.738E+00,-4.352E-01,4.898E+00,1.695E+00,4.935E+00,2.613E-01,1.000E+00,1.000E+00,7.864E-02,3.559E+00,1.702E+00,-2.942E-01,3.286E+00,1.892E+00,4.935E+00,2.019E-01,1.000E+00,1.000E+00,9.788E-02,3.552E+00,1.790E+00,-4.306E-01,4.257E+00,1.617E+00,4.935E+00,2.664E-01,1.000E+00,1.000E+00,5.449E-02,5.097E+00
3.800E+01,0.000E+00,0.000E+00,0.000E+00,3.412E-03,0.000E+00,5.616E-03,7.670E-03,2.146E-03,8.839E-03,6.455E-01,1.738E+00,-4.486E-01,5.082E+00,1.695E+00,4.935E+00,2.679E-01,1.000E+00,1.000E+00,7.852E-02,3.563E+00,1.700E+00,-2.993E-01,3.333E+00,1.898E+00,4.935E+00,2.057E-01,1.000E+00,1.000E+00,9.769E-02,3.558E+00,1.784E+00,-4.394E-01,4.344E+00,1.643E+00,4.935E+00,2.748E-01,1.000E+00,1.000E+00,5.431E-02,5.110E+00
3.900E+01,0.000E+00,0.000E+00,0.000E+00,3.496E-03,0.000E+00,5.774E-03,7.880E-03,2.223E-03,9.123E-03,6.642E-01,1.738E+00,-4.620E-01,5.267E+00,1.695E+00,4.935E+00,2.745E-01,1.000E+00,1.000E+00,7.840E-02,3.567E+00,1.699E+00,-3.044E-01,3.381E+00,1.904E+00,4.935E+00,2.095E-01,1.000E+00,1.000E+00,9.751E-02,3.563E+00,1.779E+00,-4.483E-01,4.431E+00,1.668E+00,4.935E+00,2.832E-01,1.000E+00,1.000E+00,5.413E-02,5.122E+00
4.000E+01,0.000E+00,0.000E+00,0.000E+00,3.580E-03,0.000E+00,5.931E-03,8.089E-03,2.300E-03,9.408E-03,6.829E-01,1.739E+00,-4.754E-01,5.452E+00,1.695E+00,4.935E+00,2.811E-01,1.000E+00,1.000E+00,7.828E-02,3.571E+00,1.698E+00,-3.095E-01,3.428E+00,1.909E+00,4.935E+00,2.133E-01,1.000E+00,1.000E+00,9.732E-02,3.569E+00,1.774E+00,-4.572E-01,4.518E+00,1.693E+00,4.935E+00,2.915E-01,1.000E+00,1.000E+00,5.395E-02,5.135E+00
4.100E+01,0.000E+00,0.000E+00,0.000E+00,3.664E-03,0.000E+00,6.089E-03,8.299E-03,2.377E-03,9.692E-03,7.015E-01,1.740E+00,-4.888E-01,5.636E+00,1.695E+00,4.935E+00,2.877E-01,1.000E+00,1.000E+00,7.816E-02,3.575E+00,1.697E+00,-3.147E-01,3.475E+00,1.915E+00,4.935E+00,2.171E-01,1.000E+00,1.000E+00,9.713E-02,3.575E+00,1.769E+00,-4.661E-01,4.604E+00,1.718E+00,4.935E+00,2.999E-01,1.000E+00,1.000E+00,5.377E-02,5.147E+00
4.200E+01,0.000E+00,0.000E+00,0.000E+00,3.748E-03,0.000E+00,6.246E-03,8.509E-03,2.454E-03,9.976E-03,7.202E-01,1.741E+00,-5.022E-01,5.821E+00,1.694E+00,4.935E+00,2.943E-01,1.000E+00,1.000E+00,7.804E-02,3.580E+00,1.696E+00,-3.198E-01,3.523E+00,1.921E+00,4.935E+00,2.209E-01,1.000E+00,1.000E+00,9.695E-02,3.580E+00,1.764E+00,-4.750E-01,4.691E+00,1.744E+00,4.935E+00,3.083E-01,1.000E+00,1.000E+00,5.359E-02,5.160E+00
4.300E+01,0.000E+00,0.000E+00,0.000E+00,3.831E-03,0.000E+00,6.404E-03,8.718E-03,2.531E-03,1.026E-02,7.389E-01,1.742E+00,-5.156E-01,6.006E+00,1.694E+00,4.935E+00,3.009E-01,1.000E+00,1.000E+00,7.792E-02,3.584E+00,1.695E+00,-3.249E-01,3.570E+00,1.927E+00,4.935E+00,2.247E-01,1.000E+00,1.000E+00,9.676E-02,3.586E+00,1.760E+00,-4.838E-01,4.778E+00,1.769E+00,4.935E+00,3.166E-01,1.000E+00,1.000E+00,5.341E-02,5.173E+00
4.400E+01,0.000E+00,0.000E+00,0.000E+00,3.915E-03,0.000E+00,6.561E-03,8.928E-03,2.608E-03,1.054E-02,7.575E-01,1.744E+00,-5.290E-01,6.191E+00,1.694E+00,4.935E+00,3.074E-01,1.000E+00,1.000E+00,7.780E-02,3.588E+00,1.694E+00,-3.301E-01,3.617E+00,1.933E+00,4.935E+00,2.285E-01,1.000E+00,1.000E+00,9.657E-02,3.592E+00,1.755E+00,-4.927E-01,4.865E+00,1.794E+00,4.935E+00,3.250E-01,1.000E+00,1.000E+00,5.323E-02,5.185E+00
4.500E+01,0.000E+00,0.000E+00,0.000E+00,3.999E-03,0.000E+00,6.719E-03,9.138E-03,2.686E-03,1.083E-02,7.762E-01,1.746E+00,-5.424E-01,6.375E+00,1.694E+00,4.935E+00,3.140E-01,1.000E+00,1.000E+00,7.767E-02,3.592E+00,1.693E+00,-3.352E-01,3.665E+00,1.939E+00,4.935E+00,2.323E-01,1.000E+00,1.000E+00,9.639E-02,3.597E+00,1.751E+00,-5.016E-01,4.952E+00,1.820E+00,4.935E+00,3.334E-01,1.000E+00,1.000E+00,5.305E-02,5.198E+00
4.600E+01,0.000E+00,0.000E+00,0.000E+00,4.196E-03,0.000E+00,7.030E-03,9.591E-03,2.889E-03,1.146E-02,8.173E-01,1.747E+00,-5.589E-01,6.604E+00,1.696E+00,4.935E+00,3.270E-01,1.000E+00,1.000E+00,7.566E-02,3.665E+00,1.682E+00,-3.389E-01,3.681E+00,2.002E+00,4.935E+00,2.341E-01,1.000E+00,1.000E+00,9.455E-02,3.657E+00,1.776E+00,-5.294E-01,5.327E+00,1.707E+00,4.935E+00,3.312E-01,1.000E+00,1.000E+00,5.325E-02,5.184E+00
4.700E+01,0.000E+00,0.000E+00,0.000E+00,4.294E-03,0.000E+00,7.186E-03,9.817E-03,2.990E-03,1.177E-02,8.378E-01,1.748E+00,-5.671E-01,6.718E+00,1.697E+00,4.935E+00,3.335E-01,1.000E+00,1.000E+00,7.465E-02,3.702E+00,1.677E+00,-3.408E-01,3.689E+00,2.034E+00,4.935E+00,2.350E-01,1.000E+00,1.000E+00,9.363E-02,3.686E+00,1.791E+00,-5.434E-01,5.514E+00,1.651E+00,4.935E+00,3.302E-01,1.000E+00,1.000E+00,5.335E-02,5.176E+00
4.800E+01,0.000E+00,0.000E+00,0.000E+00,4.393E-03,0.000E+00,7.342E-03,1.004E-02,3.092E-03,1.209E-02,8.584E-01,1.749E+00,-5.753E-01,6.833E+00,1.698E+00,4.935E+00,3.400E-01,1.000E+00,1.000E+00,7.364E-02,3.738E+00,1.672E+00,-3.427E-01,3.696E+00,2.065E+00,4.935E+00,2.359E-01,1.000E+00,1.000E+00,9.271E-02,3.716E+00,1.806E+00,-5.573E-01,5.702E+00,1.594E+00,4.935E+00,3.291E-01,1.000E+00,1.000E+00,5.345E-02,5.169E+00
4.900E+01,0.000E+00,0.000E+00,0.000E+00,4.607E-03,0.000E+00,7.861E-03,1.059E-02,3.272E-03,1.299E-02,9.136E-01,1.737E+00,-5.971E-01,7.576E+00,1.711E+00,4.935E+00,3.483E-01,1.000E+00,1.000E+00,7.390E-02,3.728E+00,1.681E+00,-3.739E-01,4.114E+00,1.979E+00,4.935E+00,2.456E-01,1.000E+00,1.000E+00,9.356E-02,3.688E+00,1.787E+00,-5.573E-01,5.778E+00,1.655E+00,4.935E+00,3.385E-01,1.000E+00,1.000E+00,5.228E-02,5.257E+00
5.000E+01,0.000E+00,0.000E+00,0.000E+00,4.714E-03,0.000E+00,8.120E-03,1.087E-02,3.362E-03,1.344E-02,9.412E-01,1.731E+00,-6.080E-01,7.947E+00,1.717E+00,4.935E+00,3.525E-01,1.000E+00,1.000E+00,7.403E-02,3.723E+00,1.687E+00,-3.895E-01,4.322E+00,1.936E+00,4.935E+00,2.504E-01,1.000E+00,1.000E+00,9.398E-02,3.674E+00,1.778E+00,-5.573E-01,5.816E+00,1.685E+00,4.935E+00,3.433E-01,1.000E+00,1.000E+00,5.170E-02,5.300E+00
5.100E+01,0.000E+00,0.000E+00,0.000E+00,4.821E-03,0.000E+00,8.380E-03,1.115E-02,3.452E-03,1.389E-02,9.688E-01,1.726E+00,-6.188E-01,8.318E+00,1.723E+00,4.935E+00,3.567E-01,1.000E+00,1.000E+00,7.417E-02,3.718E+00,1.694E+00,-4.051E-01,4.531E+00,1.893E+00,4.935E+00,2.552E-01,1.000E+00,1.000E+00,9.440E-02,3.660E+00,1.769E+00,-5.572E-01,5.855E+00,1.715E+00,4.935E+00,3.480E-01,1.000E+00,1.000E+00,5.112E-02,5.344E+00
5.200E+01,0.000E+00,0.000E+00,0.000E+00,4.981E-03,0.000E+00,8.865E-03,1.173E-02,3.786E-03,1.488E-02,1.027E+00,1.713E+00,-6.241E-01,8.121E+00,1.813E+00,4.935E+00,3.710E-01,1.000E+00,1.000E+00,7.212E-02,3.799E+00,1.682E+00,-4.106E-01,4.656E+00,1.938E+00,4.935E+00,2.617E-01,1.000E+00,1.000E+00,9.395E-02,3.675E+00,1.738E+00,-5.842E-01,6.487E+00,1.814E+00,4.935E+00,3.685E-01,1.000E+00,1.000E+00,5.136E-02,5.325E+00
5.300E+01,0.000E+00,0.000E+00,0.000E+00,5.062E-03,0.000E+00,9.107E-03,1.202E-02,3.953E-03,1.537E-02,1.057E+00,1.707E+00,-6.268E-01,8.022E+00,1.857E+00,4.935E+00,3.781E-01,1.000E+00,1.000E+00,7.109E-02,3.839E+00,1.676E+00,-4.134E-01,4.718E+00,1.960E+00,4.935E+00,2.649E-01,1.000E+00,1.000E+00,9.372E-02,3.683E+00,1.724E+00,-5.977E-01,6.804E+00,1.864E+00,4.935E+00,3.788E-01,1.000E+00,1.000E+00,5.148E-02,5.316E+00
5.400E+01,0.000E+00,0.000E+00,0.000E+00,5.142E-03,0.000E+00,9.350E-03,1.231E-02,4.120E-03,1.587E-02,1.086E+00,1.701E+00,-6.294E-01,7.923E+00,1.902E+00,4.935E+00,3.852E-01,1.000E+00,1.000E+00,7.007E-02,3.879E+00,1.670E+00,-4.162E-01,4.780E+00,1.983E+00,4.935E+00,2.681E-01,1.000E+00,1.000E+00,9.349E-02,3.690E+00,1.711E+00,-6.112E-01,7.120E+00,1.913E+00,4.935E+00,3.891E-01,1.000E+00,1.000E+00,5.160E-02,5.307E+00
5.500E+01,0.000E+00,0.000E+00,0.000E+00,5.460E-03,0.000E+00,1.006E-02,1.302E-02,4.517E-03,1.723E-02,1.168E+00,1.660E+00,-6.061E-01,7.395E+00,2.103E+00,4.935E+00,3.935E-01,1.000E+00,1.000E+00,6.996E-02,3.884E+00,1.665E+00,-4.288E-01,5.082E+00,1.972E+00,4.935E+00,2.700E-01,1.000E+00,1.000E+00,9.337E-02,3.694E+00,1.697E+00,-6.023E-01,6.809E+00,2.001E+00,4.935E+00,3.932E-01,1.000E+00,1.000E+00,5.132E-02,5.328E+00
5.600E+01,0.000E+00,0.000E+00,0.000E+00,5.620E-03,0.000E+00,1.041E-02,1.338E-02,4.715E-03,1.791E-02,1.209E+00,1.642E+00,-5.944E-01,7.131E+00,2.204E+00,4.935E+00,3.976E-01,1.000E+00,1.000E+00,6.991E-02,3.886E+00,1.663E+00,-4.352E-01,5.232E+00,1.966E+00,4.935E+00,2.710E-01,1.000E+00,1.000E+00,9.331E-02,3.696E+00,1.690E+00,-5.978E-01,6.653E+00,2.045E+00,4.935E+00,3.952E-01,1.000E+00,1.000E+00,5.118E-02,5.339E+00
5.700E+01,0.000E+00,0.000E+00,0.000E+00,5.779E-03,0.000E+00,1.077E-02,1.374E-02,4.913E-03,1.859E-02,1.250E+00,1.626E+00,-5.828E-01,6.868E+00,2.305E+00,4.935E+00,4.017E-01,1.000E+00,1.000E+00,6.986E-02,3.888E+00,1.661E+00,-4.415E-01,5.383E+00,1.961E+00,4.935E+00,2.720E-01,1.000E+00,1.000E+00,9.325E-02,3.698E+00,1.684E+00,-5.933E-01,6.497E+00,2.090E+00,4.935E+00,3.972E-01,1.000E+00,1.000E+00,5.104E-02,5.350E+00
5.800E+01,0.000E+00,0.000E+00,0.000E+00,6.157E-03,0.000E+00,1.157E-02,1.476E-02,5.284E-03,1.979E-02,1.338E+00,1.620E+00,-6.257E-01,8.525E+00,2.206E+00,4.935E+00,4.099E-01,1.000E+00,1.000E+00,7.078E-02,3.851E+00,1.655E+00,-4.662E-01,6.135E+00,1.911E+00,4.935E+00,2.759E-01,1.000E+00,1.000E+00,9.230E-02,3.730E+00,1.680E+00,-6.132E-01,7.117E+00,2.064E+00,4.935E+00,4.048E-01,1.000E+00,1.000E+00,5.000E-02,5.434E+00
5.900E+01,0.000E+00,0.000E+00,0.000E+00,6.346E-03,0.000E+00,1.198E-02,1.528E-02,5.469E-03,2.039E-02,1.383E+00,1.622E+00,-6.471E-01,9.353E+00,2.156E+00,4.935E+00,4.140E-01,1.000E+00,1.000E+00,7.123E-02,3.832E+00,1.654E+00,-4.786E-01,6.511E+00,1.886E+00,4.935E+00,2.779E-01,1.000E+00,1.000E+00,9.183E-02,3.746E+00,1.679E+00,-6.232E-01,7.427E+00,2.051E+00,4.935E+00,4.086E-01,1.000E+00,1.000E+00,4.948E-02,5.476E+00
6.000E+01,0.000E+00,0.000E+00,0.000E+00,6.535E-03,0.000E+00,1.238E-02,1.579E-02,5.654E-03,2.099E-02,1.427E+00,1.626E+00,-6.686E-01,1.018E+01,2.107E+00,4.935E+00,4.181E-01,1.000E+00,1.000E+00,7.169E-02,3.814E+00,1.654E+00,-4.909E-01,6.888E+00,1.861E+00,4.935E+00,2.799E-01,1.000E+00,1.000E+00,9.136E-02,3.762E+00,1.678E+00,-6.331E-01,7.737E+00,2.038E+00,4.935E+00,4.124E-01,1.000E+00,1.000E+00,4.896E-02,5.518E+00
6.100E+01,0.000E+00,0.000E+00,0.000E+00,6.965E-03,0.000E+00,1.323E-02,1.646E-02,6.239E-03,2.306E-02,1.533E+00,1.619E+00,-7.009E-01,1.204E+01,2.065E+00,4.935E+00,4.314E-01,1.000E+00,1.000E+00,7.112E-02,3.837E+00,1.638E+00,-5.277E-01,8.428E+00,1.831E+00,4.935E+00,2.826E-01,1.000E+00,1.000E+00,9.199E-02,3.740E+00,1.668E+00,-6.693E-01,9.508E+00,1.980E+00,4.935E+00,4.211E-01,1.000E+00,1.000E+00,4.852E-02,5.555E+00
6.200E+01,0.000E+00,0.000E+00,0.000E+00,7.180E-03,0.000E+00,1.365E-02,1.680E-02,6.531E-03,2.410E-02,1.586E+00,1.619E+00,-7.171E-01,1.297E+01,2.043E+00,4.935E+00,4.380E-01,1.000E+00,1.000E+00,7.083E-02,3.848E+00,1.634E+00,-5.460E-01,9.198E+00,1.815E+00,4.935E+00,2.840E-01,1.000E+00,1.000E+00,9.231E-02,3.730E+00,1.666E+00,-6.873E-01,1.039E+01,1.951E+00,4.935E+00,4.255E-01,1.000E+00,1.000E+00,4.830E-02,5.574E+00
6.300E+01,0.000E+00,0.000E+00,0.000E+00,7.396E-03,0.000E+00,1.407E-02,1.714E-02,6.823E-03,2.514E-02,1.639E+00,1.619E+00,-7.333E-01,1.390E+01,2.022E+00,4.935E+00,4.447E-01,1.000E+00,1.000E+00,7.054E-02,3.860E+00,1.631E+00,-5.644E-01,9.969E+00,1.800E+00,4.935E+00,2.853E-01,1.000E+00,1.000E+00,9.262E-02,3.719E+00,1.667E+00,-7.054E-01,1.128E+01,1.922E+00,4.935E+00,4.298E-01,1.000E+00,1.000E+00,4.807E-02,5.593E+00
6.400E+01,0.000E+00,0.000E+00,0.000E+00,7.914E-03,0.000E+00,1.519E-02,1.874E-02,7.352E-03,2.696E-02,1.769E+00,1.570E+00,-7.369E-01,1.499E+01,2.194E+00,4.932E+00,4.519E-01,1.003E+00,1.000E+00,7.002E-02,3.881E+00,1.611E+00,-5.684E-01,1.048E+01,1.854E+00,4.935E+00,2.898E-01,1.000E+00,1.000E+00,9.235E-02,3.728E+00,1.641E+00,-7.189E-01,1.238E+01,1.986E+00,4.935E+00,4.329E-01,1.000E+00,1.000E+00,4.835E-02,5.570E+00
6.500E+01,0.000E+00,0.000E+00,0.000E+00,8.173E-03,0.000E+00,1.575E-02,1.954E-02,7.616E-03,2.788E-02,1.834E+00,1.548E+00,-7.387E-01,1.553E+01,2.281E+00,4.931E+00,4.555E-01,1.004E+00,1.000E+00,6.976E-02,3.892E+00,1.601E+00,-5.704E-01,1.074E+01,1.880E+00,4.935E+00,2.920E-01,1.000E+00,1.000E+00,9.222E-02,3.732E+00,1.630E+00,-7.257E-01,1.293E+01,2.017E+00,4.935E+00,4.345E-01,1.000E+00,1.000E+00,4.848E-02,5.558E+00
6.600E+01,0.000E+00,0.000E+00,0.000E+00,8.432E-03,0.000E+00,1.630E-02,2.034E-02,7.880E-03,2.879E-02,1.899E+00,1.526E+00,-7.405E-01,1.607E+01,2.367E+00,4.929E+00,4.591E-01,1.006E+00,1.000E+00,6.950E-02,3.903E+00,1.591E+00,-5.723E-01,1.100E+01,1.907E+00,4.935E+00,2.942E-01,1.000E+00,1.000E+00,9.209E-02,3.737E+00,1.619E+00,-7.325E-01,1.348E+01,2.049E+00,4.935E+00,4.360E-01,1.000E+00,1.000E+00,4.862E-02,5.546E+00
6.700E+01,0.000E+00,0.000E+00,0.000E+00,9.001E-03,0.000E+00,1.774E-02,2.190E-02,8.710E-03,3.136E-02,2.061E+00,1.498E+00,-7.643E-01,1.989E+01,2.379E+00,4.886E+00,4.613E-01,1.052E+00,1.000E+00,7.020E-02,3.874E+00,1.569E+00,-5.864E-01,1.233E+01,1.938E+00,4.920E+00,3.011E-01,1.015E+00,1.000E+00,9.150E-02,3.757E+00,1.575E+00,-7.490E-01,1.531E+01,2.184E+00,4.930E+00,4.564E-01,1.005E+00,1.000E+00,4.844E-02,5.562E+00
6.800E+01,0.000E+00,0.000E+00,0.000E+00,9.286E-03,0.000E+00,1.846E-02,2.267E-02,9.125E-03,3.264E-02,2.142E+00,1.487E+00,-7.763E-01,2.180E+01,2.385E+00,4.865E+00,4.624E-01,1.076E+00,1.000E+00,7.055E-02,3.860E+00,1.559E+00,-5.934E-01,1.300E+01,1.953E+00,4.913E+00,3.046E-01,1.023E+00,1.000E+00,9.121E-02,3.767E+00,1.556E+00,-7.573E-01,1.623E+01,2.251E+00,4.928E+00,4.666E-01,1.007E+00,1.000E+00,4.835E-02,5.569E+00
6.900E+01,0.000E+00,0.000E+00,0.000E+00,9.570E-03,0.000E+00,1.918E-02,2.345E-02,9.540E-03,3.392E-02,2.224E+00,1.478E+00,-7.882E-01,2.371E+01,2.391E+00,4.844E+00,4.634E-01,1.099E+00,1.000E+00,7.091E-02,3.845E+00,1.550E+00,-6.004E-01,1.367E+01,1.968E+00,4.906E+00,3.080E-01,1.031E+00,1.000E+00,9.092E-02,3.777E+00,1.537E+00,-7.655E-01,1.714E+01,2.319E+00,4.925E+00,4.768E-01,1.010E+00,1.000E+00,4.826E-02,5.577E+00
7.000E+01,0.000E+00,0.000E+00,0.000E+00,1.026E-02,0.000E+00,2.090E-02,2.533E-02,1.068E-02,3.730E-02,2.427E+00,1.434E+00,-7.917E-01,2.676E+01,2.538E+00,4.769E+00,4.752E-01,1.188E+00,1.000E+00,6.928E-02,3.913E+00,1.524E+00,-6.024E-01,1.460E+01,2.034E+00,4.872E+00,3.125E-01,1.067E+00,1.000E+00,9.144E-02,3.759E+00,1.505E+00,-7.940E-01,2.209E+01,2.332E+00,4.899E+00,4.836E-01,1.038E+00,1.000E+00,4.829E-02,5.574E+00
7.100E+01,0.000E+00,0.000E+00,0.000E+00,1.060E-02,0.000E+00,2.176E-02,2.627E-02,1.124E-02,3.898E-02,2.529E+00,1.413E+00,-7.935E-01,2.829E+01,2.611E+00,4.733E+00,4.810E-01,1.233E+00,1.000E+00,6.847E-02,3.947E+00,1.511E+00,-6.035E-01,1.506E+01,2.066E+00,4.856E+00,3.147E-01,1.086E+00,1.000E+00,9.171E-02,3.750E+00,1.494E+00,-8.082E-01,2.457E+01,2.338E+00,4.886E+00,4.870E-01,1.052E+00,1.000E+00,4.831E-02,5.573E+00
7.200E+01,0.000E+00,0.000E+00,0.000E+00,1.094E-02,0.000E+00,2.262E-02,2.721E-02,1.181E-02,4.067E-02,2.631E+00,1.393E+00,-7.953E-01,2.982E+01,2.685E+00,4.698E+00,4.869E-01,1.277E+00,1.000E+00,6.765E-02,3.982E+00,1.499E+00,-6.045E-01,1.553E+01,2.099E+00,4.840E+00,3.169E-01,1.104E+00,1.000E+00,9.197E-02,3.741E+00,1.485E+00,-8.224E-01,2.704E+01,2.345E+00,4.874E+00,4.905E-01,1.066E+00,1.000E+00,4.832E-02,5.572E+00
7.300E+01,0.000E+00,0.000E+00,0.000E+00,1.134E-02,0.000E+00,2.396E-02,2.845E-02,1.268E-02,4.336E-02,2.783E+00,1.369E+00,-7.763E-01,2.684E+01,2.887E+00,4.653E+00,4.932E-01,1.337E+00,1.000E+00,6.836E-02,3.951E+00,1.464E+00,-6.018E-01,1.582E+01,2.254E+00,4.800E+00,3.268E-01,1.151E+00,1.000E+00,9.138E-02,3.761E+00,1.428E+00,-7.953E-01,2.485E+01,2.661E+00,4.756E+00,5.030E-01,1.204E+00,1.000E+00,4.714E-02,5.677E+00
7.400E+01,0.000E+00,0.000E+00,0.000E+00,1.174E-02,0.000E+00,2.529E-02,2.969E-02,1.355E-02,4.605E-02,2.935E+00,1.350E+00,-7.573E-01,2.387E+01,3.089E+00,4.610E+00,4.995E-01,1.397E+00,1.000E+00,6.907E-02,3.921E+00,1.431E+00,-5.990E-01,1.612E+01,2.410E+00,4.761E+00,3.366E-01,1.197E+00,1.000E+00,9.079E-02,3.781E+00,1.381E+00,-7.682E-01,2.266E+01,2.976E+00,4.649E+00,5.156E-01,1.342E+00,1.000E+00,4.596E-02,5.781E+00
7.500E+01,0.000E+00,0.000E+00,0.000E+00,1.229E-02,0.000E+00,2.676E-02,3.108E-02,1.450E-02,4.918E-02,3.109E+00,1.311E+00,-7.420E-01,2.342E+01,3.356E+00,4.527E+00,5.088E-01,1.519E+00,1.000E+00,6.783E-02,3.975E+00,1.404E+00,-5.787E-01,1.488E+01,2.604E+00,4.733E+00,3.403E-01,1.232E+00,1.000E+00,9.101E-02,3.774E+00,1.354E+00,-7.616E-01,2.282E+01,3.139E+00,4.614E+00,5.158E-01,1.391E+00,1.000E+00,4.648E-02,5.734E+00
7.600E+01,0.000E+00,0.000E+00,0.000E+00,1.283E-02,0.000E+00,2.823E-02,3.247E-02,1.546E-02,5.232E-02,3.283E+00,1.276E+00,-7.267E-01,2.297E+01,3.624E+00,4.450E+00,5.180E-01,1.641E+00,1.000E+00,6.658E-02,4.029E+00,1.381E+00,-5.583E-01,1.364E+01,2.798E+00,4.705E+00,3.440E-01,1.268E+00,1.000E+00,9.123E-02,3.766E+00,1.328E+00,-7.550E-01,2.298E+01,3.301E+00,4.581E+00,5.160E-01,1.439E+00,1.000E+00,4.699E-02,5.688E+00
7.700E+01,0.000E+00,0.000E+00,0.000E+00,1.341E-02,0.000E+00,2.972E-02,3.427E-02,1.637E-02,5.497E-02,3.455E+00,1.243E+00,-7.266E-01,2.330E+01,3.920E+00,4.403E+00,5.285E-01,1.720E+00,1.000E+00,6.519E-02,4.093E+00,1.345E+00,-5.425E-01,1.301E+01,3.070E+00,4.621E+00,3.562E-01,1.382E+00,1.000E+00,9.013E-02,3.805E+00,1.295E+00,-7.452E-01,2.259E+01,3.573E+00,4.483E+00,5.277E-01,1.587E+00,1.000E+00,4.576E-02,5.802E+00
7.800E+01,0.000E+00,0.000E+00,0.000E+00,1.398E-02,0.000E+00,3.122E-02,3.606E-02,1.727E-02,5.762E-02,3.628E+00,1.213E+00,-7.264E-01,2.362E+01,4.217E+00,4.358E+00,5.390E-01,1.800E+00,1.000E+00,6.380E-02,4.157E+00,1.315E+00,-5.267E-01,1.239E+01,3.342E+00,4.542E+00,3.685E-01,1.495E+00,1.000E+00,8.902E-02,3.843E+00,1.264E+00,-7.354E-01,2.221E+01,3.845E+00,4.394E+00,5.393E-01,1.736E+00,1.000E+00,4.453E-02,5.917E+00
7.900E+01,0.000E+00,0.000E+00,0.000E+00,1.405E-02,0.000E+00,3.259E-02,3.697E-02,1.857E-02,6.096E-02,3.790E+00,1.173E+00,-7.182E-01,2.363E+01,4.659E+00,4.239E+00,5.514E-01,2.027E+00,1.000E+00,6.211E-02,4.242E+00,1.282E+00,-5.208E-01,1.237E+01,3.635E+00,4.480E+00,3.810E-01,1.593E+00,1.000E+00,8.818E-02,3.874E+00,1.221E+00,-7.282E-01,2.209E+01,4.279E+00,4.342E+00,5.490E-01,1.829E+00,1.000E+00,4.289E-02,6.086E+00
8.000E+01,0.000E+00,0.000E+00,0.000E+00,1.412E-02,0.000E+00,3.396E-02,3.787E-02,1.987E-02,6.430E-02,3.952E+00,1.137E+00,-7.100E-01,2.363E+01,5.102E+00,4.133E+00,5.638E-01,2.255E+00,1.000E+00,6.042E-02,4.326E+00,1.251E+00,-5.150E-01,1.235E+01,3.928E+00,4.421E+00,3.936E-01,1.690E+00,1.000E+00,8.733E-02,3.905E+00,1.183E+00,-7.209E-01,2.197E+01,4.713E+00,4.292E+00,5.586E-01,1.922E+00,1.000E+00,4.125E-02,6.255E+00
8.100E+01,0.000E+00,0.000E+00,0.000E+00,1.414E-02,0.000E+00,3.448E-02,3.810E-02,2.038E-02,6.547E-02,4.009E+00,1.096E+00,-6.974E-01,2.166E+01,5.931E+00,4.055E+00,5.737E-01,2.437E+00,1.000E+00,5.813E-02,4.453E+00,1.204E+00,-5.048E-01,1.212E+01,4.504E+00,4.304E+00,4.068E-01,1.900E+00,1.000E+00,8.586E-02,3.961E+00,1.145E+00,-7.162E-01,2.173E+01,5.244E+00,4.145E+00,5.734E-01,2.226E+00,1.000E+00,4.019E-02,6.378E+00
8.200E+01,0.000E+00,0.000E+00,0.000E+00,1.417E-02,0.000E+00,3.500E-02,3.833E-02,2.089E-02,6.664E-02,4.066E+00,1.066E+00,-6.848E-01,1.969E+01,6.761E+00,3.983E+00,5.835E-01,2.620E+00,1.000E+00,5.584E-02,4.580E+00,1.163E+00,-4.947E-01,1.189E+01,5.080E+00,4.199E+00,4.200E-01,2.111E+00,1.000E+00,8.439E-02,4.017E+00,1.112E+00,-7.114E-01,2.149E+01,5.775E+00,4.018E+00,5.882E-01,2.531E+00,1.000E+00,3.912E-02,6.500E+00
8.300E+01,0.000E+00,0.000E+00,0.000E+00,1.263E-02,0.000E+00,3.317E-02,3.609E-02,2.057E-02,6.330E-02,3.852E+00,1.031E+00,-6.758E-01,1.878E+01,7.713E+00,3.899E+00,5.923E-01,2.854E+00,1.000E+00,5.327E-02,4.745E+00,1.124E+00,-4.831E-01,1.133E+01,5.858E+00,4.058E+00,4.300E-01,2.431E+00,1.000E+00,8.210E-02,4.111E+00,1.068E+00,-6.950E-01,1.954E+01,6.841E+00,3.928E+00,5.971E-01,2.770E+00,1.000E+00,3.687E-02,6.796E+00
8.400E+01,0.000E+00,0.000E+00,0.000E+00,1.108E-02,0.000E+00,3.135E-02,3.385E-02,2.025E-02,5.996E-02,3.637E+00,1.004E+00,-6.667E-01,1.787E+01,8.666E+00,3.821E+00,6.010E-01,3.087E+00,1.000E+00,5.070E-02,4.909E+00,1.093E+00,-4.715E-01,1.078E+01,6.636E+00,3.935E+00,4.401E-01,2.752E+00,1.000E+00,7.982E-02,4.206E+00,1.038E+00,-6.786E-01,1.758E+01,7.906E+00,3.846E+00,6.060E-01,3.009E+00,1.000E+00,3.461E-02,7.093E+00
8.500E+01,0.000E+00,0.000E+00,0.000E+00,8.275E-03,0.000E+00,2.370E-02,2.521E-02,1.540E-02,4.571E-02,2.749E+00,1.018E+00,-6.678E-01,1.611E+01,8.859E+00,3.831E+00,6.134E-01,3.056E+00,1.000E+00,4.650E-02,5.242E+00,1.070E+00,-4.537E-01,9.715E+00,7.634E+00,3.898E+00,4.439E-01,2.855E+00,1.000E+00,7.567E-02,4.403E+00,1.046E+00,-6.705E-01,1.558E+01,8.245E+00,3.838E+00,6.120E-01,3.034E+00,1.000E+00,3.183E-02,7.555E+00
8.600E+01,0.000E+00,0.000E+00,0.000E+00,5.466E-03,0.000E+00,1.604E-02,1.657E-02,1.056E-02,3.146E-02,1.861E+00,1.036E+00,-6.688E-01,1.436E+01,9.053E+00,3.842E+00,6.258E-01,3.024E+00,1.000E+00,4.230E-02,5.576E+00,1.056E+00,-4.359E-01,8.655E+00,8.631E+00,3.863E+00,4.478E-01,2.958E+00,1.000E+00,7.151E-02,4.601E+00,1.060E+00,-6.623E-01,1.357E+01,8.583E+00,3.830E+00,6.180E-01,3.059E+00,1.000E+00,2.905E-02,8.017E+00
8.700E+01,0.000E+00,0.000E+00,0.000E+00,2.765E-03,0.000E+00,8.196E-03,8.507E-03,5.404E-03,1.609E-02,9.508E-01,9.727E-01,-7.591E-01,1.798E+01,1.104E+01,3.706E+00,7.056E-01,3.474E+00,1.000E+00,3.123E-02,7.319E+00,1.080E+00,-5.215E-01,9.476E+00,8.510E+00,3.867E+00,5.276E-01,2.947E+00,1.000E+00,6.621E-02,4.919E+00,1.008E+00,-7.552E-01,1.572E+01,1.058E+01,3.724E+00,7.017E-01,3.411E+00,1.000E+00,2.174E-02,1.034E+01
8.800E+01,0.000E+00,0.000E+00,0.000E+00,6.348E-05,0.000E+00,3.486E-04,4.414E-04,2.510E-04,7.207E-04,4.045E-02,9.256E-01,-8.494E-01,2.160E+01,1.302E+01,3.588E+00,7.854E-01,3.923E+00,1.000E+00,2.017E-02,9.062E+00,1.102E+00,-6.072E-01,1.030E+01,8.389E+00,3.871E+00,6.074E-01,2.936E+00,1.000E+00,6.091E-02,5.238E+00,9.658E-01,-8.481E-01,1.786E+01,1.257E+01,3.628E+00,7.854E-01,3.763E+00,1.000E+00,1.443E-02,1.267E+01
8.900E+01,0.000E+00,0.000E+00,0.000E+00,0.000E+00,0.000E+00,4.883E-06,3.906E-06,3.906E-06,1.465E-05,2.616E-05,3.142E+00,0.000E+00,0.000E+00,0.000E+00,9.870E+00,0.000E+00,0.000E+00,0.000E+00,0.000E+00,0.000E+00,3.142E+00,0.000E+00,0.000E+00,0.000E+00,9.870E+00,0.000E+00,0.000E+00,0.000E+00,0.000E+00,0.000E+00,3.142E+00,0.000E+00,0.000E+00,0.000E+00,9.870E+00,0.000E+00,0.000E+00,0.000E+00,0.000E+00,0.000E+00
