alpha,H,Fe,S,Fe_1,S_1,amu/ion,phiK_Fe,phiTilt_Fe,phiM_Fe,phiN_Fe,thetaK_Fe,thetaTilt_Fe,thetaM_Fe,thetaN_Fe,energyK_Fe,energyE_Fe,phiK_S,phiTilt_S,phiM_S,phiN_S,thetaK_S,thetaTilt_S,thetaM_S,thetaN_S,energyK_S,energyE_S
0,0.000E+00,1.603E-02,1.641E-04,0.000E+00,0.000E+00,1.428E+00,1.762E+00,-2.502E-02,1.624E+00,1.448E+00,1.740E+00,-5.130E-03,2.550E+00,2.470E+00,8.104E-02,3.204E+00,1.547E+00,2.652E-02,2.009E+00,2.159E+00,1.553E+00,-7.150E-03,3.540E+00,3.373E+00,1.644E-01,2.074E+00
1,0.000E+00,1.607E-02,1.659E-04,0.000E+00,0.000E+00,1.432E+00,1.758E+00,-2.430E-02,1.610E+00,1.476E+00,1.737E+00,-5.195E-03,2.553E+00,2.472E+00,8.095E-02,3.207E+00,1.546E+00,3.218E-02,1.951E+00,2.261E+00,1.551E+00,-6.775E-03,3.504E+00,3.347E+00,1.656E-01,2.062E+00
2,0.000E+00,1.610E-02,1.678E-04,0.000E+00,0.000E+00,1.435E+00,1.754E+00,-2.357E-02,1.596E+00,1.505E+00,1.734E+00,-5.260E-03,2.556E+00,2.474E+00,8.086E-02,3.209E+00,1.545E+00,3.783E-02,1.893E+00,2.362E+00,1.550E+00,-6.400E-03,3.468E+00,3.321E+00,1.668E-01,2.050E+00
3,0.000E+00,1.614E-02,1.696E-04,0.000E+00,0.000E+00,1.439E+00,1.750E+00,-2.284E-02,1.583E+00,1.533E+00,1.731E+00,-5.325E-03,2.559E+00,2.476E+00,8.078E-02,3.212E+00,1.544E+00,4.349E-02,1.835E+00,2.463E+00,1.548E+00,-6.025E-03,3.432E+00,3.294E+00,1.679E-01,2.038E+00
4,0.000E+00,1.616E-02,1.706E-04,0.000E+00,0.000E+00,1.441E+00,1.749E+00,-2.248E-02,1.576E+00,1.548E+00,1.730E+00,-5.357E-03,2.561E+00,2.477E+00,8.073E-02,3.213E+00,1.544E+00,4.632E-02,1.806E+00,2.513E+00,1.547E+00,-5.837E-03,3.414E+00,3.281E+00,1.685E-01,2.032E+00
5,0.000E+00,1.618E-02,1.715E-04,0.000E+00,0.000E+00,1.443E+00,1.747E+00,-2.211E-02,1.569E+00,1.562E+00,1.728E+00,-5.390E-03,2.562E+00,2.478E+00,8.069E-02,3.214E+00,1.544E+00,4.915E-02,1.777E+00,2.564E+00,1.546E+00,-5.650E-03,3.396E+00,3.268E+00,1.691E-01,2.027E+00
6,0.000E+00,1.622E-02,1.733E-04,0.000E+00,0.000E+00,1.446E+00,1.743E+00,-2.138E-02,1.555E+00,1.591E+00,1.726E+00,-5.455E-03,2.565E+00,2.480E+00,8.060E-02,3.217E+00,1.543E+00,5.481E-02,1.719E+00,2.665E+00,1.544E+00,-5.274E-03,3.360E+00,3.242E+00,1.703E-01,2.015E+00
7,0.000E+00,1.625E-02,1.752E-04,0.000E+00,0.000E+00,1.450E+00,1.739E+00,-2.065E-02,1.542E+00,1.619E+00,1.723E+00,-5.520E-03,2.568E+00,2.482E+00,8.051E-02,3.220E+00,1.542E+00,6.047E-02,1.661E+00,2.766E+00,1.542E+00,-4.899E-03,3.324E+00,3.216E+00,1.715E-01,2.003E+00
8,0.000E+00,1.629E-02,1.771E-04,0.000E+00,0.000E+00,1.453E+00,1.735E+00,-1.993E-02,1.528E+00,1.648E+00,1.720E+00,-5.585E-03,2.572E+00,2.484E+00,8.042E-02,3.222E+00,1.541E+00,6.613E-02,1.603E+00,2.867E+00,1.540E+00,-4.524E-03,3.288E+00,3.190E+00,1.727E-01,1.991E+00
9,0.000E+00,1.631E-02,1.780E-04,0.000E+00,0.000E+00,1.455E+00,1.733E+00,-1.956E-02,1.521E+00,1.662E+00,1.718E+00,-5.617E-03,2.573E+00,2.485E+00,8.037E-02,3.223E+00,1.541E+00,6.896E-02,1.574E+00,2.918E+00,1.539E+00,-4.337E-03,3.270E+00,3.177E+00,1.733E-01,1.985E+00
10,0.000E+00,1.633E-02,1.789E-04,0.000E+00,0.000E+00,1.457E+00,1.731E+00,-1.920E-02,1.514E+00,1.676E+00,1.717E+00,-5.650E-03,2.575E+00,2.486E+00,8.033E-02,3.225E+00,1.541E+00,7.179E-02,1.545E+00,2.969E+00,1.538E+00,-4.149E-03,3.252E+00,3.164E+00,1.739E-01,1.979E+00
11,0.000E+00,1.655E-02,1.829E-04,0.000E+00,0.000E+00,1.475E+00,1.734E+00,-2.304E-02,1.517E+00,1.679E+00,1.716E+00,-5.603E-03,2.572E+00,2.484E+00,8.023E-02,3.227E+00,1.532E+00,5.884E-02,1.610E+00,2.974E+00,1.527E+00,-4.587E-03,3.284E+00,3.185E+00,1.746E-01,1.972E+00
12,0.000E+00,1.676E-02,1.869E-04,0.000E+00,0.000E+00,1.492E+00,1.737E+00,-2.688E-02,1.519E+00,1.682E+00,1.714E+00,-5.555E-03,2.569E+00,2.482E+00,8.014E-02,3.230E+00,1.523E+00,4.589E-02,1.675E+00,2.980E+00,1.516E+00,-5.024E-03,3.316E+00,3.206E+00,1.754E-01,1.965E+00
13,0.000E+00,1.698E-02,1.909E-04,0.000E+00,0.000E+00,1.510E+00,1.740E+00,-3.072E-02,1.522E+00,1.685E+00,1.713E+00,-5.508E-03,2.566E+00,2.480E+00,8.005E-02,3.233E+00,1.514E+00,3.294E-02,1.739E+00,2.985E+00,1.505E+00,-5.462E-03,3.348E+00,3.227E+00,1.762E-01,1.958E+00
14,0.000E+00,1.709E-02,1.929E-04,0.000E+00,0.000E+00,1.518E+00,1.742E+00,-3.264E-02,1.523E+00,1.687E+00,1.713E+00,-5.485E-03,2.565E+00,2.480E+00,8.000E-02,3.234E+00,1.510E+00,2.646E-02,1.771E+00,2.988E+00,1.499E+00,-5.680E-03,3.364E+00,3.237E+00,1.766E-01,1.955E+00
15,0.000E+00,1.720E-02,1.949E-04,0.000E+00,0.000E+00,1.527E+00,1.743E+00,-3.456E-02,1.525E+00,1.688E+00,1.712E+00,-5.461E-03,2.564E+00,2.479E+00,7.995E-02,3.236E+00,1.506E+00,1.999E-02,1.804E+00,2.991E+00,1.493E+00,-5.899E-03,3.380E+00,3.248E+00,1.770E-01,1.951E+00
16,0.000E+00,1.742E-02,1.989E-04,0.000E+00,0.000E+00,1.545E+00,1.746E+00,-3.841E-02,1.527E+00,1.691E+00,1.711E+00,-5.414E-03,2.561E+00,2.477E+00,7.986E-02,3.238E+00,1.497E+00,7.038E-03,1.868E+00,2.997E+00,1.482E+00,-6.336E-03,3.412E+00,3.269E+00,1.777E-01,1.944E+00
17,0.000E+00,1.764E-02,2.029E-04,0.000E+00,0.000E+00,1.562E+00,1.749E+00,-4.225E-02,1.530E+00,1.694E+00,1.710E+00,-5.366E-03,2.558E+00,2.475E+00,7.976E-02,3.241E+00,1.488E+00,-5.912E-03,1.933E+00,3.002E+00,1.471E+00,-6.774E-03,3.444E+00,3.290E+00,1.785E-01,1.937E+00
18,0.000E+00,1.785E-02,2.069E-04,0.000E+00,0.000E+00,1.580E+00,1.752E+00,-4.609E-02,1.533E+00,1.697E+00,1.709E+00,-5.319E-03,2.555E+00,2.473E+00,7.967E-02,3.244E+00,1.479E+00,-1.886E-02,1.997E+00,3.008E+00,1.460E+00,-7.211E-03,3.476E+00,3.311E+00,1.793E-01,1.930E+00
19,0.000E+00,1.796E-02,2.089E-04,0.000E+00,0.000E+00,1.589E+00,1.754E+00,-4.801E-02,1.534E+00,1.699E+00,1.708E+00,-5.296E-03,2.554E+00,2.472E+00,7.962E-02,3.245E+00,1.475E+00,-2.534E-02,2.030E+00,3.011E+00,1.454E+00,-7.430E-03,3.492E+00,3.322E+00,1.797E-01,1.926E+00
20,0.000E+00,1.807E-02,2.109E-04,0.000E+00,0.000E+00,1.597E+00,1.755E+00,-4.993E-02,1.535E+00,1.700E+00,1.708E+00,-5.272E-03,2.552E+00,2.471E+00,7.958E-02,3.247E+00,1.471E+00,-3.181E-02,2.062E+00,3.014E+00,1.449E+00,-7.649E-03,3.508E+00,3.332E+00,1.801E-01,1.923E+00
21,0.000E+00,1.841E-02,2.181E-04,0.000E+00,0.000E+00,1.627E+00,1.761E+00,-6.566E-02,1.609E+00,1.682E+00,1.698E+00,-5.046E-03,2.545E+00,2.467E+00,7.971E-02,3.243E+00,1.473E+00,-2.805E-02,2.014E+00,3.042E+00,1.454E+00,-7.414E-03,3.469E+00,3.300E+00,1.777E-01,1.946E+00
22,0.000E+00,1.875E-02,2.252E-04,0.000E+00,0.000E+00,1.657E+00,1.767E+00,-8.138E-02,1.683E+00,1.665E+00,1.689E+00,-4.819E-03,2.538E+00,2.464E+00,7.984E-02,3.239E+00,1.475E+00,-2.428E-02,1.966E+00,3.070E+00,1.459E+00,-7.179E-03,3.430E+00,3.269E+00,1.752E-01,1.970E+00
23,0.000E+00,1.910E-02,2.323E-04,0.000E+00,0.000E+00,1.687E+00,1.772E+00,-9.711E-02,1.757E+00,1.647E+00,1.679E+00,-4.593E-03,2.531E+00,2.461E+00,7.997E-02,3.235E+00,1.476E+00,-2.051E-02,1.918E+00,3.098E+00,1.464E+00,-6.944E-03,3.391E+00,3.237E+00,1.728E-01,1.994E+00
24,0.000E+00,1.927E-02,2.359E-04,0.000E+00,0.000E+00,1.702E+00,1.775E+00,-1.050E-01,1.794E+00,1.638E+00,1.675E+00,-4.480E-03,2.528E+00,2.459E+00,8.003E-02,3.233E+00,1.477E+00,-1.863E-02,1.894E+00,3.112E+00,1.467E+00,-6.827E-03,3.372E+00,3.221E+00,1.716E-01,2.005E+00
25,0.000E+00,1.944E-02,2.395E-04,0.000E+00,0.000E+00,1.717E+00,1.778E+00,-1.128E-01,1.831E+00,1.629E+00,1.670E+00,-4.367E-03,2.525E+00,2.457E+00,8.010E-02,3.232E+00,1.478E+00,-1.675E-02,1.870E+00,3.126E+00,1.469E+00,-6.710E-03,3.352E+00,3.205E+00,1.704E-01,2.017E+00
26,0.000E+00,1.978E-02,2.466E-04,0.000E+00,0.000E+00,1.747E+00,1.784E+00,-1.286E-01,1.905E+00,1.612E+00,1.661E+00,-4.141E-03,2.518E+00,2.454E+00,8.023E-02,3.228E+00,1.480E+00,-1.298E-02,1.822E+00,3.154E+00,1.474E+00,-6.475E-03,3.313E+00,3.173E+00,1.680E-01,2.041E+00
27,0.000E+00,2.012E-02,2.537E-04,0.000E+00,0.000E+00,1.777E+00,1.790E+00,-1.443E-01,1.979E+00,1.594E+00,1.651E+00,-3.914E-03,2.511E+00,2.451E+00,8.036E-02,3.224E+00,1.482E+00,-9.213E-03,1.775E+00,3.183E+00,1.480E+00,-6.240E-03,3.274E+00,3.142E+00,1.656E-01,2.065E+00
28,0.000E+00,2.046E-02,2.608E-04,0.000E+00,0.000E+00,1.807E+00,1.796E+00,-1.600E-01,2.053E+00,1.577E+00,1.642E+00,-3.688E-03,2.504E+00,2.447E+00,8.049E-02,3.220E+00,1.484E+00,-5.446E-03,1.727E+00,3.211E+00,1.485E+00,-6.005E-03,3.235E+00,3.110E+00,1.632E-01,2.088E+00
29,0.000E+00,2.063E-02,2.644E-04,0.000E+00,0.000E+00,1.822E+00,1.799E+00,-1.679E-01,2.090E+00,1.568E+00,1.637E+00,-3.575E-03,2.500E+00,2.446E+00,8.055E-02,3.218E+00,1.485E+00,-3.563E-03,1.703E+00,3.225E+00,1.487E+00,-5.888E-03,3.215E+00,3.094E+00,1.620E-01,2.100E+00
30,0.000E+00,2.080E-02,2.680E-04,0.000E+00,0.000E+00,1.837E+00,1.802E+00,-1.757E-01,2.127E+00,1.559E+00,1.632E+00,-3.462E-03,2.497E+00,2.444E+00,8.062E-02,3.216E+00,1.486E+00,-1.679E-03,1.679E+00,3.239E+00,1.490E+00,-5.771E-03,3.196E+00,3.078E+00,1.608E-01,2.112E+00
31,0.000E+00,2.192E-02,2.919E-04,0.000E+00,0.000E+00,1.934E+00,1.804E+00,-2.061E-01,2.361E+00,1.553E+00,1.611E+00,-3.505E-03,2.496E+00,2.443E+00,8.027E-02,3.227E+00,1.492E+00,-2.938E-02,1.980E+00,3.103E+00,1.473E+00,-6.011E-03,3.230E+00,3.105E+00,1.608E-01,2.112E+00
32,0.000E+00,2.248E-02,3.039E-04,0.000E+00,0.000E+00,1.982E+00,1.806E+00,-2.213E-01,2.479E+00,1.551E+00,1.601E+00,-3.526E-03,2.496E+00,2.443E+00,8.010E-02,3.232E+00,1.495E+00,-4.323E-02,2.130E+00,3.036E+00,1.464E+00,-6.131E-03,3.247E+00,3.118E+00,1.608E-01,2.112E+00
33,0.000E+00,2.304E-02,3.158E-04,0.000E+00,0.000E+00,2.030E+00,1.807E+00,-2.365E-01,2.596E+00,1.548E+00,1.590E+00,-3.548E-03,2.496E+00,2.442E+00,7.992E-02,3.237E+00,1.499E+00,-5.708E-02,2.281E+00,2.968E+00,1.456E+00,-6.251E-03,3.264E+00,3.131E+00,1.608E-01,2.112E+00
34,0.000E+00,2.360E-02,3.278E-04,0.000E+00,0.000E+00,2.079E+00,1.808E+00,-2.517E-01,2.713E+00,1.545E+00,1.580E+00,-3.570E-03,2.496E+00,2.442E+00,7.975E-02,3.242E+00,1.502E+00,-7.093E-02,2.431E+00,2.900E+00,1.447E+00,-6.371E-03,3.281E+00,3.145E+00,1.608E-01,2.112E+00
35,0.000E+00,2.416E-02,3.397E-04,0.000E+00,0.000E+00,2.127E+00,1.810E+00,-2.669E-01,2.830E+00,1.543E+00,1.569E+00,-3.591E-03,2.496E+00,2.441E+00,7.958E-02,3.247E+00,1.505E+00,-8.478E-02,2.582E+00,2.832E+00,1.439E+00,-6.491E-03,3.298E+00,3.158E+00,1.608E-01,2.112E+00
36,0.000E+00,2.472E-02,3.517E-04,0.000E+00,0.000E+00,2.175E+00,1.811E+00,-2.822E-01,2.948E+00,1.540E+00,1.558E+00,-3.613E-03,2.496E+00,2.441E+00,7.940E-02,3.253E+00,1.508E+00,-9.863E-02,2.732E+00,2.764E+00,1.430E+00,-6.611E-03,3.315E+00,3.171E+00,1.608E-01,2.112E+00
37,0.000E+00,2.527E-02,3.637E-04,0.000E+00,0.000E+00,2.223E+00,1.812E+00,-2.974E-01,3.065E+00,1.537E+00,1.548E+00,-3.634E-03,2.495E+00,2.440E+00,7.923E-02,3.258E+00,1.511E+00,-1.125E-01,2.883E+00,2.697E+00,1.421E+00,-6.731E-03,3.332E+00,3.184E+00,1.608E-01,2.112E+00
38,0.000E+00,2.583E-02,3.756E-04,0.000E+00,0.000E+00,2.271E+00,1.814E+00,-3.126E-01,3.182E+00,1.534E+00,1.537E+00,-3.656E-03,2.495E+00,2.440E+00,7.905E-02,3.263E+00,1.514E+00,-1.263E-01,3.033E+00,2.629E+00,1.413E+00,-6.851E-03,3.349E+00,3.198E+00,1.608E-01,2.111E+00
39,0.000E+00,2.639E-02,3.876E-04,0.000E+00,0.000E+00,2.320E+00,1.815E+00,-3.278E-01,3.299E+00,1.532E+00,1.527E+00,-3.677E-03,2.495E+00,2.439E+00,7.888E-02,3.268E+00,1.517E+00,-1.402E-01,3.184E+00,2.561E+00,1.404E+00,-6.972E-03,3.366E+00,3.211E+00,1.608E-01,2.111E+00
40,0.000E+00,2.695E-02,3.996E-04,0.000E+00,0.000E+00,2.368E+00,1.816E+00,-3.430E-01,3.416E+00,1.529E+00,1.516E+00,-3.699E-03,2.495E+00,2.439E+00,7.870E-02,3.273E+00,1.520E+00,-1.540E-01,3.334E+00,2.493E+00,1.396E+00,-7.092E-03,3.383E+00,3.224E+00,1.608E-01,2.111E+00
41,0.000E+00,2.751E-02,4.115E-04,0.000E+00,0.000E+00,2.416E+00,1.818E+00,-3.582E-01,3.534E+00,1.526E+00,1.506E+00,-3.720E-03,2.495E+00,2.439E+00,7.853E-02,3.278E+00,1.524E+00,-1.679E-01,3.484E+00,2.426E+00,1.387E+00,-7.212E-03,3.400E+00,3.238E+00,1.609E-01,2.111E+00
42,0.000E+00,2.807E-02,4.235E-04,0.000E+00,0.000E+00,2.464E+00,1.819E+00,-3.734E-01,3.651E+00,1.523E+00,1.495E+00,-3.742E-03,2.495E+00,2.438E+00,7.836E-02,3.284E+00,1.527E+00,-1.817E-01,3.635E+00,2.358E+00,1.379E+00,-7.332E-03,3.417E+00,3.251E+00,1.609E-01,2.111E+00
43,0.000E+00,2.863E-02,4.354E-04,0.000E+00,0.000E+00,2.513E+00,1.820E+00,-3.886E-01,3.768E+00,1.521E+00,1.484E+00,-3.763E-03,2.495E+00,2.438E+00,7.818E-02,3.289E+00,1.530E+00,-1.956E-01,3.785E+00,2.290E+00,1.370E+00,-7.452E-03,3.434E+00,3.264E+00,1.609E-01,2.111E+00
44,0.000E+00,2.919E-02,4.474E-04,0.000E+00,0.000E+00,2.561E+00,1.822E+00,-4.038E-01,3.885E+00,1.518E+00,1.474E+00,-3.785E-03,2.494E+00,2.437E+00,7.801E-02,3.294E+00,1.533E+00,-2.094E-01,3.936E+00,2.222E+00,1.362E+00,-7.572E-03,3.451E+00,3.278E+00,1.609E-01,2.111E+00
45,0.000E+00,2.975E-02,4.594E-04,0.000E+00,0.000E+00,2.609E+00,1.823E+00,-4.190E-01,4.003E+00,1.515E+00,1.463E+00,-3.807E-03,2.494E+00,2.437E+00,7.783E-02,3.299E+00,1.536E+00,-2.233E-01,4.086E+00,2.154E+00,1.353E+00,-7.692E-03,3.468E+00,3.291E+00,1.609E-01,2.111E+00
46,0.000E+00,3.111E-02,4.840E-04,0.000E+00,0.000E+00,2.732E+00,1.822E+00,-4.547E-01,4.456E+00,1.512E+00,1.439E+00,-4.165E-03,2.526E+00,2.462E+00,7.675E-02,3.333E+00,1.501E+00,-2.191E-01,3.979E+00,2.441E+00,1.326E+00,-8.275E-03,3.578E+00,3.380E+00,1.609E-01,2.111E+00
47,0.000E+00,3.179E-02,4.963E-04,0.000E+00,0.000E+00,2.794E+00,1.822E+00,-4.725E-01,4.683E+00,1.511E+00,1.426E+00,-4.344E-03,2.541E+00,2.474E+00,7.621E-02,3.350E+00,1.483E+00,-2.170E-01,3.925E+00,2.584E+00,1.312E+00,-8.567E-03,3.632E+00,3.424E+00,1.609E-01,2.111E+00
48,0.000E+00,3.247E-02,5.086E-04,0.000E+00,0.000E+00,2.856E+00,1.822E+00,-4.904E-01,4.910E+00,1.509E+00,1.414E+00,-4.524E-03,2.557E+00,2.486E+00,7.567E-02,3.367E+00,1.466E+00,-2.149E-01,3.872E+00,2.728E+00,1.298E+00,-8.858E-03,3.687E+00,3.469E+00,1.609E-01,2.111E+00
49,0.000E+00,3.387E-02,5.473E-04,0.000E+00,0.000E+00,2.977E+00,1.802E+00,-5.242E-01,5.592E+00,1.555E+00,1.377E+00,-5.003E-03,2.553E+00,2.476E+00,7.482E-02,3.395E+00,1.457E+00,-1.848E-01,3.486E+00,2.886E+00,1.311E+00,-6.996E-03,3.572E+00,3.405E+00,1.592E-01,2.130E+00
50,0.000E+00,3.457E-02,5.666E-04,0.000E+00,0.000E+00,3.038E+00,1.793E+00,-5.411E-01,5.932E+00,1.578E+00,1.358E+00,-5.242E-03,2.552E+00,2.471E+00,7.440E-02,3.408E+00,1.453E+00,-1.697E-01,3.293E+00,2.965E+00,1.318E+00,-6.065E-03,3.515E+00,3.373E+00,1.583E-01,2.140E+00
51,0.000E+00,3.527E-02,5.859E-04,0.000E+00,0.000E+00,3.099E+00,1.783E+00,-5.579E-01,6.273E+00,1.600E+00,1.339E+00,-5.481E-03,2.550E+00,2.465E+00,7.398E-02,3.422E+00,1.449E+00,-1.546E-01,3.100E+00,3.045E+00,1.324E+00,-5.134E-03,3.457E+00,3.341E+00,1.574E-01,2.150E+00
52,0.000E+00,3.724E-02,6.410E-04,0.000E+00,0.000E+00,3.272E+00,1.755E+00,-5.783E-01,6.973E+00,1.669E+00,1.305E+00,-5.137E-03,2.546E+00,2.467E+00,7.414E-02,3.417E+00,1.513E+00,-1.865E-01,3.158E+00,2.681E+00,1.358E+00,-4.769E-03,3.302E+00,3.199E+00,1.661E-01,2.060E+00
53,0.000E+00,3.822E-02,6.686E-04,0.000E+00,0.000E+00,3.359E+00,1.742E+00,-5.884E-01,7.324E+00,1.703E+00,1.288E+00,-4.965E-03,2.544E+00,2.467E+00,7.422E-02,3.414E+00,1.545E+00,-2.024E-01,3.187E+00,2.500E+00,1.375E+00,-4.586E-03,3.225E+00,3.128E+00,1.705E-01,2.015E+00
54,0.000E+00,3.920E-02,6.961E-04,0.000E+00,0.000E+00,3.446E+00,1.728E+00,-5.986E-01,7.674E+00,1.738E+00,1.270E+00,-4.793E-03,2.542E+00,2.468E+00,7.430E-02,3.412E+00,1.577E+00,-2.184E-01,3.216E+00,2.318E+00,1.392E+00,-4.403E-03,3.147E+00,3.057E+00,1.749E-01,1.970E+00
55,0.000E+00,4.142E-02,7.359E-04,0.000E+00,0.000E+00,3.642E+00,1.715E+00,-6.223E-01,8.459E+00,1.766E+00,1.247E+00,-5.046E-03,2.545E+00,2.467E+00,7.382E-02,3.427E+00,1.594E+00,-1.843E-01,2.843E+00,2.281E+00,1.435E+00,-4.685E-03,3.149E+00,3.054E+00,1.725E-01,1.993E+00
56,0.000E+00,4.254E-02,7.559E-04,0.000E+00,0.000E+00,3.740E+00,1.709E+00,-6.341E-01,8.852E+00,1.781E+00,1.235E+00,-5.172E-03,2.547E+00,2.467E+00,7.358E-02,3.435E+00,1.602E+00,-1.673E-01,2.656E+00,2.262E+00,1.457E+00,-4.825E-03,3.150E+00,3.052E+00,1.713E-01,2.005E+00
57,0.000E+00,4.365E-02,7.758E-04,0.000E+00,0.000E+00,3.838E+00,1.702E+00,-6.460E-01,9.244E+00,1.795E+00,1.224E+00,-5.298E-03,2.549E+00,2.467E+00,7.335E-02,3.443E+00,1.611E+00,-1.503E-01,2.469E+00,2.244E+00,1.478E+00,-4.966E-03,3.151E+00,3.051E+00,1.701E-01,2.016E+00
58,0.000E+00,4.613E-02,8.707E-04,3.906E-07,0.000E+00,4.057E+00,1.679E+00,-6.583E-01,9.705E+00,1.884E+00,1.200E+00,-5.423E-03,2.552E+00,2.468E+00,7.263E-02,3.468E+00,1.571E+00,-1.343E-01,2.221E+00,2.789E+00,1.455E+00,-4.733E-03,3.107E+00,3.013E+00,1.588E-01,2.141E+00
59,0.000E+00,4.737E-02,9.182E-04,5.859E-07,0.000E+00,4.166E+00,1.668E+00,-6.645E-01,9.935E+00,1.929E+00,1.189E+00,-5.486E-03,2.554E+00,2.469E+00,7.227E-02,3.480E+00,1.551E+00,-1.262E-01,2.097E+00,3.062E+00,1.443E+00,-4.617E-03,3.085E+00,2.995E+00,1.532E-01,2.203E+00
60,0.000E+00,4.861E-02,9.656E-04,7.812E-07,0.000E+00,4.276E+00,1.656E+00,-6.707E-01,1.017E+01,1.973E+00,1.177E+00,-5.548E-03,2.556E+00,2.470E+00,7.191E-02,3.492E+00,1.530E+00,-1.182E-01,1.972E+00,3.335E+00,1.431E+00,-4.501E-03,3.063E+00,2.976E+00,1.476E-01,2.266E+00
61,0.000E+00,5.193E-02,1.057E-03,3.906E-07,0.000E+00,4.566E+00,1.635E+00,-6.703E-01,9.890E+00,2.101E+00,1.164E+00,-5.764E-03,2.580E+00,2.490E+00,7.107E-02,3.522E+00,1.518E+00,-1.532E-01,2.251E+00,3.352E+00,1.393E+00,-4.944E-03,3.222E+00,3.119E+00,1.509E-01,2.226E+00
62,0.000E+00,5.359E-02,1.103E-03,1.953E-07,0.000E+00,4.711E+00,1.625E+00,-6.700E-01,9.752E+00,2.165E+00,1.158E+00,-5.873E-03,2.592E+00,2.499E+00,7.065E-02,3.537E+00,1.512E+00,-1.708E-01,2.390E+00,3.360E+00,1.374E+00,-5.165E-03,3.302E+00,3.190E+00,1.526E-01,2.206E+00
63,0.000E+00,5.525E-02,1.149E-03,0.000E+00,0.000E+00,4.856E+00,1.615E+00,-6.698E-01,9.614E+00,2.229E+00,1.151E+00,-5.981E-03,2.604E+00,2.509E+00,7.022E-02,3.552E+00,1.505E+00,-1.883E-01,2.530E+00,3.369E+00,1.355E+00,-5.386E-03,3.382E+00,3.262E+00,1.542E-01,2.186E+00
64,0.000E+00,5.888E-02,1.273E-03,0.000E+00,0.000E+00,5.176E+00,1.608E+00,-6.726E-01,9.179E+00,2.325E+00,1.148E+00,-5.950E-03,2.608E+00,2.513E+00,6.816E-02,3.630E+00,1.504E+00,-2.805E-01,3.952E+00,3.002E+00,1.289E+00,-5.302E-03,3.324E+00,3.209E+00,1.481E-01,2.262E+00
65,0.000E+00,6.070E-02,1.334E-03,0.000E+00,0.000E+00,5.336E+00,1.605E+00,-6.740E-01,8.962E+00,2.372E+00,1.146E+00,-5.934E-03,2.610E+00,2.515E+00,6.713E-02,3.669E+00,1.504E+00,-3.266E-01,4.664E+00,2.819E+00,1.256E+00,-5.259E-03,3.295E+00,3.182E+00,1.451E-01,2.301E+00
66,0.000E+00,6.251E-02,1.396E-03,0.000E+00,0.000E+00,5.497E+00,1.602E+00,-6.754E-01,8.744E+00,2.420E+00,1.145E+00,-5.918E-03,2.612E+00,2.517E+00,6.609E-02,3.708E+00,1.503E+00,-3.727E-01,5.375E+00,2.636E+00,1.224E+00,-5.217E-03,3.266E+00,3.156E+00,1.420E-01,2.339E+00
67,0.000E+00,6.692E-02,1.489E-03,0.000E+00,0.000E+00,5.883E+00,1.581E+00,-6.941E-01,9.240E+00,2.537E+00,1.121E+00,-6.174E-03,2.600E+00,2.502E+00,6.438E-02,3.779E+00,1.495E+00,-3.577E-01,5.206E+00,2.680E+00,1.227E+00,-5.257E-03,3.303E+00,3.191E+00,1.406E-01,2.359E+00
68,0.000E+00,6.912E-02,1.535E-03,0.000E+00,0.000E+00,6.077E+00,1.570E+00,-7.034E-01,9.488E+00,2.596E+00,1.109E+00,-6.301E-03,2.594E+00,2.495E+00,6.353E-02,3.814E+00,1.492E+00,-3.501E-01,5.121E+00,2.702E+00,1.228E+00,-5.277E-03,3.321E+00,3.208E+00,1.398E-01,2.369E+00
69,0.000E+00,7.132E-02,1.581E-03,0.000E+00,0.000E+00,6.270E+00,1.560E+00,-7.128E-01,9.736E+00,2.654E+00,1.097E+00,-6.429E-03,2.588E+00,2.487E+00,6.267E-02,3.850E+00,1.488E+00,-3.426E-01,5.037E+00,2.724E+00,1.230E+00,-5.297E-03,3.340E+00,3.225E+00,1.391E-01,2.379E+00
70,0.000E+00,7.617E-02,1.757E-03,0.000E+00,0.000E+00,6.696E+00,1.515E+00,-7.777E-01,1.517E+01,2.701E+00,1.032E+00,-5.260E-03,2.566E+00,2.484E+00,6.047E-02,3.950E+00,1.476E+00,-4.058E-01,6.992E+00,2.597E+00,1.180E+00,-3.551E-03,3.171E+00,3.096E+00,1.344E-01,2.448E+00
71,0.000E+00,7.859E-02,1.846E-03,0.000E+00,0.000E+00,6.909E+00,1.493E+00,-8.102E-01,1.789E+01,2.725E+00,9.994E-01,-4.675E-03,2.555E+00,2.482E+00,5.936E-02,4.001E+00,1.470E+00,-4.375E-01,7.970E+00,2.534E+00,1.156E+00,-2.677E-03,3.086E+00,3.031E+00,1.321E-01,2.483E+00
72,0.000E+00,8.101E-02,1.934E-03,0.000E+00,0.000E+00,7.122E+00,1.471E+00,-8.427E-01,2.061E+01,2.748E+00,9.668E-01,-4.090E-03,2.544E+00,2.481E+00,5.826E-02,4.051E+00,1.464E+00,-4.691E-01,8.948E+00,2.471E+00,1.131E+00,-1.804E-03,3.002E+00,2.967E+00,1.297E-01,2.518E+00
73,0.000E+00,8.435E-02,2.068E-03,0.000E+00,0.000E+00,7.418E+00,1.439E+00,-8.766E-01,2.790E+01,2.789E+00,9.308E-01,-3.773E-03,2.544E+00,2.485E+00,5.682E-02,4.123E+00,1.425E+00,-4.545E-01,8.696E+00,2.743E+00,1.109E+00,-3.064E-03,2.991E+00,2.933E+00,1.333E-01,2.464E+00
74,0.000E+00,8.768E-02,2.202E-03,0.000E+00,0.000E+00,7.713E+00,1.407E+00,-9.105E-01,3.519E+01,2.831E+00,8.948E-01,-3.455E-03,2.543E+00,2.490E+00,5.538E-02,4.196E+00,1.385E+00,-4.399E-01,8.445E+00,3.015E+00,1.087E+00,-4.324E-03,2.981E+00,2.899E+00,1.369E-01,2.410E+00
75,0.000E+00,9.132E-02,2.307E-03,0.000E+00,0.000E+00,8.030E+00,1.357E+00,-9.082E-01,3.666E+01,3.136E+00,8.631E-01,-2.720E-03,2.521E+00,2.479E+00,5.428E-02,4.255E+00,1.407E+00,-4.995E-01,1.145E+01,2.711E+00,1.072E+00,-4.598E-03,2.983E+00,2.896E+00,1.285E-01,2.544E+00
76,0.000E+00,9.496E-02,2.413E-03,0.000E+00,0.000E+00,8.346E+00,1.307E+00,-9.060E-01,3.814E+01,3.442E+00,8.315E-01,-1.985E-03,2.499E+00,2.469E+00,5.318E-02,4.314E+00,1.428E+00,-5.591E-01,1.446E+01,2.407E+00,1.057E+00,-4.871E-03,2.986E+00,2.893E+00,1.201E-01,2.679E+00
77,0.000E+00,9.766E-02,2.495E-03,0.000E+00,0.000E+00,8.584E+00,1.262E+00,-8.961E-01,3.729E+01,3.842E+00,8.055E-01,1.510E-04,2.465E+00,2.467E+00,5.133E-02,4.423E+00,1.431E+00,-5.671E-01,1.446E+01,2.423E+00,1.055E+00,-3.957E-03,2.880E+00,2.807E+00,1.268E-01,2.569E+00
78,0.000E+00,1.004E-01,2.578E-03,0.000E+00,0.000E+00,8.822E+00,1.218E+00,-8.862E-01,3.644E+01,4.242E+00,7.796E-01,2.287E-03,2.430E+00,2.465E+00,4.949E-02,4.531E+00,1.433E+00,-5.751E-01,1.447E+01,2.440E+00,1.052E+00,-3.042E-03,2.775E+00,2.722E+00,1.335E-01,2.459E+00
79,0.000E+00,1.016E-01,2.499E-03,0.000E+00,3.906E-07,8.930E+00,1.159E+00,-8.793E-01,3.610E+01,5.007E+00,7.429E-01,5.785E-03,2.340E+00,2.423E+00,4.765E-02,4.652E+00,1.333E+00,-5.818E-01,1.848E+01,2.901E+00,9.750E-01,-2.834E-03,2.818E+00,2.768E+00,1.254E-01,2.596E+00
80,0.000E+00,1.028E-01,2.420E-03,0.000E+00,7.812E-07,9.037E+00,1.099E+00,-8.723E-01,3.575E+01,5.771E+00,7.061E-01,9.283E-03,2.249E+00,2.380E+00,4.580E-02,4.774E+00,1.232E+00,-5.885E-01,2.248E+01,3.363E+00,8.980E-01,-2.627E-03,2.861E+00,2.814E+00,1.172E-01,2.733E+00
81,0.000E+00,1.003E-01,2.201E-03,0.000E+00,3.906E-07,8.819E+00,1.026E+00,-8.565E-01,3.411E+01,7.438E+00,6.632E-01,1.385E-02,2.172E+00,2.362E+00,4.324E-02,4.969E+00,1.242E+00,-5.804E-01,1.997E+01,3.450E+00,9.063E-01,4.937E-03,2.733E+00,2.819E+00,1.282E-01,2.555E+00
82,0.000E+00,9.786E-02,1.982E-03,0.000E+00,0.000E+00,8.601E+00,9.538E-01,-8.406E-01,3.246E+01,9.104E+00,6.203E-01,1.841E-02,2.095E+00,2.343E+00,4.068E-02,5.164E+00,1.251E+00,-5.723E-01,1.745E+01,3.538E+00,9.146E-01,1.250E-02,2.605E+00,2.824E+00,1.393E-01,2.376E+00
83,0.000E+00,8.564E-02,1.501E-03,0.000E+00,0.000E+00,7.527E+00,8.765E-01,-8.137E-01,2.898E+01,1.375E+01,5.761E-01,4.973E-02,1.774E+00,2.368E+00,3.726E-02,5.492E+00,1.221E+00,-5.652E-01,1.707E+01,3.862E+00,8.965E-01,9.486E-03,2.552E+00,2.712E+00,1.260E-01,2.598E+00
84,0.000E+00,7.342E-02,1.020E-03,0.000E+00,0.000E+00,6.453E+00,7.992E-01,-7.867E-01,2.549E+01,1.840E+01,5.319E-01,8.105E-02,1.452E+00,2.394E+00,3.384E-02,5.819E+00,1.192E+00,-5.580E-01,1.668E+01,4.186E+00,8.785E-01,6.471E-03,2.498E+00,2.601E+00,1.128E-01,2.819E+00
85,0.000E+00,4.753E-02,5.684E-04,0.000E+00,0.000E+00,4.179E+00,7.650E-01,-7.612E-01,2.091E+01,2.912E+01,5.207E-01,9.002E-02,1.326E+00,2.289E+00,2.821E-02,6.642E+00,1.262E+00,-5.535E-01,1.327E+01,4.001E+00,9.364E-01,8.499E-05,2.472E+00,2.478E+00,1.104E-01,2.868E+00
86,0.000E+00,2.165E-02,1.164E-04,0.000E+00,0.000E+00,1.906E+00,7.309E-01,-7.357E-01,1.633E+01,3.984E+01,5.095E-01,9.900E-02,1.200E+00,2.183E+00,2.258E-02,7.465E+00,1.331E+00,-5.490E-01,9.864E+00,3.816E+00,9.944E-01,-6.301E-03,2.446E+00,2.355E+00,1.080E-01,2.917E+00
87,0.000E+00,1.090E-02,5.820E-05,0.000E+00,0.000E+00,9.874E-01,3.654E-01,-3.678E-01,8.166E+00,1.992E+01,2.548E-01,4.950E-02,6.002E-01,1.092E+00,1.129E-02,3.732E+00,6.657E-01,-2.745E-01,4.932E+00,1.908E+00,4.972E-01,-3.151E-03,1.223E+00,1.178E+00,5.401E-02,1.459E+00
88,0.000E+00,1.586E-04,0.000E+00,0.000E+00,0.000E+00,6.921E-02,0.000E+00,0.000E+00,0.000E+00,0.000E+00,0.000E+00,0.000E+00,0.000E+00,0.000E+00,0.000E+00,0.000E+00,0.000E+00,0.000E+00,0.000E+00,0.000E+00,0.000E+00,0.000E+00,0.000E+00,0.000E+00,0.000E+00,0.000E+00
89,0.000E+00,2.344E-06,0.000E+00,1.562E-06,3.125E-06,1.912E-02,0.000E+00,0.000E+00,0.000E+00,0.000E+00,0.000E+00,0.000E+00,0.000E+00,0.000E+00,0.000E+00,0.000E+00,0.000E+00,0.000E+00,0.000E+00,0.000E+00,0.000E+00,0.000E+00,0.000E+00,0.000E+00,0.000E+00,0.000E+00
