alpha,He,Fe,S,Fe_1,S_1,amu/ion,phiK_Fe,phiTilt_Fe,phiM_Fe,phiN_Fe,thetaK_Fe,thetaTilt_Fe,thetaM_Fe,thetaN_Fe,energyK_Fe,energyE_Fe,phiK_S,phiTilt_S,phiM_S,phiN_S,thetaK_S,thetaTilt_S,thetaM_S,thetaN_S,energyK_S,energyE_S
0,0.000E+00,1.352E-01,5.137E-03,0.000E+00,0.000E+00,1.189E+01,1.817E+00,-1.095E-02,1.436E+00,1.310E+00,1.808E+00,-3.411E-03,2.406E+00,2.357E+00,1.249E-01,3.406E+00,1.494E+00,4.970E-02,1.840E+00,2.866E+00,1.490E+00,1.621E-04,2.946E+00,2.949E+00,2.035E-01,2.219E+00
1,0.000E+00,1.357E-01,5.157E-03,0.000E+00,0.000E+00,1.193E+01,1.816E+00,-2.200E-02,1.481E+00,1.324E+00,1.795E+00,-3.187E-03,2.400E+00,2.354E+00,1.249E-01,3.406E+00,1.490E+00,4.377E-02,1.881E+00,2.835E+00,1.488E+00,-5.992E-04,3.029E+00,3.014E+00,2.021E-01,2.233E+00
2,0.000E+00,1.362E-01,5.177E-03,0.000E+00,0.000E+00,1.197E+01,1.815E+00,-3.304E-02,1.527E+00,1.339E+00,1.783E+00,-2.963E-03,2.394E+00,2.351E+00,1.250E-01,3.405E+00,1.486E+00,3.784E-02,1.922E+00,2.804E+00,1.486E+00,-1.360E-03,3.112E+00,3.079E+00,2.008E-01,2.247E+00
3,0.000E+00,1.367E-01,5.198E-03,0.000E+00,0.000E+00,1.202E+01,1.814E+00,-4.408E-02,1.573E+00,1.354E+00,1.771E+00,-2.739E-03,2.388E+00,2.348E+00,1.250E-01,3.404E+00,1.482E+00,3.191E-02,1.964E+00,2.772E+00,1.484E+00,-2.122E-03,3.196E+00,3.144E+00,1.995E-01,2.262E+00
4,0.000E+00,1.370E-01,5.208E-03,0.000E+00,0.000E+00,1.204E+01,1.814E+00,-4.961E-02,1.595E+00,1.361E+00,1.764E+00,-2.627E-03,2.385E+00,2.347E+00,1.250E-01,3.404E+00,1.480E+00,2.894E-02,1.984E+00,2.756E+00,1.482E+00,-2.502E-03,3.237E+00,3.176E+00,1.989E-01,2.269E+00
5,0.000E+00,1.372E-01,5.218E-03,0.000E+00,0.000E+00,1.206E+01,1.813E+00,-5.513E-02,1.618E+00,1.369E+00,1.758E+00,-2.515E-03,2.382E+00,2.345E+00,1.250E-01,3.403E+00,1.478E+00,2.597E-02,2.005E+00,2.741E+00,1.481E+00,-2.883E-03,3.279E+00,3.209E+00,1.982E-01,2.276E+00
6,0.000E+00,1.377E-01,5.238E-03,0.000E+00,0.000E+00,1.210E+01,1.813E+00,-6.617E-02,1.664E+00,1.384E+00,1.746E+00,-2.291E-03,2.376E+00,2.343E+00,1.251E-01,3.403E+00,1.475E+00,2.004E-02,2.046E+00,2.709E+00,1.479E+00,-3.644E-03,3.362E+00,3.274E+00,1.969E-01,2.290E+00
7,0.000E+00,1.382E-01,5.259E-03,0.000E+00,0.000E+00,1.215E+01,1.812E+00,-7.722E-02,1.709E+00,1.398E+00,1.733E+00,-2.067E-03,2.369E+00,2.340E+00,1.251E-01,3.402E+00,1.472E+00,1.411E-02,2.087E+00,2.678E+00,1.477E+00,-4.406E-03,3.445E+00,3.339E+00,1.956E-01,2.305E+00
8,0.000E+00,1.387E-01,5.279E-03,0.000E+00,0.000E+00,1.219E+01,1.812E+00,-8.826E-02,1.755E+00,1.413E+00,1.721E+00,-1.843E-03,2.363E+00,2.337E+00,1.251E-01,3.401E+00,1.469E+00,8.179E-03,2.128E+00,2.647E+00,1.474E+00,-5.167E-03,3.528E+00,3.404E+00,1.943E-01,2.319E+00
9,0.000E+00,1.390E-01,5.289E-03,0.000E+00,0.000E+00,1.221E+01,1.812E+00,-9.378E-02,1.778E+00,1.421E+00,1.715E+00,-1.731E-03,2.360E+00,2.335E+00,1.251E-01,3.401E+00,1.468E+00,5.213E-03,2.149E+00,2.631E+00,1.473E+00,-5.548E-03,3.570E+00,3.436E+00,1.936E-01,2.326E+00
10,0.000E+00,1.392E-01,5.299E-03,0.000E+00,0.000E+00,1.223E+01,1.811E+00,-9.930E-02,1.800E+00,1.428E+00,1.709E+00,-1.619E-03,2.357E+00,2.334E+00,1.252E-01,3.400E+00,1.467E+00,2.247E-03,2.170E+00,2.615E+00,1.472E+00,-5.928E-03,3.612E+00,3.469E+00,1.929E-01,2.333E+00
11,0.000E+00,1.412E-01,5.420E-03,0.000E+00,1.953E-07,1.241E+01,1.807E+00,-1.131E-01,1.902E+00,1.430E+00,1.694E+00,-1.705E-03,2.362E+00,2.337E+00,1.250E-01,3.405E+00,1.467E+00,6.199E-03,2.129E+00,2.667E+00,1.473E+00,-6.161E-03,3.593E+00,3.446E+00,1.912E-01,2.354E+00
12,0.000E+00,1.432E-01,5.542E-03,0.000E+00,3.906E-07,1.259E+01,1.804E+00,-1.268E-01,2.003E+00,1.431E+00,1.680E+00,-1.791E-03,2.366E+00,2.341E+00,1.248E-01,3.410E+00,1.467E+00,1.015E-02,2.089E+00,2.719E+00,1.474E+00,-6.393E-03,3.574E+00,3.423E+00,1.895E-01,2.375E+00
13,0.000E+00,1.452E-01,5.663E-03,0.000E+00,5.859E-07,1.276E+01,1.802E+00,-1.406E-01,2.105E+00,1.432E+00,1.666E+00,-1.876E-03,2.371E+00,2.344E+00,1.246E-01,3.415E+00,1.468E+00,1.410E-02,2.048E+00,2.771E+00,1.476E+00,-6.626E-03,3.555E+00,3.400E+00,1.878E-01,2.396E+00
14,0.000E+00,1.462E-01,5.723E-03,0.000E+00,6.836E-07,1.285E+01,1.800E+00,-1.474E-01,2.156E+00,1.433E+00,1.659E+00,-1.919E-03,2.373E+00,2.346E+00,1.245E-01,3.418E+00,1.469E+00,1.608E-02,2.028E+00,2.797E+00,1.476E+00,-6.742E-03,3.546E+00,3.389E+00,1.870E-01,2.407E+00
15,0.000E+00,1.472E-01,5.784E-03,0.000E+00,7.812E-07,1.294E+01,1.800E+00,-1.543E-01,2.207E+00,1.434E+00,1.652E+00,-1.962E-03,2.376E+00,2.347E+00,1.244E-01,3.420E+00,1.469E+00,1.806E-02,2.008E+00,2.823E+00,1.477E+00,-6.858E-03,3.537E+00,3.377E+00,1.861E-01,2.417E+00
16,0.000E+00,1.492E-01,5.905E-03,0.000E+00,9.766E-07,1.312E+01,1.798E+00,-1.681E-01,2.308E+00,1.435E+00,1.638E+00,-2.048E-03,2.380E+00,2.351E+00,1.242E-01,3.425E+00,1.471E+00,2.201E-02,1.967E+00,2.874E+00,1.478E+00,-7.090E-03,3.518E+00,3.354E+00,1.844E-01,2.438E+00
17,0.000E+00,1.513E-01,6.026E-03,0.000E+00,1.172E-06,1.329E+01,1.797E+00,-1.818E-01,2.410E+00,1.437E+00,1.624E+00,-2.134E-03,2.385E+00,2.354E+00,1.240E-01,3.430E+00,1.472E+00,2.596E-02,1.927E+00,2.926E+00,1.479E+00,-7.323E-03,3.499E+00,3.332E+00,1.827E-01,2.459E+00
18,0.000E+00,1.533E-01,6.148E-03,0.000E+00,1.367E-06,1.347E+01,1.797E+00,-1.956E-01,2.511E+00,1.438E+00,1.609E+00,-2.219E-03,2.389E+00,2.357E+00,1.238E-01,3.435E+00,1.474E+00,2.991E-02,1.886E+00,2.978E+00,1.480E+00,-7.555E-03,3.480E+00,3.309E+00,1.810E-01,2.480E+00
19,0.000E+00,1.543E-01,6.208E-03,0.000E+00,1.465E-06,1.356E+01,1.797E+00,-2.024E-01,2.562E+00,1.439E+00,1.602E+00,-2.262E-03,2.392E+00,2.359E+00,1.237E-01,3.437E+00,1.476E+00,3.189E-02,1.866E+00,3.004E+00,1.481E+00,-7.671E-03,3.471E+00,3.297E+00,1.802E-01,2.491E+00
20,0.000E+00,1.553E-01,6.269E-03,0.000E+00,1.562E-06,1.365E+01,1.797E+00,-2.093E-01,2.613E+00,1.440E+00,1.595E+00,-2.305E-03,2.394E+00,2.361E+00,1.236E-01,3.440E+00,1.477E+00,3.386E-02,1.845E+00,3.030E+00,1.481E+00,-7.788E-03,3.462E+00,3.286E+00,1.793E-01,2.501E+00
21,0.000E+00,1.586E-01,6.499E-03,0.000E+00,1.367E-06,1.394E+01,1.794E+00,-2.139E-01,2.648E+00,1.451E+00,1.589E+00,-2.101E-03,2.392E+00,2.361E+00,1.233E-01,3.448E+00,1.465E+00,2.585E-02,1.905E+00,3.047E+00,1.471E+00,-7.583E-03,3.468E+00,3.296E+00,1.805E-01,2.486E+00
22,0.000E+00,1.619E-01,6.729E-03,0.000E+00,1.172E-06,1.423E+01,1.791E+00,-2.184E-01,2.683E+00,1.463E+00,1.583E+00,-1.897E-03,2.390E+00,2.362E+00,1.230E-01,3.456E+00,1.453E+00,1.783E-02,1.965E+00,3.065E+00,1.460E+00,-7.379E-03,3.474E+00,3.307E+00,1.817E-01,2.471E+00
23,0.000E+00,1.652E-01,6.959E-03,0.000E+00,9.766E-07,1.453E+01,1.789E+00,-2.229E-01,2.718E+00,1.474E+00,1.576E+00,-1.693E-03,2.387E+00,2.363E+00,1.227E-01,3.464E+00,1.441E+00,9.809E-03,2.025E+00,3.082E+00,1.450E+00,-7.175E-03,3.481E+00,3.317E+00,1.829E-01,2.457E+00
24,0.000E+00,1.669E-01,7.074E-03,0.000E+00,8.789E-07,1.467E+01,1.787E+00,-2.252E-01,2.736E+00,1.480E+00,1.573E+00,-1.590E-03,2.386E+00,2.363E+00,1.225E-01,3.468E+00,1.436E+00,5.800E-03,2.055E+00,3.091E+00,1.444E+00,-7.073E-03,3.484E+00,3.323E+00,1.835E-01,2.449E+00
25,0.000E+00,1.686E-01,7.189E-03,0.000E+00,7.812E-07,1.482E+01,1.786E+00,-2.275E-01,2.754E+00,1.485E+00,1.570E+00,-1.488E-03,2.385E+00,2.364E+00,1.224E-01,3.473E+00,1.430E+00,1.791E-03,2.085E+00,3.099E+00,1.439E+00,-6.970E-03,3.487E+00,3.328E+00,1.841E-01,2.442E+00
26,0.000E+00,1.719E-01,7.419E-03,0.000E+00,5.859E-07,1.511E+01,1.783E+00,-2.320E-01,2.789E+00,1.497E+00,1.564E+00,-1.284E-03,2.383E+00,2.364E+00,1.220E-01,3.481E+00,1.426E+00,-6.228E-03,2.145E+00,3.117E+00,1.429E+00,-6.766E-03,3.493E+00,3.338E+00,1.852E-01,2.427E+00
27,0.000E+00,1.752E-01,7.649E-03,0.000E+00,3.906E-07,1.541E+01,1.781E+00,-2.365E-01,2.824E+00,1.508E+00,1.558E+00,-1.080E-03,2.381E+00,2.365E+00,1.217E-01,3.489E+00,1.423E+00,-1.425E-02,2.205E+00,3.134E+00,1.418E+00,-6.562E-03,3.500E+00,3.349E+00,1.864E-01,2.412E+00
28,0.000E+00,1.786E-01,7.879E-03,0.000E+00,1.953E-07,1.570E+01,1.778E+00,-2.411E-01,2.859E+00,1.519E+00,1.551E+00,-8.759E-04,2.379E+00,2.366E+00,1.214E-01,3.497E+00,1.421E+00,-2.226E-02,2.265E+00,3.151E+00,1.408E+00,-6.358E-03,3.506E+00,3.359E+00,1.876E-01,2.397E+00
29,0.000E+00,1.802E-01,7.994E-03,0.000E+00,9.766E-08,1.585E+01,1.777E+00,-2.433E-01,2.877E+00,1.525E+00,1.548E+00,-7.738E-04,2.378E+00,2.366E+00,1.213E-01,3.501E+00,1.420E+00,-2.627E-02,2.295E+00,3.160E+00,1.402E+00,-6.256E-03,3.509E+00,3.365E+00,1.882E-01,2.389E+00
30,0.000E+00,1.819E-01,8.109E-03,0.000E+00,0.000E+00,1.600E+01,1.776E+00,-2.456E-01,2.894E+00,1.531E+00,1.545E+00,-6.717E-04,2.376E+00,2.367E+00,1.211E-01,3.506E+00,1.418E+00,-3.028E-02,2.325E+00,3.169E+00,1.397E+00,-6.153E-03,3.513E+00,3.370E+00,1.888E-01,2.382E+00
31,0.000E+00,1.912E-01,8.889E-03,9.766E-08,1.953E-07,1.681E+01,1.774E+00,-2.499E-01,2.913E+00,1.545E+00,1.541E+00,-8.336E-04,2.384E+00,2.371E+00,1.205E-01,3.522E+00,1.425E+00,-3.873E-02,2.382E+00,3.097E+00,1.397E+00,-5.617E-03,3.487E+00,3.357E+00,1.885E-01,2.386E+00
32,0.000E+00,1.959E-01,9.279E-03,1.465E-07,2.930E-07,1.722E+01,1.774E+00,-2.520E-01,2.922E+00,1.552E+00,1.539E+00,-9.146E-04,2.387E+00,2.374E+00,1.202E-01,3.530E+00,1.429E+00,-4.295E-02,2.410E+00,3.062E+00,1.397E+00,-5.349E-03,3.475E+00,3.351E+00,1.883E-01,2.388E+00
33,0.000E+00,2.006E-01,9.670E-03,1.953E-07,3.906E-07,1.763E+01,1.773E+00,-2.541E-01,2.931E+00,1.559E+00,1.536E+00,-9.955E-04,2.391E+00,2.376E+00,1.199E-01,3.538E+00,1.432E+00,-4.718E-02,2.438E+00,3.026E+00,1.397E+00,-5.081E-03,3.462E+00,3.345E+00,1.882E-01,2.390E+00
34,0.000E+00,2.052E-01,1.006E-02,2.441E-07,4.883E-07,1.804E+01,1.772E+00,-2.562E-01,2.941E+00,1.566E+00,1.534E+00,-1.076E-03,2.394E+00,2.378E+00,1.197E-01,3.546E+00,1.436E+00,-5.140E-02,2.467E+00,2.990E+00,1.397E+00,-4.813E-03,3.450E+00,3.339E+00,1.880E-01,2.392E+00
35,0.000E+00,2.099E-01,1.045E-02,2.930E-07,5.859E-07,1.845E+01,1.771E+00,-2.584E-01,2.950E+00,1.573E+00,1.532E+00,-1.157E-03,2.398E+00,2.381E+00,1.194E-01,3.554E+00,1.440E+00,-5.562E-02,2.495E+00,2.955E+00,1.397E+00,-4.545E-03,3.437E+00,3.333E+00,1.879E-01,2.393E+00
36,0.000E+00,2.146E-01,1.084E-02,3.418E-07,6.836E-07,1.886E+01,1.770E+00,-2.605E-01,2.959E+00,1.581E+00,1.530E+00,-1.238E-03,2.401E+00,2.383E+00,1.191E-01,3.562E+00,1.443E+00,-5.985E-02,2.523E+00,2.919E+00,1.397E+00,-4.276E-03,3.425E+00,3.326E+00,1.877E-01,2.395E+00
37,0.000E+00,2.192E-01,1.123E-02,3.906E-07,7.812E-07,1.927E+01,1.770E+00,-2.626E-01,2.968E+00,1.588E+00,1.528E+00,-1.319E-03,2.405E+00,2.385E+00,1.188E-01,3.570E+00,1.447E+00,-6.407E-02,2.551E+00,2.883E+00,1.397E+00,-4.008E-03,3.412E+00,3.320E+00,1.875E-01,2.397E+00
38,0.000E+00,2.239E-01,1.162E-02,4.395E-07,8.789E-07,1.968E+01,1.769E+00,-2.647E-01,2.978E+00,1.595E+00,1.525E+00,-1.400E-03,2.408E+00,2.388E+00,1.185E-01,3.577E+00,1.451E+00,-6.829E-02,2.580E+00,2.848E+00,1.397E+00,-3.740E-03,3.399E+00,3.314E+00,1.874E-01,2.399E+00
39,0.000E+00,2.285E-01,1.201E-02,4.883E-07,9.766E-07,2.009E+01,1.768E+00,-2.669E-01,2.987E+00,1.602E+00,1.523E+00,-1.481E-03,2.412E+00,2.390E+00,1.182E-01,3.585E+00,1.456E+00,-7.252E-02,2.608E+00,2.812E+00,1.398E+00,-3.472E-03,3.387E+00,3.308E+00,1.872E-01,2.401E+00
40,0.000E+00,2.332E-01,1.240E-02,5.371E-07,1.074E-06,2.050E+01,1.767E+00,-2.690E-01,2.996E+00,1.609E+00,1.521E+00,-1.562E-03,2.415E+00,2.392E+00,1.179E-01,3.593E+00,1.460E+00,-7.674E-02,2.636E+00,2.776E+00,1.398E+00,-3.204E-03,3.374E+00,3.302E+00,1.871E-01,2.403E+00
41,0.000E+00,2.379E-01,1.279E-02,5.859E-07,1.172E-06,2.091E+01,1.766E+00,-2.711E-01,3.005E+00,1.616E+00,1.519E+00,-1.643E-03,2.419E+00,2.395E+00,1.176E-01,3.601E+00,1.464E+00,-8.096E-02,2.665E+00,2.741E+00,1.398E+00,-2.936E-03,3.362E+00,3.295E+00,1.869E-01,2.405E+00
42,0.000E+00,2.425E-01,1.318E-02,6.348E-07,1.270E-06,2.132E+01,1.766E+00,-2.732E-01,3.015E+00,1.623E+00,1.517E+00,-1.724E-03,2.422E+00,2.397E+00,1.173E-01,3.609E+00,1.469E+00,-8.519E-02,2.693E+00,2.705E+00,1.398E+00,-2.668E-03,3.349E+00,3.289E+00,1.867E-01,2.407E+00
43,0.000E+00,2.472E-01,1.357E-02,6.836E-07,1.367E-06,2.173E+01,1.765E+00,-2.754E-01,3.024E+00,1.630E+00,1.514E+00,-1.805E-03,2.426E+00,2.399E+00,1.171E-01,3.617E+00,1.473E+00,-8.941E-02,2.721E+00,2.670E+00,1.398E+00,-2.399E-03,3.337E+00,3.283E+00,1.866E-01,2.409E+00
44,0.000E+00,2.519E-01,1.396E-02,7.324E-07,1.465E-06,2.214E+01,1.764E+00,-2.775E-01,3.033E+00,1.637E+00,1.512E+00,-1.886E-03,2.429E+00,2.401E+00,1.168E-01,3.625E+00,1.478E+00,-9.363E-02,2.749E+00,2.634E+00,1.398E+00,-2.131E-03,3.324E+00,3.277E+00,1.864E-01,2.411E+00
45,0.000E+00,2.565E-01,1.435E-02,7.812E-07,1.562E-06,2.255E+01,1.763E+00,-2.796E-01,3.042E+00,1.644E+00,1.510E+00,-1.967E-03,2.433E+00,2.404E+00,1.165E-01,3.633E+00,1.483E+00,-9.785E-02,2.778E+00,2.598E+00,1.398E+00,-1.863E-03,3.311E+00,3.271E+00,1.863E-01,2.413E+00
46,0.000E+00,2.671E-01,1.543E-02,3.906E-07,1.172E-06,2.348E+01,1.751E+00,-2.786E-01,3.065E+00,1.688E+00,1.499E+00,-5.204E-04,2.409E+00,2.401E+00,1.163E-01,3.640E+00,1.479E+00,-9.997E-02,2.872E+00,2.562E+00,1.394E+00,-3.296E-03,3.477E+00,3.398E+00,1.771E-01,2.537E+00
47,0.000E+00,2.724E-01,1.597E-02,1.953E-07,9.766E-07,2.395E+01,1.745E+00,-2.781E-01,3.076E+00,1.709E+00,1.494E+00,2.029E-04,2.397E+00,2.399E+00,1.161E-01,3.643E+00,1.477E+00,-1.010E-01,2.919E+00,2.544E+00,1.392E+00,-4.013E-03,3.559E+00,3.462E+00,1.725E-01,2.600E+00
48,0.000E+00,2.777E-01,1.651E-02,0.000E+00,7.812E-07,2.442E+01,1.739E+00,-2.776E-01,3.087E+00,1.731E+00,1.488E+00,9.262E-04,2.384E+00,2.398E+00,1.160E-01,3.646E+00,1.475E+00,-1.021E-01,2.967E+00,2.526E+00,1.390E+00,-4.729E-03,3.642E+00,3.526E+00,1.679E-01,2.662E+00
49,0.000E+00,2.897E-01,1.776E-02,0.000E+00,7.812E-07,2.547E+01,1.742E+00,-2.752E-01,3.018E+00,1.737E+00,1.494E+00,-2.117E-04,2.409E+00,2.406E+00,1.144E-01,3.696E+00,1.472E+00,-9.414E-02,2.777E+00,2.662E+00,1.394E+00,-4.361E-03,3.493E+00,3.391E+00,1.699E-01,2.632E+00
50,0.000E+00,2.957E-01,1.838E-02,0.000E+00,7.812E-07,2.599E+01,1.744E+00,-2.741E-01,2.984E+00,1.740E+00,1.497E+00,-7.807E-04,2.422E+00,2.410E+00,1.135E-01,3.720E+00,1.471E+00,-9.017E-02,2.682E+00,2.730E+00,1.397E+00,-4.177E-03,3.418E+00,3.323E+00,1.709E-01,2.617E+00
51,0.000E+00,3.017E-01,1.901E-02,0.000E+00,7.812E-07,2.652E+01,1.746E+00,-2.729E-01,2.950E+00,1.744E+00,1.500E+00,-1.350E-03,2.434E+00,2.414E+00,1.127E-01,3.745E+00,1.471E+00,-8.620E-02,2.587E+00,2.798E+00,1.399E+00,-3.993E-03,3.344E+00,3.256E+00,1.719E-01,2.603E+00
52,0.000E+00,3.156E-01,2.047E-02,0.000E+00,3.906E-07,2.774E+01,1.733E+00,-2.945E-01,3.296E+00,1.734E+00,1.472E+00,-8.539E-04,2.419E+00,2.406E+00,1.130E-01,3.735E+00,1.472E+00,-1.021E-01,2.795E+00,2.707E+00,1.386E+00,-3.050E-03,3.374E+00,3.306E+00,1.710E-01,2.617E+00
53,0.000E+00,3.225E-01,2.120E-02,0.000E+00,1.953E-07,2.835E+01,1.728E+00,-3.052E-01,3.468E+00,1.730E+00,1.459E+00,-6.061E-04,2.411E+00,2.402E+00,1.132E-01,3.731E+00,1.473E+00,-1.101E-01,2.899E+00,2.662E+00,1.380E+00,-2.579E-03,3.389E+00,3.331E+00,1.705E-01,2.624E+00
54,0.000E+00,3.294E-01,2.194E-02,0.000E+00,0.000E+00,2.896E+01,1.723E+00,-3.160E-01,3.641E+00,1.725E+00,1.445E+00,-3.582E-04,2.403E+00,2.398E+00,1.133E-01,3.726E+00,1.475E+00,-1.180E-01,3.003E+00,2.616E+00,1.374E+00,-2.108E-03,3.404E+00,3.356E+00,1.700E-01,2.631E+00
55,0.000E+00,3.453E-01,2.369E-02,0.000E+00,0.000E+00,3.036E+01,1.727E+00,-3.413E-01,4.000E+00,1.679E+00,1.430E+00,4.471E-05,2.396E+00,2.397E+00,1.119E-01,3.770E+00,1.466E+00,-1.353E-01,3.282E+00,2.589E+00,1.354E+00,-2.750E-03,3.351E+00,3.291E+00,1.718E-01,2.604E+00
56,0.000E+00,3.533E-01,2.457E-02,0.000E+00,0.000E+00,3.106E+01,1.730E+00,-3.539E-01,4.179E+00,1.656E+00,1.422E+00,2.462E-04,2.393E+00,2.396E+00,1.112E-01,3.792E+00,1.463E+00,-1.439E-01,3.422E+00,2.575E+00,1.344E+00,-3.070E-03,3.325E+00,3.258E+00,1.727E-01,2.591E+00
57,0.000E+00,3.612E-01,2.545E-02,0.000E+00,0.000E+00,3.176E+01,1.733E+00,-3.665E-01,4.358E+00,1.632E+00,1.415E+00,4.477E-04,2.389E+00,2.396E+00,1.105E-01,3.815E+00,1.460E+00,-1.525E-01,3.562E+00,2.561E+00,1.334E+00,-3.391E-03,3.298E+00,3.225E+00,1.737E-01,2.578E+00
58,0.000E+00,3.791E-01,2.779E-02,0.000E+00,7.812E-07,3.333E+01,1.735E+00,-3.956E-01,5.045E+00,1.555E+00,1.397E+00,3.844E-04,2.389E+00,2.394E+00,1.116E-01,3.778E+00,1.450E+00,-9.343E-02,2.819E+00,2.812E+00,1.387E+00,-3.862E-03,3.361E+00,3.276E+00,1.746E-01,2.565E+00
59,0.000E+00,3.880E-01,2.896E-02,0.000E+00,1.172E-06,3.411E+01,1.739E+00,-4.101E-01,5.388E+00,1.517E+00,1.389E+00,3.528E-04,2.389E+00,2.394E+00,1.122E-01,3.760E+00,1.454E+00,-6.391E-02,2.448E+00,2.938E+00,1.413E+00,-4.097E-03,3.393E+00,3.301E+00,1.751E-01,2.558E+00
60,0.000E+00,3.969E-01,3.013E-02,0.000E+00,1.562E-06,3.489E+01,1.744E+00,-4.247E-01,5.731E+00,1.478E+00,1.380E+00,3.212E-04,2.388E+00,2.393E+00,1.128E-01,3.742E+00,1.466E+00,-3.440E-02,2.077E+00,3.064E+00,1.439E+00,-4.333E-03,3.425E+00,3.327E+00,1.756E-01,2.551E+00
61,0.000E+00,4.186E-01,3.307E-02,0.000E+00,7.812E-07,3.680E+01,1.731E+00,-4.605E-01,6.946E+00,1.447E+00,1.348E+00,8.229E-04,2.374E+00,2.386E+00,1.119E-01,3.769E+00,1.443E+00,-8.611E-02,2.724E+00,2.918E+00,1.383E+00,-4.005E-03,3.421E+00,3.330E+00,1.700E-01,2.634E+00
62,0.000E+00,4.295E-01,3.455E-02,0.000E+00,3.906E-07,3.775E+01,1.728E+00,-4.784E-01,7.553E+00,1.432E+00,1.333E+00,1.074E-03,2.367E+00,2.383E+00,1.115E-01,3.783E+00,1.439E+00,-1.120E-01,3.048E+00,2.845E+00,1.355E+00,-3.842E-03,3.419E+00,3.332E+00,1.671E-01,2.675E+00
63,0.000E+00,4.403E-01,3.602E-02,0.000E+00,0.000E+00,3.871E+01,1.728E+00,-4.962E-01,8.160E+00,1.416E+00,1.317E+00,1.325E-03,2.360E+00,2.379E+00,1.110E-01,3.797E+00,1.439E+00,-1.378E-01,3.371E+00,2.772E+00,1.327E+00,-3.678E-03,3.417E+00,3.334E+00,1.643E-01,2.717E+00
64,0.000E+00,4.660E-01,3.965E-02,0.000E+00,7.812E-07,4.097E+01,1.710E+00,-5.007E-01,8.624E+00,1.444E+00,1.300E+00,2.293E-03,2.335E+00,2.368E+00,1.100E-01,3.830E+00,1.439E+00,-1.671E-01,3.854E+00,2.642E+00,1.308E+00,-4.215E-03,3.478E+00,3.380E+00,1.650E-01,2.706E+00
65,0.000E+00,4.788E-01,4.146E-02,0.000E+00,1.172E-06,4.209E+01,1.702E+00,-5.029E-01,8.856E+00,1.457E+00,1.292E+00,2.777E-03,2.323E+00,2.362E+00,1.095E-01,3.847E+00,1.442E+00,-1.817E-01,4.096E+00,2.577E+00,1.299E+00,-4.484E-03,3.509E+00,3.403E+00,1.654E-01,2.700E+00
66,0.000E+00,4.917E-01,4.328E-02,0.000E+00,1.562E-06,4.322E+01,1.694E+00,-5.051E-01,9.088E+00,1.471E+00,1.284E+00,3.261E-03,2.311E+00,2.357E+00,1.089E-01,3.864E+00,1.446E+00,-1.963E-01,4.337E+00,2.511E+00,1.290E+00,-4.753E-03,3.540E+00,3.426E+00,1.657E-01,2.695E+00
67,0.000E+00,5.199E-01,4.763E-02,3.906E-07,7.812E-07,4.570E+01,1.672E+00,-4.993E-01,9.205E+00,1.523E+00,1.271E+00,2.157E-03,2.304E+00,2.335E+00,1.089E-01,3.866E+00,1.452E+00,-1.868E-01,4.173E+00,2.491E+00,1.301E+00,-3.671E-03,3.382E+00,3.298E+00,1.664E-01,2.685E+00
68,0.000E+00,5.340E-01,4.980E-02,5.859E-07,3.906E-07,4.694E+01,1.661E+00,-4.964E-01,9.264E+00,1.548E+00,1.265E+00,1.605E-03,2.301E+00,2.324E+00,1.088E-01,3.867E+00,1.455E+00,-1.821E-01,4.091E+00,2.481E+00,1.307E+00,-3.130E-03,3.303E+00,3.234E+00,1.667E-01,2.680E+00
69,0.000E+00,5.481E-01,5.198E-02,7.812E-07,0.000E+00,4.818E+01,1.651E+00,-4.934E-01,9.323E+00,1.574E+00,1.258E+00,1.053E-03,2.298E+00,2.313E+00,1.088E-01,3.868E+00,1.458E+00,-1.773E-01,4.009E+00,2.471E+00,1.313E+00,-2.589E-03,3.225E+00,3.170E+00,1.670E-01,2.675E+00
70,0.000E+00,5.820E-01,5.731E-02,7.812E-07,3.906E-07,5.116E+01,1.624E+00,-4.890E-01,9.375E+00,1.665E+00,1.240E+00,2.617E-03,2.265E+00,2.301E+00,1.080E-01,3.894E+00,1.470E+00,-1.742E-01,3.820E+00,2.463E+00,1.326E+00,-1.827E-03,3.164E+00,3.126E+00,1.656E-01,2.696E+00
71,0.000E+00,5.989E-01,5.997E-02,7.812E-07,5.859E-07,5.265E+01,1.610E+00,-4.868E-01,9.400E+00,1.710E+00,1.231E+00,3.399E-03,2.249E+00,2.296E+00,1.077E-01,3.906E+00,1.477E+00,-1.727E-01,3.726E+00,2.459E+00,1.333E+00,-1.445E-03,3.134E+00,3.104E+00,1.650E-01,2.707E+00
72,0.000E+00,6.158E-01,6.264E-02,7.812E-07,7.812E-07,5.414E+01,1.598E+00,-4.846E-01,9.426E+00,1.755E+00,1.222E+00,4.180E-03,2.233E+00,2.290E+00,1.073E-01,3.919E+00,1.483E+00,-1.711E-01,3.632E+00,2.455E+00,1.339E+00,-1.064E-03,3.103E+00,3.082E+00,1.643E-01,2.718E+00
73,0.000E+00,6.391E-01,6.654E-02,3.906E-07,1.562E-06,5.618E+01,1.588E+00,-4.717E-01,8.931E+00,1.814E+00,1.223E+00,3.185E-03,2.242E+00,2.286E+00,1.054E-01,3.983E+00,1.470E+00,-2.040E-01,4.324E+00,2.386E+00,1.308E+00,-2.227E-03,3.182E+00,3.135E+00,1.638E-01,2.725E+00
74,0.000E+00,6.623E-01,7.045E-02,0.000E+00,2.344E-06,5.823E+01,1.579E+00,-4.587E-01,8.437E+00,1.872E+00,1.224E+00,2.190E-03,2.251E+00,2.281E+00,1.036E-01,4.047E+00,1.465E+00,-2.369E-01,5.016E+00,2.316E+00,1.277E+00,-3.391E-03,3.261E+00,3.189E+00,1.633E-01,2.733E+00
75,0.000E+00,6.873E-01,7.458E-02,0.000E+00,1.953E-06,6.042E+01,1.561E+00,-4.494E-01,8.203E+00,1.957E+00,1.216E+00,4.775E-03,2.179E+00,2.242E+00,1.039E-01,4.035E+00,1.451E+00,-2.559E-01,5.440E+00,2.363E+00,1.252E+00,-3.195E-03,3.254E+00,3.186E+00,1.589E-01,2.806E+00
76,0.000E+00,7.122E-01,7.872E-02,0.000E+00,1.562E-06,6.261E+01,1.545E+00,-4.401E-01,7.970E+00,2.043E+00,1.208E+00,7.361E-03,2.107E+00,2.203E+00,1.042E-01,4.024E+00,1.439E+00,-2.750E-01,5.865E+00,2.410E+00,1.228E+00,-2.998E-03,3.247E+00,3.183E+00,1.545E-01,2.880E+00
77,0.000E+00,7.364E-01,8.227E-02,3.906E-07,1.953E-06,6.474E+01,1.520E+00,-4.207E-01,7.492E+00,2.188E+00,1.201E+00,7.312E-03,2.086E+00,2.180E+00,1.033E-01,4.059E+00,1.431E+00,-2.546E-01,5.470E+00,2.492E+00,1.235E+00,-2.485E-03,3.182E+00,3.131E+00,1.580E-01,2.821E+00
78,0.000E+00,7.606E-01,8.583E-02,7.812E-07,2.344E-06,6.687E+01,1.499E+00,-4.013E-01,7.014E+00,2.333E+00,1.195E+00,7.263E-03,2.065E+00,2.157E+00,1.023E-01,4.093E+00,1.424E+00,-2.341E-01,5.075E+00,2.573E+00,1.242E+00,-1.971E-03,3.118E+00,3.078E+00,1.615E-01,2.761E+00
79,0.000E+00,7.798E-01,8.869E-02,7.812E-07,1.562E-06,6.856E+01,1.463E+00,-3.960E-01,7.021E+00,2.539E+00,1.170E+00,1.435E-02,1.945E+00,2.115E+00,1.017E-01,4.114E+00,1.425E+00,-2.324E-01,5.134E+00,2.538E+00,1.244E+00,-3.334E-03,3.141E+00,3.073E+00,1.581E-01,2.820E+00
80,0.000E+00,7.990E-01,9.155E-02,7.812E-07,7.812E-07,7.024E+01,1.431E+00,-3.906E-01,7.027E+00,2.745E+00,1.145E+00,2.144E-02,1.824E+00,2.073E+00,1.012E-01,4.135E+00,1.425E+00,-2.306E-01,5.192E+00,2.502E+00,1.247E+00,-4.697E-03,3.164E+00,3.069E+00,1.546E-01,2.878E+00
81,0.000E+00,8.053E-01,9.011E-02,1.562E-06,7.812E-07,7.079E+01,1.388E+00,-3.811E-01,7.013E+00,3.053E+00,1.117E+00,2.559E-02,1.740E+00,2.024E+00,9.911E-02,4.215E+00,1.388E+00,-2.400E-01,5.565E+00,2.705E+00,1.208E+00,-3.168E-03,3.078E+00,3.014E+00,1.507E-01,2.951E+00
82,0.000E+00,8.115E-01,8.867E-02,2.344E-06,7.812E-07,7.135E+01,1.349E+00,-3.715E-01,6.998E+00,3.362E+00,1.089E+00,2.974E-02,1.656E+00,1.975E+00,9.706E-02,4.295E+00,1.354E+00,-2.493E-01,5.937E+00,2.907E+00,1.170E+00,-1.639E-03,2.992E+00,2.960E+00,1.467E-01,3.023E+00
83,0.000E+00,7.837E-01,8.006E-02,2.344E-06,1.172E-06,6.890E+01,1.302E+00,-3.563E-01,6.737E+00,3.869E+00,1.062E+00,5.146E-02,1.412E+00,1.891E+00,9.508E-02,4.378E+00,1.352E+00,-2.457E-01,5.824E+00,2.946E+00,1.171E+00,-1.724E-03,2.943E+00,2.911E+00,1.504E-01,2.955E+00
84,0.000E+00,7.559E-01,7.146E-02,2.344E-06,1.562E-06,6.645E+01,1.264E+00,-3.411E-01,6.477E+00,4.375E+00,1.036E+00,7.317E-02,1.167E+00,1.807E+00,9.310E-02,4.461E+00,1.350E+00,-2.421E-01,5.711E+00,2.984E+00,1.172E+00,-1.809E-03,2.894E+00,2.861E+00,1.541E-01,2.887E+00
85,0.000E+00,6.102E-01,4.877E-02,1.172E-06,1.562E-06,5.364E+01,1.194E+00,-3.301E-01,6.299E+00,5.576E+00,9.938E-01,8.389E-02,9.961E-01,1.637E+00,8.938E-02,4.637E+00,1.341E+00,-2.212E-01,5.139E+00,3.194E+00,1.181E+00,-2.335E-03,2.781E+00,2.741E+00,1.536E-01,2.895E+00
86,0.000E+00,4.644E-01,2.608E-02,0.000E+00,1.562E-06,4.083E+01,1.142E+00,-3.191E-01,6.122E+00,6.776E+00,9.518E-01,9.460E-02,8.252E-01,1.466E+00,8.565E-02,4.813E+00,1.338E+00,-2.003E-01,4.567E+00,3.404E+00,1.189E+00,-2.861E-03,2.668E+00,2.621E+00,1.532E-01,2.903E+00
87,0.000E+00,2.326E-01,1.304E-02,0.000E+00,7.812E-07,2.050E+01,1.424E+00,-1.595E-01,3.061E+00,3.388E+00,4.759E-01,4.730E-02,4.126E-01,7.331E-01,4.283E-02,2.407E+00,1.680E+00,-1.002E-01,2.283E+00,1.702E+00,5.947E-01,-1.430E-03,1.334E+00,1.311E+00,7.659E-02,1.451E+00
88,0.000E+00,8.773E-04,1.562E-06,0.000E+00,0.000E+00,1.606E-01,3.142E+00,0.000E+00,0.000E+00,0.000E+00,0.000E+00,0.000E+00,0.000E+00,0.000E+00,0.000E+00,0.000E+00,3.142E+00,0.000E+00,0.000E+00,0.000E+00,0.000E+00,0.000E+00,0.000E+00,0.000E+00,0.000E+00,0.000E+00
89,0.000E+00,0.000E+00,0.000E+00,0.000E+00,0.000E+00,0.000E+00,3.142E+00,0.000E+00,0.000E+00,0.000E+00,0.000E+00,0.000E+00,0.000E+00,0.000E+00,0.000E+00,0.000E+00,3.142E+00,0.000E+00,0.000E+00,0.000E+00,0.000E+00,0.000E+00,0.000E+00,0.000E+00,0.000E+00,0.000E+00
