alpha,H,He,Mn,S,Mn_1,S_1,amu/ion,thetaK_Mn,thetaTilt_Mn,thetaM_Mn,thetaN_Mn,3dK_Mn,3dTilt_Mn,3dM_Mn,3dN_Mn,energyK_Mn,energyE_Mn,thetaK_S,thetaTilt_S,thetaM_S,thetaN_S,3dK_S,3dTilt_S,3dM_S,3dN_S,energyK_S,energyE_S
0.000E+00,0.000E+00,0.000E+00,3.370E-02,3.262E-04,0.000E+00,0.000E+00,2.929E+00,1.755E+00,4.758E-03,1.446E+00,1.525E+00,4.935E+00,0.000E+00,1.000E+00,1.000E+00,1.314E-01,2.240E+00,1.478E+00,7.371E-02,1.357E+00,4.463E+00,4.709E+00,3.346E-02,1.136E+00,1.117E+00,1.589E-01,2.133E+00
1.000E+00,0.000E+00,0.000E+00,3.384E-02,3.289E-04,0.000E+00,0.000E+00,2.941E+00,1.748E+00,2.046E-03,1.449E+00,1.554E+00,4.935E+00,4.048E-03,1.000E+00,1.000E+00,1.318E-01,2.235E+00,1.447E+00,4.815E-02,1.599E+00,4.062E+00,4.723E+00,3.032E-02,1.122E+00,1.115E+00,1.571E-01,2.155E+00
2.000E+00,0.000E+00,0.000E+00,3.399E-02,3.315E-04,0.000E+00,0.000E+00,2.953E+00,1.742E+00,-6.659E-04,1.452E+00,1.584E+00,4.935E+00,8.097E-03,1.000E+00,1.000E+00,1.322E-01,2.230E+00,1.426E+00,2.260E-02,1.842E+00,3.662E+00,4.737E+00,2.719E-02,1.108E+00,1.112E+00,1.552E-01,2.177E+00
3.000E+00,0.000E+00,0.000E+00,3.414E-02,3.342E-04,0.000E+00,0.000E+00,2.966E+00,1.739E+00,-3.378E-03,1.456E+00,1.613E+00,4.935E+00,1.215E-02,1.000E+00,1.000E+00,1.326E-01,2.224E+00,1.419E+00,-2.950E-03,2.084E+00,3.262E+00,4.751E+00,2.405E-02,1.094E+00,1.110E+00,1.534E-01,2.199E+00
4.000E+00,0.000E+00,0.000E+00,3.421E-02,3.356E-04,0.000E+00,0.000E+00,2.972E+00,1.737E+00,-4.734E-03,1.457E+00,1.628E+00,4.935E+00,1.417E-02,1.000E+00,1.000E+00,1.328E-01,2.222E+00,1.431E+00,-1.573E-02,2.205E+00,3.062E+00,4.758E+00,2.248E-02,1.087E+00,1.108E+00,1.525E-01,2.210E+00
5.000E+00,0.000E+00,0.000E+00,3.429E-02,3.369E-04,0.000E+00,0.000E+00,2.978E+00,1.735E+00,-6.090E-03,1.459E+00,1.643E+00,4.935E+00,1.619E-02,1.000E+00,1.000E+00,1.330E-01,2.219E+00,1.446E+00,-2.850E-02,2.326E+00,2.862E+00,4.766E+00,2.091E-02,1.080E+00,1.107E+00,1.516E-01,2.221E+00
6.000E+00,0.000E+00,0.000E+00,3.443E-02,3.396E-04,0.000E+00,0.000E+00,2.990E+00,1.732E+00,-8.801E-03,1.462E+00,1.672E+00,4.935E+00,2.024E-02,1.000E+00,1.000E+00,1.334E-01,2.214E+00,1.484E+00,-5.405E-02,2.569E+00,2.462E+00,4.780E+00,1.777E-02,1.066E+00,1.105E+00,1.498E-01,2.243E+00
7.000E+00,0.000E+00,0.000E+00,3.458E-02,3.423E-04,0.000E+00,0.000E+00,3.002E+00,1.729E+00,-1.151E-02,1.466E+00,1.702E+00,4.935E+00,2.429E-02,1.000E+00,1.000E+00,1.338E-01,2.209E+00,1.535E+00,-7.961E-02,2.811E+00,2.061E+00,4.795E+00,1.463E-02,1.052E+00,1.102E+00,1.479E-01,2.265E+00
8.000E+00,0.000E+00,0.000E+00,3.473E-02,3.450E-04,0.000E+00,0.000E+00,3.014E+00,1.726E+00,-1.423E-02,1.469E+00,1.731E+00,4.935E+00,2.834E-02,1.000E+00,1.000E+00,1.342E-01,2.204E+00,1.604E+00,-1.052E-01,3.054E+00,1.661E+00,4.809E+00,1.149E-02,1.038E+00,1.099E+00,1.461E-01,2.287E+00
9.000E+00,0.000E+00,0.000E+00,3.480E-02,3.463E-04,0.000E+00,0.000E+00,3.020E+00,1.724E+00,-1.558E-02,1.471E+00,1.746E+00,4.935E+00,3.036E-02,1.000E+00,1.000E+00,1.344E-01,2.201E+00,1.648E+00,-1.179E-01,3.175E+00,1.461E+00,4.817E+00,9.920E-03,1.031E+00,1.098E+00,1.452E-01,2.298E+00
1.000E+01,0.000E+00,0.000E+00,3.488E-02,3.477E-04,0.000E+00,0.000E+00,3.027E+00,1.722E+00,-1.694E-02,1.472E+00,1.761E+00,4.935E+00,3.239E-02,1.000E+00,1.000E+00,1.346E-01,2.199E+00,1.699E+00,-1.307E-01,3.296E+00,1.261E+00,4.824E+00,8.351E-03,1.024E+00,1.097E+00,1.443E-01,2.309E+00
1.100E+01,0.000E+00,0.000E+00,3.526E-02,3.558E-04,0.000E+00,0.000E+00,3.061E+00,1.726E+00,-3.103E-02,1.552E+00,1.733E+00,4.935E+00,3.843E-02,1.000E+00,1.000E+00,1.343E-01,2.203E+00,1.658E+00,-1.236E-01,3.229E+00,1.420E+00,4.790E+00,1.611E-02,1.055E+00,1.104E+00,1.458E-01,2.290E+00
1.200E+01,0.000E+00,0.000E+00,3.563E-02,3.640E-04,0.000E+00,0.000E+00,3.096E+00,1.730E+00,-4.512E-02,1.631E+00,1.706E+00,4.935E+00,4.447E-02,1.000E+00,1.000E+00,1.340E-01,2.206E+00,1.622E+00,-1.165E-01,3.161E+00,1.579E+00,4.756E+00,2.386E-02,1.087E+00,1.111E+00,1.474E-01,2.271E+00
1.300E+01,0.000E+00,0.000E+00,3.601E-02,3.722E-04,0.000E+00,0.000E+00,3.131E+00,1.735E+00,-5.922E-02,1.710E+00,1.678E+00,4.935E+00,5.050E-02,1.000E+00,1.000E+00,1.337E-01,2.210E+00,1.589E+00,-1.094E-01,3.094E+00,1.738E+00,4.723E+00,3.162E-02,1.119E+00,1.118E+00,1.490E-01,2.252E+00
1.400E+01,0.000E+00,0.000E+00,3.620E-02,3.763E-04,0.000E+00,0.000E+00,3.148E+00,1.737E+00,-6.626E-02,1.749E+00,1.665E+00,4.935E+00,5.352E-02,1.000E+00,1.000E+00,1.335E-01,2.212E+00,1.575E+00,-1.058E-01,3.060E+00,1.818E+00,4.706E+00,3.550E-02,1.135E+00,1.122E+00,1.498E-01,2.242E+00
1.500E+01,0.000E+00,0.000E+00,3.639E-02,3.804E-04,0.000E+00,0.000E+00,3.166E+00,1.740E+00,-7.331E-02,1.789E+00,1.651E+00,4.935E+00,5.654E-02,1.000E+00,1.000E+00,1.334E-01,2.214E+00,1.561E+00,-1.023E-01,3.026E+00,1.898E+00,4.690E+00,3.938E-02,1.151E+00,1.126E+00,1.505E-01,2.233E+00
1.600E+01,0.000E+00,0.000E+00,3.677E-02,3.885E-04,0.000E+00,0.000E+00,3.201E+00,1.746E+00,-8.740E-02,1.868E+00,1.624E+00,4.935E+00,6.258E-02,1.000E+00,1.000E+00,1.331E-01,2.218E+00,1.535E+00,-9.514E-02,2.958E+00,2.057E+00,4.659E+00,4.713E-02,1.183E+00,1.133E+00,1.521E-01,2.213E+00
1.700E+01,0.000E+00,0.000E+00,3.715E-02,3.967E-04,0.000E+00,0.000E+00,3.236E+00,1.752E+00,-1.015E-01,1.947E+00,1.596E+00,4.935E+00,6.862E-02,1.000E+00,1.000E+00,1.328E-01,2.221E+00,1.512E+00,-8.803E-02,2.891E+00,2.216E+00,4.628E+00,5.489E-02,1.215E+00,1.140E+00,1.537E-01,2.194E+00
1.800E+01,0.000E+00,0.000E+00,3.753E-02,4.049E-04,0.000E+00,0.000E+00,3.270E+00,1.759E+00,-1.156E-01,2.026E+00,1.569E+00,4.935E+00,7.466E-02,1.000E+00,1.000E+00,1.325E-01,2.225E+00,1.491E+00,-8.092E-02,2.823E+00,2.375E+00,4.598E+00,6.264E-02,1.247E+00,1.147E+00,1.552E-01,2.175E+00
1.900E+01,0.000E+00,0.000E+00,3.772E-02,4.090E-04,0.000E+00,0.000E+00,3.288E+00,1.763E+00,-1.226E-01,2.066E+00,1.555E+00,4.935E+00,7.768E-02,1.000E+00,1.000E+00,1.324E-01,2.227E+00,1.481E+00,-7.736E-02,2.789E+00,2.455E+00,4.583E+00,6.652E-02,1.263E+00,1.151E+00,1.560E-01,2.166E+00
2.000E+01,0.000E+00,0.000E+00,3.790E-02,4.131E-04,0.000E+00,0.000E+00,3.305E+00,1.766E+00,-1.297E-01,2.106E+00,1.542E+00,4.935E+00,8.070E-02,1.000E+00,1.000E+00,1.322E-01,2.229E+00,1.472E+00,-7.380E-02,2.755E+00,2.534E+00,4.568E+00,7.040E-02,1.279E+00,1.154E+00,1.568E-01,2.156E+00
2.100E+01,0.000E+00,0.000E+00,3.875E-02,4.261E-04,0.000E+00,0.000E+00,3.378E+00,1.765E+00,-1.370E-01,2.133E+00,1.560E+00,4.935E+00,8.679E-02,1.000E+00,1.000E+00,1.318E-01,2.235E+00,1.451E+00,-5.591E-02,2.584E+00,2.743E+00,4.544E+00,6.906E-02,1.284E+00,1.180E+00,1.609E-01,2.117E+00
2.200E+01,0.000E+00,0.000E+00,3.959E-02,4.392E-04,0.000E+00,0.000E+00,3.450E+00,1.764E+00,-1.443E-01,2.160E+00,1.578E+00,4.935E+00,9.287E-02,1.000E+00,1.000E+00,1.314E-01,2.240E+00,1.434E+00,-3.802E-02,2.413E+00,2.951E+00,4.521E+00,6.772E-02,1.289E+00,1.206E+00,1.649E-01,2.078E+00
2.300E+01,0.000E+00,0.000E+00,4.043E-02,4.523E-04,0.000E+00,0.000E+00,3.523E+00,1.763E+00,-1.516E-01,2.188E+00,1.596E+00,4.935E+00,9.896E-02,1.000E+00,1.000E+00,1.309E-01,2.246E+00,1.421E+00,-2.012E-02,2.242E+00,3.160E+00,4.498E+00,6.638E-02,1.294E+00,1.232E+00,1.690E-01,2.039E+00
2.400E+01,0.000E+00,0.000E+00,4.085E-02,4.588E-04,0.000E+00,0.000E+00,3.559E+00,1.763E+00,-1.553E-01,2.201E+00,1.605E+00,4.935E+00,1.020E-01,1.000E+00,1.000E+00,1.307E-01,2.249E+00,1.416E+00,-1.117E-02,2.156E+00,3.264E+00,4.486E+00,6.571E-02,1.297E+00,1.245E+00,1.710E-01,2.020E+00
2.500E+01,0.000E+00,0.000E+00,4.127E-02,4.653E-04,0.000E+00,0.000E+00,3.595E+00,1.762E+00,-1.589E-01,2.215E+00,1.614E+00,4.935E+00,1.050E-01,1.000E+00,1.000E+00,1.305E-01,2.251E+00,1.412E+00,-2.228E-03,2.071E+00,3.369E+00,4.475E+00,6.504E-02,1.300E+00,1.258E+00,1.730E-01,2.000E+00
2.600E+01,0.000E+00,0.000E+00,4.212E-02,4.784E-04,0.000E+00,0.000E+00,3.667E+00,1.761E+00,-1.662E-01,2.242E+00,1.632E+00,4.935E+00,1.111E-01,1.000E+00,1.000E+00,1.301E-01,2.257E+00,1.421E+00,1.567E-02,1.899E+00,3.577E+00,4.453E+00,6.370E-02,1.305E+00,1.284E+00,1.771E-01,1.961E+00
2.700E+01,0.000E+00,0.000E+00,4.296E-02,4.915E-04,0.000E+00,0.000E+00,3.740E+00,1.760E+00,-1.735E-01,2.269E+00,1.650E+00,4.935E+00,1.172E-01,1.000E+00,1.000E+00,1.297E-01,2.263E+00,1.438E+00,3.356E-02,1.728E+00,3.786E+00,4.431E+00,6.236E-02,1.310E+00,1.310E+00,1.811E-01,1.922E+00
2.800E+01,0.000E+00,0.000E+00,4.380E-02,5.045E-04,0.000E+00,0.000E+00,3.812E+00,1.759E+00,-1.808E-01,2.297E+00,1.668E+00,4.935E+00,1.233E-01,1.000E+00,1.000E+00,1.293E-01,2.268E+00,1.460E+00,5.145E-02,1.557E+00,3.995E+00,4.410E+00,6.102E-02,1.316E+00,1.336E+00,1.852E-01,1.883E+00
2.900E+01,0.000E+00,0.000E+00,4.422E-02,5.110E-04,0.000E+00,0.000E+00,3.849E+00,1.759E+00,-1.845E-01,2.310E+00,1.677E+00,4.935E+00,1.264E-01,1.000E+00,1.000E+00,1.291E-01,2.271E+00,1.472E+00,6.040E-02,1.472E+00,4.099E+00,4.399E+00,6.035E-02,1.318E+00,1.349E+00,1.872E-01,1.864E+00
3.000E+01,0.000E+00,0.000E+00,4.465E-02,5.176E-04,0.000E+00,0.000E+00,3.885E+00,1.758E+00,-1.882E-01,2.324E+00,1.686E+00,4.935E+00,1.294E-01,1.000E+00,1.000E+00,1.288E-01,2.274E+00,1.486E+00,6.935E-02,1.386E+00,4.203E+00,4.389E+00,5.968E-02,1.321E+00,1.362E+00,1.892E-01,1.844E+00
3.100E+01,0.000E+00,0.000E+00,4.698E-02,5.651E-04,0.000E+00,0.000E+00,4.088E+00,1.757E+00,-2.113E-01,2.521E+00,1.672E+00,4.935E+00,1.402E-01,1.000E+00,1.000E+00,1.284E-01,2.279E+00,1.449E+00,4.498E-02,1.560E+00,4.144E+00,4.410E+00,7.006E-02,1.321E+00,1.329E+00,1.840E-01,1.898E+00
3.200E+01,0.000E+00,0.000E+00,4.815E-02,5.888E-04,0.000E+00,0.000E+00,4.190E+00,1.756E+00,-2.229E-01,2.619E+00,1.666E+00,4.935E+00,1.456E-01,1.000E+00,1.000E+00,1.282E-01,2.282E+00,1.432E+00,3.280E-02,1.648E+00,4.114E+00,4.422E+00,7.525E-02,1.322E+00,1.312E+00,1.813E-01,1.925E+00
3.300E+01,0.000E+00,0.000E+00,4.932E-02,6.125E-04,0.000E+00,0.000E+00,4.292E+00,1.757E+00,-2.345E-01,2.717E+00,1.659E+00,4.935E+00,1.510E-01,1.000E+00,1.000E+00,1.280E-01,2.285E+00,1.416E+00,2.062E-02,1.735E+00,4.085E+00,4.433E+00,8.044E-02,1.322E+00,1.296E+00,1.787E-01,1.951E+00
3.400E+01,0.000E+00,0.000E+00,5.049E-02,6.363E-04,0.000E+00,0.000E+00,4.394E+00,1.757E+00,-2.461E-01,2.816E+00,1.652E+00,4.935E+00,1.564E-01,1.000E+00,1.000E+00,1.278E-01,2.288E+00,1.401E+00,8.433E-03,1.822E+00,4.055E+00,4.444E+00,8.563E-02,1.322E+00,1.279E+00,1.761E-01,1.978E+00
3.500E+01,0.000E+00,0.000E+00,5.166E-02,6.600E-04,0.000E+00,0.000E+00,4.496E+00,1.758E+00,-2.577E-01,2.914E+00,1.645E+00,4.935E+00,1.618E-01,1.000E+00,1.000E+00,1.276E-01,2.290E+00,1.390E+00,-3.750E-03,1.909E+00,4.026E+00,4.456E+00,9.082E-02,1.323E+00,1.263E+00,1.734E-01,2.005E+00
3.600E+01,0.000E+00,0.000E+00,5.283E-02,6.838E-04,0.000E+00,0.000E+00,4.598E+00,1.759E+00,-2.693E-01,3.012E+00,1.639E+00,4.935E+00,1.672E-01,1.000E+00,1.000E+00,1.274E-01,2.293E+00,1.389E+00,-1.593E-02,1.997E+00,3.996E+00,4.467E+00,9.601E-02,1.323E+00,1.246E+00,1.708E-01,2.032E+00
3.700E+01,0.000E+00,0.000E+00,5.400E-02,7.075E-04,0.000E+00,0.000E+00,4.700E+00,1.761E+00,-2.809E-01,3.111E+00,1.632E+00,4.935E+00,1.726E-01,1.000E+00,1.000E+00,1.272E-01,2.296E+00,1.389E+00,-2.812E-02,2.084E+00,3.966E+00,4.479E+00,1.012E-01,1.323E+00,1.230E+00,1.682E-01,2.058E+00
3.800E+01,0.000E+00,0.000E+00,5.517E-02,7.313E-04,0.000E+00,0.000E+00,4.801E+00,1.763E+00,-2.924E-01,3.209E+00,1.625E+00,4.935E+00,1.781E-01,1.000E+00,1.000E+00,1.270E-01,2.299E+00,1.388E+00,-4.030E-02,2.171E+00,3.937E+00,4.491E+00,1.064E-01,1.324E+00,1.213E+00,1.656E-01,2.085E+00
3.900E+01,0.000E+00,0.000E+00,5.634E-02,7.550E-04,0.000E+00,0.000E+00,4.903E+00,1.765E+00,-3.040E-01,3.307E+00,1.618E+00,4.935E+00,1.835E-01,1.000E+00,1.000E+00,1.269E-01,2.301E+00,1.389E+00,-5.248E-02,2.258E+00,3.907E+00,4.503E+00,1.116E-01,1.324E+00,1.197E+00,1.629E-01,2.112E+00
4.000E+01,0.000E+00,0.000E+00,5.751E-02,7.787E-04,0.000E+00,0.000E+00,5.005E+00,1.767E+00,-3.156E-01,3.405E+00,1.611E+00,4.935E+00,1.889E-01,1.000E+00,1.000E+00,1.267E-01,2.304E+00,1.389E+00,-6.466E-02,2.346E+00,3.877E+00,4.516E+00,1.168E-01,1.324E+00,1.180E+00,1.603E-01,2.138E+00
4.100E+01,0.000E+00,0.000E+00,5.868E-02,8.025E-04,0.000E+00,0.000E+00,5.107E+00,1.770E+00,-3.272E-01,3.504E+00,1.605E+00,4.935E+00,1.943E-01,1.000E+00,1.000E+00,1.265E-01,2.307E+00,1.390E+00,-7.685E-02,2.433E+00,3.848E+00,4.528E+00,1.220E-01,1.324E+00,1.164E+00,1.577E-01,2.165E+00
4.200E+01,0.000E+00,0.000E+00,5.985E-02,8.262E-04,0.000E+00,0.000E+00,5.209E+00,1.773E+00,-3.388E-01,3.602E+00,1.598E+00,4.935E+00,1.997E-01,1.000E+00,1.000E+00,1.263E-01,2.310E+00,1.392E+00,-8.903E-02,2.520E+00,3.818E+00,4.540E+00,1.272E-01,1.325E+00,1.147E+00,1.550E-01,2.192E+00
4.300E+01,0.000E+00,0.000E+00,6.102E-02,8.500E-04,0.000E+00,0.000E+00,5.311E+00,1.776E+00,-3.504E-01,3.700E+00,1.591E+00,4.935E+00,2.051E-01,1.000E+00,1.000E+00,1.261E-01,2.312E+00,1.394E+00,-1.012E-01,2.607E+00,3.789E+00,4.553E+00,1.324E-01,1.325E+00,1.131E+00,1.524E-01,2.219E+00
4.400E+01,0.000E+00,0.000E+00,6.219E-02,8.737E-04,0.000E+00,0.000E+00,5.412E+00,1.779E+00,-3.620E-01,3.799E+00,1.584E+00,4.935E+00,2.105E-01,1.000E+00,1.000E+00,1.259E-01,2.315E+00,1.396E+00,-1.134E-01,2.694E+00,3.759E+00,4.566E+00,1.375E-01,1.325E+00,1.114E+00,1.498E-01,2.245E+00
4.500E+01,0.000E+00,0.000E+00,6.336E-02,8.975E-04,0.000E+00,0.000E+00,5.514E+00,1.782E+00,-3.736E-01,3.897E+00,1.577E+00,4.935E+00,2.159E-01,1.000E+00,1.000E+00,1.257E-01,2.318E+00,1.398E+00,-1.256E-01,2.782E+00,3.729E+00,4.579E+00,1.427E-01,1.326E+00,1.098E+00,1.471E-01,2.272E+00
4.600E+01,0.000E+00,0.000E+00,6.584E-02,9.712E-04,0.000E+00,0.000E+00,5.732E+00,1.776E+00,-4.017E-01,4.356E+00,1.564E+00,4.935E+00,2.299E-01,1.000E+00,1.000E+00,1.249E-01,2.328E+00,1.445E+00,-1.222E-01,2.628E+00,3.328E+00,4.553E+00,1.360E-01,1.210E+00,1.241E+00,1.546E-01,2.185E+00
4.700E+01,0.000E+00,0.000E+00,6.708E-02,1.008E-03,0.000E+00,0.000E+00,5.841E+00,1.775E+00,-4.158E-01,4.586E+00,1.558E+00,4.935E+00,2.369E-01,1.000E+00,1.000E+00,1.246E-01,2.334E+00,1.472E+00,-1.205E-01,2.550E+00,3.127E+00,4.545E+00,1.326E-01,1.152E+00,1.312E+00,1.583E-01,2.142E+00
4.800E+01,0.000E+00,0.000E+00,6.832E-02,1.045E-03,0.000E+00,0.000E+00,5.950E+00,1.774E+00,-4.299E-01,4.815E+00,1.551E+00,4.935E+00,2.438E-01,1.000E+00,1.000E+00,1.242E-01,2.339E+00,1.500E+00,-1.188E-01,2.473E+00,2.927E+00,4.540E+00,1.293E-01,1.095E+00,1.384E+00,1.620E-01,2.099E+00
4.900E+01,0.000E+00,0.000E+00,7.171E-02,1.132E-03,0.000E+00,0.000E+00,6.245E+00,1.763E+00,-4.526E-01,5.221E+00,1.577E+00,4.935E+00,2.516E-01,1.000E+00,1.000E+00,1.227E-01,2.360E+00,1.569E+00,-1.538E-01,2.691E+00,2.375E+00,4.643E+00,1.321E-01,1.081E+00,1.258E+00,1.537E-01,2.197E+00
5.000E+01,0.000E+00,0.000E+00,7.341E-02,1.175E-03,0.000E+00,0.000E+00,6.392E+00,1.758E+00,-4.640E-01,5.424E+00,1.590E+00,4.935E+00,2.555E-01,1.000E+00,1.000E+00,1.220E-01,2.371E+00,1.613E+00,-1.713E-01,2.799E+00,2.100E+00,4.698E+00,1.336E-01,1.074E+00,1.195E+00,1.495E-01,2.246E+00
5.100E+01,0.000E+00,0.000E+00,7.511E-02,1.219E-03,0.000E+00,0.000E+00,6.539E+00,1.754E+00,-4.754E-01,5.626E+00,1.603E+00,4.935E+00,2.593E-01,1.000E+00,1.000E+00,1.213E-01,2.381E+00,1.664E+00,-1.888E-01,2.908E+00,1.824E+00,4.756E+00,1.350E-01,1.067E+00,1.132E+00,1.454E-01,2.295E+00
5.200E+01,0.000E+00,0.000E+00,7.887E-02,1.286E-03,0.000E+00,0.000E+00,6.868E+00,1.741E+00,-4.854E-01,5.945E+00,1.626E+00,4.935E+00,2.673E-01,1.000E+00,1.000E+00,1.203E-01,2.397E+00,1.509E+00,-1.312E-01,2.503E+00,2.905E+00,4.586E+00,1.439E-01,1.179E+00,1.229E+00,1.388E-01,2.387E+00
5.300E+01,0.000E+00,0.000E+00,8.075E-02,1.320E-03,0.000E+00,0.000E+00,7.032E+00,1.735E+00,-4.904E-01,6.104E+00,1.637E+00,4.935E+00,2.713E-01,1.000E+00,1.000E+00,1.198E-01,2.404E+00,1.460E+00,-1.024E-01,2.300E+00,3.445E+00,4.508E+00,1.484E-01,1.235E+00,1.277E+00,1.355E-01,2.434E+00
5.400E+01,0.000E+00,0.000E+00,8.263E-02,1.354E-03,0.000E+00,0.000E+00,7.196E+00,1.730E+00,-4.954E-01,6.263E+00,1.649E+00,4.935E+00,2.753E-01,1.000E+00,1.000E+00,1.193E-01,2.412E+00,1.424E+00,-7.358E-02,2.098E+00,3.986E+00,4.434E+00,1.529E-01,1.290E+00,1.326E+00,1.322E-01,2.480E+00
5.500E+01,0.000E+00,0.000E+00,8.720E-02,1.481E-03,0.000E+00,0.000E+00,7.594E+00,1.704E+00,-4.951E-01,6.204E+00,1.763E+00,4.935E+00,2.890E-01,1.000E+00,1.000E+00,1.178E-01,2.435E+00,1.429E+00,-1.124E-01,2.446E+00,3.698E+00,4.590E+00,1.528E-01,1.198E+00,1.205E+00,1.378E-01,2.400E+00
5.600E+01,0.000E+00,0.000E+00,8.949E-02,1.545E-03,0.000E+00,0.000E+00,7.793E+00,1.693E+00,-4.950E-01,6.175E+00,1.820E+00,4.935E+00,2.959E-01,1.000E+00,1.000E+00,1.171E-01,2.447E+00,1.435E+00,-1.318E-01,2.620E+00,3.554E+00,4.674E+00,1.528E-01,1.151E+00,1.145E+00,1.407E-01,2.359E+00
5.700E+01,0.000E+00,0.000E+00,9.177E-02,1.609E-03,0.000E+00,0.000E+00,7.991E+00,1.681E+00,-4.948E-01,6.146E+00,1.877E+00,4.935E+00,3.027E-01,1.000E+00,1.000E+00,1.163E-01,2.459E+00,1.443E+00,-1.512E-01,2.793E+00,3.411E+00,4.763E+00,1.527E-01,1.105E+00,1.085E+00,1.435E-01,2.319E+00
5.800E+01,0.000E+00,0.000E+00,9.663E-02,1.747E-03,0.000E+00,0.000E+00,8.408E+00,1.667E+00,-4.853E-01,5.805E+00,1.983E+00,4.935E+00,3.120E-01,1.000E+00,1.000E+00,1.161E-01,2.463E+00,1.359E+00,-9.530E-02,2.375E+00,4.706E+00,4.492E+00,1.649E-01,1.299E+00,1.235E+00,1.423E-01,2.335E+00
5.900E+01,0.000E+00,0.000E+00,9.905E-02,1.816E-03,0.000E+00,0.000E+00,8.617E+00,1.661E+00,-4.806E-01,5.635E+00,2.036E+00,4.935E+00,3.166E-01,1.000E+00,1.000E+00,1.159E-01,2.465E+00,1.333E+00,-6.734E-02,2.166E+00,5.353E+00,4.373E+00,1.711E-01,1.397E+00,1.310E+00,1.417E-01,2.343E+00
6.000E+01,0.000E+00,0.000E+00,1.015E-01,1.885E-03,0.000E+00,0.000E+00,8.826E+00,1.655E+00,-4.758E-01,5.465E+00,2.089E+00,4.935E+00,3.213E-01,1.000E+00,1.000E+00,1.158E-01,2.468E+00,1.315E+00,-3.937E-02,1.957E+00,6.001E+00,4.262E+00,1.772E-01,1.494E+00,1.385E+00,1.411E-01,2.351E+00
6.100E+01,0.000E+00,0.000E+00,1.075E-01,2.091E-03,0.000E+00,0.000E+00,9.355E+00,1.643E+00,-4.808E-01,5.500E+00,2.163E+00,4.935E+00,3.317E-01,1.000E+00,1.000E+00,1.148E-01,2.483E+00,1.363E+00,-3.306E-02,1.753E+00,5.536E+00,4.344E+00,1.625E-01,1.393E+00,1.357E+00,1.371E-01,2.409E+00
6.200E+01,0.000E+00,0.000E+00,1.106E-01,2.195E-03,0.000E+00,0.000E+00,9.620E+00,1.637E+00,-4.834E-01,5.518E+00,2.200E+00,4.935E+00,3.369E-01,1.000E+00,1.000E+00,1.144E-01,2.491E+00,1.389E+00,-2.990E-02,1.650E+00,5.304E+00,4.386E+00,1.551E-01,1.343E+00,1.343E+00,1.351E-01,2.438E+00
6.300E+01,0.000E+00,0.000E+00,1.136E-01,2.298E-03,0.000E+00,0.000E+00,9.885E+00,1.632E+00,-4.859E-01,5.536E+00,2.237E+00,4.935E+00,3.421E-01,1.000E+00,1.000E+00,1.139E-01,2.498E+00,1.418E+00,-2.674E-02,1.548E+00,5.071E+00,4.430E+00,1.478E-01,1.292E+00,1.329E+00,1.331E-01,2.467E+00
6.400E+01,0.000E+00,0.000E+00,1.205E-01,2.521E-03,0.000E+00,0.000E+00,1.048E+01,1.628E+00,-5.053E-01,5.957E+00,2.224E+00,4.935E+00,3.518E-01,1.000E+00,1.000E+00,1.120E-01,2.530E+00,1.419E+00,-9.315E-02,2.063E+00,4.400E+00,4.523E+00,1.763E-01,1.258E+00,1.234E+00,1.254E-01,2.595E+00
6.500E+01,0.000E+00,0.000E+00,1.239E-01,2.633E-03,0.000E+00,0.000E+00,1.078E+01,1.627E+00,-5.150E-01,6.167E+00,2.218E+00,4.935E+00,3.567E-01,1.000E+00,1.000E+00,1.111E-01,2.547E+00,1.430E+00,-1.264E-01,2.320E+00,4.064E+00,4.572E+00,1.905E-01,1.241E+00,1.186E+00,1.215E-01,2.659E+00
6.600E+01,0.000E+00,0.000E+00,1.274E-01,2.745E-03,0.000E+00,0.000E+00,1.108E+01,1.626E+00,-5.248E-01,6.378E+00,2.212E+00,4.935E+00,3.615E-01,1.000E+00,1.000E+00,1.101E-01,2.563E+00,1.448E+00,-1.596E-01,2.578E+00,3.728E+00,4.622E+00,2.047E-01,1.224E+00,1.138E+00,1.177E-01,2.724E+00
6.700E+01,0.000E+00,0.000E+00,1.354E-01,3.086E-03,0.000E+00,4.883E-07,1.178E+01,1.612E+00,-5.568E-01,7.376E+00,2.207E+00,4.935E+00,3.723E-01,1.000E+00,1.000E+00,1.075E-01,2.610E+00,1.420E+00,-1.506E-01,2.627E+00,3.934E+00,4.507E+00,1.958E-01,1.288E+00,1.226E+00,1.217E-01,2.653E+00
6.800E+01,0.000E+00,0.000E+00,1.394E-01,3.257E-03,0.000E+00,7.324E-07,1.213E+01,1.607E+00,-5.728E-01,7.875E+00,2.205E+00,4.935E+00,3.776E-01,1.000E+00,1.000E+00,1.062E-01,2.634E+00,1.406E+00,-1.461E-01,2.651E+00,4.036E+00,4.453E+00,1.914E-01,1.320E+00,1.270E+00,1.238E-01,2.617E+00
6.900E+01,0.000E+00,0.000E+00,1.434E-01,3.428E-03,0.000E+00,9.766E-07,1.248E+01,1.603E+00,-5.888E-01,8.374E+00,2.203E+00,4.935E+00,3.830E-01,1.000E+00,1.000E+00,1.049E-01,2.658E+00,1.393E+00,-1.416E-01,2.675E+00,4.139E+00,4.400E+00,1.870E-01,1.352E+00,1.313E+00,1.258E-01,2.582E+00
7.000E+01,0.000E+00,0.000E+00,1.520E-01,3.685E-03,0.000E+00,4.883E-07,1.323E+01,1.567E+00,-6.261E-01,1.036E+01,2.264E+00,4.930E+00,4.019E-01,1.005E+00,1.000E+00,1.032E-01,2.691E+00,1.364E+00,-2.543E-01,4.720E+00,3.457E+00,4.520E+00,2.101E-01,1.268E+00,1.228E+00,1.297E-01,2.519E+00
7.100E+01,0.000E+00,0.000E+00,1.563E-01,3.813E-03,0.000E+00,2.441E-07,1.360E+01,1.553E+00,-6.447E-01,1.135E+01,2.295E+00,4.928E+00,4.113E-01,1.007E+00,1.000E+00,1.024E-01,2.708E+00,1.384E+00,-3.106E-01,5.742E+00,3.116E+00,4.584E+00,2.217E-01,1.226E+00,1.185E+00,1.317E-01,2.488E+00
7.200E+01,0.000E+00,0.000E+00,1.607E-01,3.941E-03,0.000E+00,0.000E+00,1.398E+01,1.541E+00,-6.633E-01,1.235E+01,2.326E+00,4.926E+00,4.208E-01,1.010E+00,1.000E+00,1.015E-01,2.724E+00,1.420E+00,-3.669E-01,6.765E+00,2.775E+00,4.651E+00,2.333E-01,1.183E+00,1.142E+00,1.337E-01,2.457E+00
7.300E+01,0.000E+00,0.000E+00,1.672E-01,4.182E-03,0.000E+00,0.000E+00,1.454E+01,1.513E+00,-6.951E-01,1.522E+01,2.351E+00,4.883E+00,4.336E-01,1.056E+00,1.000E+00,9.974E-02,2.762E+00,1.432E+00,-4.593E-01,1.093E+01,2.343E+00,4.643E+00,2.371E-01,1.207E+00,1.128E+00,1.342E-01,2.450E+00
7.400E+01,0.000E+00,0.000E+00,1.737E-01,4.423E-03,0.000E+00,0.000E+00,1.511E+01,1.494E+00,-7.269E-01,1.810E+01,2.376E+00,4.842E+00,4.465E-01,1.102E+00,1.000E+00,9.795E-02,2.799E+00,1.508E+00,-5.517E-01,1.510E+01,1.911E+00,4.636E+00,2.409E-01,1.231E+00,1.115E+00,1.347E-01,2.443E+00
7.500E+01,0.000E+00,0.000E+00,1.796E-01,4.681E-03,0.000E+00,0.000E+00,1.562E+01,1.465E+00,-7.317E-01,1.924E+01,2.492E+00,4.791E+00,4.615E-01,1.161E+00,1.000E+00,9.669E-02,2.826E+00,1.423E+00,-5.067E-01,1.289E+01,2.377E+00,4.574E+00,2.513E-01,1.326E+00,1.104E+00,1.321E-01,2.481E+00
7.600E+01,0.000E+00,0.000E+00,1.854E-01,4.938E-03,0.000E+00,0.000E+00,1.613E+01,1.438E+00,-7.366E-01,2.039E+01,2.608E+00,4.743E+00,4.765E-01,1.220E+00,1.000E+00,9.543E-02,2.853E+00,1.366E+00,-4.618E-01,1.067E+01,2.843E+00,4.515E+00,2.617E-01,1.422E+00,1.093E+00,1.296E-01,2.520E+00
7.700E+01,0.000E+00,0.000E+00,1.905E-01,5.112E-03,0.000E+00,0.000E+00,1.657E+01,1.394E+00,-7.291E-01,2.009E+01,2.885E+00,4.674E+00,4.882E-01,1.309E+00,1.000E+00,9.371E-02,2.893E+00,1.347E+00,-4.662E-01,1.149E+01,2.890E+00,4.515E+00,2.716E-01,1.416E+00,1.099E+00,1.221E-01,2.652E+00
7.800E+01,0.000E+00,0.000E+00,1.955E-01,5.286E-03,0.000E+00,0.000E+00,1.701E+01,1.355E+00,-7.216E-01,1.979E+01,3.162E+00,4.609E+00,4.998E-01,1.398E+00,1.000E+00,9.199E-02,2.932E+00,1.329E+00,-4.706E-01,1.230E+01,2.938E+00,4.515E+00,2.816E-01,1.410E+00,1.105E+00,1.145E-01,2.784E+00
7.900E+01,0.000E+00,0.000E+00,1.981E-01,5.248E-03,0.000E+00,0.000E+00,1.723E+01,1.312E+00,-7.222E-01,2.043E+01,3.474E+00,4.511E+00,5.200E-01,1.543E+00,1.000E+00,8.901E-02,3.006E+00,1.317E+00,-4.513E-01,1.067E+01,3.195E+00,4.493E+00,2.925E-01,1.454E+00,1.094E+00,1.181E-01,2.718E+00
8.000E+01,0.000E+00,0.000E+00,2.007E-01,5.210E-03,0.000E+00,0.000E+00,1.746E+01,1.273E+00,-7.228E-01,2.107E+01,3.786E+00,4.421E+00,5.402E-01,1.689E+00,1.000E+00,8.602E-02,3.081E+00,1.316E+00,-4.320E-01,9.037E+00,3.453E+00,4.473E+00,3.034E-01,1.498E+00,1.083E+00,1.216E-01,2.652E+00
8.100E+01,0.000E+00,0.000E+00,1.961E-01,4.903E-03,0.000E+00,4.883E-07,1.706E+01,1.227E+00,-7.164E-01,2.079E+01,4.261E+00,4.308E+00,5.553E-01,1.892E+00,1.000E+00,8.282E-02,3.170E+00,1.281E+00,-4.645E-01,1.141E+01,3.471E+00,4.426E+00,3.269E-01,1.626E+00,1.041E+00,1.156E-01,2.769E+00
8.200E+01,0.000E+00,0.000E+00,1.916E-01,4.597E-03,0.000E+00,9.766E-07,1.667E+01,1.188E+00,-7.099E-01,2.051E+01,4.735E+00,4.206E+00,5.704E-01,2.096E+00,1.000E+00,7.961E-02,3.260E+00,1.259E+00,-4.971E-01,1.378E+01,3.489E+00,4.384E+00,3.503E-01,1.753E+00,1.000E+00,1.095E-01,2.886E+00
8.300E+01,0.000E+00,0.000E+00,1.727E-01,3.723E-03,4.883E-07,4.883E-07,1.502E+01,1.148E+00,-6.993E-01,1.940E+01,5.396E+00,4.087E+00,5.811E-01,2.361E+00,1.000E+00,7.525E-02,3.402E+00,1.264E+00,-4.925E-01,1.236E+01,3.645E+00,4.409E+00,3.499E-01,1.709E+00,1.000E+00,1.160E-01,2.762E+00
8.400E+01,0.000E+00,0.000E+00,1.538E-01,2.849E-03,9.766E-07,0.000E+00,1.338E+01,1.116E+00,-6.887E-01,1.829E+01,6.057E+00,3.981E+00,5.918E-01,2.626E+00,1.000E+00,7.088E-02,3.544E+00,1.274E+00,-4.879E-01,1.094E+01,3.801E+00,4.435E+00,3.495E-01,1.665E+00,1.000E+00,1.224E-01,2.639E+00
8.500E+01,0.000E+00,0.000E+00,1.062E-01,1.653E-03,4.883E-07,0.000E+00,9.233E+00,1.118E+00,-6.909E-01,1.714E+01,6.291E+00,3.967E+00,6.054E-01,2.663E+00,1.000E+00,6.375E-02,3.848E+00,1.302E+00,-4.897E-01,1.139E+01,3.428E+00,4.504E+00,3.424E-01,1.555E+00,1.000E+00,1.122E-01,2.846E+00
8.600E+01,0.000E+00,0.000E+00,5.858E-02,4.570E-04,0.000E+00,0.000E+00,5.086E+00,1.121E+00,-6.931E-01,1.600E+01,6.525E+00,3.953E+00,6.190E-01,2.700E+00,1.000E+00,5.661E-02,4.153E+00,1.336E+00,-4.914E-01,1.184E+01,3.054E+00,4.577E+00,3.352E-01,1.444E+00,1.000E+00,1.020E-01,3.054E+00
8.700E+01,0.000E+00,0.000E+00,2.949E-02,2.285E-04,9.766E-07,0.000E+00,2.604E+00,1.035E+00,-7.550E-01,1.579E+01,9.536E+00,3.782E+00,7.022E-01,3.212E+00,1.000E+00,4.651E-02,4.867E+00,1.178E+00,-6.530E-01,1.880E+01,4.719E+00,4.344E+00,5.105E-01,1.825E+00,1.000E+00,8.000E-02,3.882E+00
8.800E+01,0.000E+00,0.000E+00,4.043E-04,0.000E+00,1.953E-06,0.000E+00,1.213E-01,9.823E-01,-8.169E-01,1.558E+01,1.255E+01,3.638E+00,7.854E-01,3.725E+00,1.000E+00,3.641E-02,5.582E+00,1.093E+00,-8.146E-01,2.575E+01,6.384E+00,4.155E+00,6.858E-01,2.205E+00,1.000E+00,5.803E-02,4.711E+00
8.900E+01,0.000E+00,0.000E+00,1.758E-05,0.000E+00,3.906E-06,7.813E-06,4.772E-02,3.142E+00,0.000E+00,0.000E+00,0.000E+00,9.870E+00,0.000E+00,0.000E+00,0.000E+00,0.000E+00,0.000E+00,3.142E+00,0.000E+00,0.000E+00,0.000E+00,9.870E+00,0.000E+00,0.000E+00,0.000E+00,0.000E+00,0.000E+00
