alpha,H,He,Fe,Cr,S,Fe_1,S_1,Cr_2,S_2,amu/ion,thetaK_Cr,thetaTilt_Cr,thetaM_Cr,thetaN_Cr,3dK_Cr,3dTilt_Cr,3dM_Cr,3dN_Cr,energyK_Cr,energyE_Cr,thetaK_Fe,thetaTilt_Fe,thetaM_Fe,thetaN_Fe,3dK_Fe,3dTilt_Fe,3dM_Fe,3dN_Fe,energyK_Fe,energyE_Fe,thetaK_S,thetaTilt_S,thetaM_S,thetaN_S,3dK_S,3dTilt_S,3dM_S,3dN_S,energyK_S,energyE_S
0.0,0.0,0.0,0.0053447265625,0.010931640625,0.000240234375,0.0,0.0,0.0,0.0,1.5570920889282314,1.7541372249331757,-0.0074390447788547824,1.478783879059165,1.5321224177782458,8.283185307179584,0.0,1.0,1.0,0.05867212079047128,4.1157032111205405,1.7204206069578387,-0.003920370658789052,1.4525264276663457,1.7170665982884696,8.283185307179584,0.009648092854016537,1.0,1.0,0.07671695615193065,3.333831545258936,1.5442517559402427,-0.07609817816630157,2.7065345128753764,2.0547575119651196,8.842759022862968,0.03940451249567955,1.2754063411559418,1.5015015341542648,0.18208726723755922,1.9046940866636686
1.0,0.0,0.0,0.0053422851562499995,0.01097021484375,0.00024780273437500003,0.0,0.0,0.0,0.0,1.561717179217241,1.7529546412051848,-0.009890672839129715,1.477449407251104,1.5527195285728403,8.283185307179584,0.004776136962928758,1.0,1.0,0.05856872581225195,4.120851077958129,1.71996827679253,-0.004002582537558134,1.4405925049259116,1.734474986022002,8.283185307179584,0.013292718886576516,1.0,1.0,0.07676441946909783,3.3323496238498516,1.5296119425311023,-0.07216765823399195,2.6952179135110415,2.1361575913717634,8.694706591140696,0.04100166573785366,1.2894136903379185,1.4559549222458017,0.18064725673196474,1.9180097919397445
2.0,0.0,0.0,0.00533984375,0.0110087890625,0.00025537109375,0.0,0.0,0.0,0.0,1.5663422695062508,1.7518127795908338,-0.012342300899404647,1.4761149354430432,1.573316639367435,8.283185307179584,0.009552273925857516,1.0,1.0,0.05846533083403262,4.125998944795718,1.7195718260106654,-0.004084794416327215,1.4286585821854776,1.7518833737555344,8.283185307179584,0.016937344919136493,1.0,1.0,0.07681188278626501,3.3308677024407665,1.5155546067594134,-0.06823713830168232,2.6839013141467065,2.2175576707784073,8.549583442080916,0.04259881898002778,1.3034210395198955,1.4104083103373384,0.1792072462263703,1.9313254972158203
3.0,0.0,0.0,0.0053374023437500005,0.01104736328125,0.000262939453125,0.0,0.0,0.0,0.0,1.5709673597952605,1.750709970298413,-0.01479392895967958,1.4747804636349824,1.5939137501620295,8.283185307179584,0.014328410888786274,1.0,1.0,0.058361935855813285,4.131146811633307,1.7192309671130241,-0.0041670062950962955,1.4167246594450436,1.7692917614890669,8.283185307179584,0.02058197095169647,1.0,1.0,0.07685934610343219,3.3293857810316814,1.5020399207996444,-0.06430661836937268,2.6725847147823716,2.2989577501850516,8.407323640633168,0.044195972222201896,1.3174283887018723,1.3648616984288753,0.17776723572077582,1.944641202491896
4.0,0.0,0.0,0.005336181640625,0.011066650390625,0.0002667236328125,0.0,0.0,0.0,0.0,1.5732799049397652,1.7501727149232922,-0.016019742989817044,1.4741132277309519,1.6042123055593267,8.283185307179584,0.016716479370250652,1.0,1.0,0.05831023836670361,4.133720745052102,1.7190813003011494,-0.004208112234480836,1.4107576980748266,1.777995955355833,8.283185307179584,0.02240428396797646,1.0,1.0,0.07688307776201578,3.328644820327139,1.4954746506017016,-0.06234135840321787,2.666926415100204,2.3396577898883733,8.337247355304271,0.044994548843288955,1.3244320632928606,1.3420883924746438,0.1770472304679786,1.9512990551299338
5.0,0.0,0.0,0.0053349609375,0.0110859375,0.0002705078125,0.0,0.0,0.0,0.0,1.5755924500842702,1.749644638555472,-0.017245557019954512,1.4734459918269214,1.614510860956624,8.283185307179584,0.01910454785171503,1.0,1.0,0.058258540877593946,4.136294678470897,1.7189454327703984,-0.004249218173865377,1.4047907367046095,1.7867001492225993,8.283185307179584,0.024226596984256447,1.0,1.0,0.07690680942059937,3.3279038596225963,1.4890317623871367,-0.060376098437063055,2.6612681154180367,2.3803578295916954,8.267862946301857,0.045793125464376014,1.331435737883849,1.3193150865204122,0.17632722521518135,1.9579569077679717
6.0,0.0,0.0,0.00533251953125,0.01112451171875,0.000278076171875,0.0,0.0,0.0,0.0,1.5802175403732799,1.7486152886841704,-0.019697185080229444,1.4721115200188604,1.6351079717512187,8.283185307179584,0.02388068481464379,1.0,1.0,0.05815514589937461,4.141442545308486,1.718714975505299,-0.004331430052634458,1.3928568139641755,1.8041085369561318,8.283185307179584,0.027871223016816424,1.0,1.0,0.07695427273776655,3.326421938213511,1.4764972891715193,-0.05644557850475342,2.6499515160537017,2.4617579089983392,8.13113876279472,0.04739027870655013,1.345443087065826,1.273768474611949,0.1748872147095869,1.9712726130440474
7.0,0.0,0.0,0.005330078125,0.011163085937500001,0.00028564453125,0.0,0.0,0.0,0.0,1.5848426306622896,1.7476204934838857,-0.022148813140504375,1.4707770482107994,1.6557050825458133,8.283185307179584,0.028656821777572547,1.0,1.0,0.058051750921155276,4.146590412146075,1.7185393674326517,-0.004413641931403539,1.3809228912237415,1.821516924689664,8.283185307179584,0.031515849049376404,1.0,1.0,0.07700173605493373,3.3249400168044265,1.4644065709875609,-0.05251505857244379,2.638634916689367,2.5431579884049835,7.997090089413949,0.04898743194872424,1.3594504362478028,1.228221862703486,0.17344720420399243,1.9845883183201232
8.0,0.0,0.0,0.005327636718750001,0.011201660156250001,0.000293212890625,0.0,0.0,0.0,0.0,1.5894677209512995,1.7466588864743848,-0.02460044120077931,1.4694425764027383,1.6763021933404079,8.283185307179584,0.033432958740501305,1.0,1.0,0.057948355942935945,4.1517382789836645,1.7184183999360099,-0.00449585381017262,1.3689889684833076,1.8389253124231963,8.283185307179584,0.035160475081936385,1.0,1.0,0.0770491993721009,3.323458095395342,1.4527322709976667,-0.048584538640134164,2.627318317325032,2.6245580678116274,7.865657474119946,0.050584585190898354,1.3734577854297796,1.182675250795023,0.17200719369839795,1.997904023596199
9.0,0.0,0.0,0.005326416015625,0.011220947265625,0.0002969970703125,0.0,0.0,0.0,0.0,1.5917802660958045,1.7461901166678053,-0.025826255230916778,1.4687753404987078,1.686600748737705,8.283185307179584,0.03582102722196569,1.0,1.0,0.05789665845382628,4.154312212402459,1.7183783464272098,-0.004536959749557161,1.3630220071130905,1.8476295062899626,8.283185307179584,0.03698278809821637,1.0,1.0,0.0770729310306845,3.3227171346907993,1.4470433751511396,-0.046619278673979345,2.6216600176428644,2.6652581075149495,7.800904021766927,0.05138316181198541,1.380461460020768,1.1599019448407915,0.17128718844560073,2.004561876234237
10.0,0.0,0.0,0.0053251953125,0.011240234375,0.00030078125,0.0,0.0,0.0,0.0,1.5940928112403092,1.7457291560992245,-0.027052069261054242,1.4681081045946776,1.6968993041350025,8.283185307179584,0.03820909570343006,1.0,1.0,0.05784496096471661,4.156886145821253,1.7183518834496523,-0.0045780656889417015,1.3570550457428736,1.8563337001567288,8.283185307179584,0.03880510111449636,1.0,1.0,0.07709666268926808,3.3219761739862568,1.4414493682380338,-0.04465401870782453,2.616001717960697,2.705958147218271,7.736782968200979,0.05218173843307247,1.3874651346117566,1.1371286388865598,0.1705671831928035,2.0112197288722746
11.0,0.0,0.0,0.005408203125,0.011397094726562501,0.00030627441406250004,0.0,0.0,0.0,0.0,1.6166041106942757,1.7487518883565034,-0.04281227736946471,1.5581988924932695,1.669125878084202,8.283185307179584,0.04398048915797841,1.0,1.0,0.057862233896117034,4.156018190018262,1.7253674292083856,-0.01892292220869117,1.4271105181951782,1.8126172782930476,8.283185307179584,0.04313369152639543,1.0,1.0,0.07687124867123046,3.329119536507825,1.4566185992655423,-0.04621113074848214,2.5753925327834066,2.6240289911042765,7.801806373991421,0.050835700332799695,1.3494128904790457,1.132770980415153,0.1696794546212371,2.020240997908185
12.0,0.0,0.0,0.0054912109375,0.011553955078125,0.00031176757812500003,0.0,0.0,0.0,0.0,1.6391154101482424,1.7526227251897388,-0.05857248547787518,1.6482896803918612,1.6413524520334013,8.283185307179584,0.04975188261252676,1.0,1.0,0.057879506827517455,4.15515023421527,1.7330498885515615,-0.03326777872844064,1.4971659906474828,1.7689008564293662,8.283185307179584,0.04746228193829449,1.0,1.0,0.07664583465319283,3.336262899029394,1.4722549082489245,-0.04776824278913974,2.5347833476061163,2.5420998349902817,7.868794111991637,0.04948966223252692,1.3113606463463348,1.128413321943746,0.1687917260496707,2.0292622669440954
13.0,0.0,0.0,0.00557421875,0.0117108154296875,0.0003172607421875,0.0,0.0,0.0,0.0,1.661626709602209,1.7573002276339498,-0.07433269358628564,1.7383804682904531,1.6135790259826006,8.283185307179584,0.05552327606707512,1.0,1.0,0.05789677975891787,4.154282278412278,1.7414024263849686,-0.04761263524819011,1.5672214630997874,1.7251844345656848,8.283185307179584,0.05179087235019356,1.0,1.0,0.07642042063515521,3.343406261550963,1.4883850872071522,-0.04932535482979735,2.494174162428826,2.4601706788762865,7.937839872146548,0.04814362413225414,1.2733084022136238,1.124055663472339,0.16790399747810428,2.0382835359800056
14.0,0.0,0.0,0.005615722656250001,0.01178924560546875,0.00032000732421875,0.0,0.0,0.0,0.0,1.6728823593291924,1.7599282574793376,-0.08221279764049087,1.7834258622397492,1.5996923129572003,8.283185307179584,0.0584089727943493,1.0,1.0,0.057905416224618075,4.1538483005107825,1.7458311513512839,-0.054785063508064835,1.6022491993259398,1.7033262236338442,8.283185307179584,0.0539551675561431,1.0,1.0,0.07630771362613639,3.346977942811747,1.4966443735652297,-0.05010391085012615,2.473869569840181,2.419206100819289,7.973165478273057,0.047470605082117756,1.2542822801472684,1.1218768342366356,0.16746013319232106,2.0427941704979604
15.0,0.0,0.0,0.0056572265625,0.01186767578125,0.00032275390625,0.0,0.0,0.0,0.0,1.6841380090561757,1.7627422116422755,-0.09009290169469611,1.828471256189045,1.5858055999318,8.283185307179584,0.06129466952162347,1.0,1.0,0.05791405269031829,4.153414322609287,1.750428530597381,-0.06195749176793957,1.637276935552092,1.6814680127020036,8.283185307179584,0.056119462762092634,1.0,1.0,0.07619500661711759,3.3505496240725314,1.5050382331024423,-0.05088246687045496,2.4535649772515358,2.3782415227622917,8.009043575626121,0.046797586031981364,1.235256158080913,1.1196980050009322,0.16701626890653787,2.0473048050159157
16.0,0.0,0.0,0.005740234375,0.0120245361328125,0.0003282470703125,0.0,0.0,0.0,0.0,1.7066493085101424,1.7689079248884898,-0.10585310980310658,1.918562044087637,1.5580321738809992,8.283185307179584,0.06706606297617182,1.0,1.0,0.05793132562171871,4.152546366806295,1.7601297164112988,-0.07630234828768903,1.7073324080043966,1.6377515908383222,8.283185307179584,0.060448053173991705,1.0,1.0,0.07596959259907997,3.3576929865941,1.5222460179373094,-0.05243957891111257,2.4129557920742455,2.296312366648297,8.082511908202896,0.04545154793170859,1.197203913948202,1.1153403465295253,0.16612854033497146,2.056326074051826
17.0,0.0,0.0,0.0058232421875,0.012181396484374999,0.000333740234375,0.0,0.0,0.0,0.0,1.729160607964109,1.775759194403303,-0.12161331791151704,2.008652831986229,1.5302587478301986,8.283185307179584,0.07283745643072018,1.0,1.0,0.057948598553119124,4.151678411003304,1.7705065317490947,-0.0906472048074385,1.7773878804567012,1.5940351689746408,8.283185307179584,0.06477664358589078,1.0,1.0,0.07574417858104235,3.3648363491156683,1.5400429992953133,-0.053996690951770177,2.372346606896955,2.2143832105343018,8.158358909925553,0.04410550983143581,1.1591516698154911,1.1109826880581184,0.16524081176340505,2.065347343087736
18.0,0.0,0.0,0.00590625,0.012338256835937499,0.0003392333984375,0.0,0.0,0.0,0.0,1.7516719074180758,1.7832609322118713,-0.1373735260199275,2.0987436198848206,1.5024853217793979,8.283185307179584,0.07860884988526853,1.0,1.0,0.057965871484519545,4.150810455200313,1.7815596210523865,-0.10499206132718797,1.8474433529090057,1.5503187471109596,8.283185307179584,0.06910523399778984,1.0,1.0,0.07551876456300471,3.3719797116372368,1.5584669786796308,-0.05555380299242778,2.331737421719665,2.132454054420307,8.23670662681917,0.042759471731163026,1.1210994256827802,1.1066250295867115,0.1643530831918386,2.074368612123646
19.0,0.0,0.0,0.0059477539062500005,0.01241668701171875,0.00034197998046875,0.0,0.0,0.0,0.0,1.762927557145059,1.7872456452757337,-0.14525363007413272,2.143789013834117,1.4885986087539975,8.283185307179584,0.08149454661254271,1.0,1.0,0.05797450795021976,4.150376477298817,1.7873401981731178,-0.11216448958706271,1.8824710891351581,1.5284605361791188,8.283185307179584,0.07126952920373937,1.0,1.0,0.07540605755398591,3.3755513928980214,1.5679268934234032,-0.056332359012756586,2.3114328291310198,2.09148947636331,8.276858758566421,0.042086452681026634,1.1020733036164247,1.104446200351008,0.16390921890605542,2.078879246641601
20.0,0.0,0.0,0.0059892578125,0.0124951171875,0.0003447265625,0.0,0.0,0.0,0.0,1.7741832068720425,1.7913812796827298,-0.15313373412833797,2.1888344077834128,1.4747118957285974,8.283185307179584,0.08438024333981688,1.0,1.0,0.057983144415919965,4.149942499397321,1.7932905253202471,-0.11933691784693744,1.9174988253613103,1.5066023252472782,8.283185307179584,0.0734338244096889,1.0,1.0,0.0752933505449671,3.3791230741588056,1.5775594165766713,-0.05711091503308539,2.291128236542375,2.0505248983063122,8.317685835520654,0.04141343363089025,1.083047181550069,1.1022673711153044,0.1634653546202722,2.0833898811595564
21.0,0.0,0.0,0.0061166992187500005,0.012766723632812501,0.00035070800781249997,0.0,0.0,0.0,0.0,1.8119951734811663,1.7919353732762624,-0.16129119793917296,2.2316974645287857,1.479162632384833,8.283185307179584,0.09024735668226391,1.0,1.0,0.05808058862017697,4.145105754919134,1.7893164591694808,-0.1284241800097767,1.9643179852966588,1.529700760999944,8.283185307179584,0.08106475390579349,1.0,1.0,0.07524063893415947,3.380832808283552,1.5672268830421623,-0.05038154449568105,2.2175143585290407,2.1441854291717397,8.331203297627198,0.04238375137755998,1.1258546921206722,1.1514183012947035,0.16417501961108427,2.0761250362505845
22.0,0.0,0.0,0.006244140625,0.013038330078125,0.00035668945312499996,0.0,0.0,0.0,0.0,1.84980714009029,1.7925470504319083,-0.16944866175000795,2.274560521274159,1.4836133690410684,8.283185307179584,0.09611447002471094,1.0,1.0,0.05817803282443398,4.1402690104409485,1.785473062355825,-0.13751144217261596,2.011137145232007,1.5527991967526096,8.283185307179584,0.08869568340189805,1.0,1.0,0.07518792732335183,3.3825425424082978,1.5580015913677192,-0.04365217395827671,2.1439004805157067,2.237845960037167,8.347383952293088,0.043354069124229705,1.1686622026912752,1.2005692314741023,0.16488468460189631,2.0688601913416127
23.0,0.0,0.0,0.00637158203125,0.0133099365234375,0.0003626708984375,0.0,0.0,0.0,0.0,1.8876191066994137,1.7932129979953735,-0.17760612556084293,2.317423578019532,1.4880641056973039,8.283185307179584,0.10198158336715796,1.0,1.0,0.058275477028690986,4.135432265962763,1.7817540069998523,-0.14659870433545522,2.0579563051673553,1.5758976325052751,8.283185307179584,0.09632661289800262,1.0,1.0,0.07513521571254421,3.384252276533044,1.5498423312210334,-0.036922803420872376,2.0702866025023727,2.3315064909025947,8.366139144976673,0.04432438687089943,1.2114697132618781,1.2497201616535012,0.16559434959270838,2.061595346432641
24.0,0.0,0.0,0.0064353027343749996,0.01344573974609375,0.00036566162109375,0.0,0.0,0.0,0.0,1.9065250900039756,1.7935653156935545,-0.1816848574662604,2.3388551063922183,1.4902894740254218,8.283185307179584,0.10491514003838147,1.0,1.0,0.05832419913081949,4.133013893723669,1.779939184040134,-0.15114233541687483,2.0813658851350296,1.587446850381608,8.283185307179584,0.10014207764605491,1.0,1.0,0.07510885990714039,3.385107143595417,1.546151881399222,-0.033558118152170205,2.0334796634957053,2.378336756335308,8.376456663577551,0.04480954574423429,1.2328734685471798,1.2742956267432006,0.16594918208811443,2.057962923978155
25.0,0.0,0.0,0.006499023437499999,0.013581542968749999,0.00036865234375,0.0,0.0,0.0,0.0,1.9254310733085376,1.7939300044826498,-0.1857635893716779,2.360286634764905,1.4925148423535395,8.283185307179584,0.10784869670960498,1.0,1.0,0.05837292123294799,4.130595521484576,1.7781531635586054,-0.15568596649829447,2.104775465102704,1.5989960682579407,8.283185307179584,0.1039575423941072,1.0,1.0,0.07508250410173659,3.3859620106577903,1.5427162240625583,-0.030193432883468038,1.9966727244890383,2.425167021768022,8.387388102715912,0.04529470461756916,1.2542772238324813,1.2988710918329,0.16630401458352045,2.054330501523669
26.0,0.0,0.0,0.006626464843749999,0.013853149414062498,0.0003746337890625,0.0,0.0,0.0,0.0,1.9632430399176615,1.7946949572787996,-0.19392105318251285,2.403149691510278,1.4969655790097751,8.283185307179584,0.113715810052052,1.0,1.0,0.05847036543720499,4.12575877700639,1.774664603492503,-0.16477322866113372,2.151594625038052,1.6220945040106063,8.283185307179584,0.11158847189021179,1.0,1.0,0.07502979249092896,3.3876717447825366,1.5365980957662035,-0.0234640623460637,1.9230588464757041,2.5188275526334496,8.411057227130106,0.04626502236423889,1.2970847344030845,1.348022022012299,0.1670136795743325,2.047065656614697
27.0,0.0,0.0,0.0067539062499999995,0.014124755859375,0.00038061523437500004,0.0,0.0,0.0,0.0,2.0010550065267854,1.795504839471365,-0.20207851699334783,2.446012748255651,1.5014163156660105,8.283185307179584,0.11958292339449902,1.0,1.0,0.05856780964146199,4.120922032528204,1.7712825985411853,-0.17386049082397298,2.1984137849734005,1.645192939763272,8.283185307179584,0.11921940138631636,1.0,1.0,0.07497708088012134,3.389381478907283,1.531470044075405,-0.016734691808659365,1.84944496846237,2.612488083498877,8.43707946690125,0.047235340110908616,1.3398922449736874,1.3971729521916978,0.16772334456514457,2.0398008117057254
28.0,0.0,0.0,0.00688134765625,0.0143963623046875,0.00038659667968750003,0.0,0.0,0.0,0.0,2.0388669731359093,1.7963567264418092,-0.21023598080418282,2.488875805001024,1.505867052322246,8.283185307179584,0.12545003673694605,1.0,1.0,0.058665253845718995,4.116085288050018,1.7680016176296172,-0.18294775298681223,2.245232944908749,1.6682913755159379,8.283185307179584,0.12685033088242093,1.0,1.0,0.0749243692693137,3.391091213032029,1.5273212648409422,-0.010005321271255026,1.775831090449036,2.706148614364305,8.465393757209648,0.04820565785757834,1.3826997555442904,1.4463238823710967,0.16843300955595664,2.032535966796753
29.0,0.0,0.0,0.006945068359375,0.01453216552734375,0.00038958740234375005,0.0,0.0,0.0,0.0,2.0577729564404708,1.7967975321390783,-0.2143147127096003,2.51030733337371,1.5080924206503639,8.283185307179584,0.12838359340816957,1.0,1.0,0.058713975947847497,4.113666915810924,1.766397335459799,-0.18749138406823185,2.268642524876423,1.6798405933922707,8.283185307179584,0.1306657956304732,1.0,1.0,0.0748980134639099,3.391946080094402,1.5256127356276121,-0.006640636002552857,1.739024151442369,2.752978879797019,8.480392851163064,0.0486908167309132,1.404103510829592,1.4708993474607963,0.16878784205136266,2.028903544342267
30.0,0.0,0.0,0.0070087890625,0.01466796875,0.000392578125,0.0,0.0,0.0,0.0,2.0766789397450327,1.7972477823111048,-0.2183934446150178,2.5317388617463967,1.5103177889784816,8.283185307179584,0.13131715007939307,1.0,1.0,0.058762698049976005,4.111248543571832,1.7648163219608755,-0.1920350151496515,2.2920521048440974,1.6913898112686034,8.283185307179584,0.1344812603785255,1.0,1.0,0.07487165765850608,3.3928009471567755,1.5241484407816581,-0.003275950733850689,1.7022172124357018,2.7998091452297325,8.49594451900635,0.04917597560424807,1.4255072661148935,1.4954748125504957,0.16914267454676868,2.0252711218877812
31.0,0.0,0.0,0.0074317626953125,0.015489501953125,0.00043896484375,0.0,0.0,0.0,0.0,2.193866833299831,1.8008933386466468,-0.23945578122498587,2.6751437148905985,1.5015346202786062,8.283185307179584,0.1436609212794524,1.0,1.0,0.058390566382788334,4.130282793582277,1.7644521246597467,-0.21529211454452532,2.4567884334421444,1.6873525599399335,8.283185307179584,0.14730143855227124,1.0,1.0,0.07479867790881808,3.395193456731443,1.517405148204428,-0.008122375426398173,1.7368055733901229,2.85111665111174,8.460964376060161,0.052960354706505716,1.4035761955303057,1.462524543415153,0.16761968569033053,2.0414225942200375
32.0,0.0,0.0,0.00764324951171875,0.0159002685546875,0.00046215820312500006,0.0,0.0,0.0,0.0,2.2524607800772296,1.8029935983340122,-0.24998694952996992,2.7468461414626995,1.4971430359286684,8.283185307179584,0.14983280687948208,1.0,1.0,0.0582045005491945,4.1397999185874985,1.7647158280052269,-0.22692066424196222,2.539156597741168,1.6853339342755986,8.283185307179584,0.15371152763914409,1.0,1.0,0.07476218803397408,3.3963897115187764,1.5140989509841933,-0.010545587772671915,1.7540997538673333,2.8767704040527433,8.443752160653435,0.05485254425763454,1.3926106602380117,1.4460494088474818,0.16685819126211146,2.049498330386166
33.0,0.0,0.0,0.007854736328125,0.01631103515625,0.00048535156250000005,0.0,0.0,0.0,0.0,2.3110547268546284,1.805263163087704,-0.26051811783495393,2.8185485680348004,1.4927514515787306,8.283185307179584,0.15600469247951176,1.0,1.0,0.05801843471560067,4.1493170435927205,1.765246625247282,-0.23854921393939915,2.6215247620401914,1.6833153086112635,8.283185307179584,0.16012161672601694,1.0,1.0,0.07472569815913008,3.39758596630611,1.5108351444093007,-0.012968800118945656,1.7713939343445437,2.902424156993747,8.426725549095423,0.05674473380876337,1.3816451249457178,1.4295742742798105,0.1660966968338924,2.057574066552294
34.0,0.0,0.0,0.00806622314453125,0.0167218017578125,0.000508544921875,0.0,0.0,0.0,0.0,2.3696486736320272,1.8076912070593603,-0.27104928613993795,2.8902509946069013,1.4883598672287928,8.283185307179584,0.16217657807954144,1.0,1.0,0.05783236888200684,4.158834168597942,1.766024219914923,-0.2501777636368361,2.703892926339215,1.6812966829469285,8.283185307179584,0.16653170581288979,1.0,1.0,0.07468920828428607,3.3987822210934437,1.5076128803943811,-0.015392012465219398,1.7886881148217542,2.9280779099347507,8.409884840854911,0.05863692335989219,1.3706795896534238,1.413099139712139,0.16533520240567331,2.065649802718422
35.0,0.0,0.0,0.0082777099609375,0.017132568359375,0.0005317382812500001,0.0,0.0,0.0,0.0,2.4282426204094265,1.8102675707944762,-0.28158045444492197,2.961953421179002,1.483968282878855,8.283185307179584,0.16834846367957113,1.0,1.0,0.057646303048413006,4.168351293603164,1.7670299013783386,-0.26180631333427296,2.7862610906382383,1.6792780572825936,8.283185307179584,0.17294179489976266,1.0,1.0,0.07465271840944208,3.3999784758807774,1.5044313578047088,-0.01781522481149314,1.8059822952989646,2.953731662875754,8.393230355521979,0.06052911291102101,1.35971405436113,1.3966240051444678,0.16457370797745424,2.0737255388845504
36.0,0.0,0.0,0.00848919677734375,0.017543334960937497,0.0005549316406250001,0.0,0.0,0.0,0.0,2.4868365671868258,1.812982700680975,-0.292111622749906,3.033655847751103,1.4795766985289172,8.283185307179584,0.1745203492796008,1.0,1.0,0.057460237214819174,4.177868418608386,1.7682463728021183,-0.2734348630317099,2.868629254937262,1.6772594316182587,8.283185307179584,0.17935188398663554,1.0,1.0,0.0746162285345981,3.401174730668111,1.5012898130822865,-0.02023843715776688,1.8232764757761752,2.9793854158167576,8.376762433177817,0.06242130246214983,1.348748519068836,1.3801488705767966,0.1638122135492352,2.0818012750506787
37.0,0.0,0.0,0.00870068359375,0.017954101562499998,0.0005781250000000001,0.0,0.0,0.0,0.0,2.5454305139642246,1.8158275945365956,-0.30264279105489,3.105358274323204,1.4751851141789794,8.283185307179584,0.1806922348796305,1.0,1.0,0.057274171381225335,4.187385543613608,1.7696576001912296,-0.2850634127291468,2.9509974192362853,1.6752408059539237,8.283185307179584,0.1857619730735084,1.0,1.0,0.07457973865975409,3.402370985455445,1.4981875138568077,-0.022661649504040624,1.8405706562533857,3.0050391687577616,8.360481434775627,0.06431349201327866,1.337782983776542,1.3636737360091251,0.16305071912101612,2.0898770112168066
38.0,0.0,0.0,0.00891217041015625,0.0183648681640625,0.000601318359375,0.0,0.0,0.0,0.0,2.6040244607416234,1.818793752659214,-0.313173959359874,3.177060700895305,1.4707935298290415,8.283185307179584,0.18686412047966017,1.0,1.0,0.057088105547631496,4.19690266861883,1.7712486796674023,-0.2966919624265837,3.033365583535309,1.6732221802895886,8.283185307179584,0.19217206216038124,1.0,1.0,0.07454324878491009,3.4035672402427792,1.4951237544327944,-0.025084861850314367,1.857864836730596,3.030692921698765,8.344387742532804,0.06620568156440748,1.326817448484248,1.3471986014414536,0.16228922469279705,2.0979527473829345
39.0,0.0,0.0,0.009123657226562498,0.018775634765625,0.0006245117187500001,0.0,0.0,0.0,0.0,2.6626184075190227,1.8218731337426368,-0.32370512766485804,3.248763127467406,1.4664019454791037,8.283185307179584,0.19303600607968985,1.0,1.0,0.056902039714037664,4.206419793624052,1.7730057205286673,-0.3083205121240206,3.1157337478343323,1.6712035546252537,8.283185307179584,0.19858215124725412,1.0,1.0,0.0745067589100661,3.404763495030113,1.4920978524254518,-0.027508074196588107,1.8751590172078068,3.0563466746397685,8.328481760334949,0.06809787111553631,1.3158519131919542,1.3307234668737824,0.161527730264578,2.106028483549063
40.0,0.0,0.0,0.009335144042968748,0.0191864013671875,0.0006477050781250001,0.0,0.0,0.0,0.0,2.721212354296422,1.8250581151304561,-0.33423629596984206,3.3204655540395067,1.462010361129166,8.283185307179584,0.19920789167971953,1.0,1.0,0.05671597388044383,4.215936918629275,1.7749157420006847,-0.31994906182145755,3.198101912133356,1.6691849289609189,8.283185307179584,0.204992240334127,1.0,1.0,0.07447026903522211,3.4059597498174465,1.4891091462299535,-0.02993128654286185,1.8924531976850172,3.0820004275807724,8.312763914151967,0.06999006066666513,1.3048863778996602,1.3142483323061112,0.16076623583635893,2.114104219715191
41.0,0.0,0.0,0.009546630859374999,0.01959716796875,0.0006708984375,0.0,0.0,0.0,0.0,2.7798063010738208,1.8283414569427325,-0.3447674642748261,3.3921679806116076,1.4576187767792284,8.283185307179584,0.20537977727974918,1.0,1.0,0.05652990804685,4.225454043634497,1.7769665818919282,-0.3315776115188944,3.2804700764323793,1.6671663032965838,8.283185307179584,0.21140232942099985,1.0,1.0,0.0744337791603781,3.40715600460478,1.4861569930503564,-0.032354498889135594,1.9097473781622276,3.107654180521776,8.297234652466715,0.07188225021779396,1.2939208426073663,1.2977731977384397,0.16000474140813986,2.122179955881319
42.0,0.0,0.0,0.009758117675781249,0.020007934570312497,0.000694091796875,0.0,0.0,0.0,0.0,2.8384002478512196,1.8317162696787124,-0.3552986325798101,3.4638704071837085,1.4532271924292908,8.283185307179584,0.21155166287977883,1.0,1.0,0.05634384221325617,4.234971168639719,1.779146815622727,-0.34320616121633135,3.362838240731403,1.665147677632249,8.283185307179584,0.2178124185078727,1.0,1.0,0.0743972892855341,3.408352259392114,1.4832407673355865,-0.034777711235409334,1.927041558639438,3.1333079334627794,8.281894446716604,0.07377443976892278,1.2829553073150723,1.2812980631707684,0.1592432469799208,2.1302556920474474
43.0,0.0,0.0,0.009969604492187499,0.020418701171874998,0.00071728515625,0.0,0.0,0.0,0.0,2.8969941946286184,1.8351759848528033,-0.3658298008847941,3.5355728337558094,1.448835608079353,8.283185307179584,0.21772354847980852,1.0,1.0,0.056157776379662336,4.244488293644942,1.7814456843170778,-0.3548347109137683,3.4452064050304263,1.663129051967914,8.283185307179584,0.22422250759474555,1.0,1.0,0.07436079941069011,3.4095485141794475,1.4803598595146619,-0.037200923581683074,1.9443357391166485,3.1589616864037833,8.266743791748569,0.07566662932005161,1.2719897720227784,1.2648229286030972,0.15848175255170172,2.1383314282135757
44.0,0.0,0.0,0.01018109130859375,0.0208294677734375,0.0007404785156250001,0.0,0.0,0.0,0.0,2.955588141406017,1.838714328544469,-0.3763609691897781,3.607275260327911,1.4444440237294152,8.283185307179584,0.2238954340798382,1.0,1.0,0.055971710546068504,4.254005418650164,1.7838530308318483,-0.36646326061120515,3.52757456932945,1.661110426303579,8.283185307179584,0.2306325966816184,1.0,1.0,0.07432430953584612,3.410744768966781,1.4775136749559554,-0.03962413592795681,1.9616299195938591,3.1846154393447867,8.251783206287877,0.07755881887118043,1.2610242367304845,1.2483477940354257,0.15772025812348264,2.1464071643797036
45.0,0.0,0.0,0.010392578125,0.021240234375,0.000763671875,0.0,0.0,0.0,0.0,3.0141820881834165,1.842325297314783,-0.38689213749476214,3.6789776869000117,1.4400524393794774,8.283185307179584,0.23006731967986788,1.0,1.0,0.055785644712474665,4.263522543655386,1.7863592427556272,-0.3780918103086421,3.6099427336284733,1.659091800639244,8.283185307179584,0.23704268576849127,1.0,1.0,0.07428781966100212,3.411941023754115,1.4747016330968847,-0.04204734827423056,1.9789241000710696,3.21026919228579,8.23701323342127,0.07945100842230925,1.2500587014381905,1.2318726594677545,0.15695876369526357,2.154482900545832
46.0,0.0,0.0,0.010708984375,0.02225195312499995,0.0008134765625,0.0,0.0,0.0,0.0,3.148021112726332,1.8209566710254714,-0.39361961192785194,3.6350132333154974,1.5527747770543168,8.283185307179584,0.2466549470297972,1.0,1.0,0.05532343916155248,4.288463419276596,1.7948545642686118,-0.41387410425002363,4.1279323102940175,1.5811208560132952,8.283185307179584,0.2503349583481153,1.0,1.0,0.07243936292208392,3.4754249439284077,1.4990562145885655,-0.060862211428857615,2.0439464350603647,3.01998978235609,8.479829580293373,0.09312279486385999,1.2665360971230908,1.3483349668933764,0.15389888086769998,2.1903375931091382
47.0,0.0,0.0,0.0108671875,0.022757812499999926,0.00083837890625,0.0,0.0,0.0,0.0,3.2149406249977894,1.8109929546093602,-0.3969833491443968,3.61303100652324,1.6091359458917365,8.283185307179584,0.25494876070476186,1.0,1.0,0.05509233638609139,4.300933857087202,1.801500306978981,-0.4317652512207144,4.386927098626789,1.5421353837003207,8.283185307179584,0.2569810946379273,1.0,1.0,0.07151513455262482,3.507166904015554,1.511910637513154,-0.07026964300617114,2.0764576025550125,2.9248500773912403,8.604601259666307,0.09995868808463536,1.2747747949655408,1.4065661206061872,0.1523689394539182,2.208264939390791
48.0,0.0,0.0,0.011025390625,0.0232636718749999,0.00086328125,0.0,0.0,0.0,0.0,3.281860137269247,1.8014684729034323,-0.40034708636094174,3.591048779730983,1.6654971147291562,8.283185307179584,0.26324257437972653,1.0,1.0,0.05486123361063029,4.313404294897807,1.8095629531901385,-0.4496563981914052,4.645921886959561,1.503149911387346,8.283185307179584,0.2636272309277393,1.0,1.0,0.0705909061831657,3.5389088641027007,1.5252538495066181,-0.07967707458348468,2.10896877004966,2.82971037242639,8.731673363466973,0.10679458130541072,1.283013492807991,1.464797274318998,0.1508389980401364,2.226192285672444
49.0,0.0,0.0,0.0116826171875,0.0244199218749999,0.0008896484375,0.0,0.0,0.0,4.8828125e-07,3.452542767335265,1.799904535777021,-0.46496547998889204,4.745706780661921,1.5595909528041942,8.283185307179584,0.27591581458824566,1.0,1.0,0.05499296440118946,4.306229898959904,1.7936546102675088,-0.49248014422203656,5.600856584551176,1.499729621728393,8.283185307179584,0.27423250382885134,1.0,1.0,0.07112104866582533,3.5201727676140138,1.5483709722785006,-0.09109785808924575,2.1164713506794404,2.7005030994591515,8.783677511318624,0.1120812959504578,1.1515258103176385,1.3612767256871423,0.1486740480629119,2.2531240342123957
50.0,0.0,0.0,0.012011230468749998,0.024998046874999902,0.00090283203125,0.0,0.0,0.0,7.32421875e-07,3.537884082368274,1.80743962386356,-0.4972746768028672,5.323035781127389,1.5066378718417133,8.283185307179584,0.28225243469250527,1.0,1.0,0.05505882979646905,4.302642700990953,1.7890170957060891,-0.5138920172373522,6.078323933346983,1.4980194768989166,8.283185307179584,0.2795351402794073,1.0,1.0,0.07138611990715515,3.51080471936967,1.5602710844796206,-0.0968082498421263,2.1202226409943306,2.635899462975532,8.818705623793695,0.11472465327298134,1.0857819690724622,1.3095164513712145,0.14759157307429965,2.2665899084823717
51.0,0.0,0.0,0.01233984375,0.0255761718749999,0.000916015625,0.0,0.0,0.0,9.765625e-07,3.623225397401283,1.819171684758032,-0.5295838736168423,5.900364781592859,1.4536847908792323,8.283185307179584,0.28858905479676483,1.0,1.0,0.05512469519174863,4.299055503022001,1.7861020535789893,-0.5353038902526679,6.555791282142791,1.49630933206944,8.283185307179584,0.2848377767299633,1.0,1.0,0.07165119114848498,3.5014366711253264,1.5724140857225786,-0.10251864159500684,2.1239739313092207,2.5712958264919124,8.86038100774899,0.11736801059550488,1.0200381278272859,1.2577561770552865,0.1465090980856874,2.2800557827523473
52.0,0.0,0.0,0.0129912109375,0.02690185546874995,0.0010371093749999998,0.0,0.0,0.0,4.8828125e-07,3.8160480726092336,1.7978976722295827,-0.5558421683697887,6.621236411919169,1.4950144688635483,8.283185307179584,0.30307414899538476,1.0,1.0,0.054768038678215954,4.318604302143717,1.7847379292867451,-0.5636218761132911,7.2967838581869575,1.480726907876396,8.283185307179584,0.29076535475587745,1.0,1.0,0.070751198832783,3.53350890742066,1.5163840727886568,-0.11628862900396245,2.324153526303869,2.9294381436794286,8.447659080782733,0.13805708238390002,1.0872848560796078,1.1609995644369198,0.15322006755228,2.200718903801547
53.0,0.0,0.0,0.013316894531250002,0.027564697265624976,0.0010976562499999999,0.0,0.0,0.0,2.44140625e-07,3.912459410213209,1.7885386393714342,-0.5689713157462619,6.981672227082324,1.5156793078557063,8.283185307179584,0.3103166960946947,1.0,1.0,0.05458971042144961,4.328378701704575,1.7852014679959007,-0.5777808690436026,7.667280146209041,1.4729356957798738,8.283185307179584,0.2937291437688345,1.0,1.0,0.070301202674932,3.5495450255683263,1.4912461599637592,-0.12317362270844025,2.4242433238011927,3.1085093022731867,8.251237229650949,0.1484016182780976,1.1209082202057687,1.1126212581277364,0.1565755522855763,2.161050464326147
54.0,0.0,0.0,0.013642578125,0.0282275390625,0.001158203125,0.0,0.0,0.0,0.0,4.008870747817184,1.7799084630414628,-0.5821004631227352,7.342108042245479,1.536344146847864,8.283185307179584,0.31755924319400464,1.0,1.0,0.054411382164683275,4.3381531012654335,1.7863235347989472,-0.5919398619739142,8.037776434231125,1.4651444836833518,8.283185307179584,0.2966929327817916,1.0,1.0,0.069851206517081,3.565581143715993,1.467756525642523,-0.13005861641291805,2.5243331212985165,3.2875804608669443,8.061055753584732,0.15874615417229518,1.1545315843319297,1.0642429518185528,0.15993103701887257,2.121382024850747
55.0,0.0,0.0,0.01438916015624995,0.029742675781250002,0.00123632812499995,0.0,0.0,0.0,0.0,4.226394736063968,1.760998332360433,-0.5982516535605481,7.717556662992175,1.6028299953621765,8.283185307179584,0.33089256490450936,1.0,1.0,0.05384686033070556,4.369920990612528,1.7594721852245887,-0.5990815567406269,8.358238742194398,1.5452950574873716,8.283185307179584,0.31490929013350033,1.0,1.0,0.06860438857978315,3.6122285351482297,1.4690103891569377,-0.14575637585340906,2.6311383002023927,3.273542842070905,8.157868476325563,0.1641990093208599,1.1780319078828199,1.1292905046182264,0.15407009145533754,2.1899820748435
56.0,0.0,0.0,0.014762451171874925,0.030500244140625,0.001275390624999925,0.0,0.0,0.0,0.0,4.33515673018736,1.751967575260255,-0.6063272487794545,7.905280973365523,1.6360729196193327,8.283185307179584,0.3375592257597617,1.0,1.0,0.053564599413716704,4.385804935286075,1.7466020791607622,-0.6026524041239831,8.518469896176034,1.5853703443893816,8.283185307179584,0.32401746880935467,1.0,1.0,0.06798097961113422,3.6355522308643478,1.4697856446645485,-0.15360525557365456,2.684540889654331,3.2665240326728853,8.20713512367104,0.16692543689514228,1.189782069658265,1.1618142810180632,0.15113961867357,2.2242820998398765
57.0,0.0,0.0,0.0151357421874999,0.0312578125,0.0013144531249999,0.0,0.0,0.0,0.0,4.443918724310752,1.7432010037832693,-0.614402843998361,8.09300528373887,1.669315843876489,8.283185307179584,0.34422588661501413,1.0,1.0,0.053282338496727845,4.401688879959621,1.7340815218536076,-0.6062232515073395,8.67870105015767,1.6254456312913916,8.283185307179584,0.33312564748520906,1.0,1.0,0.06735757064248529,3.6588759265804662,1.4706540526220895,-0.16145413529390007,2.7379434791062693,3.2595052232748656,8.2569813052956,0.16965186446942465,1.20153223143371,1.1943380574179001,0.1482091458918025,2.2585821248362525
58.0,0.0,0.0,0.01608886718749995,0.03333447265625,0.0014223632812499498,0.0,0.0,0.0,0.0,4.73058276509536,1.7131516250660046,-0.6152406278237565,8.240042428661006,1.776141019511333,8.283185307179584,0.35392938402443336,1.0,1.0,0.05245709191848762,4.450050019026128,1.7105140277412012,-0.5964018393992646,8.454083192410419,1.7153550416482504,8.283185307179584,0.33524855715304125,1.0,1.0,0.06666596361139251,3.685939363908183,1.44739650962068,-0.16538703261561982,2.861437773419896,3.402867904445457,8.253619342695846,0.17565996337301196,1.2328052598263168,1.2226944570294536,0.14195546410523838,2.34297487465225
59.0,0.0,0.0,0.016565429687499973,0.034372802734375,0.001476318359374975,0.0,0.0,0.0,0.0,4.873914785487663,1.6987967591492685,-0.6156595197364543,8.313561001122075,1.829553607328755,8.283185307179584,0.35878113272914297,1.0,1.0,0.0520444686293675,4.474230588559382,1.6993548788576742,-0.5914911333452272,8.341774263536795,1.7603097468266795,8.283185307179584,0.3363100119869573,1.0,1.0,0.06632016009584613,3.6994710825720416,1.4362421125970246,-0.1673534812764797,2.9231849205767095,3.4745492450307527,8.252395016695257,0.1786640128248056,1.2484417740226204,1.2368726568352304,0.13882862321195633,2.3851712495602486
60.0,0.0,0.0,0.0170419921875,0.0354111328125,0.0015302734375,0.0,0.0,0.0,0.0,5.017246805879967,1.6848583010287028,-0.6160784116491521,8.387079573583142,1.8829661951461771,8.283185307179584,0.3636328814338526,1.0,1.0,0.05163184534024739,4.498411158092636,1.6885919668347729,-0.5865804272911898,8.22946533466317,1.8052644520051089,8.283185307179584,0.3373714668208734,1.0,1.0,0.06597435658029972,3.7130028012358998,1.425386180670006,-0.16931992993733957,2.984932067733523,3.546230585616048,8.251469123859223,0.18166806227659926,1.2640782882189237,1.2510508566410072,0.13570178231867425,2.4273676244682476
61.0,0.0,0.0,0.01818701171875,0.03771728515625,0.0017280273437499999,0.0,0.0,0.0,4.8828125e-07,5.348644584906142,1.6633816358015694,-0.6369251474883071,9.19170086555765,1.94640202213361,8.283185307179584,0.38949898348325535,1.0,1.0,0.05155100249786172,4.503277126424886,1.6459290117476657,-0.5952824532625876,8.485079655151585,1.991483313057199,8.283185307179584,0.3645450956992907,1.0,1.0,0.06518509911791781,3.744995418424804,1.428978636944893,-0.19867733110183688,3.3456817617395167,3.3718771792482523,8.13129459443506,0.1892022212069382,1.2676376777119978,1.203122403121489,0.13972232697850812,2.371651190233065
62.0,0.0,0.0,0.018759521484375,0.038870361328125005,0.001826904296875,0.0,0.0,0.0,7.32421875e-07,5.5143434744192295,1.65350799810266,-0.6473485154078846,9.594011511544904,1.9781199356273265,8.283185307179584,0.4024320345079567,1.0,1.0,0.05151058107666889,4.505710110591012,1.6261742663013106,-0.5996334662482865,8.612886815395793,2.084592743583244,8.283185307179584,0.37813191013849945,1.0,1.0,0.06479047038672686,3.760991727019256,1.4326873282702395,-0.21335603168408554,3.526056608742514,3.284700476064354,8.07196270445083,0.19296930067210766,1.2694173724585347,1.1791581763617303,0.14173259930842505,2.3437929731154736
63.0,0.0,0.0,0.01933203125,0.0400234375,0.00192578125,0.0,0.0,0.0,9.765625e-07,5.680042363932317,1.6441459151819622,-0.6577718833274621,9.996322157532159,2.009837849121043,8.283185307179584,0.4153650855326581,1.0,1.0,0.051470159655476064,4.508143094757137,1.6073585422954033,-0.6039844792339855,8.740693975640001,2.1777021741092892,8.283185307179584,0.3917187245777081,1.0,1.0,0.06439584165553591,3.776988035613708,1.437567232914249,-0.2280347322663342,3.706431455745511,3.197523772880456,8.01312841046881,0.19673638013727712,1.2711970672050716,1.1551939496019712,0.14374287163834198,2.3159347559978825
64.0,0.0,0.0,0.02070507812499995,0.042774902343750004,0.0020903320312500003,0.0,0.0,0.0,4.8828125e-07,6.07193985478428,1.6214865675210368,-0.6495982670136543,9.483045925206355,2.1511784964519753,8.283185307179584,0.4272296397548673,1.0,1.0,0.050028920625576685,4.599037681854496,1.5917786664798763,-0.5931603023086425,8.127946816783153,2.316298298615062,8.283185307179584,0.4009919782623116,1.0,1.0,0.06343284811747313,3.8177252511660935,1.412979291386823,-0.2412416526828059,4.0419997803838985,3.2940016286475826,8.138769910533174,0.2020137971201175,1.3054172454920105,1.2410356307888524,0.1446854911046462,2.3036445787603927
65.0,0.0,0.0,0.021391601562499925,0.044150634765625,0.0021726074218750002,0.0,0.0,0.0,2.44140625e-07,6.267888600210261,1.6113205292829018,-0.6455114588567504,9.226407809043454,2.221848820117442,8.283185307179584,0.4331619168659719,1.0,1.0,0.04930830111062699,4.644484975403175,1.5852897978843101,-0.5877482138459711,7.821573237354729,2.385596360867949,8.283185307179584,0.40562860510461335,1.0,1.0,0.06295135134844174,3.838093858942286,1.4016289388049326,-0.24784511289104175,4.209783942703092,3.342240556531146,8.203097160470286,0.2046525056115377,1.32252733463548,1.283956471382293,0.1451568008377983,2.2974994901416483
66.0,0.0,0.0,0.0220781249999999,0.0455263671875,0.0022548828125,0.0,0.0,0.0,0.0,6.463837345636243,1.6018961050351428,-0.6414246506998466,8.969769692880552,2.292519143782908,8.283185307179584,0.4390941939770765,1.0,1.0,0.04858768159567731,4.689932268951854,1.5796681355517515,-0.5823361253832996,7.5151996579263045,2.4548944231208356,8.283185307179584,0.4102652319469151,1.0,1.0,0.06246985457941036,3.858462466718479,1.3908413038793497,-0.2544485730992776,4.377568105022287,3.3904794844147097,8.268442096842653,0.20729121410295787,1.3396374237789495,1.3268773119757336,0.14562811057095043,2.2913544015229035
67.0,0.0,0.0,0.02359277343749995,0.04876416015625,0.0024677734375,0.0,0.0,0.0,0.0,6.924940916113121,1.588025654694783,-0.631425610271386,8.228820587526744,2.445926715960587,8.283185307179584,0.4539584525659245,1.0,1.0,0.0474729343671734,4.766113056282148,1.5828216755449702,-0.609661299284401,8.063221347448184,2.433158623027154,8.283185307179584,0.4300262053663927,1.0,1.0,0.0609436174815062,3.9272034198033765,1.4053474402740995,-0.27941991375365627,4.824544511646608,3.149842944038017,8.185971190543597,0.21510313339076959,1.3875001656902664,1.3341564470708775,0.1365745400878916,2.4222090492990063
68.0,0.0,0.0,0.024350097656249976,0.050383056640625,0.00257421875,0.0,0.0,0.0,0.0,7.155492701351559,1.582635268789768,-0.6264260900571557,7.8583460348498395,2.522630502049426,8.283185307179584,0.46139058186034854,1.0,1.0,0.04691556075292144,4.804203449947295,1.5848491353497818,-0.6233238862349517,8.337232192209123,2.4222907229803132,8.283185307179584,0.4399066920761314,1.0,1.0,0.06018049893255412,3.9615738963458256,1.4147106284563553,-0.29190558408084566,5.048032714958769,3.0295246738496706,8.14589228849853,0.21900909303467544,1.411431536645925,1.3377960146184495,0.13204775484636216,2.4876363731870574
69.0,0.0,0.0,0.025107421875,0.052001953125,0.0026806640625,0.0,0.0,0.0,0.0,7.386044486589998,1.578283901715145,-0.6214265698429253,7.487871482172935,2.599334288138265,8.283185307179584,0.46882271115477253,1.0,1.0,0.04635818713866948,4.842293843612441,1.5871413908435268,-0.6369864731855024,8.611243036970063,2.411422822933472,8.283185307179584,0.4497871787858702,1.0,1.0,0.059417380383602045,3.9959443728882746,1.4254753431347578,-0.304391254408035,5.271520918270929,2.9092064036613245,8.106555610929027,0.2229150526785813,1.4353629076015832,1.3414355821660215,0.12752096960483275,2.5530636970751086
70.0,0.0,0.0,0.02689892578125,0.055671874999999996,0.00295751953124995,0.0,0.0,0.0,0.0,7.907613834517335,1.5512952897135617,-0.65339170302306,8.707203859148223,2.6711660455474497,8.242380634713522,0.49023899064763266,1.0161688186401252,1.0,0.04481711931240366,4.957325257464765,1.5703630677380738,-0.6588075900374829,9.352173705741079,2.476178831318231,8.283185307179584,0.4675330470867598,1.0,1.0,0.05856994192290478,4.036532189081332,1.4411396677736534,-0.3014272043667643,5.045268300421524,2.859116419440631,8.114959601546602,0.21761497941548047,1.3129760406750164,1.2376700814875559,0.1293409942738678,2.5242667041631
71.0,0.0,0.0,0.027794677734375002,0.0575068359375,0.0030959472656249248,0.0,0.0,0.0,0.0,8.168398508481003,1.5397828512520797,-0.6693742696131274,9.316870047635867,2.707081924252042,8.222194731749763,0.5009471303940627,1.024253227960188,1.0,0.044046585399270755,5.0148409643909275,1.5626309295661565,-0.6697181484634731,9.722639040126587,2.5085568355106105,8.283185307179584,0.4764059812372046,1.0,1.0,0.05814622269255615,4.056826097177861,1.4492564941385426,-0.2999451793461289,4.932141991496822,2.834071427330284,8.125359204495098,0.21496494278393002,1.2517826072117328,1.185787331148323,0.13025100660838534,2.509868207707096
72.0,0.0,0.0,0.0286904296875,0.059341796875,0.0032343749999999,0.0,0.0,0.0,0.0,8.429183182444671,1.5293524602287218,-0.6853568362031948,9.926536236123512,2.7429978029566344,8.202150924691718,0.5116552701404927,1.0323376372802504,1.0,0.04327605148613784,5.072356671317089,1.5552879560870583,-0.6806287068894634,10.093104374512095,2.5409348397029903,8.283185307179584,0.48527891538764945,1.0,1.0,0.05772250346220752,4.07712000527439,1.457573714908131,-0.29846315432549353,4.819015682572119,2.809026435219937,8.140225026043627,0.2123149061523796,1.1905891737484495,1.13390458080909,0.13116101894290286,2.4954697112510913
73.0,0.0,0.0,0.02995068359375,0.062142578125,0.0035087890624999002,0.0,0.0,0.0,0.0,8.82096351824634,1.5078657440054315,-0.7302622615349743,12.576231215613248,2.7232542170652163,8.118028642985012,0.5251897321219897,1.0668983360492512,1.0,0.04226522146573553,5.154798337449371,1.5080308231912725,-0.7227580801506481,13.53635248887105,2.6070387985347816,8.090229379222189,0.501469447015656,1.078548297701301,1.0,0.056783416196817725,4.124309737517525,1.4706106953516174,-0.3470182686079273,5.752752316749858,2.607352356259338,8.212228941979493,0.2214884466703268,1.1716928982655153,1.1463871902707314,0.12850107193825067,2.5380376063725434
74.0,0.0,0.0,0.0312109375,0.064943359375,0.0037832031249999,0.0,0.0,0.0,0.0,9.212743854048009,1.4974195785583728,-0.775167686866754,15.225926195102986,2.703510631173798,8.036353439026644,0.5387241941034867,1.1014590348182522,1.0,0.04125439144533322,5.237240003581653,1.4768072545887154,-0.7648874534118327,16.979600603230004,2.6731427573665734,7.909725536477945,0.5176599786436625,1.1570965954026022,1.0,0.05584432893142793,4.171499469760659,1.4952369700052184,-0.3955733828903611,6.686488950927598,2.405678277298739,8.285324566642366,0.23066198718827396,1.152796622782581,1.1588697997323731,0.1258411249335985,2.580605501493995
75.0,0.0,0.0,0.032660644531250005,0.0679189453125,0.0039565429687499504,0.0,0.0,0.0,0.0,9.629253219563346,1.4544180257032633,-0.8230926395942886,22.022159681831894,2.7161068984256223,7.919660912831901,0.5540705983789457,1.152637850269811,1.0,0.040189167413330035,5.330987460038465,1.4556388533289804,-0.801717724189891,21.250865556764982,2.676404826402707,7.8448394285957415,0.5346938924937792,1.1866195038082745,1.0,0.054218995997440636,4.2592452652382224,1.4555020216004595,-0.3850461390444906,6.804655196335833,2.596162544254451,8.073899220908086,0.22705208253606785,1.2145177315203282,1.128250314707903,0.12988946430385787,2.5169782866558714
76.0,0.0,0.0,0.0341103515625,0.07089453125,0.0041298828125,0.0,0.0,0.0,0.0,10.045762585078684,1.433202829930677,-0.8710175923218231,28.8183931685608,2.7287031656774463,7.807747575090361,0.5694170026544046,1.2038166657213694,1.0,0.03912394338132684,5.424734916495275,1.4437073546748689,-0.8385479949679493,25.52213051029996,2.6796668954388405,7.781473650729287,0.5517278063438958,1.216142412213947,1.0,0.05259366306345333,4.346991060715785,1.4184474127067388,-0.37451889519862,6.92282144174407,2.7866468112101623,7.872216144296158,0.22344217788386173,1.276238840258075,1.097630829683433,0.13393780367411723,2.4533510718177483
77.0,0.0,0.0,0.03528662109374995,0.07328662109375,0.00429833984375,0.0,0.0,0.0,0.0,10.39054014679119,1.3853663786845272,-0.8759644245392277,30.661741804399696,2.9919344665049072,7.554658682630988,0.589228265397137,1.3277745510366108,1.0,0.037777478134522195,5.554811220254319,1.3899884561277043,-0.8428563231106476,28.032013747559454,2.9405418016094917,7.614228013146112,0.5655184027825071,1.2975180730849172,1.0,0.05122383778815542,4.42767689843736,1.4246555431317924,-0.39617426568639036,7.567421078775738,2.68292458683646,7.854982976272888,0.2355463935329568,1.2939779805699738,1.1063310905219903,0.12365577950101145,2.629985961389241
78.0,0.0,0.0,0.0364628906249999,0.0756787109375,0.004466796875,0.0,0.0,0.0,0.0,10.735317708503697,1.3423295455906397,-0.8809112567566325,32.5050904402386,3.255165767332368,7.324056839159708,0.6090395281398695,1.4517324363518522,1.0,0.03643101288771755,5.684887524013362,1.3420243384922093,-0.847164651253346,30.54189698481895,3.201416707780143,7.457025796161793,0.5793089992211183,1.3788937339558873,1.0,0.0498540125128575,4.508362736158936,1.4339076004967577,-0.4178296361741607,8.212020715807407,2.5792023624627576,7.838118601182823,0.2476506091820519,1.3117171208818725,1.1150313513605479,0.11337375532790567,2.806620850960734
79.0,0.0,0.0,0.037231445312499944,0.07717919921875,0.004392578124999999,0.0,0.0,0.0,4.8828125e-07,10.95503475265462,1.3020008278931092,-0.8734460202741687,32.027020972998955,3.569360248630549,7.1163308396477,0.6245224548796098,1.573566207674589,1.0,0.03524342722419446,5.812117154542717,1.286325556041599,-0.8364100886356391,30.020650353587563,3.635981063968824,7.17141549465027,0.5957724706747533,1.540251739069014,1.0,0.04766323731372782,4.652525652746155,1.3453624249118965,-0.451737267819992,10.316825365263064,3.0202890535608398,7.475970671207586,0.2928291718710764,1.434457223822116,1.057515675680274,0.11366385104143015,2.800895298123466
80.0,0.0,0.0,0.038,0.0786796875,0.004318359375,0.0,0.0,0.0,9.765625e-07,11.174751796805545,1.2660930495579281,-0.8659807837917048,31.548951505759312,3.88355472992873,6.924944505715373,0.6400053816193502,1.6953999789973258,1.0,0.03405584156067138,5.939346785072072,1.2386674848213073,-0.8256555260179322,29.499403722356174,4.070545420157505,6.915589198504793,0.6122359421283882,1.7016097441821407,1.0,0.04547246211459814,4.796688569333374,1.2768619524000955,-0.4856448994658234,12.421630014718723,3.461375744658922,7.1432412164245624,0.33800773456010086,1.5571973267623598,1.0,0.11395394675495464,2.795169745286198
81.0,0.0,0.0,0.0375498046875,0.07779199218749999,0.00404931640625,0.0,0.0,0.0,4.8828125e-07,11.045240719094286,1.2100172047498152,-0.8579094615668397,30.794182518047677,4.475532898376156,6.663200484827451,0.6550305277094532,1.8789046212105558,1.0,0.03199537401282917,6.194448474698584,1.1958010734659907,-0.8225560448814637,28.94548989571487,4.568601563519319,6.59985372209079,0.6308481472473806,1.926556777084397,1.0,0.0435700525063386,4.940086221311422,1.2893748440966173,-0.48901445637556207,12.081822083541809,3.4181414260495497,7.208872492522666,0.3241033994447815,1.5696558109566827,1.042385513927306,0.1168230659252038,2.741106406669661
82.0,0.0,0.0,0.037099609375,0.076904296875,0.0037802734375,0.0,0.0,0.0,0.0,10.915729641383027,1.163455400650609,-0.8498381393419745,30.03941353033604,5.067511066823582,6.4285432424283115,0.6700556737995562,2.0624092634237856,1.0,0.029934906464986952,6.449550164325097,1.1591394863891484,-0.8194565637449951,28.391576069073565,5.066657706881133,6.323056428426545,0.649460352366373,2.1515038099866532,1.0,0.04166764289807906,5.0834838732894685,1.302211986920585,-0.4923840132853008,11.742014152364893,3.3749071074401775,7.275398164447689,0.31019906432946215,1.5821142951510059,1.0847710278546117,0.11969218509545299,2.687043068053124
83.0,0.0,0.0,0.03367578125,0.06979345703125,0.0030419921875,0.0,0.0,0.0,0.0,9.903747730613908,1.1234396296160996,-0.8477332587850736,29.340761509894776,5.7063357269041255,6.20928689545703,0.6847149667193979,2.252636745099738,1.0,0.02776806176587783,6.779807288456647,1.1248988780807079,-0.8120181969026058,26.901363097912405,5.665689637877909,6.134495141835599,0.6598475589810568,2.3221560221058075,1.0,0.03857570837895311,5.36392338847242,1.2784617859988894,-0.4859633642212421,12.050710319148095,3.512321993049052,7.227442047720073,0.31799238982688893,1.5585051457828096,1.042385513927306,0.11623038733423638,2.752857428397091
84.0,0.0,0.0,0.030251953125,0.0626826171875,0.0023037109375,0.0,0.0,0.0,0.0,8.891765819844787,1.089699767374407,-0.8456283782281726,28.642109489453507,6.34516038698467,6.010720290127435,0.6993742596392395,2.4428642267756913,1.0,0.025601217066768704,7.110064412588198,1.096913372524615,-0.8045798300602165,25.411150126751245,6.264721568874685,5.961623162547472,0.6702347655957408,2.4928082342249622,1.0,0.035483773859827164,5.644362903655371,1.255687054923387,-0.4795427151571834,12.359406485931295,3.6497368786579267,7.180387897857755,0.32578571532431566,1.5348959964146132,1.0,0.11276858957301977,2.818671788741057
85.0,0.0,0.0,0.0209765625,0.043486328124999946,0.00134814453124995,0.0,0.0,0.0,0.0,6.166898119462962,1.099972058033778,-0.8440956467274479,26.66062199109391,6.359507230898304,6.008400596590444,0.7068499356416085,2.4451968144995253,1.0,0.02298153743583884,7.635644658793888,1.0925505302735403,-0.806317007473885,24.20517538429776,6.52107442316751,5.874461952841237,0.6839763546138338,2.584531826372773,1.0,0.03136693182614262,6.153863319398006,1.2746197247089748,-0.4074883101629511,9.138219127053702,3.7016860020660003,7.119816610687326,0.28640022298768464,1.5714356998656103,1.0,0.11051883899395004,2.8652624815289363
86.0,0.0,0.0,0.011701171875,0.0242900390624999,0.0003925781249999,0.0,0.0,0.0,0.0,3.442030419081137,1.111340303540779,-0.8425629152267231,24.679134492734317,6.373854074811938,6.006083546842971,0.7143256116439773,2.4475294022233594,1.0,0.020361857804908977,8.161224904999578,1.08936576658532,-0.8080541848875537,22.99920064184428,6.777427277460335,5.790966130256335,0.6977179436319266,2.676255418520584,1.0,0.02725008979245808,6.663363735140641,1.3322037652483045,-0.33543390516871885,5.917031768176107,3.7536351254740743,7.060715748205659,0.2470147306510536,1.6079754033166074,1.0,0.10826908841488031,2.9118531743168155
87.0,0.0,0.0,0.005890136718749999,0.01221191406249995,0.00019677734374995,0.0,0.0,0.0,9.765625e-07,1.7879018394780648,0.9497755895150815,-0.8918104279767789,27.15995300534126,10.81305157310588,5.034244167023077,0.7498618875207128,3.72376470111168,1.0,0.015322577680622184,10.02354464351848,0.8935365584612645,-0.8596334794229608,26.930700247666007,12.95098012199475,4.9932029727123455,0.7415580535146875,3.794406708594477,1.0,0.02157953115170494,7.893778891981764,1.0998261198717907,-0.44629370683013003,7.205045878727935,8.863255184693301,6.615992167800318,0.4075995933302335,1.9142893508688228,1.0,0.0928088488725009,3.3508692010884484
88.0,0.0,0.0,7.91015625e-05,0.0001337890625,9.765625e-07,0.0,0.0,0.0,1.953125e-06,0.1337732598749928,0.8594939719589506,-0.9410579407268346,29.640771517948206,15.252249071399822,4.417698830495779,0.7853981633974483,5.0,1.0,0.010283297556335393,11.885864382037383,0.7943342705904805,-0.911212773958368,30.862199853487734,19.124532966529163,4.45295249520605,0.7853981633974483,4.91255799866837,1.0,0.015908972510951802,9.124194048822886,1.001821172914703,-0.5571535084915412,8.493059989279763,13.97287524391253,6.244667340387612,0.5681844560094134,2.220603298421038,1.0,0.07734860933012151,3.7898852278600814
89.0,0.0,0.0,0.0,1.953125e-06,0.0,9.765625e-07,1.953125e-06,1.953125e-06,3.90625e-06,0.061097847134409,3.141592653589793,0.0,0.0,0.0,9.869604401089358,0.0,0.0,0.0,0.0,0.0,3.141592653589793,0.0,0.0,0.0,9.869604401089358,0.0,0.0,0.0,0.0,0.0,3.141592653589793,0.0,0.0,0.0,9.869604401089358,0.0,0.0,0.0,0.0,0.0
