alpha,H,He,Mg,S,Mg_1,S_1,amu/ion,thetaK_Mg,thetaTilt_Mg,thetaM_Mg,thetaN_Mg,phiK_Mg,phiTilt_Mg,phiM_Mg,phiN_Mg,energyK_Mg,energyE_Mg,thetaK_S,thetaTilt_S,thetaM_S,thetaN_S,phiK_S,phiTilt_S,phiM_S,phiN_S,energyK_S,energyE_S
0,0.000E+00,0.000E+00,4.805E-02,4.463E-04,1.953E-06,0.000E+00,2.711E+00,0.000E+00,0.000E+00,0.000E+00,0.000E+00,1.828E+00,-2.660E-02,1.483E+00,1.291E+00,3.404E-01,1.151E+00,0.000E+00,0.000E+00,0.000E+00,0.000E+00,1.513E+00,6.136E-02,1.707E+00,2.926E+00,1.231E-01,2.627E+00
1,0.000E+00,0.000E+00,4.835E-02,4.548E-04,1.709E-06,0.000E+00,2.727E+00,0.000E+00,0.000E+00,0.000E+00,0.000E+00,1.826E+00,-3.425E-02,1.513E+00,1.311E+00,3.408E-01,1.150E+00,0.000E+00,0.000E+00,0.000E+00,0.000E+00,1.520E+00,5.310E-02,1.706E+00,2.849E+00,1.255E-01,2.590E+00
2,0.000E+00,0.000E+00,4.865E-02,4.634E-04,1.465E-06,0.000E+00,2.744E+00,0.000E+00,0.000E+00,0.000E+00,0.000E+00,1.823E+00,-4.190E-02,1.542E+00,1.331E+00,3.411E-01,1.149E+00,0.000E+00,0.000E+00,0.000E+00,0.000E+00,1.527E+00,4.483E-02,1.705E+00,2.773E+00,1.279E-01,2.554E+00
3,0.000E+00,0.000E+00,4.895E-02,4.719E-04,1.221E-06,0.000E+00,2.760E+00,0.000E+00,0.000E+00,0.000E+00,0.000E+00,1.821E+00,-4.956E-02,1.572E+00,1.351E+00,3.415E-01,1.148E+00,0.000E+00,0.000E+00,0.000E+00,0.000E+00,1.534E+00,3.657E-02,1.704E+00,2.696E+00,1.303E-01,2.518E+00
4,0.000E+00,0.000E+00,4.910E-02,4.762E-04,1.099E-06,0.000E+00,2.768E+00,0.000E+00,0.000E+00,0.000E+00,0.000E+00,1.820E+00,-5.338E-02,1.587E+00,1.360E+00,3.417E-01,1.147E+00,0.000E+00,0.000E+00,0.000E+00,0.000E+00,1.538E+00,3.243E-02,1.704E+00,2.658E+00,1.315E-01,2.500E+00
5,0.000E+00,0.000E+00,4.925E-02,4.805E-04,9.766E-07,0.000E+00,2.777E+00,0.000E+00,0.000E+00,0.000E+00,0.000E+00,1.819E+00,-5.721E-02,1.601E+00,1.370E+00,3.418E-01,1.147E+00,0.000E+00,0.000E+00,0.000E+00,0.000E+00,1.542E+00,2.830E-02,1.703E+00,2.620E+00,1.327E-01,2.482E+00
6,0.000E+00,0.000E+00,4.954E-02,4.890E-04,7.324E-07,0.000E+00,2.793E+00,0.000E+00,0.000E+00,0.000E+00,0.000E+00,1.816E+00,-6.486E-02,1.631E+00,1.390E+00,3.422E-01,1.146E+00,0.000E+00,0.000E+00,0.000E+00,0.000E+00,1.550E+00,2.003E-02,1.703E+00,2.543E+00,1.350E-01,2.445E+00
7,0.000E+00,0.000E+00,4.984E-02,4.976E-04,4.883E-07,0.000E+00,2.810E+00,0.000E+00,0.000E+00,0.000E+00,0.000E+00,1.814E+00,-7.251E-02,1.660E+00,1.410E+00,3.425E-01,1.145E+00,0.000E+00,0.000E+00,0.000E+00,0.000E+00,1.559E+00,1.177E-02,1.702E+00,2.467E+00,1.374E-01,2.409E+00
8,0.000E+00,0.000E+00,5.014E-02,5.061E-04,2.441E-07,0.000E+00,2.826E+00,0.000E+00,0.000E+00,0.000E+00,0.000E+00,1.812E+00,-8.017E-02,1.690E+00,1.430E+00,3.429E-01,1.144E+00,0.000E+00,0.000E+00,0.000E+00,0.000E+00,1.567E+00,3.500E-03,1.701E+00,2.390E+00,1.398E-01,2.373E+00
9,0.000E+00,0.000E+00,5.029E-02,5.104E-04,1.221E-07,0.000E+00,2.835E+00,0.000E+00,0.000E+00,0.000E+00,0.000E+00,1.811E+00,-8.399E-02,1.705E+00,1.439E+00,3.431E-01,1.143E+00,0.000E+00,0.000E+00,0.000E+00,0.000E+00,1.573E+00,-6.331E-04,1.701E+00,2.352E+00,1.410E-01,2.354E+00
10,0.000E+00,0.000E+00,5.044E-02,5.146E-04,0.000E+00,0.000E+00,2.843E+00,0.000E+00,0.000E+00,0.000E+00,0.000E+00,1.809E+00,-8.782E-02,1.719E+00,1.449E+00,3.432E-01,1.143E+00,0.000E+00,0.000E+00,0.000E+00,0.000E+00,1.582E+00,-4.766E-03,1.700E+00,2.313E+00,1.422E-01,2.336E+00
11,0.000E+00,0.000E+00,5.123E-02,5.251E-04,0.000E+00,0.000E+00,2.888E+00,0.000E+00,0.000E+00,0.000E+00,0.000E+00,1.809E+00,-1.029E-01,1.811E+00,1.446E+00,3.424E-01,1.145E+00,0.000E+00,0.000E+00,0.000E+00,0.000E+00,1.583E+00,-6.904E-04,1.646E+00,2.354E+00,1.402E-01,2.366E+00
12,0.000E+00,0.000E+00,5.202E-02,5.356E-04,0.000E+00,0.000E+00,2.934E+00,0.000E+00,0.000E+00,0.000E+00,0.000E+00,1.809E+00,-1.180E-01,1.902E+00,1.443E+00,3.415E-01,1.148E+00,0.000E+00,0.000E+00,0.000E+00,0.000E+00,1.588E+00,3.385E-03,1.591E+00,2.394E+00,1.383E-01,2.395E+00
13,0.000E+00,0.000E+00,5.280E-02,5.461E-04,0.000E+00,0.000E+00,2.979E+00,0.000E+00,0.000E+00,0.000E+00,0.000E+00,1.810E+00,-1.332E-01,1.993E+00,1.440E+00,3.406E-01,1.151E+00,0.000E+00,0.000E+00,0.000E+00,0.000E+00,1.594E+00,7.461E-03,1.536E+00,2.434E+00,1.363E-01,2.425E+00
14,0.000E+00,0.000E+00,5.320E-02,5.514E-04,0.000E+00,0.000E+00,3.002E+00,0.000E+00,0.000E+00,0.000E+00,0.000E+00,1.810E+00,-1.407E-01,2.038E+00,1.438E+00,3.401E-01,1.152E+00,0.000E+00,0.000E+00,0.000E+00,0.000E+00,1.597E+00,9.499E-03,1.509E+00,2.454E+00,1.353E-01,2.439E+00
15,0.000E+00,0.000E+00,5.359E-02,5.566E-04,0.000E+00,0.000E+00,3.024E+00,0.000E+00,0.000E+00,0.000E+00,0.000E+00,1.811E+00,-1.483E-01,2.084E+00,1.437E+00,3.397E-01,1.153E+00,0.000E+00,0.000E+00,0.000E+00,0.000E+00,1.601E+00,1.154E-02,1.482E+00,2.474E+00,1.343E-01,2.454E+00
16,0.000E+00,0.000E+00,5.438E-02,5.671E-04,0.000E+00,0.000E+00,3.070E+00,0.000E+00,0.000E+00,0.000E+00,0.000E+00,1.813E+00,-1.634E-01,2.175E+00,1.433E+00,3.388E-01,1.156E+00,0.000E+00,0.000E+00,0.000E+00,0.000E+00,1.608E+00,1.561E-02,1.427E+00,2.514E+00,1.323E-01,2.483E+00
17,0.000E+00,0.000E+00,5.517E-02,5.776E-04,0.000E+00,0.000E+00,3.115E+00,0.000E+00,0.000E+00,0.000E+00,0.000E+00,1.815E+00,-1.785E-01,2.266E+00,1.430E+00,3.379E-01,1.159E+00,0.000E+00,0.000E+00,0.000E+00,0.000E+00,1.616E+00,1.969E-02,1.372E+00,2.555E+00,1.303E-01,2.513E+00
18,0.000E+00,0.000E+00,5.596E-02,5.881E-04,0.000E+00,0.000E+00,3.160E+00,0.000E+00,0.000E+00,0.000E+00,0.000E+00,1.817E+00,-1.936E-01,2.357E+00,1.427E+00,3.370E-01,1.161E+00,0.000E+00,0.000E+00,0.000E+00,0.000E+00,1.625E+00,2.376E-02,1.318E+00,2.595E+00,1.284E-01,2.542E+00
19,0.000E+00,0.000E+00,5.635E-02,5.934E-04,0.000E+00,0.000E+00,3.183E+00,0.000E+00,0.000E+00,0.000E+00,0.000E+00,1.818E+00,-2.012E-01,2.403E+00,1.425E+00,3.365E-01,1.163E+00,0.000E+00,0.000E+00,0.000E+00,0.000E+00,1.630E+00,2.580E-02,1.290E+00,2.615E+00,1.274E-01,2.557E+00
20,0.000E+00,0.000E+00,5.674E-02,5.986E-04,0.000E+00,0.000E+00,3.206E+00,0.000E+00,0.000E+00,0.000E+00,0.000E+00,1.820E+00,-2.087E-01,2.448E+00,1.424E+00,3.361E-01,1.164E+00,0.000E+00,0.000E+00,0.000E+00,0.000E+00,1.635E+00,2.784E-02,1.263E+00,2.635E+00,1.264E-01,2.572E+00
21,0.000E+00,0.000E+00,5.825E-02,6.254E-04,0.000E+00,0.000E+00,3.289E+00,0.000E+00,0.000E+00,0.000E+00,0.000E+00,1.815E+00,-2.200E-01,2.549E+00,1.433E+00,3.347E-01,1.169E+00,0.000E+00,0.000E+00,0.000E+00,0.000E+00,1.625E+00,2.550E-02,1.245E+00,2.773E+00,1.290E-01,2.535E+00
22,0.000E+00,0.000E+00,5.976E-02,6.521E-04,0.000E+00,0.000E+00,3.372E+00,0.000E+00,0.000E+00,0.000E+00,0.000E+00,1.811E+00,-2.313E-01,2.651E+00,1.442E+00,3.333E-01,1.173E+00,0.000E+00,0.000E+00,0.000E+00,0.000E+00,1.615E+00,2.316E-02,1.227E+00,2.910E+00,1.315E-01,2.497E+00
23,0.000E+00,0.000E+00,6.127E-02,6.788E-04,0.000E+00,0.000E+00,3.455E+00,0.000E+00,0.000E+00,0.000E+00,0.000E+00,1.808E+00,-2.426E-01,2.752E+00,1.451E+00,3.319E-01,1.178E+00,0.000E+00,0.000E+00,0.000E+00,0.000E+00,1.607E+00,2.082E-02,1.208E+00,3.048E+00,1.341E-01,2.460E+00
24,0.000E+00,0.000E+00,6.203E-02,6.922E-04,0.000E+00,0.000E+00,3.497E+00,0.000E+00,0.000E+00,0.000E+00,0.000E+00,1.806E+00,-2.482E-01,2.803E+00,1.455E+00,3.312E-01,1.180E+00,0.000E+00,0.000E+00,0.000E+00,0.000E+00,1.603E+00,1.965E-02,1.199E+00,3.117E+00,1.354E-01,2.442E+00
25,0.000E+00,0.000E+00,6.278E-02,7.056E-04,0.000E+00,0.000E+00,3.538E+00,0.000E+00,0.000E+00,0.000E+00,0.000E+00,1.804E+00,-2.538E-01,2.853E+00,1.460E+00,3.305E-01,1.182E+00,0.000E+00,0.000E+00,0.000E+00,0.000E+00,1.599E+00,1.848E-02,1.190E+00,3.186E+00,1.367E-01,2.423E+00
26,0.000E+00,0.000E+00,6.429E-02,7.323E-04,0.000E+00,0.000E+00,3.622E+00,0.000E+00,0.000E+00,0.000E+00,0.000E+00,1.801E+00,-2.651E-01,2.955E+00,1.469E+00,3.291E-01,1.186E+00,0.000E+00,0.000E+00,0.000E+00,0.000E+00,1.592E+00,1.614E-02,1.172E+00,3.323E+00,1.392E-01,2.386E+00
27,0.000E+00,0.000E+00,6.580E-02,7.590E-04,0.000E+00,0.000E+00,3.705E+00,0.000E+00,0.000E+00,0.000E+00,0.000E+00,1.799E+00,-2.764E-01,3.056E+00,1.478E+00,3.276E-01,1.191E+00,0.000E+00,0.000E+00,0.000E+00,0.000E+00,1.586E+00,1.380E-02,1.154E+00,3.461E+00,1.418E-01,2.349E+00
28,0.000E+00,0.000E+00,6.731E-02,7.858E-04,0.000E+00,0.000E+00,3.788E+00,0.000E+00,0.000E+00,0.000E+00,0.000E+00,1.796E+00,-2.877E-01,3.157E+00,1.487E+00,3.262E-01,1.195E+00,0.000E+00,0.000E+00,0.000E+00,0.000E+00,1.580E+00,1.146E-02,1.136E+00,3.598E+00,1.444E-01,2.312E+00
29,0.000E+00,0.000E+00,6.807E-02,7.991E-04,0.000E+00,0.000E+00,3.830E+00,0.000E+00,0.000E+00,0.000E+00,0.000E+00,1.795E+00,-2.933E-01,3.208E+00,1.491E+00,3.255E-01,1.198E+00,0.000E+00,0.000E+00,0.000E+00,0.000E+00,1.577E+00,1.029E-02,1.126E+00,3.667E+00,1.457E-01,2.293E+00
30,0.000E+00,0.000E+00,6.882E-02,8.125E-04,0.000E+00,0.000E+00,3.871E+00,0.000E+00,0.000E+00,0.000E+00,0.000E+00,1.794E+00,-2.990E-01,3.259E+00,1.496E+00,3.248E-01,1.200E+00,0.000E+00,0.000E+00,0.000E+00,0.000E+00,1.575E+00,9.123E-03,1.117E+00,3.736E+00,1.470E-01,2.274E+00
31,0.000E+00,0.000E+00,7.277E-02,9.058E-04,1.221E-07,0.000E+00,4.096E+00,0.000E+00,0.000E+00,0.000E+00,0.000E+00,1.788E+00,-2.988E-01,3.220E+00,1.533E+00,3.236E-01,1.204E+00,0.000E+00,0.000E+00,0.000E+00,0.000E+00,1.554E+00,-1.585E-02,1.295E+00,3.576E+00,1.442E-01,2.315E+00
32,0.000E+00,0.000E+00,7.474E-02,9.524E-04,1.831E-07,0.000E+00,4.208E+00,0.000E+00,0.000E+00,0.000E+00,0.000E+00,1.786E+00,-2.987E-01,3.201E+00,1.551E+00,3.230E-01,1.206E+00,0.000E+00,0.000E+00,0.000E+00,0.000E+00,1.551E+00,-2.834E-02,1.383E+00,3.497E+00,1.428E-01,2.336E+00
33,0.000E+00,0.000E+00,7.672E-02,9.990E-04,2.441E-07,0.000E+00,4.320E+00,0.000E+00,0.000E+00,0.000E+00,0.000E+00,1.783E+00,-2.987E-01,3.181E+00,1.569E+00,3.224E-01,1.208E+00,0.000E+00,0.000E+00,0.000E+00,0.000E+00,1.549E+00,-4.083E-02,1.472E+00,3.417E+00,1.414E-01,2.356E+00
34,0.000E+00,0.000E+00,7.869E-02,1.046E-03,3.052E-07,0.000E+00,4.433E+00,0.000E+00,0.000E+00,0.000E+00,0.000E+00,1.780E+00,-2.986E-01,3.162E+00,1.588E+00,3.218E-01,1.210E+00,0.000E+00,0.000E+00,0.000E+00,0.000E+00,1.549E+00,-5.331E-02,1.560E+00,3.337E+00,1.400E-01,2.376E+00
35,0.000E+00,0.000E+00,8.066E-02,1.092E-03,3.662E-07,0.000E+00,4.545E+00,0.000E+00,0.000E+00,0.000E+00,0.000E+00,1.778E+00,-2.985E-01,3.142E+00,1.606E+00,3.212E-01,1.212E+00,0.000E+00,0.000E+00,0.000E+00,0.000E+00,1.549E+00,-6.580E-02,1.649E+00,3.257E+00,1.386E-01,2.397E+00
36,0.000E+00,0.000E+00,8.264E-02,1.139E-03,4.272E-07,0.000E+00,4.657E+00,0.000E+00,0.000E+00,0.000E+00,0.000E+00,1.775E+00,-2.984E-01,3.123E+00,1.625E+00,3.206E-01,1.214E+00,0.000E+00,0.000E+00,0.000E+00,0.000E+00,1.551E+00,-7.829E-02,1.738E+00,3.177E+00,1.372E-01,2.417E+00
37,0.000E+00,0.000E+00,8.461E-02,1.186E-03,4.883E-07,0.000E+00,4.770E+00,0.000E+00,0.000E+00,0.000E+00,0.000E+00,1.773E+00,-2.984E-01,3.103E+00,1.643E+00,3.200E-01,1.216E+00,0.000E+00,0.000E+00,0.000E+00,0.000E+00,1.553E+00,-9.077E-02,1.826E+00,3.098E+00,1.358E-01,2.437E+00
38,0.000E+00,0.000E+00,8.659E-02,1.232E-03,5.493E-07,0.000E+00,4.882E+00,0.000E+00,0.000E+00,0.000E+00,0.000E+00,1.770E+00,-2.983E-01,3.084E+00,1.661E+00,3.194E-01,1.218E+00,0.000E+00,0.000E+00,0.000E+00,0.000E+00,1.557E+00,-1.033E-01,1.915E+00,3.018E+00,1.344E-01,2.458E+00
39,0.000E+00,0.000E+00,8.856E-02,1.279E-03,6.104E-07,0.000E+00,4.994E+00,0.000E+00,0.000E+00,0.000E+00,0.000E+00,1.768E+00,-2.982E-01,3.065E+00,1.680E+00,3.188E-01,1.220E+00,0.000E+00,0.000E+00,0.000E+00,0.000E+00,1.561E+00,-1.157E-01,2.003E+00,2.938E+00,1.330E-01,2.478E+00
40,0.000E+00,0.000E+00,9.053E-02,1.325E-03,6.714E-07,0.000E+00,5.106E+00,0.000E+00,0.000E+00,0.000E+00,0.000E+00,1.766E+00,-2.982E-01,3.045E+00,1.698E+00,3.182E-01,1.222E+00,0.000E+00,0.000E+00,0.000E+00,0.000E+00,1.567E+00,-1.282E-01,2.092E+00,2.858E+00,1.316E-01,2.498E+00
41,0.000E+00,0.000E+00,9.251E-02,1.372E-03,7.324E-07,0.000E+00,5.219E+00,0.000E+00,0.000E+00,0.000E+00,0.000E+00,1.764E+00,-2.981E-01,3.026E+00,1.717E+00,3.176E-01,1.224E+00,0.000E+00,0.000E+00,0.000E+00,0.000E+00,1.573E+00,-1.407E-01,2.181E+00,2.778E+00,1.302E-01,2.519E+00
42,0.000E+00,0.000E+00,9.448E-02,1.419E-03,7.935E-07,0.000E+00,5.331E+00,0.000E+00,0.000E+00,0.000E+00,0.000E+00,1.761E+00,-2.980E-01,3.006E+00,1.735E+00,3.170E-01,1.226E+00,0.000E+00,0.000E+00,0.000E+00,0.000E+00,1.580E+00,-1.532E-01,2.269E+00,2.698E+00,1.288E-01,2.539E+00
43,0.000E+00,0.000E+00,9.646E-02,1.465E-03,8.545E-07,0.000E+00,5.443E+00,0.000E+00,0.000E+00,0.000E+00,0.000E+00,1.759E+00,-2.979E-01,2.987E+00,1.753E+00,3.164E-01,1.228E+00,0.000E+00,0.000E+00,0.000E+00,0.000E+00,1.588E+00,-1.657E-01,2.358E+00,2.619E+00,1.274E-01,2.560E+00
44,0.000E+00,0.000E+00,9.843E-02,1.512E-03,9.155E-07,0.000E+00,5.556E+00,0.000E+00,0.000E+00,0.000E+00,0.000E+00,1.757E+00,-2.979E-01,2.967E+00,1.772E+00,3.158E-01,1.230E+00,0.000E+00,0.000E+00,0.000E+00,0.000E+00,1.597E+00,-1.782E-01,2.447E+00,2.539E+00,1.261E-01,2.580E+00
45,0.000E+00,0.000E+00,1.004E-01,1.559E-03,9.766E-07,0.000E+00,5.668E+00,0.000E+00,0.000E+00,0.000E+00,0.000E+00,1.755E+00,-2.978E-01,2.948E+00,1.790E+00,3.152E-01,1.232E+00,0.000E+00,0.000E+00,0.000E+00,0.000E+00,1.606E+00,-1.907E-01,2.535E+00,2.459E+00,1.247E-01,2.600E+00
46,0.000E+00,0.000E+00,1.055E-01,1.711E-03,9.766E-07,0.000E+00,5.949E+00,0.000E+00,0.000E+00,0.000E+00,0.000E+00,1.763E+00,-3.162E-01,3.167E+00,1.722E+00,3.175E-01,1.224E+00,0.000E+00,0.000E+00,0.000E+00,0.000E+00,1.574E+00,-2.102E-01,2.849E+00,2.557E+00,1.174E-01,2.736E+00
47,0.000E+00,0.000E+00,1.080E-01,1.788E-03,9.766E-07,0.000E+00,6.089E+00,0.000E+00,0.000E+00,0.000E+00,0.000E+00,1.768E+00,-3.253E-01,3.276E+00,1.688E+00,3.187E-01,1.220E+00,0.000E+00,0.000E+00,0.000E+00,0.000E+00,1.559E+00,-2.199E-01,3.006E+00,2.605E+00,1.138E-01,2.804E+00
48,0.000E+00,0.000E+00,1.105E-01,1.864E-03,9.766E-07,0.000E+00,6.229E+00,0.000E+00,0.000E+00,0.000E+00,0.000E+00,1.773E+00,-3.345E-01,3.386E+00,1.654E+00,3.198E-01,1.216E+00,0.000E+00,0.000E+00,0.000E+00,0.000E+00,1.546E+00,-2.297E-01,3.163E+00,2.654E+00,1.102E-01,2.872E+00
49,0.000E+00,0.000E+00,1.160E-01,2.029E-03,4.883E-07,4.883E-07,6.535E+00,0.000E+00,0.000E+00,0.000E+00,0.000E+00,1.764E+00,-3.373E-01,3.446E+00,1.682E+00,3.151E-01,1.233E+00,0.000E+00,0.000E+00,0.000E+00,0.000E+00,1.574E+00,-2.480E-01,3.338E+00,2.429E+00,1.139E-01,2.797E+00
50,0.000E+00,0.000E+00,1.187E-01,2.111E-03,2.441E-07,7.324E-07,6.688E+00,0.000E+00,0.000E+00,0.000E+00,0.000E+00,1.760E+00,-3.387E-01,3.476E+00,1.696E+00,3.127E-01,1.241E+00,0.000E+00,0.000E+00,0.000E+00,0.000E+00,1.590E+00,-2.572E-01,3.425E+00,2.316E+00,1.158E-01,2.760E+00
51,0.000E+00,0.000E+00,1.214E-01,2.193E-03,0.000E+00,9.766E-07,6.841E+00,0.000E+00,0.000E+00,0.000E+00,0.000E+00,1.755E+00,-3.401E-01,3.505E+00,1.711E+00,3.103E-01,1.249E+00,0.000E+00,0.000E+00,0.000E+00,0.000E+00,1.607E+00,-2.664E-01,3.513E+00,2.203E+00,1.177E-01,2.723E+00
52,0.000E+00,0.000E+00,1.280E-01,2.384E-03,0.000E+00,4.883E-07,7.215E+00,0.000E+00,0.000E+00,0.000E+00,0.000E+00,1.750E+00,-3.411E-01,3.528E+00,1.731E+00,3.097E-01,1.252E+00,0.000E+00,0.000E+00,0.000E+00,0.000E+00,1.620E+00,-3.460E-01,4.714E+00,1.997E+00,1.196E-01,2.690E+00
53,0.000E+00,0.000E+00,1.313E-01,2.480E-03,0.000E+00,2.441E-07,7.401E+00,0.000E+00,0.000E+00,0.000E+00,0.000E+00,1.747E+00,-3.416E-01,3.539E+00,1.742E+00,3.093E-01,1.253E+00,0.000E+00,0.000E+00,0.000E+00,0.000E+00,1.638E+00,-3.858E-01,5.314E+00,1.893E+00,1.205E-01,2.673E+00
54,0.000E+00,0.000E+00,1.346E-01,2.575E-03,0.000E+00,0.000E+00,7.588E+00,0.000E+00,0.000E+00,0.000E+00,0.000E+00,1.744E+00,-3.421E-01,3.551E+00,1.752E+00,3.090E-01,1.254E+00,0.000E+00,0.000E+00,0.000E+00,0.000E+00,1.661E+00,-4.255E-01,5.915E+00,1.790E+00,1.214E-01,2.656E+00
55,0.000E+00,0.000E+00,1.421E-01,2.825E-03,9.766E-07,0.000E+00,8.010E+00,0.000E+00,0.000E+00,0.000E+00,0.000E+00,1.735E+00,-3.658E-01,3.976E+00,1.732E+00,3.098E-01,1.251E+00,0.000E+00,0.000E+00,0.000E+00,0.000E+00,1.578E+00,-3.452E-01,4.427E+00,2.347E+00,1.203E-01,2.676E+00
56,0.000E+00,0.000E+00,1.458E-01,2.950E-03,1.465E-06,0.000E+00,8.221E+00,0.000E+00,0.000E+00,0.000E+00,0.000E+00,1.732E+00,-3.776E-01,4.188E+00,1.722E+00,3.102E-01,1.250E+00,0.000E+00,0.000E+00,0.000E+00,0.000E+00,1.561E+00,-3.051E-01,3.684E+00,2.626E+00,1.198E-01,2.686E+00
57,0.000E+00,0.000E+00,1.495E-01,3.075E-03,1.953E-06,0.000E+00,8.432E+00,0.000E+00,0.000E+00,0.000E+00,0.000E+00,1.729E+00,-3.895E-01,4.401E+00,1.712E+00,3.106E-01,1.248E+00,0.000E+00,0.000E+00,0.000E+00,0.000E+00,1.563E+00,-2.649E-01,2.940E+00,2.904E+00,1.192E-01,2.696E+00
58,0.000E+00,0.000E+00,1.581E-01,3.354E-03,9.766E-07,0.000E+00,8.917E+00,0.000E+00,0.000E+00,0.000E+00,0.000E+00,1.723E+00,-3.999E-01,4.656E+00,1.706E+00,3.072E-01,1.261E+00,0.000E+00,0.000E+00,0.000E+00,0.000E+00,1.502E+00,-2.771E-01,3.546E+00,3.044E+00,1.181E-01,2.716E+00
59,0.000E+00,0.000E+00,1.624E-01,3.493E-03,4.883E-07,0.000E+00,9.160E+00,0.000E+00,0.000E+00,0.000E+00,0.000E+00,1.721E+00,-4.051E-01,4.784E+00,1.703E+00,3.055E-01,1.267E+00,0.000E+00,0.000E+00,0.000E+00,0.000E+00,1.475E+00,-2.832E-01,3.849E+00,3.114E+00,1.176E-01,2.726E+00
60,0.000E+00,0.000E+00,1.667E-01,3.632E-03,0.000E+00,0.000E+00,9.403E+00,0.000E+00,0.000E+00,0.000E+00,0.000E+00,1.718E+00,-4.103E-01,4.912E+00,1.700E+00,3.038E-01,1.273E+00,0.000E+00,0.000E+00,0.000E+00,0.000E+00,1.451E+00,-2.892E-01,4.152E+00,3.184E+00,1.170E-01,2.736E+00
61,0.000E+00,0.000E+00,1.772E-01,4.135E-03,4.883E-07,4.883E-07,9.987E+00,0.000E+00,0.000E+00,0.000E+00,0.000E+00,1.710E+00,-4.433E-01,5.741E+00,1.666E+00,3.067E-01,1.262E+00,0.000E+00,0.000E+00,0.000E+00,0.000E+00,1.463E+00,-3.354E-01,5.049E+00,2.882E+00,1.165E-01,2.745E+00
62,0.000E+00,0.000E+00,1.824E-01,4.387E-03,7.324E-07,7.324E-07,1.028E+01,0.000E+00,0.000E+00,0.000E+00,0.000E+00,1.709E+00,-4.598E-01,6.156E+00,1.648E+00,3.082E-01,1.257E+00,0.000E+00,0.000E+00,0.000E+00,0.000E+00,1.474E+00,-3.585E-01,5.497E+00,2.731E+00,1.163E-01,2.750E+00
63,0.000E+00,0.000E+00,1.877E-01,4.639E-03,9.766E-07,9.766E-07,1.057E+01,0.000E+00,0.000E+00,0.000E+00,0.000E+00,1.709E+00,-4.764E-01,6.571E+00,1.631E+00,3.096E-01,1.252E+00,0.000E+00,0.000E+00,0.000E+00,0.000E+00,1.490E+00,-3.815E-01,5.945E+00,2.580E+00,1.161E-01,2.754E+00
64,0.000E+00,0.000E+00,2.007E-01,5.080E-03,9.766E-07,4.883E-07,1.131E+01,0.000E+00,0.000E+00,0.000E+00,0.000E+00,1.688E+00,-5.135E-01,8.274E+00,1.599E+00,3.075E-01,1.259E+00,0.000E+00,0.000E+00,0.000E+00,0.000E+00,1.498E+00,-4.284E-01,6.943E+00,2.478E+00,1.097E-01,2.889E+00
65,0.000E+00,0.000E+00,2.072E-01,5.300E-03,9.766E-07,2.441E-07,1.168E+01,0.000E+00,0.000E+00,0.000E+00,0.000E+00,1.683E+00,-5.321E-01,9.126E+00,1.582E+00,3.064E-01,1.263E+00,0.000E+00,0.000E+00,0.000E+00,0.000E+00,1.504E+00,-4.518E-01,7.441E+00,2.426E+00,1.065E-01,2.956E+00
66,0.000E+00,0.000E+00,2.137E-01,5.521E-03,9.766E-07,0.000E+00,1.204E+01,0.000E+00,0.000E+00,0.000E+00,0.000E+00,1.680E+00,-5.507E-01,9.978E+00,1.566E+00,3.054E-01,1.267E+00,0.000E+00,0.000E+00,0.000E+00,0.000E+00,1.513E+00,-4.752E-01,7.940E+00,2.375E+00,1.033E-01,3.024E+00
67,0.000E+00,0.000E+00,2.284E-01,6.266E-03,9.766E-07,4.883E-07,1.288E+01,0.000E+00,0.000E+00,0.000E+00,0.000E+00,1.659E+00,-5.646E-01,1.119E+01,1.584E+00,3.043E-01,1.271E+00,0.000E+00,0.000E+00,0.000E+00,0.000E+00,1.498E+00,-4.072E-01,6.323E+00,2.542E+00,1.084E-01,2.913E+00
68,0.000E+00,0.000E+00,2.357E-01,6.638E-03,9.766E-07,7.324E-07,1.329E+01,0.000E+00,0.000E+00,0.000E+00,0.000E+00,1.650E+00,-5.715E-01,1.179E+01,1.593E+00,3.038E-01,1.273E+00,0.000E+00,0.000E+00,0.000E+00,0.000E+00,1.498E+00,-3.732E-01,5.515E+00,2.625E+00,1.110E-01,2.858E+00
69,0.000E+00,0.000E+00,2.431E-01,7.011E-03,9.766E-07,9.766E-07,1.371E+01,0.000E+00,0.000E+00,0.000E+00,0.000E+00,1.642E+00,-5.784E-01,1.240E+01,1.602E+00,3.033E-01,1.275E+00,0.000E+00,0.000E+00,0.000E+00,0.000E+00,1.506E+00,-3.392E-01,4.707E+00,2.709E+00,1.136E-01,2.803E+00
70,0.000E+00,0.000E+00,2.619E-01,7.875E-03,1.465E-06,4.883E-07,1.477E+01,0.000E+00,0.000E+00,0.000E+00,0.000E+00,1.608E+00,-5.528E-01,1.137E+01,1.741E+00,3.028E-01,1.276E+00,0.000E+00,0.000E+00,0.000E+00,0.000E+00,1.442E+00,-3.888E-01,6.530E+00,2.800E+00,1.145E-01,2.785E+00
71,0.000E+00,0.000E+00,2.714E-01,8.308E-03,1.709E-06,2.441E-07,1.530E+01,0.000E+00,0.000E+00,0.000E+00,0.000E+00,1.593E+00,-5.400E-01,1.085E+01,1.810E+00,3.026E-01,1.277E+00,0.000E+00,0.000E+00,0.000E+00,0.000E+00,1.420E+00,-4.136E-01,7.441E+00,2.845E+00,1.149E-01,2.776E+00
72,0.000E+00,0.000E+00,2.808E-01,8.740E-03,1.953E-06,0.000E+00,1.583E+01,0.000E+00,0.000E+00,0.000E+00,0.000E+00,1.579E+00,-5.272E-01,1.034E+01,1.880E+00,3.023E-01,1.278E+00,0.000E+00,0.000E+00,0.000E+00,0.000E+00,1.402E+00,-4.385E-01,8.353E+00,2.891E+00,1.154E-01,2.767E+00
73,0.000E+00,0.000E+00,2.951E-01,9.522E-03,1.953E-06,0.000E+00,1.663E+01,0.000E+00,0.000E+00,0.000E+00,0.000E+00,1.567E+00,-5.248E-01,1.055E+01,1.909E+00,3.023E-01,1.278E+00,0.000E+00,0.000E+00,0.000E+00,0.000E+00,1.390E+00,-4.257E-01,7.805E+00,3.056E+00,1.178E-01,2.722E+00
74,0.000E+00,0.000E+00,3.093E-01,1.030E-02,1.953E-06,0.000E+00,1.743E+01,0.000E+00,0.000E+00,0.000E+00,0.000E+00,1.554E+00,-5.225E-01,1.077E+01,1.938E+00,3.022E-01,1.279E+00,0.000E+00,0.000E+00,0.000E+00,0.000E+00,1.382E+00,-4.129E-01,7.256E+00,3.221E+00,1.203E-01,2.677E+00
75,0.000E+00,0.000E+00,3.246E-01,1.115E-02,2.441E-06,4.883E-07,1.829E+01,0.000E+00,0.000E+00,0.000E+00,0.000E+00,1.532E+00,-5.202E-01,1.076E+01,2.042E+00,2.985E-01,1.293E+00,0.000E+00,0.000E+00,0.000E+00,0.000E+00,1.386E+00,-4.834E-01,9.935E+00,2.927E+00,1.114E-01,2.858E+00
76,0.000E+00,0.000E+00,3.398E-01,1.199E-02,2.930E-06,9.766E-07,1.915E+01,0.000E+00,0.000E+00,0.000E+00,0.000E+00,1.510E+00,-5.178E-01,1.074E+01,2.147E+00,2.947E-01,1.307E+00,0.000E+00,0.000E+00,0.000E+00,0.000E+00,1.418E+00,-5.540E-01,1.261E+01,2.632E+00,1.026E-01,3.038E+00
77,0.000E+00,0.000E+00,3.562E-01,1.282E-02,2.930E-06,9.766E-07,2.008E+01,0.000E+00,0.000E+00,0.000E+00,0.000E+00,1.487E+00,-5.002E-01,1.009E+01,2.290E+00,2.941E-01,1.310E+00,0.000E+00,0.000E+00,0.000E+00,0.000E+00,1.396E+00,-5.477E-01,1.300E+01,2.711E+00,9.683E-02,3.189E+00
78,0.000E+00,0.000E+00,3.726E-01,1.365E-02,2.930E-06,9.766E-07,2.101E+01,0.000E+00,0.000E+00,0.000E+00,0.000E+00,1.467E+00,-4.826E-01,9.434E+00,2.432E+00,2.935E-01,1.312E+00,0.000E+00,0.000E+00,0.000E+00,0.000E+00,1.375E+00,-5.414E-01,1.339E+01,2.791E+00,9.102E-02,3.340E+00
79,0.000E+00,0.000E+00,3.878E-01,1.459E-02,1.953E-06,1.465E-06,2.186E+01,0.000E+00,0.000E+00,0.000E+00,0.000E+00,1.429E+00,-4.706E-01,9.308E+00,2.652E+00,2.895E-01,1.328E+00,0.000E+00,0.000E+00,0.000E+00,0.000E+00,1.363E+00,-5.231E-01,1.216E+01,2.952E+00,9.492E-02,3.235E+00
80,0.000E+00,0.000E+00,4.030E-01,1.554E-02,9.766E-07,1.953E-06,2.271E+01,0.000E+00,0.000E+00,0.000E+00,0.000E+00,1.395E+00,-4.586E-01,9.181E+00,2.872E+00,2.855E-01,1.344E+00,0.000E+00,0.000E+00,0.000E+00,0.000E+00,1.355E+00,-5.048E-01,1.092E+01,3.114E+00,9.882E-02,3.131E+00
81,0.000E+00,0.000E+00,4.117E-01,1.577E-02,2.441E-06,1.953E-06,2.321E+01,0.000E+00,0.000E+00,0.000E+00,0.000E+00,1.357E+00,-4.505E-01,9.110E+00,3.161E+00,2.782E-01,1.376E+00,0.000E+00,0.000E+00,0.000E+00,0.000E+00,1.351E+00,-5.103E-01,1.114E+01,3.142E+00,9.886E-02,3.130E+00
82,0.000E+00,0.000E+00,4.205E-01,1.600E-02,3.906E-06,1.953E-06,2.370E+01,0.000E+00,0.000E+00,0.000E+00,0.000E+00,1.323E+00,-4.425E-01,9.038E+00,3.449E+00,2.710E-01,1.407E+00,0.000E+00,0.000E+00,0.000E+00,0.000E+00,1.347E+00,-5.159E-01,1.137E+01,3.169E+00,9.889E-02,3.129E+00
83,0.000E+00,0.000E+00,4.131E-01,1.505E-02,3.418E-06,2.441E-06,2.328E+01,0.000E+00,0.000E+00,0.000E+00,0.000E+00,1.266E+00,-4.297E-01,8.881E+00,4.045E+00,2.651E-01,1.435E+00,0.000E+00,0.000E+00,0.000E+00,0.000E+00,1.304E+00,-5.060E-01,1.065E+01,3.652E+00,1.054E-01,2.983E+00
84,0.000E+00,0.000E+00,4.058E-01,1.410E-02,2.930E-06,2.930E-06,2.287E+01,0.000E+00,0.000E+00,0.000E+00,0.000E+00,1.218E+00,-4.170E-01,8.723E+00,4.640E+00,2.592E-01,1.463E+00,0.000E+00,0.000E+00,0.000E+00,0.000E+00,1.272E+00,-4.960E-01,9.928E+00,4.134E+00,1.119E-01,2.837E+00
85,0.000E+00,0.000E+00,3.528E-01,1.103E-02,2.441E-06,1.465E-06,1.989E+01,0.000E+00,0.000E+00,0.000E+00,0.000E+00,1.151E+00,-3.950E-01,8.128E+00,5.915E+00,2.485E-01,1.519E+00,0.000E+00,0.000E+00,0.000E+00,0.000E+00,1.263E+00,-4.711E-01,9.150E+00,4.298E+00,1.055E-01,2.980E+00
86,0.000E+00,0.000E+00,2.999E-01,7.958E-03,1.953E-06,0.000E+00,1.690E+01,0.000E+00,0.000E+00,0.000E+00,0.000E+00,1.104E+00,-3.730E-01,7.533E+00,7.190E+00,2.379E-01,1.576E+00,0.000E+00,0.000E+00,0.000E+00,0.000E+00,1.258E+00,-4.461E-01,8.371E+00,4.462E+00,9.910E-02,3.124E+00
87,0.000E+00,0.000E+00,1.724E-01,4.119E-03,1.953E-06,9.766E-07,9.718E+00,0.000E+00,0.000E+00,0.000E+00,0.000E+00,1.101E+00,-3.847E-01,6.708E+00,8.383E+00,2.137E-01,1.746E+00,0.000E+00,0.000E+00,0.000E+00,0.000E+00,1.266E+00,-6.112E-01,1.743E+01,3.609E+00,8.940E-02,3.413E+00
88,0.000E+00,0.000E+00,4.494E-02,2.803E-04,1.953E-06,1.953E-06,2.534E+00,0.000E+00,0.000E+00,0.000E+00,0.000E+00,1.109E+00,-3.964E-01,5.883E+00,9.576E+00,1.896E-01,1.916E+00,0.000E+00,0.000E+00,0.000E+00,0.000E+00,1.391E+00,-7.762E-01,2.650E+01,2.756E+00,7.971E-02,3.703E+00
89,0.000E+00,0.000E+00,1.102E-03,0.000E+00,1.836E-04,1.230E-04,1.678E-01,0.000E+00,0.000E+00,0.000E+00,0.000E+00,3.142E+00,0.000E+00,0.000E+00,0.000E+00,0.000E+00,0.000E+00,0.000E+00,0.000E+00,0.000E+00,0.000E+00,3.142E+00,0.000E+00,0.000E+00,0.000E+00,0.000E+00,0.000E+00
