alpha,H,He,Mg,S,Mg_1,S_1,amu/ion,thetaK_Mg,thetaTilt_Mg,thetaM_Mg,thetaN_Mg,3dK_Mg,3dTilt_Mg,3dM_Mg,3dN_Mg,energyK_Mg,energyE_Mg,thetaK_S,thetaTilt_S,thetaM_S,thetaN_S,3dK_S,3dTilt_S,3dM_S,3dN_S,energyK_S,energyE_S
0.0,0.0,0.0,0.0480791015625,0.000537109375,0.0,0.0,2.7140509968718103,1.7904002678180886,0.0013112985104769697,1.3549081426509877,1.4496861080390815,8.283185307179584,0.0,1.0,1.0,0.3448159338097132,1.1380433657755529,1.6373356058595387,-0.15465173679309033,3.884193913763125,1.405487998613557,8.176932922256698,0.012429543810765697,1.0425904055601174,1.0,0.1357725020764665,2.4263380618262413
1.0,0.0,0.0,0.04834802246093749,0.0005338134765625,0.0,0.0,2.728947614040381,1.7890940714736283,-0.006927800141410727,1.37787710194327,1.4678683018693612,8.283185307179584,0.007997993980872397,1.0,1.0,0.3443049047242466,1.1395554985436038,1.599580795894517,-0.13305276047598846,3.639805139604862,1.5632964010971018,8.181341657058272,0.012261881305654986,1.040791379086718,1.0,0.13562729247788252,2.428466831177983
2.0,0.0,0.0,0.04861694335937497,0.000530517578125,0.0,0.0,2.7438442312089517,1.7892809058352022,-0.015166898793298425,1.4008460612355527,1.4860504956996408,8.283185307179584,0.015995987961744795,1.0,1.0,0.34379387563878,1.1410676313116546,1.5675029232632909,-0.11145378415888663,3.395416365446599,1.7211048035806464,8.185757266323298,0.012094218800544274,1.038992352613319,1.0,0.13548208287929853,2.430595600529725
3.0,0.0,0.0,0.04888586425781246,0.0005272216796875,0.0,0.0,2.7587408483775224,1.7894374610548407,-0.023405997445186122,1.423815020527835,1.5042326895299203,8.283185307179584,0.02399398194261719,1.0,1.0,0.3432828465533134,1.1425797640797053,1.5406112988275331,-0.08985480784178479,3.1510275912883365,1.878913206064191,8.190179767425787,0.011926556295433561,1.0371933261399195,1.0,0.13533687328071453,2.4327243698814667
4.0,0.0,0.0,0.0490203247070312,0.00052557373046875,0.0,0.0,2.766189156961808,1.789503476949796,-0.02752554677112997,1.4352995001739761,1.5133237864450602,8.283185307179584,0.02799297893305339,1.0,1.0,0.3430273320105801,1.1433358304637307,1.5290080533999861,-0.07905531968323387,3.0288332042092048,1.9578174073059635,8.192393607861908,0.011842725042878206,1.03629381290322,1.0,0.13526426848142253,2.4337887545573373
5.0,0.0,0.0,0.04915478515624995,0.00052392578125,0.0,0.0,2.7736374655460936,1.7895612022010008,-0.03164509609707382,1.4467839798201174,1.5224148833602,8.283185307179584,0.03199197592348959,1.0,1.0,0.3427718174678468,1.144091896847756,1.5185997028550688,-0.06825583152468294,2.9066388171300734,2.0367216085477358,8.194609177799931,0.01175889379032285,1.0353942996665202,1.0,0.13519166368213056,2.4348531392332085
6.0,0.0,0.0,0.04942370605468744,0.0005206298828125,0.0,0.0,2.7885340827146647,1.7896519193877187,-0.039884194748961516,1.4697529391123998,1.5405970771904798,8.283185307179584,0.03998996990436199,1.0,1.0,0.34226078838238017,1.1456040296158068,1.5013275870619487,-0.04665685520758109,2.6622500429718103,2.19453001103128,8.19904551494037,0.011591231285212139,1.0335952731931208,1.0,0.1350464540835466,2.4369819085849502
7.0,0.0,0.0,0.04969262695312493,0.0005173339843749999,0.0,0.0,2.8034306998832355,1.7897102712469954,-0.04812329340084921,1.4927218984046822,1.5587792710207595,8.283185307179584,0.04798796388523438,1.0,1.0,0.34174975929691354,1.1471161623838575,1.488817214452482,-0.025057878890479245,2.4178612688135477,2.3523384135148246,8.203488796402445,0.011423568780101426,1.0317962467197215,1.0,0.1349012444849626,2.439110677936692
8.0,0.0,0.0,0.04996154785156241,0.0005140380859375,0.0,0.0,2.818327317051806,1.789737229327658,-0.05636239205273691,1.5156908576969648,1.5769614648510393,8.283185307179584,0.05598595786610678,1.0,1.0,0.3412387302114469,1.1486282951519082,1.481269826218234,-0.0034589025733773957,2.173472494655285,2.510146815998369,8.207939039802481,0.011255906274990714,1.0299972202463221,1.0,0.1347560348863786,2.4412394472884342
9.0,0.0,0.0,0.05009600830078116,0.00051239013671875,0.0,0.0,2.8257756256360915,1.7897392610610994,-0.06048194137868076,1.527175337343106,1.586052561766179,8.283185307179584,0.05998495485654298,1.0,1.0,0.3409832156687136,1.1493843615359336,1.4867492585902662,0.007340585585173529,2.0512781075761537,2.5890510172401413,8.210166777751072,0.01117207502243536,1.0290977070096226,1.0,0.1346834300870866,2.4423038319643053
10.0,0.0,0.0,0.0502304687499999,0.0005107421875,0.0,0.0,2.833223934220377,1.7897338311888573,-0.0646014907046246,1.5386598169892471,1.5951436586813188,8.283185307179584,0.06398395184697918,1.0,1.0,0.34072770112598033,1.150140427919959,1.4974881400804163,0.018140073743724453,1.9290837204970221,2.667955218481914,8.21239626281804,0.011088243769880003,1.0281981937729228,1.0,0.13461082528779464,2.443368216640176
11.0,0.0,0.0,0.05097351074218741,0.0005201416015625,0.0,0.0,2.8744890465153685,1.7876381061031024,-0.08199299602288349,1.650295523707967,1.5827801440254714,8.283185307179584,0.07039872834500402,1.0,1.0,0.33940660386064503,1.1542079861013521,1.4872527898183368,-0.0026382460272389215,2.0501606360713196,2.605478898663149,8.226165984521355,0.021358054860738333,1.0438700955631293,1.0225271897938781,0.13321763399197611,2.465528868571403
12.0,0.0,0.0,0.05171655273437491,0.000529541015625,0.0,0.0,2.91575415881036,1.786717445218021,-0.09938450134114235,1.7619312304266868,1.570416629369624,8.283185307179584,0.07681350484302887,1.0,1.0,0.3380855065953098,1.158275544282745,1.4964959567837042,-0.023416565798202296,2.171237551645617,2.543002578844384,8.240357728786913,0.03162786595159666,1.0595419973533358,1.045054379587756,0.13182444269615756,2.48768952050263
13.0,0.0,0.0,0.052459594726562406,0.0005389404296875,0.0,0.0,2.957019271105352,1.7868501212730965,-0.11677600665940122,1.8735669371454065,1.5580531147137766,8.283185307179584,0.08322828134105371,1.0,1.0,0.33676440932997453,1.162343102464138,1.506741353849979,-0.04419488556916567,2.2923144672199145,2.480526259025619,8.254967716635967,0.04189767704245499,1.0752138991435425,1.067581569381634,0.130431251400339,2.5098501724338567
14.0,0.0,0.0,0.052831115722656155,0.00054364013671875,0.0,0.0,2.9776518272528474,1.7872770612136413,-0.12547175931853066,1.9293847905047663,1.551871357385853,8.283185307179584,0.08643566959006613,1.0,1.0,0.3361038606973069,1.1643768815548345,1.5122187004473786,-0.05458404545464736,2.3528529250070633,2.4492880991162362,8.262428415538919,0.047032582587884154,1.0830498500386456,1.078845164278573,0.12973465575242973,2.52093049839947
15.0,0.0,0.0,0.053202636718749904,0.00054833984375,0.0,0.0,2.9982843834003434,1.7879276682678644,-0.13416751197766008,1.9852026438641261,1.5456896000579292,8.283185307179584,0.08964305783907855,1.0,1.0,0.3354433120646393,1.1664106606455311,1.5179243275021261,-0.06497320534012904,2.4133913827942117,2.418049939206854,8.269992331509735,0.05216748813331332,1.090885800933749,1.090108759175512,0.12903806010452046,2.5320108243650834
16.0,0.0,0.0,0.0539456787109374,0.0005577392578125,0.0,0.0,3.039549495695335,1.789854162149867,-0.15155901729591895,2.0968383505828463,1.5333260854020818,8.283185307179584,0.0960578343371034,1.0,1.0,0.33412221479930404,1.1704782188269243,1.5300014458225952,-0.08575152511109241,2.534468298368509,2.355573619388089,8.285428113709731,0.06243729922417164,1.1065577027239555,1.11263594896939,0.1276448688087019,2.55417147629631
17.0,0.0,0.0,0.0546887207031249,0.000567138671875,0.0,0.0,3.0808146079903267,1.792544929760354,-0.1689505226141778,2.208474057301566,1.5209625707462344,8.283185307179584,0.10247261083512824,1.0,1.0,0.33280111753396874,1.1745457770083172,1.5429411233346948,-0.10652984488205579,2.6555452139428066,2.293097299569324,8.301271755341979,0.07270711031502997,1.1222296045141622,1.135163138763268,0.12625167751288335,2.576332128227537
18.0,0.0,0.0,0.0554317626953124,0.0005765380859375,0.0,0.0,3.1220797202853183,1.7959251486913437,-0.1863420279324367,2.3201097640202857,1.508599056090387,8.283185307179584,0.10888738733315308,1.0,1.0,0.33148002026863344,1.1786133351897101,1.5567200334808982,-0.12730816465301917,2.7766221295171043,2.230620979750559,8.317520094217768,0.0829769214058883,1.1379015063043687,1.157690328557146,0.12485848621706482,2.5984927801587636
19.0,0.0,0.0,0.05580328369140615,0.00058123779296875,0.0,0.0,3.142712276432814,1.7978527849406545,-0.19503778059156612,2.3759276173796455,1.5024172987624633,8.283185307179584,0.11209477558216549,1.0,1.0,0.3308194716359658,1.1806471142804067,1.5639187394604872,-0.13769732453850086,2.837160587304253,2.1993828198411762,8.325795076053119,0.08811182695131747,1.145737457199472,1.1689539234540849,0.12416189056915555,2.609573106124377
20.0,0.0,0.0,0.0561748046874999,0.0005859375,0.0,0.0,3.16334483258031,1.7999285214919694,-0.20373353325069557,2.4317454707390054,1.4962355414345396,8.283185307179584,0.11530216383117792,1.0,1.0,0.3301589230032982,1.1826808933711033,1.5713214352654892,-0.14808648442398253,2.8976990450914015,2.168144659931794,8.334170110558402,0.09324673249674663,1.1535734080945752,1.180217518351024,0.12346529492124628,2.6206534320899904
21.0,0.0,0.0,0.05772241210937491,0.0006192626953125,0.0,1.220703125e-07,3.251401902131028,1.7955010230759196,-0.21466211882311204,2.529370806852114,1.5052567079760224,8.283185307179584,0.12147466206021593,1.0,1.0,0.3300694932292245,1.1829648557076093,1.550605503965508,-0.14294712777526644,2.8032930769904514,2.3504809404050873,8.280562443907801,0.10028939141688667,1.1536421059524566,1.157690328557146,0.12303479397564916,2.628210541456037
22.0,0.0,0.0,0.059270019531249926,0.000652587890625,0.0,2.44140625e-07,3.3394589716817458,1.7914860261594243,-0.22559070439552853,2.6269961429652233,1.514277874517505,8.283185307179584,0.12764716028925394,1.0,1.0,0.32998006345515085,1.1832488180441156,1.5327121378272563,-0.13780777112655035,2.708887108889501,2.53281722087838,8.227355299656665,0.10733205033702672,1.1537108038103383,1.135163138763268,0.12260429303005205,2.6357676508220838
23.0,0.0,0.0,0.06081762695312494,0.0006859130859375,0.0,3.662109375e-07,3.4275160412324635,1.7878491605007492,-0.23651928996794502,2.7246214790783325,1.5232990410589877,8.283185307179584,0.13381965851829195,1.0,1.0,0.3298906336810772,1.183532780380622,1.51733389633866,-0.13266841447783423,2.61448114078855,2.715153501351673,8.174545505760271,0.11437470925716678,1.15377950166822,1.11263594896939,0.12217379208445493,2.6433247601881305
24.0,0.0,0.0,0.061591430664062446,0.00070257568359375,0.0,4.2724609375e-07,3.4715445760078225,1.7861627194865268,-0.24198358275415327,2.773434147134887,1.5278096243297292,8.283185307179584,0.13690590763281096,1.0,1.0,0.32984591879404035,1.183674761548875,1.5105094063119218,-0.13009873615347617,2.567278156738075,2.80632164158832,8.148288631025656,0.1178960387172368,1.1538138505971607,1.101372354072451,0.12195854161165637,2.6471033148711536
25.0,0.0,0.0,0.062365234374999946,0.0007192382812499999,0.0,4.8828125e-07,3.5155731107831816,1.7845594246022973,-0.24744787554036152,2.8222468151914413,1.5323202076004705,8.283185307179584,0.13999215674732995,1.0,1.0,0.32980120390700346,1.183816742717128,1.5042260968126773,-0.12752905782911814,2.5200751726875996,2.8974897818249663,8.122129916097926,0.12141736817730683,1.1538481995261014,1.090108759175512,0.12174329113885782,2.650881869554177
26.0,0.0,0.0,0.06391284179687495,0.0007525634765624999,0.0,6.103515625e-07,3.6036301803338993,1.781588758144251,-0.258376461112778,2.91987215130455,1.5413413741419533,8.283185307179584,0.14616465497636796,1.0,1.0,0.32971177413292974,1.184100705053634,1.4931940855812893,-0.12238970118040204,2.425669204586649,3.0798260622982596,8.070105410256762,0.12846002709744686,1.1539168973839828,1.067581569381634,0.1213127901932607,2.658438978920224
27.0,0.0,0.0,0.06546044921874997,0.000785888671875,0.0,7.32421875e-07,3.691687249884617,1.7789116777565337,-0.2693050466851945,3.017497487417659,1.550362540683436,8.283185307179584,0.15233715320540597,1.0,1.0,0.32962234435885607,1.1843846673901401,1.484083886850752,-0.11725034453168594,2.3312632364856984,3.2621623427715525,8.018468893317554,0.13550268601758692,1.1539855952418643,1.045054379587756,0.12088228924766359,2.6659960882862705
28.0,0.0,0.0,0.06700805664062498,0.0008192138671875,0.0,8.544921875e-07,3.779744319435335,1.7765049653575389,-0.280233632257611,3.1151228235307684,1.5593837072249186,8.283185307179584,0.15850965143444398,1.0,1.0,0.3295329145847824,1.1846686297266462,1.476775298877142,-0.11211098788296983,2.236857268384748,3.4444986232448453,7.967217295642208,0.14254534493772697,1.1540542930997457,1.0225271897938781,0.12045178830206649,2.6735531976523172
29.0,0.0,0.0,0.06778186035156249,0.00083587646484375,0.0,9.1552734375e-07,3.823772854210694,1.7753962942303858,-0.28569792504381925,3.163935491587323,1.5638942904956599,8.283185307179584,0.161595900548963,1.0,1.0,0.32948819969774557,1.1848106108948993,1.4737669989498992,-0.10954130955861179,2.1896542843342726,3.5356667634814922,7.941734889127515,0.146066674397797,1.1540886420286864,1.011263594896939,0.12023653782926794,2.6773317523353404
30.0,0.0,0.0,0.0685556640625,0.0008525390625,0.0,9.765625e-07,3.8678013889860527,1.774347400341783,-0.2911622178300275,3.212748159643877,1.5684048737664014,8.283185307179584,0.164682149663482,1.0,1.0,0.32944348481070873,1.1849525920631525,1.4711768056500691,-0.10697163123425374,2.1424513002837977,3.6268349037181387,7.91634757266311,0.14958800385786702,1.1541229909576274,1.0,0.12002128735646937,2.681110307018364
31.0,0.0,0.0,0.07252563476562499,0.0009520263671875,0.0,8.544921875e-07,4.090982545797829,1.7649897880521443,-0.2894404356731266,3.1755193193681084,1.6174172418156538,8.283185307179584,0.1692734096222853,1.0,1.0,0.3283247646700128,1.18860252223089,1.4679598609091964,-0.12782346760482372,2.3851660280324634,3.46486695780281,7.940457566048586,0.1553353115784576,1.1509795043647721,1.0076041635178767,0.12084872074454028,2.6668986432459585
32.0,0.0,0.0,0.07451062011718748,0.00100177001953125,0.0,7.934570312500001e-07,4.202573124203717,1.7604708443421249,-0.28857954459467616,3.156904899230224,1.6419234258402802,8.283185307179584,0.17156903960168696,1.0,1.0,0.32776540459966486,1.190427487314759,1.4679979397245866,-0.1382493857901087,2.5065233919067964,3.383882984845146,7.952546868026366,0.15820896543875287,1.1494077610683444,1.011406245276815,0.12126243743857575,2.6597928113597558
33.0,0.0,0.0,0.07649560546874999,0.001051513671875,0.0,7.32421875e-07,4.314163702609605,1.756055332173514,-0.2877186535162258,3.1382904790923396,1.6664296098649063,8.283185307179584,0.1738646695810886,1.0,1.0,0.32720604452931684,1.1922524523986278,1.469047174918509,-0.1486753039753937,2.6278807557811295,3.302899011887482,7.964659110644317,0.16108261929904816,1.1478360177719167,1.0152083270357535,0.12167615413261121,2.6526869794735526
34.0,0.0,0.0,0.0784805908203125,0.00110125732421875,0.0,6.7138671875e-07,4.425754281015493,1.751741005614175,-0.2868577624377754,3.119676058954455,1.6909357938895324,8.283185307179584,0.17616029956049023,1.0,1.0,0.32664668445896883,1.1940774174824966,1.4710563988276117,-0.15910122216067868,2.7492381196554625,3.221915038929818,7.976794346927967,0.16395627315934344,1.146264274475489,1.0190104087946918,0.12208987082664667,2.6455811475873494
35.0,0.0,0.0,0.080465576171875,0.0011510009765625,0.0,6.103515625e-07,4.537344859421381,1.7475257033652505,-0.28599687135932494,3.101061638816571,1.7154419779141588,8.283185307179584,0.1784559295398919,1.0,1.0,0.32608732438862087,1.1959023825663655,1.4739836821346612,-0.16952714034596367,2.870595483529795,3.140931065972154,7.988952630053804,0.16682992701963872,1.1446925311790614,1.0228124905536302,0.12250358752068213,2.6384753157011467
36.0,0.0,0.0,0.0824505615234375,0.0012007446289062501,0.0,5.493164062500001e-07,4.648935437827269,1.7434073451938739,-0.2851359802808745,3.0824472186786864,1.739948161938785,8.283185307179584,0.18075155951929356,1.0,1.0,0.3255279643182729,1.1977273476502344,1.4777952148803242,-0.17995305853124866,2.9919528474041277,3.05994709301449,8.001134013349795,0.169703580879934,1.143120787882634,1.0266145723125686,0.1229173042147176,2.631369483814944
37.0,0.0,0.0,0.08443554687499999,0.00125048828125,0.0,4.8828125e-07,4.7605260162331575,1.7393839285068031,-0.28427508920242406,3.063832798540802,1.7644543459634112,8.283185307179584,0.1830471894986952,1.0,1.0,0.32496860424792495,1.1995523127341032,1.4824644169056063,-0.19037897671653364,3.1133102112784607,2.978963120056826,8.013338550295968,0.1725772347402293,1.1415490445862062,1.030416654071507,0.12333102090875306,2.6242636519287412
38.0,0.0,0.0,0.08642053222656249,0.0013002319335937498,0.0,4.2724609375e-07,4.872116594639046,1.7354535251162755,-0.2834141981239736,3.0452183784029176,1.7889605299880373,8.283185307179584,0.18534281947809683,1.0,1.0,0.324409244177577,1.201377277817972,1.4879712362681374,-0.20080489490181863,3.234667575152794,2.897979147099162,8.025566294524888,0.17545088860052457,1.1399773012897785,1.0342187358304453,0.12374473760278852,2.6171578200425385
39.0,0.0,0.0,0.088405517578125,0.0013499755859375,0.0,3.662109375e-07,4.983707173044934,1.7316142781684087,-0.2825533070455232,3.0266039582650333,1.8134667140126637,8.283185307179584,0.1876384494574985,1.0,1.0,0.32384988410722904,1.203202242901841,1.4943016040283599,-0.21123081308710362,3.3560249390271264,2.816995174141498,8.037817299822215,0.17832454246081986,1.138405557993351,1.0380208175893837,0.12415845429682398,2.6100519881563353
40.0,0.0,0.0,0.0903905029296875,0.00139971923828125,0.0,3.0517578125e-07,5.095297751450822,1.727864399272626,-0.28169241596707284,3.007989538127149,1.83797289803729,8.283185307179584,0.18993407943690016,1.0,1.0,0.3232905240368811,1.2050272079857098,1.5014470214511366,-0.2216567312723886,3.477382302901459,2.736011201183834,8.050091620127274,0.18119819632111514,1.1368338146969235,1.041822899348322,0.12457217099085945,2.602946156270132
41.0,0.0,0.0,0.09237548828125,0.0014494628906249999,0.0,2.44140625e-07,5.20688832985671,1.7242021656938524,-0.2808315248886224,2.9893751179892645,1.8624790820619161,8.283185307179584,0.1922297094163018,1.0,1.0,0.32273116396653306,1.2068521730695787,1.5094042617254366,-0.2320826494576736,3.598739666775792,2.65502722822617,8.062389309533557,0.18407185018141042,1.1352620714004957,1.0456249811072604,0.12498588768489491,2.5958403243839294
42.0,0.0,0.0,0.0943604736328125,0.00149920654296875,0.0,1.8310546875e-07,5.318478908262598,1.7206259177810521,-0.27997063381017195,2.97076069785138,1.8869852660865423,8.283185307179584,0.19452533939570346,1.0,1.0,0.32217180389618505,1.2086771381534476,1.5181751729166626,-0.24250856764295858,3.720097030650125,2.574043255268506,8.074710422289279,0.1869455040417057,1.133690328104068,1.0494270628661988,0.12539960437893038,2.5887344924977267
43.0,0.0,0.0,0.096345458984375,0.0015489501953125,0.0,1.220703125e-07,5.430069486668486,1.7171340564780668,-0.2791097427317215,2.9521462777134957,1.9114914501111686,8.283185307179584,0.19682096937510513,1.0,1.0,0.3216124438258371,1.2105021032373164,1.5277665734752532,-0.25293448582824357,3.8414543945244577,2.493059282310842,8.087055012797935,0.189819157902001,1.1321185848076403,1.0532291446251372,0.12581332107296583,2.581628660611524
44.0,0.0,0.0,0.09833044433593749,0.0015986938476562499,0.0,6.103515625e-08,5.541660065074375,1.7137250409674798,-0.27824885165327107,2.9335318575756113,1.935997634135795,8.283185307179584,0.19911659935450676,1.0,1.0,0.32105308375548913,1.2123270683211853,1.5381902340245355,-0.26336040401352856,3.9628117583987903,2.4120753093531775,8.099423135618837,0.19269281176229627,1.1305468415112125,1.0570312263840758,0.12622703776700128,2.5745228287253212
45.0,0.0,0.0,0.1003154296875,0.0016484375,0.0,0.0,5.653250643480263,1.710397386455682,-0.2773879605748207,2.914917437437727,1.960503818160421,8.283185307179584,0.20141222933390843,1.0,1.0,0.3204937236851412,1.214152033405054,1.5494629430702376,-0.27378632219881355,4.084169122273123,2.3310913363955135,8.111814845467679,0.19556646562259156,1.128975098214785,1.0608333081430141,0.12664075446103676,2.567416996839118
46.0,0.0,0.0,0.105169921875,0.00172265625,0.0,0.0,5.930985650092289,1.7314820290097903,-0.29829618018940113,3.0724517757949927,1.8529026889432525,8.283185307179584,0.20896404985929967,1.0,1.0,0.31751111764558954,1.2243035715252129,1.5304185751957726,-0.22082835290280484,3.2269162510059513,2.6733640148702196,8.272554100266508,0.18953325117441377,1.0759611299119545,1.0758398923261385,0.12164140952842424,2.655401557091082
47.0,0.0,0.0,0.10759716796875,0.001759765625,0.0,0.0,6.069853153398302,1.742937537613681,-0.30875028999669135,3.1512189449736256,1.7991021243346683,8.283185307179584,0.2127399601219953,1.0,1.0,0.31601981462581374,1.2293793405852922,1.5322373908946167,-0.19434936825480048,2.798289815372365,2.8445003541075726,8.35554975438639,0.1865166439503249,1.049454145760539,1.0833431844177008,0.11914173706211797,2.6993938372170643
48.0,0.0,0.0,0.1100244140625,0.001796875,0.0,0.0,6.208720656704315,1.7550193683156867,-0.3192043998039816,3.229986114152258,1.7453015597260841,8.283185307179584,0.21651587038469092,1.0,1.0,0.3145285116060379,1.2344551096453715,1.543650180782177,-0.16787038360679613,2.369663379738779,3.0156366933449257,8.440381812927113,0.18350003672623602,1.0229471616091237,1.0908464765092631,0.11664206459581172,2.743386117343046
49.0,0.0,0.0,0.11567285156249996,0.0019990234375,0.0,0.0,6.524257794938488,1.7548623119514108,-0.3110249821028506,3.116365955868617,1.7647344492100805,8.283185307179584,0.21699900691179,1.0,1.0,0.3137884965632015,1.2370284179347184,1.5369120207917888,-0.18641027012690708,2.5668819539518255,2.9849445131641392,8.350411703776365,0.19109526820646894,1.019636868247348,1.0496184227100804,0.11738994990898313,2.7294155431740514
50.0,0.0,0.0,0.11849707031249992,0.00210009765625,0.0,0.0,6.682026364055574,1.7549641215642313,-0.30693527325228515,3.0595558767267965,1.7744508939520784,8.283185307179584,0.21724057517533954,1.0,1.0,0.3134184890417833,1.2383150720793918,1.5342664382757256,-0.19568021338696256,2.6654912410583487,2.969598423073746,8.305864164402237,0.19489288394658538,1.0179817215664602,1.029004395810489,0.11776389256556884,2.722430256089554
51.0,0.0,0.0,0.1213212890624999,0.002201171875,0.0,0.0,6.83979493317266,1.7551909987609622,-0.30284556440171967,3.002745797584976,1.7841673386940766,8.283185307179584,0.21748214343888908,1.0,1.0,0.31304848152036513,1.2396017262240655,1.5320566962635556,-0.20495015664701804,2.7641005281648723,2.9542523329833528,8.261605624311327,0.19869049968670185,1.0163265748855725,1.0083903689108977,0.11813783522215454,2.715444969005057
52.0,0.0,0.0,0.12759912109374996,0.00237841796875,0.0,0.0,7.192429411699505,1.7460250283987087,-0.32580186377781306,3.301143947446361,1.782402037644415,8.283185307179584,0.2223467188683469,1.0,1.0,0.3122651503545468,1.2423499495391388,1.491069137174898,-0.2467601570829895,3.422812291858272,3.0376766141265046,8.315004770060007,0.2198353501494666,1.0412077347186184,1.0575586591087456,0.11727649074927199,2.731561736688542
53.0,0.0,0.0,0.13073803710937498,0.002467041015625,0.0,0.0,7.368746650962928,1.7423886651521427,-0.3372800134658598,3.450343022377054,1.7815193871195842,8.283185307179584,0.22477900658307579,1.0,1.0,0.3118734847716377,1.2437240611966756,1.4752482113664613,-0.26766515730097523,3.7521681737049724,3.0793887546980807,8.34226567759002,0.23040777538084894,1.0536483146351414,1.0821428042076695,0.11684581851283071,2.7396201205302844
54.0,0.0,0.0,0.133876953125,0.0025556640625,0.0,0.0,7.54506389022635,1.7393063947664509,-0.34875816315390645,3.5995420973077468,1.7806367365947533,8.283185307179584,0.22721129429780468,1.0,1.0,0.3114818191887286,1.2450981728542123,1.4617836421361166,-0.288570157518961,4.0815240555516725,3.1211008952696564,8.369900792829105,0.24098020061223133,1.0660888945516642,1.1067269493065937,0.11641514627638944,2.747678504372027
55.0,0.0,0.0,0.14151220703124995,0.0028232421875,0.0,0.0,7.977289360788557,1.7315033120618128,-0.34517224452761774,3.606257949056982,1.8029661858274149,8.283185307179584,0.22507054278445726,1.0,1.0,0.30976073507432444,1.2512258364037439,1.49584494105296,-0.3976275741705981,5.881425819208035,2.640775449363817,8.486271839730996,0.25788918683673856,1.0706066509929273,1.1598315697538526,0.11817678447292991,2.7151399991183736
56.0,0.0,0.0,0.14532983398437493,0.00295703125,0.0,0.0,8.193402096069661,1.7276248882461094,-0.3433792852144734,3.6096158749316,1.8141309104437455,8.283185307179584,0.22400016702778353,1.0,1.0,0.30890019301712235,1.2542896681785098,1.5318311979239625,-0.4521562824964166,6.781376701036216,2.4006127264108974,8.545194091960008,0.26634367994899216,1.072865529213559,1.1863838799774822,0.11905760357120015,2.698870746491547
57.0,0.0,0.0,0.1491474609374999,0.0030908203125,0.0,0.0,8.409514831350764,1.7237616370129536,-0.3415863259013291,3.6129738008062176,1.8252956350600762,8.283185307179584,0.22292979127110982,1.0,1.0,0.30803965095992025,1.2573534999532756,1.5787564350994323,-0.5066849908222352,7.681327582864397,2.1604500034579774,8.604613359624157,0.27479817306124577,1.0751244074341906,1.2129361902011118,0.11993842266947038,2.6826014938647202
58.0,0.0,0.0,0.15840624999999994,0.0034731445312499998,9.765625e-07,0.0,8.930446156482905,1.7145671140032221,-0.3771712385490913,4.257744044309535,1.7797373581792066,8.283185307179584,0.2285289536433441,1.0,1.0,0.3088673058078677,1.2543912592049808,1.5219128925390988,-0.4159462983839656,5.9957822619454095,2.5102056098386587,8.189636775745425,0.2592773729246128,1.141039893577073,1.1064680951005559,0.11076364418306268,2.872807767036912
59.0,0.0,0.0,0.16303564453124997,0.003664306640625,1.46484375e-06,0.0,9.190911819048974,1.7129495869837226,-0.39496369487297234,4.5801291660611945,1.756958219738772,8.283185307179584,0.23132853482946125,1.0,1.0,0.3092811332318415,1.2529101388308335,1.5062897768145769,-0.3705769521648308,5.153009601485916,2.685083413028999,7.992180189798256,0.25151697285629626,1.173997636648514,1.053234047550278,0.10617625493985883,2.9679109036230082
60.0,0.0,0.0,0.1676650390625,0.00385546875,1.953125e-06,0.0,9.451377481615044,1.7129651164353439,-0.41275615119685344,4.902514287812854,1.7341790812983373,8.283185307179584,0.2341281160155784,1.0,1.0,0.3096949606558152,1.251429018456686,1.5015800399978054,-0.3252076059456959,4.310236941026423,2.8599612162193395,7.801032573462854,0.2437565727879798,1.2069553797199553,1.0,0.10158886569665498,3.0630140402091044
61.0,0.0,0.0,0.17808251953124998,0.00418994140625,9.765625e-07,0.0,10.035774619775143,1.7098659291753007,-0.4769533140277582,6.875223035475496,1.5829971142825914,8.283185307179584,0.2369956844225794,1.0,1.0,0.3073859818086646,1.2597661174576,1.4613441453164582,-0.3390089972475147,4.962533488594568,2.9535722304390197,7.852915695751717,0.24538260375343462,1.1955566944552372,1.0123401016062503,0.10377295177048412,3.0126767689842335
62.0,0.0,0.0,0.183291259765625,0.004357177734375,4.8828125e-07,0.0,10.327973188855193,1.720900837440924,-0.5090518954432106,7.861577409306818,1.5074061307747184,8.283185307179584,0.2384294686260799,1.0,1.0,0.30623149238508934,1.2639346669580571,1.4434895518116062,-0.3459096928984241,5.288681762378641,3.0003777375488596,7.879047913935265,0.24619561923616204,1.1898573518228783,1.0185101524093754,0.10486499480739869,2.987508133371798
63.0,0.0,0.0,0.1885,0.0045244140625,0.0,0.0,10.620171757935244,1.73811600448556,-0.541150476858663,8.84793178313814,1.4318151472668454,8.283185307179584,0.23986325282958038,1.0,1.0,0.3050770029615141,1.268103216458514,1.4269100506112462,-0.3528103885493335,5.614830036162712,3.0471832446587,7.905308444747407,0.24700863471888945,1.1841580091905193,1.0246802032125006,0.10595703784431328,2.9623394977593627
64.0,0.0,0.0,0.2010625,0.0051162109375,9.765625e-07,0.0,11.332157313621604,1.7220591626302613,-0.5510378742400543,9.531403744706884,1.4530403196237764,8.283185307179584,0.24470058449154986,1.0,1.0,0.3039520692682165,1.2722489058552395,1.4479261742391079,-0.4266843383702914,7.235176019453707,2.749254953568427,7.967789591318212,0.2781505327850264,1.1435728525289937,1.0123401016062503,0.11852191766556897,2.7294780312803546
65.0,0.0,0.0,0.20734375,0.005412109375,1.46484375e-06,0.0,11.688150091464783,1.714596878427574,-0.55598157293075,9.873139725491257,1.463652905802242,8.283185307179584,0.24711925032253462,1.0,1.0,0.3033896024215677,1.2743217505536024,1.467095734318561,-0.46362131328077033,8.045349011099205,2.6002908080232903,7.999968368950015,0.2937214818180949,1.1232802741982308,1.0061700508031253,0.1248043575761968,2.6130472980408506
66.0,0.0,0.0,0.213625,0.0057080078125,1.953125e-06,0.0,12.044142869307962,1.7074769511078263,-0.5609252716214456,10.214875706275627,1.4742654919807077,8.283185307179584,0.24953791615351936,1.0,1.0,0.3028271355749189,1.2763945952519653,1.4911551710350488,-0.5005582881912493,8.855522002744701,2.451326662478154,8.032795548807348,0.3092924308511633,1.102987695867468,1.0,0.13108679748682464,2.4966165648013465
67.0,0.0,0.0,0.2287783203125,0.00638330078125,9.765625e-07,0.0,12.898276304348919,1.6889836039860215,-0.5719739638805171,11.273767598674073,1.4903422613061301,8.283185307179584,0.2519202227771877,1.0,1.0,0.3028874300873169,1.276170971179587,1.4615558014294423,-0.4294461833823446,7.180790099667883,2.67596817652592,7.929707783309639,0.28532705328998553,1.1481455244086305,1.0,0.11546970144214086,2.800854696681025
68.0,0.0,0.0,0.23635498046875,0.006720947265625,4.8828125e-07,0.0,13.325343021869397,1.6806794507153051,-0.5774983100100529,11.803213544873298,1.4983806459688416,8.283185307179584,0.25311137608902184,1.0,1.0,0.3029175773435159,1.276059159143398,1.4540706290347654,-0.39389013097789227,6.343424148129474,2.7882889335498025,7.879581282275692,0.27334436450939664,1.1707244386792117,1.0,0.10766115341979897,2.9529737626208643
69.0,0.0,0.0,0.243931640625,0.00705859375,0.0,0.0,13.752409739389876,1.6729261043362378,-0.5830226561395887,12.332659491072521,1.5064190306315528,8.283185307179584,0.254302529400856,1.0,1.0,0.3029477245997149,1.275947347107209,1.4529295409687615,-0.3583340785734399,5.506058196591065,2.9006096905736856,7.8303626640561514,0.26136167572880775,1.193303352949793,1.0,0.09985260539745708,3.1050928285607036
70.0,0.0,0.0,0.26248681640625,0.00794287109375,0.0,4.8828125e-07,14.793877770436064,1.6300340010436865,-0.5685121051596365,11.950119800102204,1.6521349291318297,8.283185307179584,0.26053312580731625,1.0,1.0,0.3006693594746853,1.2845117806202715,1.4446868322815734,-0.31283810793555067,4.505015652469313,3.182316967750455,8.012307450532811,0.25404955058103584,1.2063418495637976,1.0935157791351613,0.10400998324237355,3.009564375478049
71.0,0.0,0.0,0.271764404296875,0.008385009765625,0.0,7.32421875e-07,15.314611785959158,1.6102206661558922,-0.5612568296696603,11.758849954617045,1.7249928783819681,8.283185307179584,0.26364842401054633,1.0,1.0,0.2995301769121705,1.2887939973768028,1.4478033936062966,-0.29009012261660605,4.0044943804084365,3.3231706063388398,8.10529036265604,0.2503934880071499,1.2128610978708,1.1402736687027422,0.10608867216483178,2.961800148936722
72.0,0.0,0.0,0.2810419921875,0.0088271484375,0.0,9.765625e-07,15.835345801482251,1.5913988533844134,-0.5540015541796842,11.567580109131885,1.7978508276321066,8.283185307179584,0.2667637222137764,1.0,1.0,0.29839099434965566,1.293076214133334,1.4569933299664077,-0.26734213729766143,3.5039731083475596,3.4640242449272245,8.199641326342658,0.246737425433264,1.2193803461778026,1.1870315582703228,0.10816736108729003,2.9140359223953944
73.0,0.0,0.0,0.29477734375,0.009578613281249999,0.0,9.765625e-07,16.613393574736463,1.5638625894606777,-0.5348217912608262,10.888593971448604,1.9216152172900554,8.283185307179584,0.26977364459065356,1.0,1.0,0.29814980961568566,1.293996786842202,1.4243853378512497,-0.331218554234625,4.800208112124759,3.333652029269851,7.973172026560883,0.2659989970509511,1.256111001442111,1.1235942369797245,0.10915075649233996,2.893239608186953
74.0,0.0,0.0,0.3085126953125,0.010330078125,0.0,9.765625e-07,17.39144134799067,1.5397208420134696,-0.5156420283419683,10.209607833765322,2.0453796069480044,8.283185307179584,0.27278356696753064,1.0,1.0,0.29790862488171566,1.2949173595510697,1.4164773180565078,-0.3950949711715885,6.096443115901959,3.203279813612477,7.754797383222104,0.28526056866863814,1.2928416567064198,1.060156915689126,0.11013415189738988,2.872443293978512
75.0,0.0,0.0,0.32405078125,0.011164062499999999,9.765625e-07,9.765625e-07,18.264396792504385,1.5075705799702543,-0.5100931917017334,10.304858896020662,2.18400933541354,8.16850202072977,0.28094914114582514,1.0460385308023579,1.0,0.294972567258731,1.3063455289967656,1.3723385528494174,-0.420350706179374,7.415924134555566,3.303013562826555,7.523124591238189,0.2984930793473991,1.377713342833224,1.030078457844563,0.10698954891547749,2.9412823433003377
76.0,0.0,0.0,0.3395888671875,0.011998046875,1.953125e-06,9.765625e-07,19.137352237018103,1.4774254137554523,-0.5045443550614985,10.400109958276003,2.3226390638790764,8.058289895703277,0.2891147153241197,1.0920770616047155,1.0,0.2920365096357463,1.3177736984424615,1.3380929104371653,-0.44560644118715953,8.735405153209173,3.4027473120406335,7.3048314048990965,0.31172559002616,1.4625850289600282,1.0,0.1038449459335651,3.0101213926221635
77.0,0.0,0.0,0.35583935546875,0.012939941406249999,1.46484375e-06,4.8828125e-07,20.055061475589934,1.4534118335924306,-0.49112450125280527,9.885536163147062,2.487663337479529,7.976582786137594,0.2965260073157484,1.1274022464049762,1.0,0.2934874076848366,1.3120745514560403,1.3411547333556584,-0.4536376338320727,8.68209457899381,3.4367145395974155,7.371908191586845,0.323196602037519,1.4368092838917659,1.0101488420829696,0.10762141897261986,2.9282501524469
78.0,0.0,0.0,0.37208984375,0.0138818359375,9.765625e-07,0.0,20.972770714161765,1.4325006414620438,-0.477704647444112,9.37096236801812,2.652687611079982,7.897229874939153,0.3039372993073771,1.162727431205237,1.0,0.29493830573392693,1.3063754044696194,1.3442142701937034,-0.46166882647698576,8.628784004778447,3.4706817671541974,7.440177844501667,0.33466761404887796,1.4110335388235036,1.020297684165939,0.11139789201167462,2.8463789122716356
79.0,0.0,0.0,0.38787548828124996,0.014488769531250001,9.765625e-07,0.0,21.863032447786665,1.3918157931944517,-0.4618986196103583,9.048290481892753,2.9436938294514023,7.72361904076078,0.31411035551865985,1.2437137743960718,1.0,0.2875567361738629,1.3364828760850207,1.3139441788476238,-0.4963880183801439,10.834754853296872,3.457606914430295,7.262941967631351,0.3525562004583306,1.4985930948371664,1.0101488420829696,0.10941063156927583,2.88824260111885
80.0,0.0,0.0,0.4036611328125,0.015095703125,9.765625e-07,0.0,22.75329418141157,1.3564316299861208,-0.4460925917766045,8.725618595767386,3.2347000478228223,7.56064983744927,0.32428341172994257,1.3247001175869069,1.0,0.2801751666137988,1.366590347700422,1.295638513828551,-0.531107210283302,13.040725701815296,3.4445320617063926,7.095839237902896,0.37044478686778315,1.5861526508508292,1.0,0.10742337112687704,2.9301062899660635
81.0,0.0,0.0,0.41210156249999996,0.0156279296875,9.765625e-07,1.953125e-06,23.231718520659438,1.313470516305943,-0.4369588613838201,8.67269950053921,3.6156868240326556,7.287497310988346,0.33845933035265363,1.4724416929780422,1.0,0.27561860884171724,1.3866563185356315,1.2484940620108114,-0.47196892008927327,10.447649012332949,4.103595295621444,6.988901457604027,0.3634072408403233,1.6535977030052174,1.0,0.10487773718458421,2.9877387525367616
82.0,0.0,0.0,0.4205419921875,0.01616015625,9.765625e-07,3.90625e-06,23.710142859907307,1.2757221006501838,-0.4278251309910357,8.619780405311035,3.9966736002424894,7.0412878883129455,0.35263524897536475,1.6201832683691775,1.0,0.27106205106963566,1.4067222893708413,1.2333826975623037,-0.4128306298952446,7.854572322850603,4.7626585295364965,6.886550060244926,0.3563696948128634,1.7210427551596055,1.0,0.10233210324229138,3.0453712151074597
83.0,0.0,0.0,0.4138452148437499,0.015174316406249999,9.765625e-07,2.44140625e-06,23.329356108408334,1.2229099214251855,-0.41140483552178536,8.300469713058362,4.703467748362402,6.684426658917342,0.3604119088601234,1.8632334633682532,1.0,0.26404888035150675,1.440114875503046,1.2214261615001845,-0.45572981657751344,9.32510781909483,4.6964984971470525,6.742768218227336,0.3770729681893037,1.820904300110012,1.0,0.10308189882450253,3.0278987967870674
84.0,0.0,0.0,0.4071484374999999,0.0141884765625,9.765625e-07,9.765625e-07,22.948569356909363,1.1806979169002498,-0.394984540052535,7.98115902080569,5.410261896482315,6.375953851355005,0.3681885687448821,2.106283658367329,1.0,0.25703570963337785,1.4735074616352506,1.2166147934216074,-0.4986290032597822,10.795643315339058,4.6303384647576085,6.6074575619823435,0.3977762415657439,1.9207658450604184,1.0,0.10383169440671369,3.010426378466675
85.0,0.0,0.0,0.35331005859375,0.01093359375,1.46484375e-06,1.953125e-06,19.913196850998986,1.107112171186083,-0.37747701896097463,7.740559822243029,6.990866821816702,5.877150842799576,0.38061185961327615,2.58164190626458,1.0,0.2476643596393273,1.5236381403532433,1.2219933615991052,-0.48253742207558714,9.931956153145393,4.696738225104208,6.523061260563222,0.4075724591216341,1.9861571915928078,1.0,0.09785090568265828,3.1630382617748487
86.0,0.0,0.0,0.2994716796875,0.0076787109375,1.953125e-06,2.9296875e-06,16.87782434508861,1.0541485092664564,-0.3599694978694143,7.499960623680368,8.57147174715109,5.478514513726171,0.39303515048167026,3.0570001541618317,1.0,0.23829300964527672,1.5737688190712358,1.2296820129642725,-0.466445840891392,9.068268990951726,4.763137985450808,6.441759708992233,0.4173686766775243,2.051548538125197,1.0,0.09187011695860288,3.3156501450830222
87.0,0.0,0.0,0.1721181640625,0.00398486328125,9.765625e-07,1.46484375e-06,9.701609975910475,1.0695823948931003,-0.3700297940534103,6.481058575068476,9.604580709203677,5.554339762014769,0.43452489699177216,2.9587410293954237,1.0,0.21362908856062338,1.7476094707500613,1.258518970971992,-0.5148564264066207,11.35220976898337,4.05907220159753,6.935101730426446,0.38804818462093116,1.6886857012907828,1.0,0.09333241121619557,3.2753468043423695
88.0,0.0,0.0,0.0447646484375,0.000291015625,0.0,0.0,2.5253956067323413,1.0963636860839006,-0.38009009023740636,5.462156526456584,10.637689671256263,5.633364547168329,0.47601464350187406,2.8604819046290157,1.0,0.18896516747597003,1.921450122428887,1.3149708146583485,-0.5632670119218492,13.636150547015014,3.355006417744254,7.558460335812249,0.35872769256433806,1.3258228644563685,1.0,0.09479470547378824,3.235043463601717
89.0,0.0,0.0,0.0027861328125,5.859375e-06,1.953125e-05,5.859375e-06,0.3068086567089247,3.141592653589793,0.0,0.0,0.0,9.869604401089358,0.0,0.0,0.0,0.0,0.0,3.141592653589793,0.0,0.0,0.0,9.869604401089358,0.0,0.0,0.0,0.0,0.0
