alpha,H,He,Ca,S,Ca_1,S_1,amu/ion,thetaK_Ca,thetaTilt_Ca,thetaM_Ca,thetaN_Ca,3dK_Ca,3dTilt_Ca,3dM_Ca,3dN_Ca,energyK_Ca,energyE_Ca,thetaK_S,thetaTilt_S,thetaM_S,thetaN_S,3dK_S,3dTilt_S,3dM_S,3dN_S,energyK_S,energyE_S
0.0,0.0,0.0,0.018896484375,0.0005625,0.0,0.0,1.3631691829521606,1.8751331152215076,0.0038364502663419133,1.202443071166662,1.2448568078422415,8.283185307179584,0.0,1.0,1.0,0.14235780811906443,2.2425840066858296,1.6448310322485153,-0.09856330258425088,2.660477663930717,1.6339033575216422,8.283185307179584,0.020698414483649775,1.0,1.0,0.10415630475739834,3.0029743532449635
1.0,0.0,0.0,0.0189937744140625,0.0005667724609374999,0.0,0.0,1.369741487583164,1.87113310374834,-0.007373894389929993,1.2429430727896884,1.2543702079992007,8.283185307179584,0.007432645698265647,1.0,1.0,0.14251611621969984,2.240598944655445,1.6465374851224408,-0.0896430769986972,2.5598172509662103,1.6407823921312032,8.283185307179584,0.023611004905346997,1.0,1.0,0.10442965484098242,2.996825026616011
2.0,0.0,0.0,0.019091064453125,0.0005710449218749999,0.0,0.0,1.3763137922141673,1.871725737215824,-0.0185842390462019,1.2834430744127148,1.2638836081561597,8.283185307179584,0.014865291396531293,1.0,1.0,0.14267442432033528,2.2386138826250597,1.6487083562413853,-0.08072285141314353,2.4591568380017033,1.6476614267407643,8.283185307179584,0.026523595327044222,1.0,1.0,0.1047030049245665,2.990675699987059
3.0,0.0,0.0,0.0191883544921875,0.0005753173828124999,0.0,0.0,1.3828860968451706,1.8723073587513088,-0.029794583702473804,1.3239430760357411,1.2733970083131188,8.283185307179584,0.022297937094796938,1.0,1.0,0.14283273242097072,2.2366288205946745,1.6513811703066377,-0.07180262582758987,2.3584964250371963,1.6545404613503254,8.283185307179584,0.029436185748741444,1.0,1.0,0.10497635500815058,2.9845263733581064
4.0,0.0,0.0,0.01923699951171875,0.0005774536132812499,0.0,0.0,1.3861722491606723,1.8725980616399378,-0.035399756030609755,1.3441930768472543,1.2781537083915984,8.283185307179584,0.026014259943929762,1.0,1.0,0.14291188647128844,2.235636289579482,1.6529187011101285,-0.06734251303481303,2.308166218554943,1.657979978655106,8.283185307179584,0.030892480959590053,1.0,1.0,0.10511303004994263,2.98145171004363
5.0,0.0,0.0,0.01928564453125,0.0005795898437499999,0.0,0.0,1.3894584014761737,1.8728905653873105,-0.04100492835874571,1.3644430776587675,1.282910408470078,8.283185307179584,0.029730582793062586,1.0,1.0,0.14299104052160616,2.2346437585642898,1.6545977855919065,-0.0628824002420362,2.2578360120726897,1.6614194959598865,8.283185307179584,0.032348776170438666,1.0,1.0,0.10524970509173466,2.978377046729154
6.0,0.0,0.0,0.0193829345703125,0.0005838623046874999,0.0,0.0,1.3960307061071768,1.8734853596967156,-0.05221527301501761,1.4049430792817938,1.292423808627037,8.283185307179584,0.037163228491328235,1.0,1.0,0.1431493486222416,2.232658696533905,1.658405011226368,-0.05396217465648254,2.157175599108183,1.6682985305694475,8.283185307179584,0.035261366592135884,1.0,1.0,0.10552305517531874,2.9722277201002014
7.0,0.0,0.0,0.019480224609375,0.000588134765625,0.0,0.0,1.4026030107381802,1.8740986321483264,-0.06342561767128951,1.4454430809048202,1.301937208783996,8.283185307179584,0.044595874189593876,1.0,1.0,0.143307656722877,2.23067363450352,1.6628553184037917,-0.045041949070928865,2.056515186143676,1.6751775651790086,8.283185307179584,0.03817395701383311,1.0,1.0,0.10579640525890283,2.966078393471249
8.0,0.0,0.0,0.0195775146484375,0.0005924072265625,0.0,0.0,1.4091753153691835,1.874734693304993,-0.07463596232756142,1.4859430825278466,1.3114506089409552,8.283185307179584,0.052028519887859524,1.0,1.0,0.14346596482351243,2.2286885724731347,1.668007657529646,-0.0361217234853752,1.9558547731791696,1.6820565997885697,8.283185307179584,0.041086547435530335,1.0,1.0,0.1060697553424869,2.959929066842297
9.0,0.0,0.0,0.019626159667968747,0.00059454345703125,0.0,0.0,1.4124614676846852,1.8750620551939456,-0.08024113465569738,1.5061930833393598,1.3162073090194348,8.283185307179584,0.055744842736992345,1.0,1.0,0.14354511887383015,2.2276960414579423,1.670867511163752,-0.03166161069259837,1.9055245666969163,1.6854961170933502,8.283185307179584,0.04254284264637895,1.0,1.0,0.10620643038427893,2.956854403527821
10.0,0.0,0.0,0.0196748046875,0.0005966796875,0.0,0.0,1.4157476200001868,1.8753958506646495,-0.08584630698383333,1.526443084150873,1.3209640090979142,8.283185307179584,0.05946116558612517,1.0,1.0,0.14362427292414787,2.22670351044275,1.6739283989725517,-0.02720149789982153,1.8551943602146628,1.6889356343981305,8.283185307179584,0.04399913785722756,1.0,1.0,0.10634310542607098,2.9537797402133443
11.0,0.0,0.0,0.020046264648437485,0.000612548828125,0.0,0.0,1.442453079861469,1.8758982783845712,-0.09574437435256421,1.5576569570323961,1.3334425834518249,8.283185307179584,0.06738918117480829,1.0,1.0,0.14306542648936388,2.2338482830711883,1.664345706274362,-0.037345435983337186,1.9011694802372787,1.7568355512736868,8.283185307179584,0.04897220183827741,1.0,1.0,0.10597650377103403,2.9620772145408703
12.0,0.0,0.0,0.020417724609374972,0.00062841796875,0.0,0.0,1.4691585397227511,1.8763795465046063,-0.10564244172129508,1.5888708299139191,1.3459211578057353,8.283185307179584,0.0753171967634914,1.0,1.0,0.1425065800545799,2.2409930556996267,1.6551959808508454,-0.04748937406685284,1.9471446002598944,1.824735468149243,8.283185307179584,0.053945265819327265,1.0,1.0,0.10560990211599708,2.9703746888683957
13.0,0.0,0.0,0.02078918457031246,0.000644287109375,0.0,0.0,1.4958639995840333,1.8768404445177875,-0.11554050909002596,1.6200847027954421,1.3583997321596457,8.283185307179584,0.08324521235217451,1.0,1.0,0.1419477336197959,2.248137828328065,1.6464490710639303,-0.05763331215036849,1.9931197202825102,1.8926353850247992,8.283185307179584,0.05891832980037712,1.0,1.0,0.10524330046096012,2.978672163195921
14.0,0.0,0.0,0.020974914550781203,0.0006522216796875,0.0,0.0,1.5092167295146743,1.8770633827567256,-0.12048954277439139,1.6356916392362038,1.364639019336601,8.283185307179584,0.08720922014651607,1.0,1.0,0.1416683104024039,2.2517102146422845,1.6422181023935247,-0.06270528119212632,2.0161072802938182,1.9265853434625773,8.283185307179584,0.06140486179090204,1.0,1.0,0.10505999963344165,2.982820900359684
15.0,0.0,0.0,0.02116064453124995,0.0006601562499999999,0.0,0.0,1.5225694594453156,1.8772813353497178,-0.12543857645875683,1.6512985756769654,1.3708783065135561,8.283185307179584,0.09117322794085762,1.0,1.0,0.1413888871850119,2.2552826009565035,1.6380778793919477,-0.06777725023388415,2.039094840305126,1.9605353019003555,8.283185307179584,0.06389139378142697,1.0,1.0,0.10487669880592317,2.9869696375234467
16.0,0.0,0.0,0.02153210449218744,0.0006760253906249999,0.0,0.0,1.549274919306598,1.8777022273528754,-0.13533664382748772,1.6825124485584884,1.3833568808674666,8.283185307179584,0.09910124352954074,1.0,1.0,0.14083004075022793,2.262427373584942,1.630057774256257,-0.0779211883173998,2.0850699603277416,2.0284352187759116,8.283185307179584,0.06886445776247682,1.0,1.0,0.10451009715088622,2.995267111850972
17.0,0.0,0.0,0.021903564453124927,0.0006918945312499999,0.0,0.0,1.5759803791678801,1.8781028344151078,-0.14523471119621859,1.7137263214400114,1.395835455221377,8.283185307179584,0.10702925911822385,1.0,1.0,0.14027119431544394,2.26957214621338,1.6223661913346636,-0.08806512640091545,2.1310450803503573,2.0963351356514677,8.283185307179584,0.07383752174352667,1.0,1.0,0.10414349549584925,3.0035645861784976
18.0,0.0,0.0,0.022275024414062414,0.000707763671875,0.0,0.0,1.6026858390291623,1.8784826260696819,-0.15513277856494945,1.7449401943215346,1.4083140295752874,8.283185307179584,0.11495727470690696,1.0,1.0,0.13971234788065995,2.2767169188418186,1.6149823425566225,-0.09820906448443109,2.177020200372973,2.164235052527024,8.283185307179584,0.07881058572457653,1.0,1.0,0.1037768938408123,3.011862060506023
19.0,0.0,0.0,0.022460754394531157,0.0007156982421874999,0.0,0.0,1.6160385689598034,1.878664493964301,-0.1600818122493149,1.760547130762296,1.4145533167522426,8.283185307179584,0.11892128250124852,1.0,1.0,0.13943292466326795,2.280289305156038,1.6113997517438068,-0.10328103352618892,2.200007760384281,2.198185010964802,8.283185307179584,0.08129711771510145,1.0,1.0,0.10359359301329382,3.016010797669786
20.0,0.0,0.0,0.0226464843749999,0.0007236328125,0.0,0.0,1.6293912988904444,1.8788408692884249,-0.16503084593368034,1.7761540672030576,1.4207926039291978,8.283185307179584,0.12288529029559007,1.0,1.0,0.139153501445876,2.283861691470257,1.60788699192253,-0.10835300256794675,2.222995320395589,2.2321349694025803,8.283185307179584,0.08378364970562638,1.0,1.0,0.10341029218577535,3.0201595348335486
21.0,0.0,0.0,0.023276977539062414,0.0007561035156249999,0.0,0.0,1.6753658997608798,1.8776518918265752,-0.17532632410740678,1.8081960034029345,1.4404410744555736,8.283185307179584,0.13157738572055133,1.0,1.0,0.13865982485604006,2.2905066852539755,1.5884403652330796,-0.09343771415180972,2.1200985917154833,2.383437556765455,8.283185307179584,0.08303897156704189,1.0,1.0,0.10488425895647224,2.9889984007145984
22.0,0.0,0.0,0.023907470703124926,0.0007885742187499999,0.0,0.0,1.7213405006313154,1.8764522695701638,-0.18562180228113323,1.8402379396028112,1.4600895449819493,8.283185307179584,0.14026948114551258,1.0,1.0,0.13816614826620416,2.297151679037694,1.571404422421335,-0.0785224257356727,2.0172018630353783,2.534740144128329,8.283185307179584,0.0822942934284574,1.0,1.0,0.10635822572716913,2.9578372665956483
23.0,0.0,0.0,0.02453796386718744,0.0008210449218749999,0.0,0.0,1.767315101501751,1.8752404086101198,-0.19591728045485968,1.8722798758026882,1.479738015508325,8.283185307179584,0.14896157657047382,1.0,1.0,0.13767247167636823,2.303796672821413,1.5566269488704858,-0.06360713731953566,1.9143051343552728,2.686042731491203,8.283185307179584,0.08154961528987291,1.0,1.0,0.10783219249786602,2.9266761324766986
24.0,0.0,0.0,0.024853210449218698,0.0008372802734374999,0.0,0.0,1.7903024019369687,1.8746293629739212,-0.2010650195417229,1.8883008439026265,1.489562250771513,8.283185307179584,0.15330762428295444,1.0,1.0,0.13742563338145025,2.307119169713272,1.5500478560063131,-0.05614949311146714,1.86285677001522,2.7616940251726403,8.283185307179584,0.08117727622058066,1.0,1.0,0.10856917588321446,2.9110955654172237
25.0,0.0,0.0,0.025168457031249952,0.0008535156249999999,0.0,0.0,1.8132897023721863,1.8740146164090685,-0.20621275862858612,1.9043218120025651,1.4993864860347008,8.283185307179584,0.15765367199543506,1.0,1.0,0.1371787950865323,2.3104416666051315,1.5439927575107446,-0.04869184890339863,1.8114084056751674,2.8373453188540774,8.283185307179584,0.08080493715128842,1.0,1.0,0.10930615926856291,2.8955149983577484
26.0,0.0,0.0,0.025798950195312465,0.0008859863281249999,0.0,0.0,1.8592643032426217,1.8727731220183481,-0.21650823680231257,1.936363748202442,1.5190349565610766,8.283185307179584,0.1663457674203963,1.0,1.0,0.13668511849669637,2.31708666038885,1.533418153343045,-0.0337765604872616,1.708511676995062,2.9886479062169515,8.283185307179584,0.08006025901270393,1.0,1.0,0.1107801260392598,2.8643538642387982
27.0,0.0,0.0,0.026429443359374978,0.0009184570312499999,0.0,0.0,1.905238904113057,1.8715140930305894,-0.22680371497603902,1.968405684402319,1.5386834270874523,8.283185307179584,0.17503786284535755,1.0,1.0,0.13619144190686044,2.323731654172569,1.524846854567906,-0.01886127207112457,1.6056149483149564,3.1399504935798257,8.283185307179584,0.07931558087411944,1.0,1.0,0.11225409280995668,2.8331927301198485
28.0,0.0,0.0,0.027059936523437488,0.0009509277343749999,0.0,0.0,1.9512135049834924,1.87023564989134,-0.23709919314976546,2.0004476206021957,1.558331897613828,8.283185307179584,0.1837299582703188,1.0,1.0,0.13569776531702454,2.3303766479562875,1.518250419500065,-0.003945983654987541,1.502718219634851,3.2912530809427,8.283185307179584,0.07857090273553496,1.0,1.0,0.11372805958065357,2.8020315960008984
29.0,0.0,0.0,0.027375183105468742,0.0009671630859374999,0.0,0.0,1.9742008054187101,1.8695885507799188,-0.2422469322366287,2.0164685887021343,1.5681561328770162,8.283185307179584,0.18807600598279944,1.0,1.0,0.1354509270221066,2.333699144848147,1.5196535260729371,0.0035116605530809736,1.4512698552947985,3.366904374624137,8.283185307179584,0.07819856366624273,1.0,1.0,0.11446504296600202,2.786451028941423
30.0,0.0,0.0,0.0276904296875,0.0009833984375,0.0,0.0,1.997188105853928,1.8689358780016514,-0.24739467132349194,2.032489556802073,1.577980368140204,8.283185307179584,0.19242205369528007,1.0,1.0,0.13520408872718861,2.337021641740006,1.5261455148087497,0.010969304761149488,1.3998214909547457,3.442555668305574,8.283185307179584,0.07782622459695047,1.0,1.0,0.11520202635135045,2.770870461881948
31.0,0.0,0.0,0.029465820312500002,0.0010825195312499998,0.0,0.0,2.1251266044936488,1.8505737320655125,-0.28139045008824803,2.4319700072364707,1.5482332880977503,8.283185307179584,0.20356227353358464,1.0,1.0,0.13462444469121457,2.345257842964995,1.5102896564199733,-0.02469616612652272,1.655245800706152,3.2601181068869076,8.305046245557673,0.09087418432699795,1.0,1.0093006665668238,0.11337023337678825,2.8105241499867573
32.0,0.0,0.0,0.030353515625,0.001132080078125,0.0,0.0,2.189095853813509,1.8447049447825155,-0.2983883394706261,2.6317102324536696,1.5333597480765235,8.283185307179584,0.2091323834527369,1.0,1.0,0.13433462267322754,2.3493759435774892,1.511408489722442,-0.042528901570358824,1.782957955581855,3.1688993261775744,8.31600199115111,0.0973981641920217,1.0,1.0139509998502358,0.11245433688950716,2.8303509940391622
33.0,0.0,0.0,0.0312412109375,0.001181640625,0.0,0.0,2.2530651031333693,1.840637774919407,-0.31538622885300416,2.831450457670868,1.5184862080552968,8.283185307179584,0.21470249337188918,1.0,1.0,0.13404480065524052,2.3534940441899836,1.514206376154348,-0.06036163701419493,1.9106701104575583,3.0776805454682408,8.32697462445801,0.10392214405704545,1.0,1.0186013331336476,0.11153844040222607,2.8501778380915668
34.0,0.0,0.0,0.03212890625,0.0012312011718749998,0.0,0.0,2.3170343524532298,1.8381365279693533,-0.3323841182353822,3.0311906828880666,1.5036126680340698,8.283185307179584,0.22027260329104145,1.0,1.0,0.1337549786372535,2.357612144802478,1.5185772944382165,-0.07819437245803104,2.0383822653332615,2.986461764758907,8.337964173119563,0.11044612392206919,1.0,1.0232516664170594,0.11062254391494498,2.8700046821439713
35.0,0.0,0.0,0.0330166015625,0.0012807617187499999,0.0,0.0,2.38100360177309,1.8370061668025643,-0.3493820076177603,3.2309309081052655,1.488739128012843,8.283185307179584,0.22584271321019372,1.0,1.0,0.13346515661926647,2.3617302454149725,1.5244328363122306,-0.09602710790186714,2.1660944202089647,2.895242984049574,8.348970664823673,0.11697010378709294,1.0,1.0279019997004715,0.1097066474276639,2.8898315261963763
36.0,0.0,0.0,0.033904296875,0.001330322265625,0.0,0.0,2.44497285109295,1.8370836878286982,-0.36637989700013834,3.4306711333224644,1.4738655879916163,8.283185307179584,0.231412823129346,1.0,1.0,0.13317533460127945,2.365848346027467,1.5317013173998748,-0.11385984334570325,2.293806575084668,2.8040242033402407,8.359994127305056,0.12349408365211668,1.0,1.0325523329838835,0.1087907509403828,2.909658370248781
37.0,0.0,0.0,0.0347919921875,0.0013798828124999998,0.0,0.0,2.5089421004128103,1.8382316023828678,-0.3833777863825164,3.6304113585396633,1.4589920479703893,8.283185307179584,0.23698293304849827,1.0,1.0,0.13288551258329243,2.3699664466399613,1.5403267323735568,-0.13169257878953936,2.421518729960371,2.7128054226309075,8.371034588345308,0.13001806351714043,1.0,1.0372026662672953,0.10787485445310172,2.9294852143011854
38.0,0.0,0.0,0.0356796875,0.0014294433593749999,0.0,0.0,2.5729113497326708,1.840332944741296,-0.40037567576489447,3.830151583756862,1.4441185079491623,8.283185307179584,0.24255304296765054,1.0,1.0,0.1325956905653054,2.3740845472524557,1.5502676345684863,-0.14952531423337545,2.5492308848360743,2.6215866419215743,8.382092075772988,0.1365420433821642,1.0,1.041852999550707,0.10695895796582063,2.94931205835359
39.0,0.0,0.0,0.03656738281250001,0.00147900390625,0.0,0.0,2.636880599052531,1.8432874034616944,-0.41737356514727253,4.02989180897406,1.4292449679279355,8.283185307179584,0.2481231528868028,1.0,1.0,0.13230586854731838,2.37820264786495,1.561496114681704,-0.16735804967721157,2.6769430397117775,2.530367861212241,8.393166617463708,0.14306602324718792,1.0,1.0465033328341191,0.10604306147853954,2.9691389024059944
40.0,0.0,0.0,0.037455078125000006,0.0015285644531249998,0.0,0.0,2.7008498483723913,1.8470082907200085,-0.4343714545296506,4.229632034191259,1.4143714279067088,8.283185307179584,0.25369326280595506,1.0,1.0,0.13201604652933135,2.3823207484774445,1.5739969754174008,-0.18519078512104767,2.8046551945874807,2.439149080502908,8.404258241340202,0.14959000311221166,1.0,1.0511536661175311,0.10512716499125845,2.9889657464583994
41.0,0.0,0.0,0.038342773437500005,0.0015781249999999999,0.0,0.0,2.7648190976922518,1.8514201441654508,-0.45136934391202865,4.429372259408458,1.3994978878854818,8.283185307179584,0.25926337272510735,1.0,1.0,0.13172622451134433,2.386438849089939,1.5877671452534365,-0.20302352056488376,2.932367349463184,2.3479302997935743,8.415366975372416,0.15611398297723542,1.0,1.055803999400943,0.10421126850397736,3.008792590510804
42.0,0.0,0.0,0.039230468750000004,0.001627685546875,0.0,0.0,2.828788347012112,1.8564568120452698,-0.4683672332944067,4.629112484625657,1.3846243478642548,8.283185307179584,0.26483348264425965,1.0,1.0,0.1314364024933573,2.3905569497024333,1.602815347688868,-0.2208562560087199,3.060079504338887,2.256711519084241,8.426492847577585,0.16263796284225918,1.0,1.060454332684355,0.10329537201669627,3.0286194345632085
43.0,0.0,0.0,0.0401181640625,0.0016772460937499998,0.0,0.0,2.8927575963319723,1.8620599113163245,-0.4853651226767848,4.828852709842856,1.369750807843028,8.283185307179584,0.27040359256341195,1.0,1.0,0.13114658047537028,2.3946750503149277,1.6191620329569407,-0.23868899145255598,3.1877916592145903,2.165492738374908,8.437635886020313,0.1691619427072829,1.0,1.065104665967767,0.10237947552941518,3.0484462786156135
44.0,0.0,0.0,0.041005859375,0.0017268066406249999,0.0,0.0,2.9567268456518327,1.8681775765676625,-0.5023630120591629,5.028592935060055,1.3548772678218013,8.283185307179584,0.27597370248256425,1.0,1.0,0.13085675845738326,2.398793150927422,1.6368395791175567,-0.2565217268963921,3.3155038140902935,2.0742739576655747,8.448796118812663,0.17568592257230664,1.0,1.0697549992511788,0.10146357904213409,3.068273122668018
45.0,0.0,0.0,0.0418935546875,0.0017763671875,0.0,0.0,3.020696094971693,1.8747634378120188,-0.5193609014415409,5.228333160277254,1.3400037278005743,8.283185307179584,0.2815438124017165,1.0,1.0,0.13056693643939624,2.402911251539917,1.6558927747221959,-0.2743544623402282,3.4432159689659967,1.9830551769562412,8.459973574114228,0.1822099024373304,1.0,1.0744053325345908,0.100547682554853,3.0880999667204225
46.0,0.0,0.0,0.044022949218749996,0.0019384765624999999,4.8828125e-07,4.8828125e-07,3.1805915813125303,1.8515348835321617,-0.49316918485776107,4.736719769091637,1.4396000411623096,8.283185307179584,0.2837210082303624,1.0,1.0,0.13005976211399917,2.410383893722788,1.623380895490634,-0.3086467429953021,4.1925946440434805,2.001089466903812,8.371034588345308,0.19161103817863073,1.0,1.0372026662672953,0.09869725017038787,3.1345199084604736
47.0,0.0,0.0,0.045087646484374994,0.0020195312499999996,7.32421875e-07,7.32421875e-07,3.260539324482949,1.8420342982813032,-0.4800733265658711,4.490913073498829,1.4893981978431772,8.283185307179584,0.28480960614468537,1.0,1.0,0.12980617495130065,2.414120214814224,1.6111520266205974,-0.32579288332283907,4.567283981582222,2.0101066118775974,8.32697462445801,0.19631160604928088,1.0,1.0186013331336476,0.09777203397815531,3.157729879330499
48.0,0.0,0.0,0.04615234375,0.0021005859375,9.765625e-07,9.765625e-07,3.340487067653368,1.8340060311239035,-0.4669774682739812,4.245106377906022,1.5391963545240448,8.283185307179584,0.28589820405900834,1.0,1.0,0.1295525877886021,2.4178565359056594,1.6010016527224622,-0.342939023650376,4.941973319120964,2.019123756851383,8.283185307179584,0.20101217391993106,1.0,1.0,0.09684681778592275,3.1809398502005246
49.0,0.0,0.0,0.04872021484375,0.0022734375,4.8828125e-07,4.8828125e-07,3.5211118553301377,1.814645626693249,-0.45511191304155707,4.000130165829453,1.6439383159976706,8.283185307179584,0.2950719329946635,1.0,1.0,0.1278253052536042,2.4440680738767786,1.6596749285145345,-0.33862038911039993,4.584003500232587,1.8060673939720295,8.283185307179584,0.18994369251265475,1.0,1.0,0.09956034029039515,3.113842863359187
50.0,0.0,0.0,0.050004150390625,0.00235986328125,2.44140625e-07,2.44140625e-07,3.6114242491685227,1.8061232382456813,-0.44917913542534504,3.8776420597911683,1.6963092967344835,8.283185307179584,0.29965879746249113,1.0,1.0,0.12696166398610526,2.457173842862338,1.691716109590399,-0.33646107184041196,4.405018590788398,1.6995392125323527,8.283185307179584,0.18440945180901658,1.0,1.0,0.10091710154263135,3.080294369938518
51.0,0.0,0.0,0.0512880859375,0.0024462890625,0.0,0.0,3.701736643006907,1.7983562978399534,-0.44324635780913296,3.755153953752884,1.7486802774712964,8.283185307179584,0.3042456619303187,1.0,1.0,0.12609802271860632,2.470279611847898,1.7258114715644177,-0.33430175457042394,4.226033681344209,1.5930110310926762,8.283185307179584,0.1788752111053784,1.0,1.0,0.10227386279486755,3.046745876517849
52.0,0.0,0.0,0.05436328125,0.0027060546875,0.0,0.0,3.9247528649558925,1.8080018094768189,-0.46983873779103813,3.9764568685686212,1.7152049061716026,8.283185307179584,0.31782704551679875,1.0,1.0,0.12608007851992117,2.4705582911309794,1.678933034579885,-0.3145343848870803,3.893689920533598,1.842520084392447,8.287250610563417,0.19131249671882467,1.0,1.0017317399010037,0.10222719928513596,3.047848667703498
53.0,0.0,0.0,0.05590087890625,0.0028359375,0.0,0.0,4.036260975930385,1.813175482327832,-0.48313492778199074,4.087108325976489,1.6984672205217555,8.283185307179584,0.3246177373100388,1.0,1.0,0.12607110642057862,2.47069763077252,1.6596589348847286,-0.3046507000454085,3.7275180401282926,1.9672746110423325,8.289284136612805,0.1975311395255478,1.0,1.0025976098515055,0.10220386753027016,3.0484000632963224
54.0,0.0,0.0,0.0574384765625,0.0029658203125,0.0,0.0,4.147769086904877,1.8185634426808763,-0.49643111777294335,4.197759783384358,1.6817295348719086,8.283185307179584,0.33140842910327883,1.0,1.0,0.12606213432123603,2.470836970414061,1.6428978035996744,-0.2947670152037367,3.561346159722987,2.0920291376922178,8.291318245803847,0.20374978233227092,1.0,1.0034634798020075,0.10218053577540437,3.048951458889147
55.0,0.0,0.0,0.06128173828125,0.00318798828125,0.0,0.0,4.423366144192215,1.8174021344339593,-0.5050845223528526,4.324382790054744,1.6783972858676846,8.283185307179584,0.33260591940897366,1.0,1.0,0.12544359196264487,2.4805259397719293,1.6094463830292893,-0.28831218096993017,3.44154102574997,2.331438710489631,8.287250610563417,0.2193871330798109,1.0,1.0017317399010037,0.09726252785354786,3.175617426485627
56.0,0.0,0.0,0.063203369140625,0.003299072265625,0.0,0.0,4.561164672835885,1.8169088701911216,-0.5094112246428072,4.387694293389938,1.6767311613655727,8.283185307179584,0.3332046645618211,1.0,1.0,0.1251343207833493,2.4853704244508634,1.5946569949633354,-0.2850847638530269,3.3816384587634616,2.4511434968883377,8.285217667478165,0.22720580845358088,1.0,1.000865869950502,0.0948035238926196,3.2389504102838673
57.0,0.0,0.0,0.065125,0.00341015625,0.0,0.0,4.698963201479554,1.8164713739652276,-0.5137379269327618,4.451005796725131,1.6750650368634605,8.283185307179584,0.33380340971466843,1.0,1.0,0.12482504960405372,2.4902149091297976,1.5810145849285901,-0.2818573467361236,3.3217358917769535,2.5708482832870447,8.283185307179584,0.23502448382735086,1.0,1.0,0.09234451993169135,3.302283394082107
58.0,0.0,0.0,0.06919775390624999,0.00374755859375,0.0,4.8828125e-07,4.98978502296242,1.7900028333740319,-0.5271505820111815,4.817201942449818,1.7413057576235271,8.283185307179584,0.34287608803470027,1.0,1.0,0.12452935180521407,2.494904382270703,1.5972123427294245,-0.32255859446894974,4.024952480909732,2.2866861756530916,8.283185307179584,0.2343191547584506,1.0,1.0,0.0905014932242664,3.3557851715168328
59.0,0.0,0.0,0.071234130859375,0.003916259765625,0.0,7.32421875e-07,5.135195933703853,1.7775128285348583,-0.5338569095503913,5.0003000153121615,1.7744261180035603,8.283185307179584,0.3474124271947162,1.0,1.0,0.12438150290579425,2.497249118841156,1.6121391727736778,-0.3429092183353628,4.376560775476122,2.1446051218361153,8.283185307179584,0.23396649022400046,1.0,1.0,0.08957997987055394,3.382536060234196
60.0,0.0,0.0,0.0732705078125,0.0040849609375,0.0,9.765625e-07,5.280606844445286,1.765479909491242,-0.5405632370896011,5.1833980881745045,1.8075464783835935,8.283185307179584,0.3519487663547321,1.0,1.0,0.12423365400637444,2.499593855411609,1.6313992569178513,-0.3632598422017758,4.728169070042512,2.002524068019139,8.283185307179584,0.23361382568955033,1.0,1.0,0.08865846651684146,3.409286948951559
61.0,0.0,0.0,0.078083984375,0.00451269531249995,4.8828125e-07,4.8828125e-07,5.631043809926971,1.7542637379265993,-0.6202154778974039,7.997169422066684,1.6504644808317024,8.283185307179584,0.3591474600244021,1.0,1.0,0.12338749949228245,2.513224062882902,1.6305401958014776,-0.3704438810441252,4.932815593797667,1.9745775160756704,8.283185307179584,0.22653635250940135,1.0,1.0,0.08971148347017477,3.3782718416948
62.0,0.0,0.0,0.08049072265625,0.004726562499999925,7.32421875e-07,2.44140625e-07,5.806262292667814,1.7655218637835732,-0.6600415983013054,9.404055089012774,1.5719234820557568,8.283185307179584,0.3627468068592371,1.0,1.0,0.12296442223523646,2.520039166618549,1.6303598725848465,-0.37403590046529983,5.035138855675244,1.9606042401039363,8.283185307179584,0.22299761591932685,1.0,1.0,0.09023799194684143,3.36276428806642
63.0,0.0,0.0,0.0828974609375,0.0049404296874999,9.765625e-07,0.0,5.981480775408656,1.7844170776655726,-0.6998677187052068,10.810940755958864,1.4933824832798113,8.283185307179584,0.3663461536940721,1.0,1.0,0.12254134497819046,2.526854270354195,1.6303386786655605,-0.3776279198864745,5.137462117552822,1.946630964132202,8.283185307179584,0.21945887932925234,1.0,1.0,0.09076450042350807,3.3472567344380404
64.0,0.0,0.0,0.08895214843749995,0.00544238281249995,4.8828125e-07,0.0,6.417350025862676,1.7554267452301677,-0.7370033190640134,14.383031282309771,1.4814662966023806,8.283185307179584,0.368804365236867,1.0,1.0,0.12326893218990809,2.5151150410158536,1.6323101201752643,-0.4030961014987583,5.726945788223786,1.88734316168597,8.283185307179584,0.2281179389909319,1.0,1.0,0.09345713679024192,3.27317786080724
65.0,0.0,0.0,0.09197949218749993,0.005693359374999975,2.44140625e-07,0.0,6.6352846510896875,1.7470581087503492,-0.7555711192434167,16.169076545485225,1.4755082032636655,8.283185307179584,0.37003347100826445,1.0,1.0,0.1236327257957669,2.5092454263466824,1.6347998842133573,-0.4158301923049002,6.021687623559268,1.857699260462854,8.283185307179584,0.2324474688217717,1.0,1.0,0.09480345497360886,3.2361384239918403
66.0,0.0,0.0,0.0950068359374999,0.0059443359375,0.0,0.0,6.853219276316698,1.7416120489161668,-0.77413891942282,17.955121808660678,1.4695501099249502,8.283185307179584,0.37126257677966196,1.0,1.0,0.1239965194016257,2.5033758116775116,1.6381814125312235,-0.4285642831110421,6.316429458894751,1.828055359239738,8.283185307179584,0.23677699865261145,1.0,1.0,0.09614977315697579,3.19909898717644
67.0,0.0,0.0,0.10275976562499989,0.0066591796875,0.0,0.0,7.412297881665872,1.716165556679281,-0.7725995139315383,18.548874210764495,1.5292628142786417,8.283185307179584,0.3767291334697729,1.0,1.0,0.12257551694179938,2.5265242017853673,1.622042650068801,-0.4202849743764908,5.998186325089088,1.9414065222837682,8.283185307179584,0.23907830374822509,1.0,1.0,0.0932158347052488,3.2801777908345535
68.0,0.0,0.0,0.1066362304687499,0.0070166015625000005,0.0,0.0,7.691837184340459,1.703804567404115,-0.7718298111858974,18.845750411816404,1.5591191664554875,8.283185307179584,0.3794624118148283,1.0,1.0,0.12186501571188624,2.5380983968392954,1.6149263425844205,-0.4161453200092151,5.839064758186256,1.9980821038057832,8.283185307179584,0.24022895629603191,1.0,1.0,0.09174886547938531,3.32071719266361
69.0,0.0,0.0,0.1105126953124999,0.0073740234375,0.0,0.0,7.971376487015046,1.691675456286126,-0.7710601084402566,19.142626612868312,1.5889755186323333,8.283185307179584,0.38219569015988375,1.0,1.0,0.12115451448197308,2.549672591893223,1.6084320848172606,-0.41200566564193947,5.679943191283424,2.0547576853277985,8.283185307179584,0.24137960884383872,1.0,1.0,0.09028189625352182,3.3612565944926667
70.0,0.0,0.0,0.11982568359374995,0.00834814453125,9.765625e-07,0.0,8.64380538200574,1.642206526930098,-0.7488845889188396,17.97373394566482,1.7596826664767478,8.283185307179584,0.3918540595156749,1.0,1.0,0.12155360561207337,2.5430793512175205,1.5711714408728181,-0.43640741165188257,6.724399468637831,2.116315867367417,8.215295628946892,0.2549370382736901,1.0270294631566488,1.0,0.09144303929874602,3.3281362608220126
71.0,0.0,0.0,0.12448217773437498,0.008835205078125,1.46484375e-06,0.0,8.980019829501085,1.619945571436067,-0.7377968291581312,17.38928761206307,1.845036240398955,8.283185307179584,0.3966832441935705,1.0,1.0,0.12175315117712351,2.539782730879669,1.5554787681240874,-0.4486082846568541,7.246627607315034,2.1470949583872265,8.181947949370867,0.26171575298861577,1.0405441947349732,1.0,0.09202361082135813,3.3115760939866856
72.0,0.0,0.0,0.129138671875,0.009322265625,1.953125e-06,0.0,9.316234276996433,1.599207144216982,-0.7267090693974226,16.80484127846133,1.9303898143211624,8.283185307179584,0.4015124288714661,1.0,1.0,0.12195269674217366,2.5364861105418175,1.5413630129745812,-0.4608091576618256,7.768855745992237,2.1778740494070363,8.148988372435555,0.26849446770354146,1.0540589263132973,1.0,0.09260418234397022,3.2950159271513586
73.0,0.0,0.0,0.135748046875,0.00990380859375,1.46484375e-06,0.0,9.797312719966538,1.5686193665006807,-0.7236797962637304,17.07880871300248,2.0450616041156673,8.283185307179584,0.41000383119315265,1.0,1.0,0.12178083456103342,2.5393164259309335,1.520192986749747,-0.4404619507789066,7.118811802242655,2.346917607396093,8.03451368692325,0.26518602451045586,1.107114704024434,1.0049672599474526,0.09407544453830288,3.255002880092361
74.0,0.0,0.0,0.142357421875,0.0104853515625,9.765625e-07,0.0,10.278391162936645,1.5397273482294862,-0.7206505231300381,17.35277614754363,2.1597333939101726,8.283185307179584,0.41849523351483925,1.0,1.0,0.12160897237989317,2.5421467413200496,1.504366812672596,-0.42011474389598763,6.468767858493073,2.5159611653851495,7.925178104502523,0.26187758131737027,1.1601704817355707,1.0099345198949055,0.09554670673263554,3.214989833033363
75.0,0.0,0.0,0.15079638671875,0.011381347656249999,4.8828125e-07,0.0,10.882786010002757,1.5066111359284182,-0.698826950148155,16.123511536436876,2.3365865540842647,8.172542757548563,0.4231976730508602,1.0443846412936675,1.0,0.12215107953398222,2.5332645747323745,1.4848616190808066,-0.4391347300191699,7.491589242223267,2.4860626524467624,7.924666809025432,0.2647882824249099,1.155391610053719,1.0049672599474526,0.09387549338955765,3.260606291603067
76.0,0.0,0.0,0.1592353515625,0.01227734375,0.0,0.0,11.487180857068868,1.4784039535969544,-0.6770033771662718,14.89424692533012,2.513439714258357,8.066065387159139,0.4279001125868811,1.088769282587335,1.0,0.12269318668807125,2.524382408144699,1.4711661137491583,-0.4581547161423522,8.51441062595346,2.4561641395083753,7.924185409062204,0.26769898353244953,1.1506127383718674,1.0,0.09220428004647976,3.3062227501727715
77.0,0.0,0.0,0.1680068359375,0.0130595703125,0.0,9.765625e-07,12.120695136443409,1.448348326270926,-0.6695231820154541,14.742507374047518,2.6873223134865767,7.909823641780788,0.4397326461389657,1.1570524888616012,1.0,0.12212162928491792,2.533750932742132,1.4814847024428364,-0.484865290994426,9.45544572490018,2.349863918682316,7.932433610277852,0.28187641511077444,1.1469295495710685,1.0,0.08958766004407298,3.383510582902283
78.0,0.0,0.0,0.1767783203125,0.013841796875,0.0,1.953125e-06,12.754209415817948,1.4205760307586814,-0.6620429868646364,14.590767822764915,2.8612049127147965,7.762043244710949,0.4515651796910503,1.2253356951358672,1.0,0.12155007188176459,2.543119457339565,1.4959162048121546,-0.5115758658464998,10.3964808238469,2.243563697856257,7.9407067393549955,0.2960538466890993,1.1432463607702696,1.0,0.08697104004166621,3.4607984156317944
79.0,0.0,0.0,0.18613427734375,0.01457568359375,4.8828125e-07,1.953125e-06,13.427567580759465,1.3850714735723302,-0.6488261219609013,14.078491313846097,3.1261528233765032,7.5191691382881265,0.46347839924357853,1.346132891415738,1.0,0.11882026927986909,2.589999350642757,1.451498133768742,-0.4951965574319521,9.642445509044666,2.5561624860051992,7.860787932296302,0.30979143522199926,1.179297459153175,1.0,0.09206485357634747,3.3168426343882986
80.0,0.0,0.0,0.195490234375,0.0153095703125,9.765625e-07,1.953125e-06,14.10092574570098,1.3538211809486804,-0.6356092570571663,13.566214804927279,3.3911007340382104,7.297175293331412,0.47539161879610675,1.466930087695609,1.0,0.1160904666779736,2.63687924394595,1.4165065727699861,-0.47881724901740436,8.888410194242432,2.868761274154141,7.783158127791145,0.3235290237548993,1.2153485575360805,1.0,0.09715866711102872,3.172886853144803
81.0,0.0,0.0,0.20249853515625,0.01564404296875,4.8828125e-07,1.953125e-06,14.608032344316083,1.3193276561015832,-0.6253710979129887,13.076001195820421,3.737852673823738,7.0704145773797595,0.4898182586556544,1.6019176638243136,1.0,0.11448428220849674,2.666237126919939,1.3811372611243224,-0.4731058026763687,8.802745070688067,3.1488631199098327,7.5260217250533215,0.3404545708519303,1.342568483679559,1.0,0.09398021605988663,3.2595338879340945
82.0,0.0,0.0,0.2095068359375,0.015978515625,0.0,1.953125e-06,15.115138942931186,1.2896447638264892,-0.615132938768811,12.585787586713565,4.084604613609265,6.863109604875388,0.5042448985152022,1.7369052399530183,1.0,0.1128780977390199,2.6955950098939283,1.3495669458387594,-0.467394356335333,8.717079947133701,3.428964965665524,7.292151605429916,0.3573801179489614,1.4697884098230376,1.0,0.09080176500874455,3.3461809227233865
83.0,0.0,0.0,0.21153906249999999,0.015439453124999999,9.765625e-07,1.46484375e-06,15.260017185409737,1.226067303475913,-0.5985716437951769,12.116680922636995,4.901027830269792,6.459705850975823,0.5140677946065233,2.0369057741621943,1.0,0.1096200621835676,2.759679956902824,1.3451584882577734,-0.47296576033549476,9.015523632034473,3.427477073121834,7.325058207769979,0.3556250436910844,1.4511694488441949,1.0,0.09178776664940383,3.3182344607403484
84.0,0.0,0.0,0.2135712890625,0.014900390625,1.953125e-06,9.765625e-07,15.404895427888286,1.1763458343146873,-0.5820103488215429,11.647574258560423,5.717451046930317,6.11896541548111,0.5238906906978443,2.3369063083713706,1.0,0.10636202662811528,2.823764903911719,1.3410691634358485,-0.4785371643356565,9.313967316935242,3.425989180578144,7.358401901072533,0.3538699694332074,1.4325504878653523,1.0,0.09277376829006309,3.290287998757311
85.0,0.0,0.0,0.198791015625,0.01263623046874995,1.46484375e-06,9.765625e-07,14.339778199039703,1.1187070452065742,-0.5645816108800894,10.8988879106645,7.070464412894751,5.740106828518415,0.5309523942781516,2.7340720631280258,1.0,0.10272493783082227,2.9035366603357575,1.3233495660100696,-0.4854666670758765,9.245950521769728,3.665383657101608,7.268964773584915,0.36629363039213025,1.4830558091741455,1.0,0.08924681987713387,3.3951866817500043
86.0,0.0,0.0,0.1840107421875,0.0103720703124999,9.765625e-07,9.765625e-07,13.27466097019112,1.078241837164761,-0.5471528729386359,10.150201562768578,8.423477778859185,5.423220607198758,0.5380140978584588,3.1312378178846814,1.0,0.09908784903352927,2.9833084167597956,1.3073855293498982,-0.49239616981609646,9.177933726604213,3.904778133625072,7.182629292921423,0.3787172913510531,1.5335611304829386,1.0,0.08571987146420466,3.5000853647426977
87.0,0.0,0.0,0.12901123046875,0.00618749999999995,9.765625e-07,4.8828125e-07,9.306672880231318,1.0243650468409693,-0.5304465707584594,8.577418383566371,11.921749512552896,5.269022110959869,0.5615229087218934,3.3506206654337616,1.0,0.0893377646668207,3.254979597088896,1.3086273907201016,-0.5296858772501125,10.353591588662166,3.822500788034983,7.2081839488994355,0.4017148886112397,1.5184276727926778,1.0,0.08490406879194624,3.526433675516435
88.0,0.0,0.0,0.07401171875,0.0020029296875,9.765625e-07,0.0,5.338684790271516,1.011027489118765,-0.5137402685782828,7.004635204364163,15.420021246246607,5.127161071097016,0.5850317195853278,3.570003512982842,1.0,0.07958768030011214,3.5266507774179963,1.3136728333895304,-0.5669755846841286,11.529249450720117,3.740223442444894,7.234006074349223,0.42471248587142635,1.503294215102417,1.0,0.08408826611968782,3.5527819862901726
89.0,0.0,0.0,0.0208681640625,0.0001845703125,0.0,0.0,1.5059384298640568,3.141592653589793,0.0,0.0,0.0,9.869604401089358,0.0,0.0,0.0,0.0,0.0,3.141592653589793,0.0,0.0,0.0,9.869604401089358,0.0,0.0,0.0,0.0,0.0
