alpha,H,He,Fe,S,Fe_1,S_1,amu/ion,thetaK_Fe,thetaTilt_Fe,thetaM_Fe,thetaN_Fe,3dK_Fe,3dTilt_Fe,3dM_Fe,3dN_Fe,energyK_Fe,energyE_Fe,thetaK_S,thetaTilt_S,thetaM_S,thetaN_S,3dK_S,3dTilt_S,3dM_S,3dN_S,energyK_S,energyE_S
0.0,0.0,0.0,0.02130859375,0.000275390625,0.0,0.0,1.8747961577426364,1.7611231363701556,0.010033835722660487,1.371218075054733,1.5748067915803443,8.283185307179584,0.0030698568209964537,1.0,1.0,0.07571141053322121,3.3656824827793024,1.6516978776078557,-0.05625443531886848,2.361294686184849,1.5736670254670566,8.58845399034068,0.025053593096867017,1.2512222637875656,1.3783333825138777,0.16584076716078905,2.05865033345922
1.0,0.0,0.0,0.021398071289062487,0.00027551269531249996,0.0,0.0,1.8817953219743058,1.7541698634281606,0.005319298917839357,1.3925668907513997,1.5851162832433148,8.283185307179584,0.006606188317010258,1.0,1.0,0.07569657244566147,3.366158026700626,1.622405093495995,-0.05383891859458813,2.379287751386606,1.6989951597087787,8.527483397417768,0.026139681460750283,1.2428516938088774,1.345814276159893,0.16613032030704517,2.055708236547207
2.0,0.0,0.0,0.021487548828124974,0.000275634765625,0.0,0.0,1.8887944862059753,1.7472979370363453,0.0006047621130182259,1.4139157064480665,1.5954257749062855,8.283185307179584,0.010142519813024062,1.0,1.0,0.07568173435810172,3.3666335706219503,1.5950936405795324,-0.05142340187030777,2.3972808165883626,1.8243232939505005,8.467144611082828,0.027225769824633553,1.2344811238301892,1.3132951698059085,0.1664198734533013,2.052766139635194
3.0,0.0,0.0,0.02157702636718746,0.0002757568359375,0.0,0.0,1.8957936504376447,1.7451626520522918,-0.004109774691802905,1.4352645221447333,1.6057352665692561,8.283185307179584,0.013678851309037867,1.0,1.0,0.07566689627054196,3.3671091145432746,1.5695294631155012,-0.04900788514602741,2.4152738817901196,1.9496514281922226,8.407431384232742,0.02831185818851682,1.226110553851501,1.2807760634519239,0.16670942659955745,2.0498240427231815
4.0,0.0,0.0,0.021621765136718707,0.00027581787109375,0.0,0.0,1.8992932325534793,1.744450766055955,-0.00646704309421347,1.445938929993067,1.6108900124007415,8.283185307179584,0.015447017057044769,1.0,1.0,0.07565947722676208,3.3673468865039364,1.5573397754175322,-0.04780012678388724,2.424270414390998,2.0123154953130835,8.377807423477885,0.02885490237045845,1.2219252688621567,1.2645165102749316,0.1668542031726855,2.048352994267175
5.0,0.0,0.0,0.02166650390624995,0.00027587890625,0.0,0.0,1.902792814669314,1.7437461514440848,-0.008824311496624035,1.4566133378414003,1.6160447582322268,8.283185307179584,0.01721518280505167,1.0,1.0,0.07565205818298221,3.3675846584645983,1.545515473134469,-0.04659236842174706,2.4332669469918766,2.0749795624339447,8.348337543136772,0.029397946552400085,1.2177399838728127,1.2482569570979392,0.16699897974581357,2.046881945811169
6.0,0.0,0.0,0.02175598144531244,0.00027600097656249996,0.0,0.0,1.9097919789009836,1.7423575617204636,-0.013538848301445165,1.4779621535380674,1.6263542498951975,8.283185307179584,0.020751514301065477,1.0,1.0,0.07563722009542245,3.368060202385922,1.5228844282387177,-0.04417685169746671,2.4512600121936337,2.200307696675667,8.289856986695769,0.03048403491628335,1.2093694138941244,1.2157378507439545,0.16728853289206969,2.0439398488991563
7.0,0.0,0.0,0.021845458984374927,0.00027612304687499995,0.0,0.0,1.916791143132653,1.7409952987668742,-0.018253385106266295,1.4993109692347342,1.6366637415581682,8.283185307179584,0.02428784579707928,1.0,1.0,0.0756223820078627,3.3685357463072463,1.5014934048693447,-0.04176133497318636,2.4692530773953907,2.325635830917389,8.231983685711745,0.03157012328016662,1.2009988439154362,1.1832187443899698,0.1675780860383258,2.0409977519871436
8.0,0.0,0.0,0.021934936523437414,0.0002762451171875,0.0,0.0,1.9237903073643223,1.7396584643300064,-0.022967921911087423,1.520659784931401,1.6469732332211389,8.283185307179584,0.027824177293093083,1.0,1.0,0.07560754392030294,3.3690112902285705,1.4812194636622789,-0.03934581824890601,2.4872461425971477,2.4509639651591106,8.17471168216777,0.03265621164404989,1.192628273936748,1.1506996380359853,0.16786763918458192,2.038055655075131
9.0,0.0,0.0,0.021979675292968657,0.00027630615234374995,0.0,0.0,1.9272898894801571,1.738999390986479,-0.02532519031349799,1.5313341927797344,1.652127979052624,8.283185307179584,0.029592343041099985,1.0,1.0,0.07560012487652307,3.3692490621892324,1.471467584983059,-0.03813805988676583,2.496242675198026,2.513628032279972,8.146299324344174,0.03319925582599152,1.1884429889474037,1.1344400848589928,0.16801241575770998,2.036584606619124
10.0,0.0,0.0,0.0220244140624999,0.0002763671875,0.0,0.0,1.930789471595992,1.7383464668182818,-0.027682458715908555,1.5420086006280678,1.6572827248841093,8.283185307179584,0.031360508789106886,1.0,1.0,0.07559270583274319,3.3694868341498942,1.4619562162916422,-0.036930301524625654,2.5052392077989047,2.576292099400833,8.118035088518079,0.03374230000793315,1.1842577039580597,1.1181805316820006,0.16815719233083806,2.035113558163118
11.0,0.0,0.0,0.02231152343749991,0.0002840576171875,0.0,0.0,1.95642348106547,1.738214900514711,-0.035927225555292305,1.5770783529149914,1.6665904866619305,8.283185307179584,0.036238727373195875,1.0,1.0,0.07549708051385265,3.3725801882682163,1.4467847113041232,-0.038468709404550924,2.5321527604692737,2.6953810025664025,8.08989008789943,0.033768134476090214,1.2099231462512274,1.1307885182109714,0.16928530331529712,2.02429541656808
12.0,0.0,0.0,0.022598632812499925,0.00029174804687499996,0.0,0.0,1.982057490534948,1.7381243461887015,-0.04417199239467606,1.612148105201915,1.675898248439752,8.283185307179584,0.04111694595728487,1.0,1.0,0.07540145519496212,3.375673542386538,1.4323256739876364,-0.0400071172844762,2.5590663131396427,2.814469905731972,8.062615532981383,0.033793968944247285,1.235588588544395,1.1433965047399424,0.1704134142997562,2.0134772749730416
13.0,0.0,0.0,0.02288574218749994,0.0002994384765625,0.0,0.0,2.0076915000044258,1.7380738067050436,-0.05241675923405981,1.647217857488839,1.6852060102175734,8.283185307179584,0.04599516454137387,1.0,1.0,0.0753058298760716,3.3787668965048594,1.4185214284249303,-0.04154552516440148,2.5859798658100117,2.9335588088975415,8.036184222776848,0.033819803412404356,1.2612540308375626,1.1560044912689134,0.1715415252842153,2.0026591333780033
14.0,0.0,0.0,0.023029296874999945,0.00030328369140624996,0.0,0.0,2.0205085047391647,1.7380632332647703,-0.05653914265375169,1.6647527336323007,1.689859891106484,8.283185307179584,0.04843427383341836,1.0,1.0,0.07525801721662632,3.3803135735640204,1.4118486133052155,-0.04231472910436412,2.5994366421451964,2.9931032604803267,8.02327661635506,0.03383272064648289,1.2740867519841466,1.1623084845333989,0.17210558077644483,1.9972500625804843
15.0,0.0,0.0,0.02317285156249995,0.00030712890625,0.0,0.0,2.033325509473904,1.7380622823398295,-0.060661526073443564,1.6822876097757626,1.6945137719953947,8.283185307179584,0.05087338312546286,1.0,1.0,0.07521020455718105,3.3818602506231814,1.4053207315691403,-0.043083933044326755,2.6128934184803807,3.0526477120631115,8.010570164522369,0.03384563788056143,1.2869194731307303,1.1686124777978844,0.17266963626867438,1.9918409917829654
16.0,0.0,0.0,0.02345996093749996,0.00031481933593749997,0.0,0.0,2.0589595189433822,1.7380886798749642,-0.06890629291282732,1.7173573620626863,1.7038215337732159,8.283185307179584,0.055751601709551846,1.0,1.0,0.07511457923829051,3.3849536047415034,1.392677880256736,-0.04462234092425203,2.6398069711507497,3.1717366152286814,7.985748507224301,0.0338714723487185,1.3125849154238978,1.1812204643268553,0.17379774725313346,1.9810228501879272
17.0,0.0,0.0,0.023747070312499976,0.000322509765625,0.0,0.0,2.08459352841286,1.7381517860738143,-0.07715105975221107,1.7524271143496102,1.7131292955510373,8.283185307179584,0.06062982029364084,1.0,1.0,0.07501895391939999,3.3880469588598254,1.3805519644379463,-0.04616074880417731,2.6667205238211187,3.290825518394251,7.961695479563227,0.03389730681687557,1.3382503577170655,1.1938284508558263,0.17492585823759255,1.970204708592889
18.0,0.0,0.0,0.02403417968749999,0.0003302001953125,0.0,0.0,2.110227537882338,1.738250268586939,-0.08539582659159481,1.7874968666365338,1.7224370573288588,8.283185307179584,0.06550803887772984,1.0,1.0,0.07492332860050946,3.3911403129781474,1.3689062393740747,-0.04769915668410259,2.693634076491488,3.4099144215598205,7.938388331826041,0.03392314128503264,1.3639158000102332,1.2064364373847973,0.17605396922205163,1.9593865669978512
19.0,0.0,0.0,0.024177734374999996,0.00033404541015625,0.0,0.0,2.1230445426170768,1.7383123299391223,-0.08951821001128668,1.8050317427799958,1.7270909382177693,8.283185307179584,0.06794714816977433,1.0,1.0,0.07487551594106419,3.3926869900373084,1.3632529723328315,-0.048468360624065225,2.7070908528266724,3.4694588731426053,7.927007619543852,0.033936058519111176,1.376748521156817,1.2127404306492826,0.17661802471428117,1.953977496200332
20.0,0.0,0.0,0.0243212890625,0.000337890625,0.0,0.0,2.135861547351816,1.7383826881658435,-0.09364059343097857,1.8225666189234575,1.73174481910668,8.283185307179584,0.07038625746181883,1.0,1.0,0.07482770328161892,3.394233667096469,1.3577075951170987,-0.049237564564027864,2.720547629161857,3.52900332472539,7.915805281563609,0.033948975753189704,1.3895812423034006,1.219044423913768,0.17718208020651072,1.948568425402813
21.0,0.0,0.0,0.024711303710937486,0.00034497070312499995,0.0,0.0,2.1719388870367418,1.7424933800837694,-0.10350038200052283,1.8672997559591138,1.7198099934350757,8.283185307179584,0.07752438404597548,1.0,1.0,0.07473060182531889,3.397426513445745,1.3559249855868734,-0.05348706850888929,2.7462260131836,3.5615815063848633,7.9519549619789505,0.04294628553742841,1.3894066550379016,1.2348029338122717,0.17387636179895039,1.9834271634116685
22.0,0.0,0.0,0.025101318359374975,0.00035205078125,0.0,0.0,2.208016226721668,1.7467257976674397,-0.11336017057006709,1.91203289299477,1.7078751677634711,8.283185307179584,0.08466251063013211,1.0,1.0,0.07463350036901886,3.400619359795021,1.3541744276102832,-0.05773657245375072,2.7719043972053425,3.594159688044337,7.9882960256929705,0.051943595321667105,1.3892320677724026,1.250561443710775,0.17057064339139008,2.0182859014205237
23.0,0.0,0.0,0.025491333007812464,0.000359130859375,0.0,0.0,2.244093566406594,1.7510764072976612,-0.12321995913961134,1.9567660300304264,1.6959403420918668,8.283185307179584,0.09180063721428874,1.0,1.0,0.07453639891271883,3.4038122061442975,1.352455161487593,-0.061986076398612144,2.797582781227085,3.6267378697038106,8.02482954666906,0.0609409051059058,1.3890574805069036,1.2663199536092784,0.16726492498382978,2.0531446394293793
24.0,0.0,0.0,0.025686340332031207,0.0003626708984375,0.0,0.0,2.262132236249057,1.7532949233035262,-0.12814985342438345,1.9791325985482544,1.6899729292560646,8.283185307179584,0.09536970050636706,1.0,1.0,0.07448784818456883,3.4054086293189356,1.3516070318834594,-0.06411082837104286,2.8104219732379563,3.6430269605335472,8.04316881594353,0.06543955999802514,1.388970186874154,1.27419920855853,0.1656120657800496,2.070574008433807
25.0,0.0,0.0,0.02588134765624995,0.0003662109375,0.0,0.0,2.28017090609152,1.7555416545665987,-0.1330797477091556,2.0014991670660827,1.6840055164202625,8.283185307179584,0.09893876379844538,1.0,1.0,0.07443929745641881,3.4070050524935738,1.350766450850697,-0.06623558034347357,2.8232611652488275,3.659316051363284,8.061556605089905,0.0699382148901445,1.3888828932414046,1.2820784635077818,0.16395920657626945,2.0880033774382345
26.0,0.0,0.0,0.026271362304687438,0.000373291015625,0.0,0.0,2.316248245776446,1.7601179948132928,-0.14293953627869985,2.046232304101739,1.6720706907486582,8.283185307179584,0.10607689038260201,1.0,1.0,0.07434219600011878,3.41019789884285,1.3491075812892326,-0.070485084288335,2.84893954927057,3.691894233022757,8.0984782873942,0.0789355246743832,1.3887083059759056,1.2978369734062851,0.16065348816870914,2.1228621154470897
27.0,0.0,0.0,0.026661376953124927,0.00038037109375,0.0,0.0,2.3523255854613723,1.7648019166346862,-0.1527993248482441,2.0909654411373957,1.660135865077054,8.283185307179584,0.11321501696675866,1.0,1.0,0.07424509454381875,3.4133907451921264,1.3474778590972147,-0.07473458823319643,2.874617933292313,3.7244724146822303,8.135595686313621,0.08793283445862189,1.3885337187104065,1.3135954833047887,0.15734776976114884,2.1577208534559453
28.0,0.0,0.0,0.027051391601562412,0.00038745117187500005,0.0,0.0,2.3884029251462984,1.769589959675098,-0.16265911341778835,2.135698578173052,1.6482010394054496,8.283185307179584,0.12035314355091531,1.0,1.0,0.07414799308751872,3.4165835915414027,1.3458766101272324,-0.07898409217805785,2.900296317314056,3.7570505963417036,8.172909900910009,0.09693014424286059,1.3883591314449077,1.3293539932032923,0.1540420513535885,2.192579591464801
29.0,0.0,0.0,0.027246398925781158,0.00039099121093750004,0.0,0.0,2.4064415949887614,1.772021962587189,-0.16758900770256047,2.1580651466908805,1.6422336265696473,8.283185307179584,0.12392220684299363,1.0,1.0,0.07409944235936872,3.4181800147160404,1.3450864575173036,-0.08110884415048857,2.913135509324927,3.7733396871714406,8.191641159283991,0.10142879913497993,1.3882718378121583,1.337233248152544,0.15238919214980834,2.210008960469229
30.0,0.0,0.0,0.0274414062499999,0.00039453125,0.0,0.0,2.4244802648312245,1.7744787278398162,-0.1725189019873326,2.1804317152087083,1.6362662137338453,8.283185307179584,0.12749127013507194,1.0,1.0,0.0740508916312187,3.4197764378906785,1.3443031787404855,-0.08323359612291928,2.9259747013357984,3.7896287780011773,8.210422036612758,0.10592745402709929,1.3881845441794087,1.3451125031017956,0.1507363329460282,2.227438329473656
31.0,0.0,0.0,0.028952880859374912,0.00043603515625,0.0,0.0,2.5566686340588545,1.7748045408009174,-0.19461832875457247,2.316699228793757,1.6386670649832855,8.283185307179584,0.1399629727221498,1.0,1.0,0.07395507126653125,3.4229796068750016,1.359914746892716,-0.07723166393540949,2.775429474309835,3.724881482289015,8.242172481908543,0.10760357497284062,1.3620781136552718,1.3356864081723314,0.15376519706648323,2.195144009313516
32.0,0.0,0.0,0.02970861816406242,0.000456787109375,0.0,0.0,2.6227628186726695,1.7752630296750704,-0.2056680421381924,2.3848329855862813,1.6398674906080055,8.283185307179584,0.14619882401568873,1.0,1.0,0.07390716108418754,3.4245811913671633,1.3681031229062912,-0.07423069784165459,2.700156860796853,3.692507834432934,8.258355441416219,0.10844163544571128,1.3490248983932034,1.3309733607075993,0.15527962912671073,2.1789968492334464
33.0,0.0,0.0,0.030464355468749926,0.00047753906250000004,0.0,0.0,2.6888570032864845,1.7758995276534753,-0.21671775552181236,2.4529667423788055,1.6410679162327257,8.283185307179584,0.15243467530922766,1.0,1.0,0.07385925090184382,3.426182775859325,1.3765652869443177,-0.0712297317478997,2.624884247283872,3.660134186576853,8.27474784124816,0.10927969591858194,1.335971683131135,1.3262603132428672,0.15679406118693823,2.1628496891533766
34.0,0.0,0.0,0.03122009277343743,0.0004982910156250001,0.0,0.0,2.7549511879002995,1.7767009120202397,-0.2277674689054323,2.5211004991713297,1.642268341857446,8.283185307179584,0.1586705266027666,1.0,1.0,0.0738113407195001,3.427784360351487,1.385316690866287,-0.06822876565414482,2.5496116337708905,3.627760538720772,8.291352981884803,0.1101177563914526,1.3229184678690666,1.321547265778135,0.15830849324716573,2.1467025290733064
35.0,0.0,0.0,0.031975830078124934,0.0005190429687500001,0.0,0.0,2.8210453725141145,1.7776548906868959,-0.23881718228905224,2.589234255963854,1.6434687674821662,8.283185307179584,0.16490637789630552,1.0,1.0,0.0737634305371564,3.4293859448436486,1.3943740547693244,-0.06522779956038993,2.4743390202579088,3.595386890864691,8.308174237120884,0.11095581686432328,1.3098652526069983,1.316834218313403,0.15982292530739325,2.1305553689932366
36.0,0.0,0.0,0.03273156738281244,0.0005397949218750001,0.0,0.0,2.88713955712793,1.7787499283978698,-0.24986689567267217,2.657368012756378,1.6446691931068864,8.283185307179584,0.17114222918984445,1.0,1.0,0.07371552035481267,3.43098752933581,1.4037555042981842,-0.06222683346663504,2.399066406744927,3.56301324300861,8.325215056127757,0.11179387733719395,1.29681203734493,1.3121211708486709,0.16133735736762078,2.114408208913167
37.0,0.0,0.0,0.03348730468749995,0.0005605468750000001,0.0,0.0,2.953233741741745,1.77997517967191,-0.2609166090562921,2.7255017695489023,1.6458696187316064,8.283185307179584,0.17737808048338335,1.0,1.0,0.07366761017246895,3.4325891138279716,1.413480726508375,-0.059225867372880145,2.3237937932319452,3.530639595152529,8.34247896558611,0.11263193781006461,1.2837588220828613,1.3074081233839387,0.16285178942784828,2.0982610488330966
38.0,0.0,0.0,0.03424304199218746,0.0005812988281250001,0.0,0.0,3.01932792635556,1.7813204279703463,-0.27196632243991203,2.7936355263414265,1.6470700443563264,8.283185307179584,0.18361393177692226,1.0,1.0,0.07361969999012524,3.4341906983201334,1.4235711473001076,-0.05622490127912525,2.2485211797189635,3.498265947296448,8.359969571891835,0.11346999828293527,1.2707056068207927,1.3026950759192066,0.16436622148807578,2.0821138887530264
39.0,0.0,0.0,0.03499877929687496,0.00060205078125,0.0,0.0,3.0854221109693754,1.7827760305728497,-0.28301603582353196,2.8617692831339507,1.6482704699810466,8.283185307179584,0.1898497830704612,1.0,1.0,0.07357178980778152,3.4357922828122947,1.4340501340149467,-0.05322393518537036,2.1732485662059817,3.465892299440367,8.377690563438081,0.11430805875580595,1.2576523915587243,1.2979820284544745,0.1658806535483033,2.0659667286729566
40.0,0.0,0.0,0.03575451660156247,0.000622802734375,0.0,0.0,3.1515162955831904,1.784332868654901,-0.2940657492071519,2.929903039926475,1.6494708956057669,8.283185307179584,0.19608563436400012,1.0,1.0,0.0735238796254378,3.4373938673044564,1.4449432274853045,-0.050222969091615464,2.097975952693,3.4335186515842855,8.395645712976537,0.11514611922867662,1.244599176296656,1.2932689809897424,0.16739508560853084,2.049819568592887
41.0,0.0,0.0,0.03651025390624997,0.0006435546875,0.0,0.0,3.2176104801970054,1.7859823020778618,-0.3051154625907718,2.9980367967189996,1.650671321230487,8.283185307179584,0.20232148565753905,1.0,1.0,0.07347596944309409,3.438995451796618,1.456278408678278,-0.04722200299786057,2.022703339180018,3.4011450037282045,8.413838880061155,0.11598417970154729,1.2315459610345876,1.2885559335250103,0.16890951766875834,2.0336724085128166
42.0,0.0,0.0,0.037265991210937474,0.000664306640625,0.0,0.0,3.2837046648108204,1.7877161285071437,-0.31616517597439175,3.0661705535115242,1.6518717468552073,8.283185307179584,0.20855733695107798,1.0,1.0,0.07342805926075037,3.44059703628878,1.4680864061156174,-0.04422103690410568,1.9474307256670365,3.3687713558721235,8.432274013577784,0.11682224017441795,1.2184927457725192,1.2838428860602782,0.17042394972898584,2.0175252484327464
43.0,0.0,0.0,0.038021728515624985,0.00068505859375,0.0,0.0,3.3497988494246353,1.7895265462972314,-0.3272148893580117,3.1343043103040484,1.6530721724799273,8.283185307179584,0.2147931882446169,1.0,1.0,0.07338014907840665,3.4421986207809416,1.4804010515240078,-0.041220070810350784,1.872158112154055,3.336397708016042,8.45095515436318,0.11766030064728861,1.2054395305104508,1.279129838595546,0.17193838178921336,2.0013780883526766
44.0,0.0,0.0,0.038777465820312496,0.000705810546875,0.0,0.0,3.4158930340384503,1.7914061209743863,-0.3382646027416316,3.2024380670965726,1.6542725981046473,8.283185307179584,0.22102903953815584,1.0,1.0,0.07333223889606294,3.443800205273103,1.4932596927253088,-0.0382191047165959,1.7968854986410734,3.304024060159961,8.469886437917168,0.11849836112015927,1.1923863152483825,1.274416791130814,0.1734528138494409,1.9852309282726066
45.0,0.0,0.0,0.039533203125,0.0007265625,0.0,0.0,3.4819872186522653,1.7933477548272512,-0.34931431612525154,3.270571823889097,1.6554730237293676,8.283185307179584,0.22726489083169477,1.0,1.0,0.07328432871371922,3.4454017897652647,1.5067036746714604,-0.035218138622841004,1.7216128851280916,3.27165041230388,8.489072097420493,0.11933642159302994,1.1793330999863139,1.2697037436660819,0.1749672459096684,1.9690837681925366
46.0,0.0,0.0,0.04127099609375,0.00075878906249995,0.0,0.0,3.630474257557155,1.7883170514258733,-0.3902369519684662,3.84363558857486,1.6164386857250492,8.283185307179584,0.24220999964520365,1.0,1.0,0.07233603187081025,3.478033671633969,1.399869243842853,-0.009191369186000267,1.72565555126602,4.463415494930633,8.266591412883491,0.10836651145972592,1.3626606074681047,1.3464754764510387,0.16502986833568906,2.072456768243763
47.0,0.0,0.0,0.042139892578125,0.0007749023437499251,0.0,0.0,3.7047177770096003,1.7885909004597635,-0.4106982698900735,4.130167470917741,1.5969215167228898,8.283185307179584,0.2496825540519581,1.0,1.0,0.07186188344935576,3.494349612568321,1.3614344393632019,0.0038220155324201017,1.7276768843349846,5.059298036244009,8.170808618623907,0.1028815563930739,1.4543243612090002,1.384861342843517,0.16006117954869936,2.1241432682693766
48.0,0.0,0.0,0.0430087890625,0.0007910156249999,0.0,0.0,3.778961296462045,1.790387153654698,-0.4311595878116809,4.416699353260623,1.5774043477207307,8.283185307179584,0.25715510845871253,1.0,1.0,0.07138773502790129,3.510665553502673,1.3376483275119555,0.01683540025084047,1.7296982174039488,5.655180577557386,8.083956203922558,0.09739660132642189,1.5459881149498957,1.4232472092359956,0.1550924907617097,2.1758297682949896
49.0,0.0,0.0,0.045336425781249995,0.00085351562499995,0.0,0.0,3.9867896701831067,1.789410396943626,-0.45491717812762045,4.799092449382496,1.5628824377606791,8.283185307179584,0.26227057900305095,1.0,1.0,0.0711856673258028,3.5177965010574033,1.3683112416141996,-0.0008080106344127355,1.622614631853501,5.332949220041239,7.925258065243507,0.11969494436440489,1.4060826844903627,1.2375620367292313,0.1503878035000033,2.233237631003219
50.0,0.0,0.0,0.046500244140624994,0.000884765624999975,0.0,0.0,4.090703857043637,1.7896522782362807,-0.4667959732855902,4.9902889974434315,1.5556214827806534,8.283185307179584,0.26482831427522013,1.0,1.0,0.07108463347475355,3.521361974834768,1.3937499126953323,-0.009629716077039338,1.5690728390782773,5.171833541283165,7.8550779061221805,0.1308441158833964,1.3361299692605961,1.144719450475849,0.1480354598691501,2.2619415623573333
51.0,0.0,0.0,0.0476640625,0.000916015625,0.0,0.0,4.1946180439041685,1.7903276365177572,-0.47867476844356,5.181485545504367,1.5483605278006276,8.283185307179584,0.26738604954738937,1.0,1.0,0.0709835996237043,3.5249274486121336,1.4200223374233043,-0.01845142151966594,1.5155310463030534,5.010717862525092,7.791213853138797,0.1419932874023879,1.2661772540308296,1.051876864222467,0.14568311623829688,2.290645493711448
52.0,0.0,0.0,0.05006640625,0.0010229492187499999,0.0,0.0,4.40324571005651,1.7770836289261067,-0.503948106027188,5.747030859717545,1.5675992299490549,8.283185307179584,0.28031193150451783,1.0,1.0,0.07079730629117009,3.531558727079606,1.420260852730274,0.012589851539289097,1.4380217416201342,5.063898711251653,8.105830135011546,0.12328147522614981,1.223975831791426,1.151115058539553,0.1454856404718392,2.2931956976946775
53.0,0.0,0.0,0.051267578125000005,0.001076416015625,0.0,0.0,4.507559543132681,1.7714950169868349,-0.516584774819002,6.029803516824133,1.5772185810232684,8.283185307179584,0.2867748724830821,1.0,1.0,0.07070415962490298,3.534874366313342,1.4308728325752116,0.028110488068766617,1.3992670892786747,5.090489135614934,8.269048626117174,0.11392556913803076,1.2028751206717243,1.2007341556980964,0.14538690258861037,2.294470799686292
54.0,0.0,0.0,0.05246875,0.0011298828125,0.0,0.0,4.611873376208852,1.7665002376879992,-0.529221443610816,6.312576173930722,1.586837932097482,8.283185307179584,0.29323781346164635,1.0,1.0,0.07061101295863588,3.5381900055470785,1.441410104659662,0.043631124598244135,1.360512436937215,5.117079559978214,8.436367873700727,0.10456966304991172,1.1817744095520224,1.2503532528566395,0.14528816470538153,2.2957459016779067
55.0,0.0,0.0,0.055263671875,0.00124853515625,0.0,0.0,4.859403244502839,1.747729863453901,-0.5444980025484341,6.690796279678643,1.6457254350509056,8.283185307179584,0.3115383799009517,1.0,1.0,0.06949276945886049,3.579186137440646,1.4319530825279045,0.01967830261784385,1.4777772551489763,4.682493056988395,8.393391162075345,0.11423221188197233,1.1961710601449944,1.2464229689201083,0.14496138055661908,2.29999246793154
56.0,0.0,0.0,0.0566611328125,0.0013078613281249998,0.0,0.0,4.983168178649832,1.7388137501785654,-0.5521362820172431,6.879906332552602,1.6751691865276173,8.283185307179584,0.3206886631206044,1.0,1.0,0.0689336477089728,3.5996842033874294,1.4291138185881167,0.0077018916276437085,1.5364096642548568,4.465199805493485,8.372079725538654,0.11906348629800262,1.2033693854414804,1.2444578269518427,0.14479798848223785,2.3021157510583574
57.0,0.0,0.0,0.05805859375,0.0013671875,0.0,0.0,5.106933112796826,1.730188140320891,-0.559774561486052,7.069016385426563,1.7046129380043291,8.283185307179584,0.32983894634025707,1.0,1.0,0.06837452595908511,3.6201822693342134,1.432441853372588,-0.004274519362556435,1.5950420733607373,4.247906553998575,8.350884804070056,0.12389476071403292,1.2105677107379664,1.2424926849835771,0.14463459640785664,2.304239034185174
58.0,0.0,0.0,0.06113916015625,0.0014296875,0.0,0.0,5.376544870177478,1.7089701177386,-0.5820506374378605,7.887619125072301,1.747653265824721,8.283185307179584,0.3396029360662073,1.0,1.0,0.0674595113918593,3.6553304589780287,1.4709428990889015,-0.1213788666000847,2.537554978577171,3.1584419859777118,8.550770011206197,0.13077729214943848,1.1263716465792644,1.2429002138571659,0.14165160125510723,2.344597110538719
59.0,0.0,0.0,0.062679443359375,0.0014609375,0.0,0.0,5.5113507488678035,1.6995226597025623,-0.5931886754137647,8.29692049489517,1.7691734297349169,8.283185307179584,0.3444849309291824,1.0,1.0,0.06700200410824639,3.6729045537999365,1.5260417019233437,-0.17993104021884884,3.0088114311853875,2.61370970196728,8.656015416180146,0.13421855786714126,1.0842736144999132,1.2431039782939601,0.1401601036787325,2.3647761487154915
60.0,0.0,0.0,0.0642197265625,0.0014921875,0.0,0.0,5.646156627558129,1.6907452219215284,-0.6043267133896689,8.706221864718039,1.790693593645113,8.283185307179584,0.34936692579215756,1.0,1.0,0.06654449682463348,3.690478648621844,1.6090514218895877,-0.23848321383761298,3.4800678837936045,2.0689774179568485,8.76507300753744,0.13765982358484402,1.0421755824205623,1.2433077427307546,0.1386686061023578,2.384955186892264
61.0,0.0,0.0,0.06863281249999995,0.00165527343749995,0.0,0.0,6.032862592467902,1.6560131254271098,-0.5894659739099004,8.098864412330373,1.9761933460263044,8.283185307179584,0.3633939896208625,1.0,1.0,0.0664883486910424,3.692684859574521,1.466057294065008,-0.2144742708945221,3.4032805317778445,3.0613759095527318,8.382647931648114,0.1667132266565845,1.230596864606706,1.2747250154670846,0.134791747493049,2.4421161705719556
62.0,0.0,0.0,0.07083935546874992,0.001736816406249925,0.0,0.0,6.226215574922788,1.641023097602986,-0.5820356041700161,7.7951856861365405,2.0689432222169,8.283185307179584,0.37040752153521495,1.0,1.0,0.06646027462424686,3.69378796505086,1.413817023535154,-0.20246979942297663,3.3648868557699645,3.557575155350673,8.213532677581597,0.1812399281924547,1.324807505699778,1.2904336518352495,0.13285331818839463,2.470696662411801
63.0,0.0,0.0,0.0730458984374999,0.0018183593749999,0.0,0.0,6.419568557377675,1.6275253425405256,-0.5746052344301318,7.491506959942708,2.1616930984074956,8.283185307179584,0.37742105344956745,1.0,1.0,0.06643220055745133,3.6948910705271985,1.3697351640061841,-0.19046532795143117,3.326493179762084,4.0537744011486145,8.056954294214135,0.19576662972832495,1.4190181467928498,1.3061422882034146,0.13091488888374023,2.499277154251647
64.0,0.0,0.0,0.07781298828124994,0.00197705078124995,0.0,0.0,6.837397929931851,1.6217633086423318,-0.5881011266426315,7.671285131351166,2.2061486772522585,8.283185307179584,0.3958932576594745,1.0,1.0,0.06422900394946483,3.786348228609504,1.411117877062535,-0.2331555821643289,3.9725296670946673,3.303141093050792,8.037664352915968,0.1883473113773895,1.2707174938021781,1.165457913067728,0.13447454933039915,2.446584547695524
65.0,0.0,0.0,0.08019653320312498,0.002056396484374975,0.0,0.0,7.0463126162089385,1.618941237672216,-0.5948490727488813,7.761174217055395,2.22837646667464,8.283185307179584,0.405129359764428,1.0,1.0,0.06312740564547159,3.8320768076506573,1.443419374559329,-0.2545007092707778,4.295547910760959,2.927824439001881,8.037508678357101,0.18463765220192177,1.196567167306842,1.095115725499885,0.1362543795537286,2.4202382444174626
66.0,0.0,0.0,0.082580078125,0.0021357421875,0.0,0.0,7.255227302486027,1.6161559282751277,-0.6015970188551313,7.851063302759623,2.2506042560970214,8.283185307179584,0.41436546186938156,1.0,1.0,0.06202580734147834,3.87780538669181,1.4851062530883261,-0.27584583637722665,4.61856615442725,2.5525077849529696,8.044267104231707,0.18092799302645404,1.1224168408115063,1.0247735379320417,0.13803420977705808,2.3938919411394006
67.0,0.0,0.0,0.08786865234374999,0.00234375,0.0,0.0,7.7265054011503995,1.6036464800299062,-0.6042279656596659,7.724168586977241,2.3490630831939363,8.283185307179584,0.4274407721857594,1.0,1.0,0.0607000164006227,3.9378859750251913,1.4725260300684098,-0.27331192164707563,4.472378816309266,2.704597828257068,8.281624558810156,0.19042338465503467,1.114267323261454,1.1188284709705647,0.13776575932795326,2.39770139680613
68.0,0.0,0.0,0.090512939453125,0.00244775390625,0.0,0.0,7.962144450482586,1.597708090581081,-0.6055434390619332,7.66072122908605,2.3982924967423935,8.283185307179584,0.4339784273439483,1.0,1.0,0.06003712093019488,3.967926269191882,1.4668855076899368,-0.27204496428200015,4.399285147250274,2.7806428499091176,8.403323468573962,0.19517108046932496,1.110192564486428,1.1658559374898263,0.13763153410340084,2.3996061246394946
69.0,0.0,0.0,0.0931572265625,0.0025517578125,0.0,0.0,8.197783499814772,1.5919695192688916,-0.6068589124642005,7.59727387119486,2.447521910290851,8.283185307179584,0.4405160825021372,1.0,1.0,0.05937422545976706,3.9979665633585726,1.4616568792436953,-0.27077800691692466,4.326191478191282,2.8566878715611668,8.52708443835405,0.1999187762836153,1.1061178057114018,1.2128834040090877,0.13749730887884845,2.4015108524728594
70.0,0.0,0.0,0.09951513671875001,0.0028393554687499998,0.0,0.0,8.754629310168283,1.563602784078469,-0.643330401976202,9.071117962295848,2.505978708767702,8.283185307179584,0.45921726792172535,1.0,1.0,0.058555372135201254,4.0372000956338985,1.4646636095512027,-0.3015027077582144,4.96317079265779,2.704063928716672,8.463120625463542,0.2009811569125507,1.1457142717661846,1.226136367099737,0.13250132133243112,2.4774140156501785
71.0,0.0,0.0,0.102694091796875,0.002983154296875,0.0,0.0,9.033052215345041,1.5521224902924962,-0.6615661467322027,9.80804000784634,2.5352071080061274,8.283185307179584,0.46856786063151945,1.0,1.0,0.05814594547291835,4.056816861771562,1.4688713492999002,-0.31686505817885935,5.281660449891044,2.627751957294425,8.4320845144281,0.20151234722701838,1.165512504793576,1.2327628486450615,0.13000332755922245,2.515365597238838
72.0,0.0,0.0,0.105873046875,0.003126953125,0.0,0.0,9.311475120521797,1.5420652344190342,-0.6798018914882034,10.544962053396835,2.564435507244553,8.283185307179584,0.4779184533413135,1.0,1.0,0.05773651881063545,4.076433627909225,1.474686197645985,-0.3322274085995042,5.600150107124297,2.5514399858721775,8.401657267047225,0.2020435375414861,1.185310737820967,1.2393893301903862,0.12750533378601378,2.553317178827497
73.0,0.0,0.0,0.110130859375,0.0032729492187499997,0.0,0.0,9.685449418240918,1.51613743352625,-0.7126469572181322,12.881965689485984,2.5837111849654653,8.149383825857464,0.4922600524668065,1.053895837987241,1.0,0.056379947635087135,4.145371167978562,1.457224278109507,-0.3197129025973611,5.387709107459456,2.691841361266513,8.229387980547488,0.21051852532807816,1.2196454841887383,1.1999489469240494,0.1243975909079697,2.605908520025974
74.0,0.0,0.0,0.114388671875,0.0034189453125,0.0,0.0,10.059423715960037,1.4983183270635965,-0.7454920229480609,15.218969325575134,2.602986862686377,8.021644106897927,0.5066016515922995,1.107791675974482,1.0,0.055023376459538816,4.214308708047898,1.4415884403392782,-0.307198396595218,5.175268107794614,2.8322427366608487,8.062156892951483,0.21899351311467022,1.2539802305565095,1.1605085636577124,0.12128984802992564,2.6584998612244513
75.0,0.0,0.0,0.11920556640624999,0.0036083984375,4.8828125e-07,0.0,10.47969005431557,1.4608992071679352,-0.7840173156009518,19.959743378486795,2.6532715791972636,7.894392076381673,0.5218292157570388,1.1640098105937344,1.0,0.054142646977610426,4.261940392334891,1.4137083379854372,-0.3952630462526845,8.017000266460764,2.6539020757694605,7.841040136391197,0.24443759801917098,1.3110869094860427,1.1157648920586356,0.12320522223617325,2.625556511120866
76.0,0.0,0.0,0.1240224609375,0.0037978515625,9.765625e-07,0.0,10.899956392671104,1.4366476349735098,-0.8225426082538427,24.700517431398456,2.70355629570815,7.77282128251541,0.537056779921778,1.2202279452129872,1.0,0.053261917495682036,4.309572076621883,1.4285937382646456,-0.48332769591015096,10.858732425126913,2.4755614148780722,7.629399037375015,0.2698816829236717,1.3681935884155758,1.0710212204595588,0.12512059644242088,2.5926131610172805
77.0,0.0,0.0,0.12802294921875002,0.0039228515624999995,4.8828125e-07,0.0,11.252329244717915,1.3916455138573218,-0.8233300472458274,25.789128160626127,2.952578164299972,7.552308857119511,0.555976844432309,1.3289823308343118,1.0,0.05107801674505662,4.4388610517117035,1.4262633675552983,-0.47673348979236596,10.872079568288196,2.460047668141782,7.757308483378333,0.2617010789422718,1.3141358320868493,1.0808288928087797,0.11912077825518452,2.7021273373146153
78.0,0.0,0.0,0.1320234375,0.0040478515625,0.0,0.0,11.604702096764726,1.350792457336883,-0.8241174862378121,26.8777388898538,3.2016000328917946,7.349069700625455,0.5748969089428398,1.4377367164556367,1.0,0.048894115994431206,4.568150026801524,1.4239247028351885,-0.47013928367458097,10.885426711449481,2.4445339214054926,7.8903355754853255,0.25352047496087193,1.2600780757581227,1.0906365651580003,0.11312096006794817,2.8116415136119506
79.0,0.0,0.0,0.13352197265625,0.004023437499999999,0.0,0.0,11.736189211746115,1.3021220556658943,-0.822698963649988,27.43907499699946,3.5649585534864787,7.120175675865432,0.5928088544545456,1.5712164120319312,1.0,0.047212403633691905,4.680366299008085,1.3679049337823406,-0.48358936161279165,11.630118497494236,2.792837501327443,7.65928701226518,0.278756672497663,1.3636645168003207,1.080743116303276,0.11357369605578103,2.802693808177303
80.0,0.0,0.0,0.1350205078125,0.0039990234375,0.0,0.0,11.867676326727503,1.259060015585697,-0.8212804410621639,28.000411104145122,3.928317074081163,6.910953203685637,0.6107207999662514,1.7046961076082257,1.0,0.04553069127295261,4.792582571214646,1.3195703644125265,-0.4970394395510023,12.37481028353899,3.141141081249393,7.444812838196885,0.303992870034454,1.4672509578425186,1.0708496674485515,0.1140264320436139,2.7937461027426553
81.0,0.0,0.0,0.13270458984375,0.0036923828124999997,0.0,0.0,11.663899050989418,1.2102265769313378,-0.8188757830080291,27.919825792150192,4.4467869311670185,6.620228772069094,0.6285765895097661,1.911083511135061,1.0,0.04319811890124582,4.970798987173755,1.2856356763427979,-0.48157047701936617,12.476342563497875,3.344248389677653,7.321454997639017,0.2961047600337067,1.5657827276000023,1.093764903963655,0.11491338703336006,2.776563183499669
82.0,0.0,0.0,0.130388671875,0.0033857421875,0.0,0.0,11.46012177525133,1.1684019620635953,-0.8164711249538943,27.839240480155265,4.965256788252875,6.362745970632277,0.6464323790532809,2.1174709146618964,1.0,0.04086554652953903,5.149015403132863,1.2536924017669828,-0.46610151448773,12.57787484345676,3.547355698105913,7.207350573512041,0.28821665003295943,1.664314497357486,1.1166801404787585,0.11580034202310621,2.7593802642566825
83.0,0.0,0.0,0.1165859375,0.0027060546875,0.0,0.0,10.24859540122073,1.1347613284804057,-0.8121475202438566,26.901928656302665,5.509434859154922,6.181888030788503,0.6581456788800721,2.2778161577363774,1.0,0.038430189447660565,5.370831106317366,1.2868246612295045,-0.4566827752855921,10.873198682164967,3.476054622336081,7.231745712403606,0.3153968445694888,1.575587320042025,1.0583400702393793,0.11660389303221089,2.7441965172719964
84.0,0.0,0.0,0.102783203125,0.0020263671875,0.0,0.0,9.037069027190128,1.1062163324967227,-0.8078239155338189,25.964616832450062,6.053612930056969,6.015405178214783,0.6698589787068635,2.438161400810858,1.0,0.03599483236578209,5.592646809501869,1.3274235141609205,-0.4472640360834542,9.168522520873173,3.404753546566249,7.262355726241828,0.34257703910601817,1.4868601427265642,1.0,0.11740744404131555,2.7290127702873104
85.0,0.0,0.0,0.0703173828125,0.0011826171875,0.0,0.0,6.18161833943623,1.1120363760166923,-0.8061138898410273,24.060118437495852,6.168760852256623,5.978252692700794,0.67842206284078,2.4757560154702754,1.0,0.031658722044637724,6.122569860532405,1.3370672288022116,-0.43204946517945064,8.761646087599038,3.3223569209316337,7.395205557075988,0.30092107877264385,1.4122831761538925,1.0,0.11379281921186288,2.8002695726410267
86.0,0.0,0.0,0.0378515625,0.0003388671875,0.0,0.0,3.326167651682331,1.1193390405973251,-0.8044038641482356,22.155620042541646,6.283908774456278,5.9417704377745055,0.6869851469746966,2.5133506301296924,1.0,0.027322611723493356,6.652492911562939,1.3474167396016106,-0.4168348942754471,8.354769654324903,3.2399602952970183,7.535398849774282,0.25926511843926947,1.3377062095812209,1.0,0.1101781943824102,2.871526374994743
87.0,0.0,0.0,0.01903271484375,0.00016943359375,4.8828125e-07,0.0,1.7019622550936577,0.9692024581496173,-0.8594346555057861,23.0571522211629,10.707424668243432,5.186444851259503,0.7361916551860724,3.476152154073191,1.0,0.02059394712718114,8.243692015206872,1.3643521570620765,-0.5508373711328358,6.5394720727054985,4.586789649089587,7.676003901124493,0.4819015680517697,1.2668595795290374,1.0,0.09067859718664516,3.455324602517612
88.0,0.0,0.0,0.0002138671875,0.0,9.765625e-07,0.0,0.0777568585049842,0.8873967790910884,-0.9144654468633366,23.95868439978416,15.130940562030585,4.65965280361352,0.7853981633974483,4.43895367801669,1.0,0.013865282530868921,9.834891118850805,1.3818064474954181,-0.6848398479902245,4.724174491086095,5.933619002882155,7.8245159017905825,0.7045380176642699,1.196012949476854,1.0,0.07117899999088012,4.039122830040481
89.0,0.0,0.0,3.90625e-06,0.0,5.859375e-06,1.07421875e-05,0.0421384630415782,3.141592653589793,0.0,0.0,0.0,9.869604401089358,0.0,0.0,0.0,0.0,0.0,3.141592653589793,0.0,0.0,0.0,9.869604401089358,0.0,0.0,0.0,0.0,0.0
