alpha,H,He,Ti,S,Ti_1,S_1,amu/ion,thetaK_S,thetaTilt_S,thetaM_S,thetaN_S,phiK_S,phiTilt_S,phiM_S,phiN_S,energyK_S,energyE_S,thetaK_Ti,thetaTilt_Ti,thetaM_Ti,thetaN_Ti,phiK_Ti,phiTilt_Ti,phiM_Ti,phiN_Ti,energyK_Ti,energyE_Ti
0,0.000E+00,0.000E+00,9.753E-03,2.041E-04,0.000E+00,0.000E+00,7.763E-01,0.000E+00,0.000E+00,0.000E+00,0.000E+00,1.506E+00,-4.990E-03,2.266E+00,2.221E+00,1.552E-01,2.174E+00,0.000E+00,0.000E+00,0.000E+00,0.000E+00,1.792E+00,-5.119E-03,1.380E+00,1.443E+00,4.867E-02,4.802E+00
1,0.000E+00,0.000E+00,9.785E-03,2.045E-04,0.000E+00,0.000E+00,7.794E-01,0.000E+00,0.000E+00,0.000E+00,0.000E+00,1.504E+00,6.293E-03,2.155E+00,2.317E+00,1.538E-01,2.192E+00,0.000E+00,0.000E+00,0.000E+00,0.000E+00,1.796E+00,-1.419E-02,1.415E+00,1.434E+00,4.860E-02,4.806E+00
2,0.000E+00,0.000E+00,9.817E-03,2.048E-04,0.000E+00,0.000E+00,7.824E-01,0.000E+00,0.000E+00,0.000E+00,0.000E+00,1.509E+00,1.758E-02,2.043E+00,2.413E+00,1.524E-01,2.210E+00,0.000E+00,0.000E+00,0.000E+00,0.000E+00,1.801E+00,-2.325E-02,1.451E+00,1.425E+00,4.854E-02,4.811E+00
3,0.000E+00,0.000E+00,9.849E-03,2.052E-04,0.000E+00,0.000E+00,7.854E-01,0.000E+00,0.000E+00,0.000E+00,0.000E+00,1.515E+00,2.886E-02,1.932E+00,2.509E+00,1.509E-01,2.227E+00,0.000E+00,0.000E+00,0.000E+00,0.000E+00,1.805E+00,-3.232E-02,1.486E+00,1.416E+00,4.847E-02,4.815E+00
4,0.000E+00,0.000E+00,9.865E-03,2.054E-04,0.000E+00,0.000E+00,7.869E-01,0.000E+00,0.000E+00,0.000E+00,0.000E+00,1.519E+00,3.450E-02,1.876E+00,2.558E+00,1.502E-01,2.236E+00,0.000E+00,0.000E+00,0.000E+00,0.000E+00,1.807E+00,-3.686E-02,1.504E+00,1.411E+00,4.844E-02,4.817E+00
5,0.000E+00,0.000E+00,9.881E-03,2.056E-04,0.000E+00,0.000E+00,7.885E-01,0.000E+00,0.000E+00,0.000E+00,0.000E+00,1.523E+00,4.014E-02,1.820E+00,2.606E+00,1.495E-01,2.245E+00,0.000E+00,0.000E+00,0.000E+00,0.000E+00,1.809E+00,-4.139E-02,1.522E+00,1.407E+00,4.841E-02,4.820E+00
6,0.000E+00,0.000E+00,9.913E-03,2.059E-04,0.000E+00,0.000E+00,7.915E-01,0.000E+00,0.000E+00,0.000E+00,0.000E+00,1.534E+00,5.142E-02,1.709E+00,2.702E+00,1.480E-01,2.263E+00,0.000E+00,0.000E+00,0.000E+00,0.000E+00,1.814E+00,-5.046E-02,1.558E+00,1.398E+00,4.834E-02,4.824E+00
7,0.000E+00,0.000E+00,9.946E-03,2.063E-04,0.000E+00,0.000E+00,7.945E-01,0.000E+00,0.000E+00,0.000E+00,0.000E+00,1.546E+00,6.270E-02,1.598E+00,2.798E+00,1.466E-01,2.281E+00,0.000E+00,0.000E+00,0.000E+00,0.000E+00,1.818E+00,-5.952E-02,1.593E+00,1.389E+00,4.828E-02,4.828E+00
8,0.000E+00,0.000E+00,9.978E-03,2.067E-04,0.000E+00,0.000E+00,7.976E-01,0.000E+00,0.000E+00,0.000E+00,0.000E+00,1.560E+00,7.399E-02,1.486E+00,2.894E+00,1.451E-01,2.299E+00,0.000E+00,0.000E+00,0.000E+00,0.000E+00,1.823E+00,-6.859E-02,1.629E+00,1.380E+00,4.821E-02,4.833E+00
9,0.000E+00,0.000E+00,9.994E-03,2.068E-04,0.000E+00,0.000E+00,7.991E-01,0.000E+00,0.000E+00,0.000E+00,0.000E+00,1.568E+00,7.963E-02,1.430E+00,2.942E+00,1.444E-01,2.308E+00,0.000E+00,0.000E+00,0.000E+00,0.000E+00,1.825E+00,-7.313E-02,1.646E+00,1.376E+00,4.818E-02,4.835E+00
10,0.000E+00,0.000E+00,1.001E-02,2.070E-04,0.000E+00,0.000E+00,8.006E-01,0.000E+00,0.000E+00,0.000E+00,0.000E+00,1.576E+00,8.527E-02,1.375E+00,2.990E+00,1.437E-01,2.316E+00,0.000E+00,0.000E+00,0.000E+00,0.000E+00,1.828E+00,-7.766E-02,1.664E+00,1.371E+00,4.815E-02,4.837E+00
11,0.000E+00,0.000E+00,1.014E-02,2.114E-04,0.000E+00,0.000E+00,8.114E-01,0.000E+00,0.000E+00,0.000E+00,0.000E+00,1.570E+00,7.356E-02,1.420E+00,2.937E+00,1.454E-01,2.296E+00,0.000E+00,0.000E+00,0.000E+00,0.000E+00,1.827E+00,-8.689E-02,1.706E+00,1.379E+00,4.823E-02,4.832E+00
12,0.000E+00,0.000E+00,1.027E-02,2.158E-04,0.000E+00,0.000E+00,8.222E-01,0.000E+00,0.000E+00,0.000E+00,0.000E+00,1.565E+00,6.185E-02,1.464E+00,2.884E+00,1.470E-01,2.276E+00,0.000E+00,0.000E+00,0.000E+00,0.000E+00,1.827E+00,-9.612E-02,1.748E+00,1.386E+00,4.831E-02,4.826E+00
13,0.000E+00,0.000E+00,1.040E-02,2.202E-04,0.000E+00,0.000E+00,8.329E-01,0.000E+00,0.000E+00,0.000E+00,0.000E+00,1.560E+00,5.014E-02,1.509E+00,2.831E+00,1.487E-01,2.255E+00,0.000E+00,0.000E+00,0.000E+00,0.000E+00,1.827E+00,-1.053E-01,1.790E+00,1.394E+00,4.839E-02,4.821E+00
14,0.000E+00,0.000E+00,1.046E-02,2.224E-04,0.000E+00,0.000E+00,8.383E-01,0.000E+00,0.000E+00,0.000E+00,0.000E+00,1.558E+00,4.428E-02,1.532E+00,2.804E+00,1.495E-01,2.245E+00,0.000E+00,0.000E+00,0.000E+00,0.000E+00,1.827E+00,-1.100E-01,1.811E+00,1.398E+00,4.843E-02,4.818E+00
15,0.000E+00,0.000E+00,1.053E-02,2.246E-04,0.000E+00,0.000E+00,8.437E-01,0.000E+00,0.000E+00,0.000E+00,0.000E+00,1.555E+00,3.843E-02,1.554E+00,2.778E+00,1.504E-01,2.235E+00,0.000E+00,0.000E+00,0.000E+00,0.000E+00,1.827E+00,-1.146E-01,1.832E+00,1.401E+00,4.847E-02,4.815E+00
16,0.000E+00,0.000E+00,1.066E-02,2.290E-04,0.000E+00,0.000E+00,8.545E-01,0.000E+00,0.000E+00,0.000E+00,0.000E+00,1.551E+00,2.672E-02,1.599E+00,2.725E+00,1.520E-01,2.215E+00,0.000E+00,0.000E+00,0.000E+00,0.000E+00,1.827E+00,-1.238E-01,1.874E+00,1.409E+00,4.855E-02,4.809E+00
17,0.000E+00,0.000E+00,1.078E-02,2.334E-04,0.000E+00,0.000E+00,8.653E-01,0.000E+00,0.000E+00,0.000E+00,0.000E+00,1.547E+00,1.501E-02,1.644E+00,2.672E+00,1.537E-01,2.194E+00,0.000E+00,0.000E+00,0.000E+00,0.000E+00,1.827E+00,-1.330E-01,1.916E+00,1.416E+00,4.864E-02,4.804E+00
18,0.000E+00,0.000E+00,1.091E-02,2.378E-04,0.000E+00,0.000E+00,8.761E-01,0.000E+00,0.000E+00,0.000E+00,0.000E+00,1.543E+00,3.297E-03,1.688E+00,2.619E+00,1.554E-01,2.174E+00,0.000E+00,0.000E+00,0.000E+00,0.000E+00,1.827E+00,-1.423E-01,1.959E+00,1.424E+00,4.872E-02,4.798E+00
19,0.000E+00,0.000E+00,1.098E-02,2.400E-04,0.000E+00,0.000E+00,8.814E-01,0.000E+00,0.000E+00,0.000E+00,0.000E+00,1.544E+00,-2.558E-03,1.711E+00,2.592E+00,1.562E-01,2.164E+00,0.000E+00,0.000E+00,0.000E+00,0.000E+00,1.828E+00,-1.469E-01,1.980E+00,1.428E+00,4.876E-02,4.796E+00
20,0.000E+00,0.000E+00,1.104E-02,2.422E-04,0.000E+00,0.000E+00,8.868E-01,0.000E+00,0.000E+00,0.000E+00,0.000E+00,1.549E+00,-8.413E-03,1.733E+00,2.565E+00,1.570E-01,2.154E+00,0.000E+00,0.000E+00,0.000E+00,0.000E+00,1.828E+00,-1.515E-01,2.001E+00,1.432E+00,4.880E-02,4.793E+00
21,0.000E+00,0.000E+00,1.135E-02,2.522E-04,0.000E+00,0.000E+00,9.105E-01,0.000E+00,0.000E+00,0.000E+00,0.000E+00,1.541E+00,-9.427E-03,1.737E+00,2.634E+00,1.567E-01,2.158E+00,0.000E+00,0.000E+00,0.000E+00,0.000E+00,1.826E+00,-1.648E-01,2.077E+00,1.441E+00,4.869E-02,4.800E+00
22,0.000E+00,0.000E+00,1.165E-02,2.622E-04,0.000E+00,0.000E+00,9.342E-01,0.000E+00,0.000E+00,0.000E+00,0.000E+00,1.534E+00,-1.044E-02,1.740E+00,2.703E+00,1.563E-01,2.162E+00,0.000E+00,0.000E+00,0.000E+00,0.000E+00,1.825E+00,-1.781E-01,2.153E+00,1.450E+00,4.859E-02,4.807E+00
23,0.000E+00,0.000E+00,1.195E-02,2.722E-04,0.000E+00,0.000E+00,9.579E-01,0.000E+00,0.000E+00,0.000E+00,0.000E+00,1.527E+00,-1.145E-02,1.744E+00,2.772E+00,1.559E-01,2.167E+00,0.000E+00,0.000E+00,0.000E+00,0.000E+00,1.824E+00,-1.914E-01,2.228E+00,1.459E+00,4.848E-02,4.814E+00
24,0.000E+00,0.000E+00,1.211E-02,2.772E-04,0.000E+00,0.000E+00,9.697E-01,0.000E+00,0.000E+00,0.000E+00,0.000E+00,1.524E+00,-1.196E-02,1.746E+00,2.806E+00,1.557E-01,2.169E+00,0.000E+00,0.000E+00,0.000E+00,0.000E+00,1.824E+00,-1.981E-01,2.266E+00,1.464E+00,4.843E-02,4.818E+00
25,0.000E+00,0.000E+00,1.226E-02,2.822E-04,0.000E+00,0.000E+00,9.816E-01,0.000E+00,0.000E+00,0.000E+00,0.000E+00,1.521E+00,-1.247E-02,1.747E+00,2.841E+00,1.555E-01,2.171E+00,0.000E+00,0.000E+00,0.000E+00,0.000E+00,1.824E+00,-2.047E-01,2.304E+00,1.468E+00,4.838E-02,4.822E+00
26,0.000E+00,0.000E+00,1.256E-02,2.922E-04,0.000E+00,0.000E+00,1.005E+00,0.000E+00,0.000E+00,0.000E+00,0.000E+00,1.514E+00,-1.348E-02,1.751E+00,2.909E+00,1.552E-01,2.175E+00,0.000E+00,0.000E+00,0.000E+00,0.000E+00,1.823E+00,-2.180E-01,2.380E+00,1.478E+00,4.827E-02,4.829E+00
27,0.000E+00,0.000E+00,1.286E-02,3.022E-04,0.000E+00,0.000E+00,1.029E+00,0.000E+00,0.000E+00,0.000E+00,0.000E+00,1.508E+00,-1.450E-02,1.754E+00,2.978E+00,1.548E-01,2.179E+00,0.000E+00,0.000E+00,0.000E+00,0.000E+00,1.823E+00,-2.313E-01,2.456E+00,1.487E+00,4.817E-02,4.836E+00
28,0.000E+00,0.000E+00,1.317E-02,3.123E-04,0.000E+00,0.000E+00,1.053E+00,0.000E+00,0.000E+00,0.000E+00,0.000E+00,1.502E+00,-1.551E-02,1.758E+00,3.047E+00,1.544E-01,2.184E+00,0.000E+00,0.000E+00,0.000E+00,0.000E+00,1.823E+00,-2.447E-01,2.532E+00,1.496E+00,4.806E-02,4.843E+00
29,0.000E+00,0.000E+00,1.332E-02,3.173E-04,0.000E+00,0.000E+00,1.064E+00,0.000E+00,0.000E+00,0.000E+00,0.000E+00,1.499E+00,-1.602E-02,1.760E+00,3.082E+00,1.542E-01,2.186E+00,0.000E+00,0.000E+00,0.000E+00,0.000E+00,1.823E+00,-2.513E-01,2.570E+00,1.501E+00,4.801E-02,4.847E+00
30,0.000E+00,0.000E+00,1.347E-02,3.223E-04,0.000E+00,0.000E+00,1.076E+00,0.000E+00,0.000E+00,0.000E+00,0.000E+00,1.496E+00,-1.653E-02,1.761E+00,3.116E+00,1.540E-01,2.188E+00,0.000E+00,0.000E+00,0.000E+00,0.000E+00,1.823E+00,-2.580E-01,2.608E+00,1.505E+00,4.796E-02,4.851E+00
31,0.000E+00,0.000E+00,1.429E-02,3.561E-04,0.000E+00,0.000E+00,1.142E+00,0.000E+00,0.000E+00,0.000E+00,0.000E+00,1.498E+00,-2.537E-02,1.806E+00,3.097E+00,1.533E-01,2.197E+00,0.000E+00,0.000E+00,0.000E+00,0.000E+00,1.824E+00,-2.789E-01,2.738E+00,1.513E+00,4.771E-02,4.868E+00
32,0.000E+00,0.000E+00,1.470E-02,3.730E-04,0.000E+00,0.000E+00,1.175E+00,0.000E+00,0.000E+00,0.000E+00,0.000E+00,1.499E+00,-2.980E-02,1.829E+00,3.087E+00,1.530E-01,2.201E+00,0.000E+00,0.000E+00,0.000E+00,0.000E+00,1.824E+00,-2.893E-01,2.803E+00,1.517E+00,4.759E-02,4.877E+00
33,0.000E+00,0.000E+00,1.511E-02,3.899E-04,0.000E+00,0.000E+00,1.207E+00,0.000E+00,0.000E+00,0.000E+00,0.000E+00,1.500E+00,-3.422E-02,1.851E+00,3.078E+00,1.526E-01,2.206E+00,0.000E+00,0.000E+00,0.000E+00,0.000E+00,1.825E+00,-2.997E-01,2.868E+00,1.520E+00,4.746E-02,4.886E+00
34,0.000E+00,0.000E+00,1.552E-02,4.068E-04,0.000E+00,0.000E+00,1.240E+00,0.000E+00,0.000E+00,0.000E+00,0.000E+00,1.501E+00,-3.864E-02,1.874E+00,3.068E+00,1.522E-01,2.210E+00,0.000E+00,0.000E+00,0.000E+00,0.000E+00,1.826E+00,-3.102E-01,2.933E+00,1.524E+00,4.734E-02,4.895E+00
35,0.000E+00,0.000E+00,1.593E-02,4.237E-04,0.000E+00,0.000E+00,1.273E+00,0.000E+00,0.000E+00,0.000E+00,0.000E+00,1.503E+00,-4.307E-02,1.896E+00,3.059E+00,1.519E-01,2.214E+00,0.000E+00,0.000E+00,0.000E+00,0.000E+00,1.827E+00,-3.206E-01,2.997E+00,1.528E+00,4.722E-02,4.904E+00
36,0.000E+00,0.000E+00,1.634E-02,4.406E-04,0.000E+00,0.000E+00,1.306E+00,0.000E+00,0.000E+00,0.000E+00,0.000E+00,1.504E+00,-4.749E-02,1.919E+00,3.049E+00,1.515E-01,2.219E+00,0.000E+00,0.000E+00,0.000E+00,0.000E+00,1.827E+00,-3.311E-01,3.062E+00,1.532E+00,4.709E-02,4.913E+00
37,0.000E+00,0.000E+00,1.674E-02,4.575E-04,0.000E+00,0.000E+00,1.339E+00,0.000E+00,0.000E+00,0.000E+00,0.000E+00,1.505E+00,-5.192E-02,1.941E+00,3.040E+00,1.512E-01,2.223E+00,0.000E+00,0.000E+00,0.000E+00,0.000E+00,1.828E+00,-3.415E-01,3.127E+00,1.535E+00,4.697E-02,4.922E+00
38,0.000E+00,0.000E+00,1.715E-02,4.744E-04,0.000E+00,0.000E+00,1.371E+00,0.000E+00,0.000E+00,0.000E+00,0.000E+00,1.506E+00,-5.634E-02,1.964E+00,3.030E+00,1.508E-01,2.227E+00,0.000E+00,0.000E+00,0.000E+00,0.000E+00,1.830E+00,-3.520E-01,3.192E+00,1.539E+00,4.685E-02,4.931E+00
39,0.000E+00,0.000E+00,1.756E-02,4.913E-04,0.000E+00,0.000E+00,1.404E+00,0.000E+00,0.000E+00,0.000E+00,0.000E+00,1.508E+00,-6.076E-02,1.986E+00,3.021E+00,1.504E-01,2.232E+00,0.000E+00,0.000E+00,0.000E+00,0.000E+00,1.831E+00,-3.624E-01,3.257E+00,1.543E+00,4.672E-02,4.939E+00
40,0.000E+00,0.000E+00,1.797E-02,5.082E-04,0.000E+00,0.000E+00,1.437E+00,0.000E+00,0.000E+00,0.000E+00,0.000E+00,1.509E+00,-6.519E-02,2.009E+00,3.011E+00,1.501E-01,2.236E+00,0.000E+00,0.000E+00,0.000E+00,0.000E+00,1.832E+00,-3.728E-01,3.321E+00,1.547E+00,4.660E-02,4.948E+00
41,0.000E+00,0.000E+00,1.838E-02,5.251E-04,0.000E+00,0.000E+00,1.470E+00,0.000E+00,0.000E+00,0.000E+00,0.000E+00,1.511E+00,-6.961E-02,2.032E+00,3.002E+00,1.497E-01,2.240E+00,0.000E+00,0.000E+00,0.000E+00,0.000E+00,1.833E+00,-3.833E-01,3.386E+00,1.550E+00,4.648E-02,4.957E+00
42,0.000E+00,0.000E+00,1.879E-02,5.421E-04,0.000E+00,0.000E+00,1.503E+00,0.000E+00,0.000E+00,0.000E+00,0.000E+00,1.512E+00,-7.404E-02,2.054E+00,2.992E+00,1.493E-01,2.245E+00,0.000E+00,0.000E+00,0.000E+00,0.000E+00,1.834E+00,-3.937E-01,3.451E+00,1.554E+00,4.635E-02,4.966E+00
43,0.000E+00,0.000E+00,1.920E-02,5.590E-04,0.000E+00,0.000E+00,1.535E+00,0.000E+00,0.000E+00,0.000E+00,0.000E+00,1.513E+00,-7.846E-02,2.077E+00,2.983E+00,1.490E-01,2.249E+00,0.000E+00,0.000E+00,0.000E+00,0.000E+00,1.836E+00,-4.042E-01,3.516E+00,1.558E+00,4.623E-02,4.975E+00
44,0.000E+00,0.000E+00,1.961E-02,5.759E-04,0.000E+00,0.000E+00,1.568E+00,0.000E+00,0.000E+00,0.000E+00,0.000E+00,1.515E+00,-8.288E-02,2.099E+00,2.973E+00,1.486E-01,2.254E+00,0.000E+00,0.000E+00,0.000E+00,0.000E+00,1.837E+00,-4.146E-01,3.581E+00,1.562E+00,4.611E-02,4.984E+00
45,0.000E+00,0.000E+00,2.002E-02,5.928E-04,0.000E+00,0.000E+00,1.601E+00,0.000E+00,0.000E+00,0.000E+00,0.000E+00,1.516E+00,-8.731E-02,2.122E+00,2.964E+00,1.483E-01,2.258E+00,0.000E+00,0.000E+00,0.000E+00,0.000E+00,1.838E+00,-4.251E-01,3.646E+00,1.565E+00,4.598E-02,4.993E+00
46,0.000E+00,0.000E+00,2.119E-02,6.543E-04,0.000E+00,0.000E+00,1.694E+00,0.000E+00,0.000E+00,0.000E+00,0.000E+00,1.487E+00,-2.101E-01,3.866E+00,2.528E+00,1.470E-01,2.274E+00,0.000E+00,0.000E+00,0.000E+00,0.000E+00,1.835E+00,-4.641E-01,4.175E+00,1.546E+00,4.594E-02,4.996E+00
47,0.000E+00,0.000E+00,2.178E-02,6.851E-04,0.000E+00,0.000E+00,1.740E+00,0.000E+00,0.000E+00,0.000E+00,0.000E+00,1.509E+00,-2.714E-01,4.738E+00,2.310E+00,1.464E-01,2.282E+00,0.000E+00,0.000E+00,0.000E+00,0.000E+00,1.835E+00,-4.837E-01,4.440E+00,1.536E+00,4.592E-02,4.997E+00
48,0.000E+00,0.000E+00,2.236E-02,7.158E-04,0.000E+00,0.000E+00,1.787E+00,0.000E+00,0.000E+00,0.000E+00,0.000E+00,1.546E+00,-3.328E-01,5.610E+00,2.092E+00,1.458E-01,2.290E+00,0.000E+00,0.000E+00,0.000E+00,0.000E+00,1.836E+00,-5.032E-01,4.704E+00,1.526E+00,4.590E-02,4.999E+00
49,0.000E+00,0.000E+00,2.386E-02,7.568E-04,0.000E+00,0.000E+00,1.902E+00,0.000E+00,0.000E+00,0.000E+00,0.000E+00,1.581E+00,-2.629E-01,4.312E+00,1.993E+00,1.399E-01,2.371E+00,0.000E+00,0.000E+00,0.000E+00,0.000E+00,1.821E+00,-5.370E-01,5.468E+00,1.526E+00,4.551E-02,5.029E+00
50,0.000E+00,0.000E+00,2.462E-02,7.773E-04,0.000E+00,0.000E+00,1.960E+00,0.000E+00,0.000E+00,0.000E+00,0.000E+00,1.607E+00,-2.279E-01,3.663E+00,1.943E+00,1.369E-01,2.412E+00,0.000E+00,0.000E+00,0.000E+00,0.000E+00,1.817E+00,-5.540E-01,5.849E+00,1.526E+00,4.531E-02,5.044E+00
51,0.000E+00,0.000E+00,2.537E-02,7.979E-04,0.000E+00,0.000E+00,2.017E+00,0.000E+00,0.000E+00,0.000E+00,0.000E+00,1.644E+00,-1.930E-01,3.014E+00,1.893E+00,1.340E-01,2.453E+00,0.000E+00,0.000E+00,0.000E+00,0.000E+00,1.813E+00,-5.709E-01,6.231E+00,1.526E+00,4.511E-02,5.059E+00
52,0.000E+00,0.000E+00,2.651E-02,8.643E-04,0.000E+00,0.000E+00,2.117E+00,0.000E+00,0.000E+00,0.000E+00,0.000E+00,1.583E+00,-1.734E-01,2.847E+00,2.271E+00,1.367E-01,2.413E+00,0.000E+00,0.000E+00,0.000E+00,0.000E+00,1.796E+00,-6.242E-01,8.030E+00,1.503E+00,4.487E-02,5.077E+00
53,0.000E+00,0.000E+00,2.709E-02,8.975E-04,0.000E+00,0.000E+00,2.166E+00,0.000E+00,0.000E+00,0.000E+00,0.000E+00,1.558E+00,-1.636E-01,2.764E+00,2.460E+00,1.381E-01,2.394E+00,0.000E+00,0.000E+00,0.000E+00,0.000E+00,1.794E+00,-6.509E-01,8.930E+00,1.492E+00,4.475E-02,5.086E+00
54,0.000E+00,0.000E+00,2.766E-02,9.307E-04,0.000E+00,0.000E+00,2.216E+00,0.000E+00,0.000E+00,0.000E+00,0.000E+00,1.535E+00,-1.538E-01,2.681E+00,2.650E+00,1.394E-01,2.374E+00,0.000E+00,0.000E+00,0.000E+00,0.000E+00,1.794E+00,-6.775E-01,9.830E+00,1.480E+00,4.463E-02,5.096E+00
55,0.000E+00,0.000E+00,2.960E-02,1.039E-03,0.000E+00,0.000E+00,2.368E+00,0.000E+00,0.000E+00,0.000E+00,0.000E+00,1.531E+00,-1.578E-01,2.675E+00,2.715E+00,1.390E-01,2.380E+00,0.000E+00,0.000E+00,0.000E+00,0.000E+00,1.779E+00,-6.868E-01,1.034E+01,1.516E+00,4.458E-02,5.100E+00
56,0.000E+00,0.000E+00,3.057E-02,1.093E-03,0.000E+00,0.000E+00,2.444E+00,0.000E+00,0.000E+00,0.000E+00,0.000E+00,1.530E+00,-1.599E-01,2.672E+00,2.748E+00,1.388E-01,2.383E+00,0.000E+00,0.000E+00,0.000E+00,0.000E+00,1.771E+00,-6.914E-01,1.060E+01,1.534E+00,4.455E-02,5.102E+00
57,0.000E+00,0.000E+00,3.154E-02,1.147E-03,0.000E+00,0.000E+00,2.520E+00,0.000E+00,0.000E+00,0.000E+00,0.000E+00,1.528E+00,-1.619E-01,2.669E+00,2.780E+00,1.386E-01,2.386E+00,0.000E+00,0.000E+00,0.000E+00,0.000E+00,1.764E+00,-6.961E-01,1.085E+01,1.552E+00,4.452E-02,5.105E+00
58,0.000E+00,0.000E+00,3.389E-02,1.269E-03,0.000E+00,0.000E+00,2.707E+00,0.000E+00,0.000E+00,0.000E+00,0.000E+00,1.527E+00,-1.906E-01,3.110E+00,2.597E+00,1.325E-01,2.478E+00,0.000E+00,0.000E+00,0.000E+00,0.000E+00,1.741E+00,-6.980E-01,1.098E+01,1.631E+00,4.362E-02,5.177E+00
59,0.000E+00,0.000E+00,3.506E-02,1.329E-03,0.000E+00,0.000E+00,2.800E+00,0.000E+00,0.000E+00,0.000E+00,0.000E+00,1.530E+00,-2.050E-01,3.331E+00,2.506E+00,1.295E-01,2.525E+00,0.000E+00,0.000E+00,0.000E+00,0.000E+00,1.729E+00,-6.989E-01,1.104E+01,1.671E+00,4.317E-02,5.213E+00
60,0.000E+00,0.000E+00,3.624E-02,1.390E-03,0.000E+00,0.000E+00,2.894E+00,0.000E+00,0.000E+00,0.000E+00,0.000E+00,1.535E+00,-2.194E-01,3.551E+00,2.414E+00,1.264E-01,2.571E+00,0.000E+00,0.000E+00,0.000E+00,0.000E+00,1.718E+00,-6.998E-01,1.110E+01,1.711E+00,4.272E-02,5.249E+00
61,0.000E+00,0.000E+00,3.858E-02,1.538E-03,0.000E+00,0.000E+00,3.084E+00,0.000E+00,0.000E+00,0.000E+00,0.000E+00,1.519E+00,-2.128E-01,3.276E+00,2.678E+00,1.285E-01,2.538E+00,0.000E+00,0.000E+00,0.000E+00,0.000E+00,1.695E+00,-6.957E-01,1.077E+01,1.818E+00,4.281E-02,5.243E+00
62,0.000E+00,0.000E+00,3.974E-02,1.612E-03,0.000E+00,0.000E+00,3.179E+00,0.000E+00,0.000E+00,0.000E+00,0.000E+00,1.514E+00,-2.096E-01,3.138E+00,2.810E+00,1.295E-01,2.522E+00,0.000E+00,0.000E+00,0.000E+00,0.000E+00,1.684E+00,-6.937E-01,1.060E+01,1.872E+00,4.285E-02,5.239E+00
63,0.000E+00,0.000E+00,4.091E-02,1.686E-03,0.000E+00,0.000E+00,3.274E+00,0.000E+00,0.000E+00,0.000E+00,0.000E+00,1.510E+00,-2.063E-01,3.001E+00,2.942E+00,1.305E-01,2.506E+00,0.000E+00,0.000E+00,0.000E+00,0.000E+00,1.673E+00,-6.916E-01,1.044E+01,1.925E+00,4.289E-02,5.236E+00
64,0.000E+00,0.000E+00,4.408E-02,1.880E-03,0.000E+00,0.000E+00,3.532E+00,0.000E+00,0.000E+00,0.000E+00,0.000E+00,1.501E+00,-2.563E-01,3.808E+00,2.742E+00,1.296E-01,2.520E+00,0.000E+00,0.000E+00,0.000E+00,0.000E+00,1.668E+00,-6.822E-01,9.585E+00,2.003E+00,4.189E-02,5.322E+00
65,0.000E+00,0.000E+00,4.566E-02,1.978E-03,0.000E+00,0.000E+00,3.661E+00,0.000E+00,0.000E+00,0.000E+00,0.000E+00,1.503E+00,-2.812E-01,4.212E+00,2.642E+00,1.291E-01,2.527E+00,0.000E+00,0.000E+00,0.000E+00,0.000E+00,1.666E+00,-6.775E-01,9.158E+00,2.042E+00,4.139E-02,5.365E+00
66,0.000E+00,0.000E+00,4.724E-02,2.075E-03,0.000E+00,0.000E+00,3.790E+00,0.000E+00,0.000E+00,0.000E+00,0.000E+00,1.510E+00,-3.062E-01,4.616E+00,2.541E+00,1.287E-01,2.534E+00,0.000E+00,0.000E+00,0.000E+00,0.000E+00,1.665E+00,-6.729E-01,8.731E+00,2.081E+00,4.089E-02,5.408E+00
67,0.000E+00,0.000E+00,5.130E-02,2.317E-03,0.000E+00,0.000E+00,4.112E+00,0.000E+00,0.000E+00,0.000E+00,0.000E+00,1.489E+00,-2.993E-01,4.558E+00,2.683E+00,1.310E-01,2.499E+00,0.000E+00,0.000E+00,0.000E+00,0.000E+00,1.642E+00,-6.924E-01,9.241E+00,2.189E+00,3.994E-02,5.495E+00
68,0.000E+00,0.000E+00,5.332E-02,2.438E-03,0.000E+00,0.000E+00,4.273E+00,0.000E+00,0.000E+00,0.000E+00,0.000E+00,1.480E+00,-2.959E-01,4.529E+00,2.754E+00,1.321E-01,2.481E+00,0.000E+00,0.000E+00,0.000E+00,0.000E+00,1.632E+00,-7.022E-01,9.496E+00,2.242E+00,3.946E-02,5.539E+00
69,0.000E+00,0.000E+00,5.535E-02,2.560E-03,0.000E+00,0.000E+00,4.434E+00,0.000E+00,0.000E+00,0.000E+00,0.000E+00,1.470E+00,-2.924E-01,4.501E+00,2.825E+00,1.332E-01,2.464E+00,0.000E+00,0.000E+00,0.000E+00,0.000E+00,1.621E+00,-7.120E-01,9.751E+00,2.296E+00,3.899E-02,5.583E+00
70,0.000E+00,0.000E+00,6.044E-02,2.835E-03,0.000E+00,0.000E+00,4.838E+00,0.000E+00,0.000E+00,0.000E+00,0.000E+00,1.461E+00,-3.307E-01,5.424E+00,2.713E+00,1.304E-01,2.508E+00,0.000E+00,0.000E+00,0.000E+00,0.000E+00,1.594E+00,-7.341E-01,1.097E+01,2.379E+00,3.831E-02,5.650E+00
71,0.000E+00,0.000E+00,6.299E-02,2.973E-03,0.000E+00,0.000E+00,5.039E+00,0.000E+00,0.000E+00,0.000E+00,0.000E+00,1.460E+00,-3.498E-01,5.885E+00,2.657E+00,1.290E-01,2.530E+00,0.000E+00,0.000E+00,0.000E+00,0.000E+00,1.581E+00,-7.452E-01,1.157E+01,2.421E+00,3.797E-02,5.683E+00
72,0.000E+00,0.000E+00,6.553E-02,3.110E-03,0.000E+00,0.000E+00,5.241E+00,0.000E+00,0.000E+00,0.000E+00,0.000E+00,1.461E+00,-3.690E-01,6.347E+00,2.601E+00,1.276E-01,2.552E+00,0.000E+00,0.000E+00,0.000E+00,0.000E+00,1.570E+00,-7.562E-01,1.218E+01,2.462E+00,3.764E-02,5.716E+00
73,0.000E+00,0.000E+00,6.889E-02,3.286E-03,0.000E+00,0.000E+00,5.510E+00,0.000E+00,0.000E+00,0.000E+00,0.000E+00,1.451E+00,-3.589E-01,6.202E+00,2.668E+00,1.248E-01,2.600E+00,0.000E+00,0.000E+00,0.000E+00,0.000E+00,1.540E+00,-7.962E-01,1.593E+01,2.467E+00,3.713E-02,5.768E+00
74,0.000E+00,0.000E+00,7.226E-02,3.461E-03,0.000E+00,0.000E+00,5.779E+00,0.000E+00,0.000E+00,0.000E+00,0.000E+00,1.441E+00,-3.487E-01,6.057E+00,2.735E+00,1.219E-01,2.647E+00,0.000E+00,0.000E+00,0.000E+00,0.000E+00,1.522E+00,-8.362E-01,1.968E+01,2.472E+00,3.663E-02,5.820E+00
75,0.000E+00,0.000E+00,7.639E-02,3.759E-03,0.000E+00,0.000E+00,6.111E+00,0.000E+00,0.000E+00,0.000E+00,0.000E+00,1.436E+00,-4.158E-01,8.138E+00,2.568E+00,1.237E-01,2.617E+00,0.000E+00,0.000E+00,0.000E+00,0.000E+00,1.484E+00,-8.680E-01,2.547E+01,2.540E+00,3.581E-02,5.908E+00
76,0.000E+00,0.000E+00,8.053E-02,4.058E-03,0.000E+00,0.000E+00,6.443E+00,0.000E+00,0.000E+00,0.000E+00,0.000E+00,1.454E+00,-4.828E-01,1.022E+01,2.400E+00,1.255E-01,2.587E+00,0.000E+00,0.000E+00,0.000E+00,0.000E+00,1.456E+00,-8.998E-01,3.126E+01,2.608E+00,3.500E-02,5.997E+00
77,0.000E+00,0.000E+00,8.492E-02,4.273E-03,4.883E-07,0.000E+00,6.792E+00,0.000E+00,0.000E+00,0.000E+00,0.000E+00,1.435E+00,-4.732E-01,9.871E+00,2.534E+00,1.218E-01,2.651E+00,0.000E+00,0.000E+00,0.000E+00,0.000E+00,1.417E+00,-8.943E-01,3.113E+01,2.828E+00,3.428E-02,6.081E+00
78,0.000E+00,0.000E+00,8.932E-02,4.488E-03,9.766E-07,0.000E+00,7.141E+00,0.000E+00,0.000E+00,0.000E+00,0.000E+00,1.417E+00,-4.636E-01,9.522E+00,2.667E+00,1.182E-01,2.715E+00,0.000E+00,0.000E+00,0.000E+00,0.000E+00,1.382E+00,-8.888E-01,3.100E+01,3.049E+00,3.356E-02,6.164E+00
79,0.000E+00,0.000E+00,9.264E-02,4.605E-03,4.883E-07,0.000E+00,7.410E+00,0.000E+00,0.000E+00,0.000E+00,0.000E+00,1.379E+00,-4.812E-01,1.084E+01,2.815E+00,1.156E-01,2.764E+00,0.000E+00,0.000E+00,0.000E+00,0.000E+00,1.334E+00,-8.837E-01,3.165E+01,3.365E+00,3.235E-02,6.317E+00
80,0.000E+00,0.000E+00,9.597E-02,4.722E-03,0.000E+00,0.000E+00,7.679E+00,0.000E+00,0.000E+00,0.000E+00,0.000E+00,1.346E+00,-4.989E-01,1.215E+01,2.962E+00,1.131E-01,2.812E+00,0.000E+00,0.000E+00,0.000E+00,0.000E+00,1.290E+00,-8.785E-01,3.229E+01,3.681E+00,3.115E-02,6.470E+00
81,0.000E+00,0.000E+00,9.757E-02,4.630E-03,0.000E+00,0.000E+00,7.804E+00,0.000E+00,0.000E+00,0.000E+00,0.000E+00,1.325E+00,-5.010E-01,1.215E+01,3.147E+00,1.125E-01,2.824E+00,0.000E+00,0.000E+00,0.000E+00,0.000E+00,1.245E+00,-8.746E-01,3.148E+01,4.142E+00,3.005E-02,6.624E+00
82,0.000E+00,0.000E+00,9.917E-02,4.538E-03,0.000E+00,0.000E+00,7.930E+00,0.000E+00,0.000E+00,0.000E+00,0.000E+00,1.306E+00,-5.030E-01,1.215E+01,3.332E+00,1.119E-01,2.836E+00,0.000E+00,0.000E+00,0.000E+00,0.000E+00,1.206E+00,-8.707E-01,3.066E+01,4.603E+00,2.896E-02,6.779E+00
83,0.000E+00,0.000E+00,9.495E-02,3.987E-03,0.000E+00,0.000E+00,7.594E+00,0.000E+00,0.000E+00,0.000E+00,0.000E+00,1.311E+00,-4.951E-01,1.184E+01,3.291E+00,1.090E-01,2.898E+00,0.000E+00,0.000E+00,0.000E+00,0.000E+00,1.145E+00,-8.649E-01,3.016E+01,5.410E+00,2.681E-02,7.139E+00
84,0.000E+00,0.000E+00,9.074E-02,3.436E-03,0.000E+00,0.000E+00,7.258E+00,0.000E+00,0.000E+00,0.000E+00,0.000E+00,1.317E+00,-4.872E-01,1.153E+01,3.250E+00,1.060E-01,2.961E+00,0.000E+00,0.000E+00,0.000E+00,0.000E+00,1.096E+00,-8.590E-01,2.966E+01,6.217E+00,2.466E-02,7.499E+00
85,0.000E+00,0.000E+00,7.236E-02,2.297E-03,0.000E+00,0.000E+00,5.783E+00,0.000E+00,0.000E+00,0.000E+00,0.000E+00,1.359E+00,-5.023E-01,1.118E+01,3.025E+00,1.029E-01,3.035E+00,0.000E+00,0.000E+00,0.000E+00,0.000E+00,1.081E+00,-8.566E-01,2.740E+01,6.728E+00,2.247E-02,7.974E+00
86,0.000E+00,0.000E+00,5.399E-02,1.158E-03,0.000E+00,0.000E+00,4.308E+00,0.000E+00,0.000E+00,0.000E+00,0.000E+00,1.405E+00,-5.174E-01,1.083E+01,2.800E+00,9.968E-02,3.109E+00,0.000E+00,0.000E+00,0.000E+00,0.000E+00,1.071E+00,-8.541E-01,2.514E+01,7.240E+00,2.027E-02,8.450E+00
87,0.000E+00,0.000E+00,2.814E-02,5.884E-04,4.883E-07,4.883E-07,2.327E+00,0.000E+00,0.000E+00,0.000E+00,0.000E+00,1.281E+00,-6.087E-01,9.827E+00,4.838E+00,7.859E-02,3.927E+00,0.000E+00,0.000E+00,0.000E+00,0.000E+00,9.250E-01,-8.604E-01,2.091E+01,1.348E+01,1.585E-02,1.007E+01
88,0.000E+00,0.000E+00,2.280E-03,1.855E-05,9.766E-07,9.766E-07,3.452E-01,0.000E+00,0.000E+00,0.000E+00,0.000E+00,1.225E+00,-7.001E-01,8.827E+00,6.875E+00,5.750E-02,4.744E+00,0.000E+00,0.000E+00,0.000E+00,0.000E+00,8.755E-01,-8.667E-01,1.669E+01,1.972E+01,1.142E-02,1.168E+01
89,0.000E+00,0.000E+00,1.465E-05,9.766E-07,1.367E-05,2.734E-05,5.290E-02,0.000E+00,0.000E+00,0.000E+00,0.000E+00,3.142E+00,0.000E+00,0.000E+00,0.000E+00,0.000E+00,0.000E+00,0.000E+00,0.000E+00,0.000E+00,0.000E+00,3.142E+00,0.000E+00,0.000E+00,0.000E+00,0.000E+00,0.000E+00
