alpha,H,He,Mn,S,Mn_1,S_1,amu/ion,thetaK_Mn,thetaTilt_Mn,thetaM_Mn,thetaN_Mn,phiK_Mn,phiTilt_Mn,phiM_Mn,phiN_Mn,energyK_Mn,energyE_Mn,thetaK_S,thetaTilt_S,thetaM_S,thetaN_S,phiK_S,phiTilt_S,phiM_S,phiN_S,energyK_S,energyE_S
0,0.000E+00,0.000E+00,3.346E-02,3.184E-04,0.000E+00,0.000E+00,2.910E+00,0.000E+00,0.000E+00,0.000E+00,0.000E+00,1.748E+00,-1.365E-02,1.591E+00,1.482E+00,1.302E-01,2.255E+00,0.000E+00,0.000E+00,0.000E+00,0.000E+00,1.546E+00,7.812E-02,1.472E+00,3.083E+00,1.754E-01,1.965E+00
1,0.000E+00,0.000E+00,3.363E-02,3.256E-04,0.000E+00,0.000E+00,2.925E+00,0.000E+00,0.000E+00,0.000E+00,0.000E+00,1.748E+00,-1.447E-02,1.572E+00,1.507E+00,1.304E-01,2.253E+00,0.000E+00,0.000E+00,0.000E+00,0.000E+00,1.538E+00,7.027E-02,1.512E+00,3.077E+00,1.735E-01,1.984E+00
2,0.000E+00,0.000E+00,3.380E-02,3.328E-04,0.000E+00,0.000E+00,2.940E+00,0.000E+00,0.000E+00,0.000E+00,0.000E+00,1.747E+00,-1.529E-02,1.553E+00,1.532E+00,1.305E-01,2.251E+00,0.000E+00,0.000E+00,0.000E+00,0.000E+00,1.530E+00,6.241E-02,1.553E+00,3.071E+00,1.716E-01,2.003E+00
3,0.000E+00,0.000E+00,3.397E-02,3.400E-04,0.000E+00,0.000E+00,2.955E+00,0.000E+00,0.000E+00,0.000E+00,0.000E+00,1.747E+00,-1.612E-02,1.534E+00,1.557E+00,1.307E-01,2.249E+00,0.000E+00,0.000E+00,0.000E+00,0.000E+00,1.522E+00,5.456E-02,1.593E+00,3.065E+00,1.697E-01,2.022E+00
4,0.000E+00,0.000E+00,3.405E-02,3.436E-04,0.000E+00,0.000E+00,2.962E+00,0.000E+00,0.000E+00,0.000E+00,0.000E+00,1.747E+00,-1.653E-02,1.525E+00,1.569E+00,1.308E-01,2.248E+00,0.000E+00,0.000E+00,0.000E+00,0.000E+00,1.518E+00,5.063E-02,1.613E+00,3.062E+00,1.688E-01,2.032E+00
5,0.000E+00,0.000E+00,3.414E-02,3.472E-04,0.000E+00,0.000E+00,2.970E+00,0.000E+00,0.000E+00,0.000E+00,0.000E+00,1.747E+00,-1.694E-02,1.515E+00,1.581E+00,1.308E-01,2.247E+00,0.000E+00,0.000E+00,0.000E+00,0.000E+00,1.514E+00,4.670E-02,1.634E+00,3.059E+00,1.679E-01,2.041E+00
6,0.000E+00,0.000E+00,3.431E-02,3.544E-04,0.000E+00,0.000E+00,2.985E+00,0.000E+00,0.000E+00,0.000E+00,0.000E+00,1.747E+00,-1.776E-02,1.496E+00,1.606E+00,1.310E-01,2.245E+00,0.000E+00,0.000E+00,0.000E+00,0.000E+00,1.506E+00,3.885E-02,1.674E+00,3.054E+00,1.660E-01,2.060E+00
7,0.000E+00,0.000E+00,3.447E-02,3.616E-04,0.000E+00,0.000E+00,3.000E+00,0.000E+00,0.000E+00,0.000E+00,0.000E+00,1.747E+00,-1.858E-02,1.477E+00,1.631E+00,1.311E-01,2.243E+00,0.000E+00,0.000E+00,0.000E+00,0.000E+00,1.498E+00,3.099E-02,1.715E+00,3.048E+00,1.641E-01,2.079E+00
8,0.000E+00,0.000E+00,3.464E-02,3.688E-04,0.000E+00,0.000E+00,3.015E+00,0.000E+00,0.000E+00,0.000E+00,0.000E+00,1.747E+00,-1.941E-02,1.458E+00,1.656E+00,1.313E-01,2.241E+00,0.000E+00,0.000E+00,0.000E+00,0.000E+00,1.490E+00,2.314E-02,1.755E+00,3.042E+00,1.622E-01,2.098E+00
9,0.000E+00,0.000E+00,3.473E-02,3.724E-04,0.000E+00,0.000E+00,3.022E+00,0.000E+00,0.000E+00,0.000E+00,0.000E+00,1.748E+00,-1.982E-02,1.449E+00,1.668E+00,1.314E-01,2.240E+00,0.000E+00,0.000E+00,0.000E+00,0.000E+00,1.487E+00,1.921E-02,1.775E+00,3.039E+00,1.613E-01,2.107E+00
10,0.000E+00,0.000E+00,3.481E-02,3.760E-04,0.000E+00,0.000E+00,3.029E+00,0.000E+00,0.000E+00,0.000E+00,0.000E+00,1.748E+00,-2.023E-02,1.439E+00,1.680E+00,1.314E-01,2.239E+00,0.000E+00,0.000E+00,0.000E+00,0.000E+00,1.483E+00,1.528E-02,1.795E+00,3.036E+00,1.604E-01,2.117E+00
11,0.000E+00,0.000E+00,3.525E-02,3.840E-04,0.000E+00,0.000E+00,3.067E+00,0.000E+00,0.000E+00,0.000E+00,0.000E+00,1.750E+00,-3.195E-02,1.502E+00,1.666E+00,1.314E-01,2.240E+00,0.000E+00,0.000E+00,0.000E+00,0.000E+00,1.448E+00,-1.091E-02,2.126E+00,2.951E+00,1.626E-01,2.094E+00
12,0.000E+00,0.000E+00,3.569E-02,3.921E-04,0.000E+00,0.000E+00,3.104E+00,0.000E+00,0.000E+00,0.000E+00,0.000E+00,1.752E+00,-4.367E-02,1.564E+00,1.651E+00,1.313E-01,2.241E+00,0.000E+00,0.000E+00,0.000E+00,0.000E+00,1.437E+00,-3.711E-02,2.457E+00,2.865E+00,1.648E-01,2.072E+00
13,0.000E+00,0.000E+00,3.612E-02,4.001E-04,0.000E+00,0.000E+00,3.141E+00,0.000E+00,0.000E+00,0.000E+00,0.000E+00,1.755E+00,-5.539E-02,1.626E+00,1.636E+00,1.313E-01,2.241E+00,0.000E+00,0.000E+00,0.000E+00,0.000E+00,1.431E+00,-6.331E-02,2.788E+00,2.779E+00,1.671E-01,2.050E+00
14,0.000E+00,0.000E+00,3.634E-02,4.042E-04,0.000E+00,0.000E+00,3.160E+00,0.000E+00,0.000E+00,0.000E+00,0.000E+00,1.756E+00,-6.125E-02,1.658E+00,1.629E+00,1.312E-01,2.242E+00,0.000E+00,0.000E+00,0.000E+00,0.000E+00,1.430E+00,-7.641E-02,2.953E+00,2.737E+00,1.682E-01,2.039E+00
15,0.000E+00,0.000E+00,3.656E-02,4.082E-04,0.000E+00,0.000E+00,3.179E+00,0.000E+00,0.000E+00,0.000E+00,0.000E+00,1.758E+00,-6.711E-02,1.689E+00,1.621E+00,1.312E-01,2.242E+00,0.000E+00,0.000E+00,0.000E+00,0.000E+00,1.430E+00,-8.951E-02,3.119E+00,2.694E+00,1.693E-01,2.028E+00
16,0.000E+00,0.000E+00,3.700E-02,4.163E-04,0.000E+00,0.000E+00,3.216E+00,0.000E+00,0.000E+00,0.000E+00,0.000E+00,1.761E+00,-7.883E-02,1.751E+00,1.607E+00,1.311E-01,2.243E+00,0.000E+00,0.000E+00,0.000E+00,0.000E+00,1.433E+00,-1.157E-01,3.449E+00,2.608E+00,1.715E-01,2.006E+00
17,0.000E+00,0.000E+00,3.744E-02,4.243E-04,0.000E+00,0.000E+00,3.253E+00,0.000E+00,0.000E+00,0.000E+00,0.000E+00,1.765E+00,-9.055E-02,1.813E+00,1.592E+00,1.311E-01,2.244E+00,0.000E+00,0.000E+00,0.000E+00,0.000E+00,1.439E+00,-1.419E-01,3.780E+00,2.523E+00,1.737E-01,1.984E+00
18,0.000E+00,0.000E+00,3.787E-02,4.324E-04,0.000E+00,0.000E+00,3.291E+00,0.000E+00,0.000E+00,0.000E+00,0.000E+00,1.768E+00,-1.023E-01,1.876E+00,1.577E+00,1.310E-01,2.244E+00,0.000E+00,0.000E+00,0.000E+00,0.000E+00,1.448E+00,-1.681E-01,4.111E+00,2.437E+00,1.760E-01,1.961E+00
19,0.000E+00,0.000E+00,3.809E-02,4.364E-04,0.000E+00,0.000E+00,3.309E+00,0.000E+00,0.000E+00,0.000E+00,0.000E+00,1.771E+00,-1.081E-01,1.907E+00,1.570E+00,1.310E-01,2.245E+00,0.000E+00,0.000E+00,0.000E+00,0.000E+00,1.453E+00,-1.812E-01,4.276E+00,2.394E+00,1.771E-01,1.950E+00
20,0.000E+00,0.000E+00,3.831E-02,4.404E-04,0.000E+00,0.000E+00,3.328E+00,0.000E+00,0.000E+00,0.000E+00,0.000E+00,1.773E+00,-1.140E-01,1.938E+00,1.562E+00,1.310E-01,2.245E+00,0.000E+00,0.000E+00,0.000E+00,0.000E+00,1.459E+00,-1.943E-01,4.442E+00,2.351E+00,1.782E-01,1.939E+00
21,0.000E+00,0.000E+00,3.908E-02,4.535E-04,0.000E+00,0.000E+00,3.395E+00,0.000E+00,0.000E+00,0.000E+00,0.000E+00,1.771E+00,-1.225E-01,1.975E+00,1.580E+00,1.307E-01,2.249E+00,0.000E+00,0.000E+00,0.000E+00,0.000E+00,1.462E+00,-1.760E-01,4.150E+00,2.359E+00,1.757E-01,1.964E+00
22,0.000E+00,0.000E+00,3.985E-02,4.666E-04,0.000E+00,0.000E+00,3.463E+00,0.000E+00,0.000E+00,0.000E+00,0.000E+00,1.770E+00,-1.311E-01,2.012E+00,1.599E+00,1.304E-01,2.252E+00,0.000E+00,0.000E+00,0.000E+00,0.000E+00,1.467E+00,-1.577E-01,3.858E+00,2.366E+00,1.732E-01,1.989E+00
23,0.000E+00,0.000E+00,4.062E-02,4.796E-04,0.000E+00,0.000E+00,3.531E+00,0.000E+00,0.000E+00,0.000E+00,0.000E+00,1.768E+00,-1.396E-01,2.048E+00,1.617E+00,1.302E-01,2.256E+00,0.000E+00,0.000E+00,0.000E+00,0.000E+00,1.473E+00,-1.394E-01,3.566E+00,2.373E+00,1.708E-01,2.014E+00
24,0.000E+00,0.000E+00,4.101E-02,4.861E-04,0.000E+00,0.000E+00,3.564E+00,0.000E+00,0.000E+00,0.000E+00,0.000E+00,1.767E+00,-1.439E-01,2.067E+00,1.626E+00,1.300E-01,2.258E+00,0.000E+00,0.000E+00,0.000E+00,0.000E+00,1.477E+00,-1.302E-01,3.420E+00,2.377E+00,1.695E-01,2.027E+00
25,0.000E+00,0.000E+00,4.140E-02,4.927E-04,0.000E+00,0.000E+00,3.598E+00,0.000E+00,0.000E+00,0.000E+00,0.000E+00,1.767E+00,-1.482E-01,2.085E+00,1.635E+00,1.299E-01,2.260E+00,0.000E+00,0.000E+00,0.000E+00,0.000E+00,1.481E+00,-1.211E-01,3.275E+00,2.380E+00,1.683E-01,2.039E+00
26,0.000E+00,0.000E+00,4.217E-02,5.057E-04,0.000E+00,0.000E+00,3.666E+00,0.000E+00,0.000E+00,0.000E+00,0.000E+00,1.765E+00,-1.567E-01,2.122E+00,1.653E+00,1.296E-01,2.264E+00,0.000E+00,0.000E+00,0.000E+00,0.000E+00,1.492E+00,-1.028E-01,2.983E+00,2.387E+00,1.658E-01,2.064E+00
27,0.000E+00,0.000E+00,4.294E-02,5.188E-04,0.000E+00,0.000E+00,3.733E+00,0.000E+00,0.000E+00,0.000E+00,0.000E+00,1.764E+00,-1.652E-01,2.159E+00,1.672E+00,1.293E-01,2.267E+00,0.000E+00,0.000E+00,0.000E+00,0.000E+00,1.506E+00,-8.448E-02,2.691E+00,2.395E+00,1.633E-01,2.089E+00
28,0.000E+00,0.000E+00,4.371E-02,5.319E-04,0.000E+00,0.000E+00,3.801E+00,0.000E+00,0.000E+00,0.000E+00,0.000E+00,1.762E+00,-1.738E-01,2.195E+00,1.690E+00,1.291E-01,2.271E+00,0.000E+00,0.000E+00,0.000E+00,0.000E+00,1.523E+00,-6.617E-02,2.399E+00,2.402E+00,1.608E-01,2.114E+00
29,0.000E+00,0.000E+00,4.409E-02,5.384E-04,0.000E+00,0.000E+00,3.835E+00,0.000E+00,0.000E+00,0.000E+00,0.000E+00,1.762E+00,-1.781E-01,2.214E+00,1.699E+00,1.289E-01,2.273E+00,0.000E+00,0.000E+00,0.000E+00,0.000E+00,1.533E+00,-5.702E-02,2.253E+00,2.405E+00,1.596E-01,2.126E+00
30,0.000E+00,0.000E+00,4.448E-02,5.449E-04,0.000E+00,0.000E+00,3.869E+00,0.000E+00,0.000E+00,0.000E+00,0.000E+00,1.761E+00,-1.823E-01,2.232E+00,1.708E+00,1.288E-01,2.275E+00,0.000E+00,0.000E+00,0.000E+00,0.000E+00,1.545E+00,-4.787E-02,2.107E+00,2.409E+00,1.583E-01,2.139E+00
31,0.000E+00,0.000E+00,4.684E-02,5.909E-04,0.000E+00,0.000E+00,4.075E+00,0.000E+00,0.000E+00,0.000E+00,0.000E+00,1.755E+00,-2.059E-01,2.445E+00,1.701E+00,1.282E-01,2.283E+00,0.000E+00,0.000E+00,0.000E+00,0.000E+00,1.524E+00,-3.476E-02,1.983E+00,2.638E+00,1.570E-01,2.155E+00
32,0.000E+00,0.000E+00,4.802E-02,6.140E-04,0.000E+00,0.000E+00,4.178E+00,0.000E+00,0.000E+00,0.000E+00,0.000E+00,1.753E+00,-2.177E-01,2.551E+00,1.698E+00,1.279E-01,2.287E+00,0.000E+00,0.000E+00,0.000E+00,0.000E+00,1.515E+00,-2.820E-02,1.922E+00,2.752E+00,1.564E-01,2.162E+00
33,0.000E+00,0.000E+00,4.920E-02,6.370E-04,0.000E+00,0.000E+00,4.281E+00,0.000E+00,0.000E+00,0.000E+00,0.000E+00,1.751E+00,-2.295E-01,2.658E+00,1.695E+00,1.276E-01,2.291E+00,0.000E+00,0.000E+00,0.000E+00,0.000E+00,1.508E+00,-2.164E-02,1.860E+00,2.866E+00,1.557E-01,2.170E+00
34,0.000E+00,0.000E+00,5.038E-02,6.600E-04,0.000E+00,0.000E+00,4.383E+00,0.000E+00,0.000E+00,0.000E+00,0.000E+00,1.750E+00,-2.413E-01,2.764E+00,1.691E+00,1.273E-01,2.295E+00,0.000E+00,0.000E+00,0.000E+00,0.000E+00,1.501E+00,-1.508E-02,1.798E+00,2.980E+00,1.551E-01,2.178E+00
35,0.000E+00,0.000E+00,5.156E-02,6.830E-04,0.000E+00,0.000E+00,4.486E+00,0.000E+00,0.000E+00,0.000E+00,0.000E+00,1.749E+00,-2.531E-01,2.871E+00,1.688E+00,1.270E-01,2.299E+00,0.000E+00,0.000E+00,0.000E+00,0.000E+00,1.495E+00,-8.527E-03,1.736E+00,3.095E+00,1.544E-01,2.186E+00
36,0.000E+00,0.000E+00,5.274E-02,7.060E-04,0.000E+00,0.000E+00,4.589E+00,0.000E+00,0.000E+00,0.000E+00,0.000E+00,1.749E+00,-2.649E-01,2.977E+00,1.685E+00,1.267E-01,2.303E+00,0.000E+00,0.000E+00,0.000E+00,0.000E+00,1.490E+00,-1.970E-03,1.674E+00,3.209E+00,1.537E-01,2.193E+00
37,0.000E+00,0.000E+00,5.392E-02,7.290E-04,0.000E+00,0.000E+00,4.692E+00,0.000E+00,0.000E+00,0.000E+00,0.000E+00,1.749E+00,-2.766E-01,3.084E+00,1.681E+00,1.264E-01,2.308E+00,0.000E+00,0.000E+00,0.000E+00,0.000E+00,1.491E+00,4.587E-03,1.612E+00,3.323E+00,1.531E-01,2.201E+00
38,0.000E+00,0.000E+00,5.510E-02,7.520E-04,0.000E+00,0.000E+00,4.795E+00,0.000E+00,0.000E+00,0.000E+00,0.000E+00,1.749E+00,-2.884E-01,3.190E+00,1.678E+00,1.261E-01,2.312E+00,0.000E+00,0.000E+00,0.000E+00,0.000E+00,1.495E+00,1.114E-02,1.550E+00,3.437E+00,1.524E-01,2.209E+00
39,0.000E+00,0.000E+00,5.628E-02,7.750E-04,0.000E+00,0.000E+00,4.898E+00,0.000E+00,0.000E+00,0.000E+00,0.000E+00,1.750E+00,-3.002E-01,3.297E+00,1.675E+00,1.258E-01,2.316E+00,0.000E+00,0.000E+00,0.000E+00,0.000E+00,1.500E+00,1.770E-02,1.488E+00,3.552E+00,1.518E-01,2.217E+00
40,0.000E+00,0.000E+00,5.746E-02,7.980E-04,0.000E+00,0.000E+00,5.001E+00,0.000E+00,0.000E+00,0.000E+00,0.000E+00,1.751E+00,-3.120E-01,3.403E+00,1.671E+00,1.255E-01,2.320E+00,0.000E+00,0.000E+00,0.000E+00,0.000E+00,1.506E+00,2.426E-02,1.426E+00,3.666E+00,1.511E-01,2.225E+00
41,0.000E+00,0.000E+00,5.864E-02,8.210E-04,0.000E+00,0.000E+00,5.104E+00,0.000E+00,0.000E+00,0.000E+00,0.000E+00,1.752E+00,-3.238E-01,3.510E+00,1.668E+00,1.253E-01,2.324E+00,0.000E+00,0.000E+00,0.000E+00,0.000E+00,1.513E+00,3.082E-02,1.364E+00,3.780E+00,1.504E-01,2.232E+00
42,0.000E+00,0.000E+00,5.982E-02,8.441E-04,0.000E+00,0.000E+00,5.207E+00,0.000E+00,0.000E+00,0.000E+00,0.000E+00,1.754E+00,-3.356E-01,3.616E+00,1.664E+00,1.250E-01,2.328E+00,0.000E+00,0.000E+00,0.000E+00,0.000E+00,1.521E+00,3.737E-02,1.302E+00,3.894E+00,1.498E-01,2.240E+00
43,0.000E+00,0.000E+00,6.100E-02,8.671E-04,0.000E+00,0.000E+00,5.310E+00,0.000E+00,0.000E+00,0.000E+00,0.000E+00,1.755E+00,-3.474E-01,3.723E+00,1.661E+00,1.247E-01,2.332E+00,0.000E+00,0.000E+00,0.000E+00,0.000E+00,1.530E+00,4.393E-02,1.240E+00,4.009E+00,1.491E-01,2.248E+00
44,0.000E+00,0.000E+00,6.218E-02,8.901E-04,0.000E+00,0.000E+00,5.413E+00,0.000E+00,0.000E+00,0.000E+00,0.000E+00,1.757E+00,-3.592E-01,3.829E+00,1.658E+00,1.244E-01,2.336E+00,0.000E+00,0.000E+00,0.000E+00,0.000E+00,1.539E+00,5.049E-02,1.178E+00,4.123E+00,1.485E-01,2.256E+00
45,0.000E+00,0.000E+00,6.336E-02,9.131E-04,0.000E+00,0.000E+00,5.516E+00,0.000E+00,0.000E+00,0.000E+00,0.000E+00,1.759E+00,-3.710E-01,3.935E+00,1.654E+00,1.241E-01,2.340E+00,0.000E+00,0.000E+00,0.000E+00,0.000E+00,1.550E+00,5.704E-02,1.116E+00,4.237E+00,1.478E-01,2.264E+00
46,0.000E+00,0.000E+00,6.592E-02,9.956E-04,0.000E+00,0.000E+00,5.736E+00,0.000E+00,0.000E+00,0.000E+00,0.000E+00,1.756E+00,-3.955E-01,4.255E+00,1.654E+00,1.225E-01,2.364E+00,0.000E+00,0.000E+00,0.000E+00,0.000E+00,1.470E+00,-4.379E-03,1.606E+00,3.643E+00,1.480E-01,2.262E+00
47,0.000E+00,0.000E+00,6.719E-02,1.037E-03,0.000E+00,0.000E+00,5.846E+00,0.000E+00,0.000E+00,0.000E+00,0.000E+00,1.755E+00,-4.078E-01,4.415E+00,1.654E+00,1.217E-01,2.376E+00,0.000E+00,0.000E+00,0.000E+00,0.000E+00,1.478E+00,-3.509E-02,1.851E+00,3.346E+00,1.480E-01,2.261E+00
48,0.000E+00,0.000E+00,6.847E-02,1.078E-03,0.000E+00,0.000E+00,5.955E+00,0.000E+00,0.000E+00,0.000E+00,0.000E+00,1.755E+00,-4.200E-01,4.574E+00,1.654E+00,1.209E-01,2.388E+00,0.000E+00,0.000E+00,0.000E+00,0.000E+00,1.493E+00,-6.580E-02,2.095E+00,3.049E+00,1.481E-01,2.260E+00
49,0.000E+00,0.000E+00,7.207E-02,1.128E-03,0.000E+00,0.000E+00,6.270E+00,0.000E+00,0.000E+00,0.000E+00,0.000E+00,1.744E+00,-4.453E-01,5.070E+00,1.664E+00,1.211E-01,2.384E+00,0.000E+00,0.000E+00,0.000E+00,0.000E+00,1.491E+00,-9.653E-02,2.298E+00,3.054E+00,1.448E-01,2.303E+00
50,0.000E+00,0.000E+00,7.387E-02,1.154E-03,0.000E+00,0.000E+00,6.427E+00,0.000E+00,0.000E+00,0.000E+00,0.000E+00,1.739E+00,-4.579E-01,5.317E+00,1.669E+00,1.212E-01,2.383E+00,0.000E+00,0.000E+00,0.000E+00,0.000E+00,1.490E+00,-1.119E-01,2.400E+00,3.056E+00,1.432E-01,2.324E+00
51,0.000E+00,0.000E+00,7.567E-02,1.179E-03,0.000E+00,0.000E+00,6.584E+00,0.000E+00,0.000E+00,0.000E+00,0.000E+00,1.736E+00,-4.705E-01,5.565E+00,1.674E+00,1.213E-01,2.381E+00,0.000E+00,0.000E+00,0.000E+00,0.000E+00,1.490E+00,-1.273E-01,2.502E+00,3.058E+00,1.415E-01,2.346E+00
52,0.000E+00,0.000E+00,7.944E-02,1.257E-03,0.000E+00,0.000E+00,6.910E+00,0.000E+00,0.000E+00,0.000E+00,0.000E+00,1.735E+00,-4.740E-01,5.590E+00,1.683E+00,1.205E-01,2.393E+00,0.000E+00,0.000E+00,0.000E+00,0.000E+00,1.491E+00,-2.010E-01,3.659E+00,2.568E+00,1.494E-01,2.249E+00
53,0.000E+00,0.000E+00,8.133E-02,1.297E-03,0.000E+00,0.000E+00,7.073E+00,0.000E+00,0.000E+00,0.000E+00,0.000E+00,1.734E+00,-4.758E-01,5.602E+00,1.687E+00,1.201E-01,2.400E+00,0.000E+00,0.000E+00,0.000E+00,0.000E+00,1.512E+00,-2.379E-01,4.237E+00,2.324E+00,1.533E-01,2.200E+00
54,0.000E+00,0.000E+00,8.322E-02,1.336E-03,0.000E+00,0.000E+00,7.237E+00,0.000E+00,0.000E+00,0.000E+00,0.000E+00,1.734E+00,-4.776E-01,5.614E+00,1.692E+00,1.197E-01,2.406E+00,0.000E+00,0.000E+00,0.000E+00,0.000E+00,1.544E+00,-2.748E-01,4.816E+00,2.079E+00,1.572E-01,2.151E+00
55,0.000E+00,0.000E+00,8.763E-02,1.529E-03,0.000E+00,0.000E+00,7.619E+00,0.000E+00,0.000E+00,0.000E+00,0.000E+00,1.717E+00,-4.863E-01,5.860E+00,1.745E+00,1.185E-01,2.424E+00,0.000E+00,0.000E+00,0.000E+00,0.000E+00,1.481E+00,-2.104E-01,3.828E+00,2.600E+00,1.457E-01,2.300E+00
56,0.000E+00,0.000E+00,8.983E-02,1.626E-03,0.000E+00,0.000E+00,7.810E+00,0.000E+00,0.000E+00,0.000E+00,0.000E+00,1.708E+00,-4.907E-01,5.983E+00,1.772E+00,1.180E-01,2.433E+00,0.000E+00,0.000E+00,0.000E+00,0.000E+00,1.465E+00,-1.782E-01,3.334E+00,2.861E+00,1.400E-01,2.374E+00
57,0.000E+00,0.000E+00,9.203E-02,1.723E-03,0.000E+00,0.000E+00,8.002E+00,0.000E+00,0.000E+00,0.000E+00,0.000E+00,1.700E+00,-4.951E-01,6.106E+00,1.798E+00,1.174E-01,2.442E+00,0.000E+00,0.000E+00,0.000E+00,0.000E+00,1.460E+00,-1.460E-01,2.840E+00,3.122E+00,1.343E-01,2.449E+00
58,0.000E+00,0.000E+00,9.696E-02,1.825E-03,0.000E+00,0.000E+00,8.435E+00,0.000E+00,0.000E+00,0.000E+00,0.000E+00,1.692E+00,-4.955E-01,5.962E+00,1.862E+00,1.168E-01,2.452E+00,0.000E+00,0.000E+00,0.000E+00,0.000E+00,1.471E+00,-1.760E-01,3.053E+00,3.031E+00,1.377E-01,2.399E+00
59,0.000E+00,0.000E+00,9.943E-02,1.876E-03,0.000E+00,0.000E+00,8.652E+00,0.000E+00,0.000E+00,0.000E+00,0.000E+00,1.689E+00,-4.956E-01,5.891E+00,1.894E+00,1.164E-01,2.457E+00,0.000E+00,0.000E+00,0.000E+00,0.000E+00,1.478E+00,-1.909E-01,3.160E+00,2.986E+00,1.395E-01,2.375E+00
60,0.000E+00,0.000E+00,1.019E-01,1.928E-03,0.000E+00,0.000E+00,8.869E+00,0.000E+00,0.000E+00,0.000E+00,0.000E+00,1.685E+00,-4.958E-01,5.819E+00,1.926E+00,1.161E-01,2.462E+00,0.000E+00,0.000E+00,0.000E+00,0.000E+00,1.484E+00,-2.059E-01,3.267E+00,2.940E+00,1.412E-01,2.350E+00
61,0.000E+00,0.000E+00,1.077E-01,2.128E-03,0.000E+00,0.000E+00,9.375E+00,0.000E+00,0.000E+00,0.000E+00,0.000E+00,1.679E+00,-4.993E-01,5.837E+00,1.963E+00,1.140E-01,2.497E+00,0.000E+00,0.000E+00,0.000E+00,0.000E+00,1.498E+00,-1.404E-01,2.535E+00,3.042E+00,1.446E-01,2.306E+00
62,0.000E+00,0.000E+00,1.106E-01,2.228E-03,0.000E+00,0.000E+00,9.628E+00,0.000E+00,0.000E+00,0.000E+00,0.000E+00,1.676E+00,-5.010E-01,5.847E+00,1.981E+00,1.129E-01,2.515E+00,0.000E+00,0.000E+00,0.000E+00,0.000E+00,1.514E+00,-1.077E-01,2.169E+00,3.093E+00,1.463E-01,2.283E+00
63,0.000E+00,0.000E+00,1.135E-01,2.328E-03,0.000E+00,0.000E+00,9.881E+00,0.000E+00,0.000E+00,0.000E+00,0.000E+00,1.673E+00,-5.028E-01,5.856E+00,1.999E+00,1.119E-01,2.533E+00,0.000E+00,0.000E+00,0.000E+00,0.000E+00,1.539E+00,-7.501E-02,1.803E+00,3.144E+00,1.480E-01,2.261E+00
64,0.000E+00,0.000E+00,1.207E-01,2.562E-03,0.000E+00,0.000E+00,1.050E+01,0.000E+00,0.000E+00,0.000E+00,0.000E+00,1.651E+00,-5.184E-01,6.238E+00,2.084E+00,1.110E-01,2.547E+00,0.000E+00,0.000E+00,0.000E+00,0.000E+00,1.479E+00,-1.608E-01,2.966E+00,2.926E+00,1.397E-01,2.376E+00
65,0.000E+00,0.000E+00,1.242E-01,2.678E-03,0.000E+00,0.000E+00,1.081E+01,0.000E+00,0.000E+00,0.000E+00,0.000E+00,1.641E+00,-5.263E-01,6.429E+00,2.126E+00,1.106E-01,2.555E+00,0.000E+00,0.000E+00,0.000E+00,0.000E+00,1.472E+00,-2.037E-01,3.547E+00,2.817E+00,1.356E-01,2.433E+00
66,0.000E+00,0.000E+00,1.278E-01,2.795E-03,0.000E+00,0.000E+00,1.112E+01,0.000E+00,0.000E+00,0.000E+00,0.000E+00,1.631E+00,-5.341E-01,6.619E+00,2.168E+00,1.102E-01,2.562E+00,0.000E+00,0.000E+00,0.000E+00,0.000E+00,1.474E+00,-2.465E-01,4.129E+00,2.708E+00,1.315E-01,2.491E+00
67,0.000E+00,0.000E+00,1.359E-01,3.096E-03,0.000E+00,0.000E+00,1.183E+01,0.000E+00,0.000E+00,0.000E+00,0.000E+00,1.619E+00,-5.703E-01,7.784E+00,2.146E+00,1.081E-01,2.599E+00,0.000E+00,0.000E+00,0.000E+00,0.000E+00,1.499E+00,-2.822E-01,4.508E+00,2.532E+00,1.300E-01,2.513E+00
68,0.000E+00,0.000E+00,1.400E-01,3.246E-03,0.000E+00,0.000E+00,1.219E+01,0.000E+00,0.000E+00,0.000E+00,0.000E+00,1.616E+00,-5.885E-01,8.366E+00,2.134E+00,1.071E-01,2.618E+00,0.000E+00,0.000E+00,0.000E+00,0.000E+00,1.514E+00,-3.000E-01,4.697E+00,2.445E+00,1.293E-01,2.524E+00
69,0.000E+00,0.000E+00,1.441E-01,3.396E-03,0.000E+00,0.000E+00,1.254E+01,0.000E+00,0.000E+00,0.000E+00,0.000E+00,1.614E+00,-6.066E-01,8.948E+00,2.123E+00,1.061E-01,2.636E+00,0.000E+00,0.000E+00,0.000E+00,0.000E+00,1.529E+00,-3.178E-01,4.887E+00,2.357E+00,1.286E-01,2.536E+00
70,0.000E+00,0.000E+00,1.525E-01,3.670E-03,0.000E+00,4.883E-07,1.327E+01,0.000E+00,0.000E+00,0.000E+00,0.000E+00,1.587E+00,-6.381E-01,1.079E+01,2.150E+00,1.042E-01,2.673E+00,0.000E+00,0.000E+00,0.000E+00,0.000E+00,1.475E+00,-3.132E-01,5.191E+00,2.596E+00,1.243E-01,2.608E+00
71,0.000E+00,0.000E+00,1.567E-01,3.807E-03,0.000E+00,7.324E-07,1.364E+01,0.000E+00,0.000E+00,0.000E+00,0.000E+00,1.577E+00,-6.538E-01,1.171E+01,2.164E+00,1.033E-01,2.691E+00,0.000E+00,0.000E+00,0.000E+00,0.000E+00,1.450E+00,-3.109E-01,5.344E+00,2.715E+00,1.222E-01,2.645E+00
72,0.000E+00,0.000E+00,1.609E-01,3.943E-03,0.000E+00,9.766E-07,1.401E+01,0.000E+00,0.000E+00,0.000E+00,0.000E+00,1.568E+00,-6.696E-01,1.263E+01,2.178E+00,1.023E-01,2.709E+00,0.000E+00,0.000E+00,0.000E+00,0.000E+00,1.426E+00,-3.086E-01,5.496E+00,2.835E+00,1.200E-01,2.681E+00
73,0.000E+00,0.000E+00,1.675E-01,4.253E-03,0.000E+00,4.883E-07,1.458E+01,0.000E+00,0.000E+00,0.000E+00,0.000E+00,1.539E+00,-7.057E-01,1.613E+01,2.189E+00,1.003E-01,2.750E+00,0.000E+00,0.000E+00,0.000E+00,0.000E+00,1.438E+00,-3.466E-01,6.160E+00,2.717E+00,1.284E-01,2.546E+00
74,0.000E+00,0.000E+00,1.741E-01,4.563E-03,0.000E+00,0.000E+00,1.515E+01,0.000E+00,0.000E+00,0.000E+00,0.000E+00,1.522E+00,-7.417E-01,1.963E+01,2.199E+00,9.826E-02,2.792E+00,0.000E+00,0.000E+00,0.000E+00,0.000E+00,1.454E+00,-3.845E-01,6.824E+00,2.598E+00,1.368E-01,2.411E+00
75,0.000E+00,0.000E+00,1.801E-01,4.723E-03,0.000E+00,4.883E-07,1.567E+01,0.000E+00,0.000E+00,0.000E+00,0.000E+00,1.485E+00,-7.413E-01,2.008E+01,2.365E+00,9.598E-02,2.842E+00,0.000E+00,0.000E+00,0.000E+00,0.000E+00,1.429E+00,-4.042E-01,7.605E+00,2.685E+00,1.355E-01,2.430E+00
76,0.000E+00,0.000E+00,1.860E-01,4.883E-03,0.000E+00,9.766E-07,1.619E+01,0.000E+00,0.000E+00,0.000E+00,0.000E+00,1.452E+00,-7.408E-01,2.053E+01,2.530E+00,9.371E-02,2.892E+00,0.000E+00,0.000E+00,0.000E+00,0.000E+00,1.407E+00,-4.239E-01,8.385E+00,2.772E+00,1.342E-01,2.449E+00
77,0.000E+00,0.000E+00,1.909E-01,5.106E-03,0.000E+00,9.766E-07,1.661E+01,0.000E+00,0.000E+00,0.000E+00,0.000E+00,1.417E+00,-7.389E-01,2.095E+01,2.717E+00,9.237E-02,2.924E+00,0.000E+00,0.000E+00,0.000E+00,0.000E+00,1.412E+00,-4.517E-01,9.611E+00,2.635E+00,1.276E-01,2.557E+00
78,0.000E+00,0.000E+00,1.958E-01,5.329E-03,0.000E+00,9.766E-07,1.704E+01,0.000E+00,0.000E+00,0.000E+00,0.000E+00,1.384E+00,-7.371E-01,2.136E+01,2.904E+00,9.103E-02,2.955E+00,0.000E+00,0.000E+00,0.000E+00,0.000E+00,1.423E+00,-4.794E-01,1.084E+01,2.499E+00,1.209E-01,2.665E+00
79,0.000E+00,0.000E+00,1.980E-01,5.277E-03,0.000E+00,9.766E-07,1.723E+01,0.000E+00,0.000E+00,0.000E+00,0.000E+00,1.338E+00,-7.328E-01,2.149E+01,3.227E+00,8.913E-02,3.002E+00,0.000E+00,0.000E+00,0.000E+00,0.000E+00,1.400E+00,-4.929E-01,1.162E+01,2.609E+00,1.190E-01,2.700E+00
80,0.000E+00,0.000E+00,2.002E-01,5.225E-03,0.000E+00,9.766E-07,1.741E+01,0.000E+00,0.000E+00,0.000E+00,0.000E+00,1.296E+00,-7.285E-01,2.162E+01,3.550E+00,8.722E-02,3.050E+00,0.000E+00,0.000E+00,0.000E+00,0.000E+00,1.379E+00,-5.063E-01,1.240E+01,2.719E+00,1.171E-01,2.734E+00
81,0.000E+00,0.000E+00,1.963E-01,4.927E-03,9.766E-07,9.766E-07,1.707E+01,0.000E+00,0.000E+00,0.000E+00,0.000E+00,1.248E+00,-7.220E-01,2.146E+01,3.997E+00,8.316E-02,3.162E+00,0.000E+00,0.000E+00,0.000E+00,0.000E+00,1.378E+00,-4.838E-01,1.082E+01,2.841E+00,1.145E-01,2.785E+00
82,0.000E+00,0.000E+00,1.923E-01,4.629E-03,1.953E-06,9.766E-07,1.673E+01,0.000E+00,0.000E+00,0.000E+00,0.000E+00,1.207E+00,-7.156E-01,2.131E+01,4.445E+00,7.909E-02,3.275E+00,0.000E+00,0.000E+00,0.000E+00,0.000E+00,1.384E+00,-4.614E-01,9.235E+00,2.963E+00,1.119E-01,2.836E+00
83,0.000E+00,0.000E+00,1.728E-01,3.720E-03,9.766E-07,4.883E-07,1.503E+01,0.000E+00,0.000E+00,0.000E+00,0.000E+00,1.163E+00,-7.054E-01,1.984E+01,5.144E+00,7.501E-02,3.409E+00,0.000E+00,0.000E+00,0.000E+00,0.000E+00,1.354E+00,-4.826E-01,1.056E+01,3.068E+00,1.064E-01,2.957E+00
84,0.000E+00,0.000E+00,1.534E-01,2.812E-03,0.000E+00,0.000E+00,1.334E+01,0.000E+00,0.000E+00,0.000E+00,0.000E+00,1.130E+00,-6.952E-01,1.838E+01,5.844E+00,7.093E-02,3.543E+00,0.000E+00,0.000E+00,0.000E+00,0.000E+00,1.329E+00,-5.038E-01,1.189E+01,3.173E+00,1.010E-01,3.077E+00
85,0.000E+00,0.000E+00,1.061E-01,1.644E-03,0.000E+00,0.000E+00,9.229E+00,0.000E+00,0.000E+00,0.000E+00,0.000E+00,1.133E+00,-6.946E-01,1.716E+01,6.028E+00,6.315E-02,3.880E+00,0.000E+00,0.000E+00,0.000E+00,0.000E+00,1.347E+00,-5.395E-01,1.586E+01,2.728E+00,1.065E-01,2.955E+00
86,0.000E+00,0.000E+00,5.883E-02,4.766E-04,0.000E+00,0.000E+00,5.120E+00,0.000E+00,0.000E+00,0.000E+00,0.000E+00,1.137E+00,-6.939E-01,1.595E+01,6.212E+00,5.537E-02,4.217E+00,0.000E+00,0.000E+00,0.000E+00,0.000E+00,1.398E+00,-5.752E-01,1.984E+01,2.284E+00,1.120E-01,2.834E+00
87,0.000E+00,0.000E+00,2.963E-02,2.383E-04,9.766E-07,5.371E-06,2.618E+00,0.000E+00,0.000E+00,0.000E+00,0.000E+00,1.051E+00,-8.174E-01,2.485E+01,7.404E+00,4.370E-02,5.138E+00,0.000E+00,0.000E+00,0.000E+00,0.000E+00,1.168E+00,-6.310E-01,1.756E+01,4.876E+00,7.881E-02,4.229E+00
88,0.000E+00,0.000E+00,4.385E-04,0.000E+00,1.953E-06,1.074E-05,1.159E-01,0.000E+00,0.000E+00,0.000E+00,0.000E+00,9.997E-01,-9.408E-01,3.376E+01,8.596E+00,3.203E-02,6.060E+00,0.000E+00,0.000E+00,0.000E+00,0.000E+00,1.086E+00,-6.868E-01,1.529E+01,7.468E+00,4.558E-02,5.624E+00
89,0.000E+00,0.000E+00,1.660E-05,0.000E+00,8.789E-06,1.855E-05,4.280E-02,0.000E+00,0.000E+00,0.000E+00,0.000E+00,3.142E+00,0.000E+00,0.000E+00,0.000E+00,0.000E+00,0.000E+00,0.000E+00,0.000E+00,0.000E+00,0.000E+00,3.142E+00,0.000E+00,0.000E+00,0.000E+00,0.000E+00,0.000E+00
