alpha,H,He,Cr,S,Cr_1,S_1,amu/ion,thetaK_Cr,thetaTilt_Cr,thetaM_Cr,thetaN_Cr,phiK_Cr,phiTilt_Cr,phiM_Cr,phiN_Cr,energyK_Cr,energyE_Cr,thetaK_S,thetaTilt_S,thetaM_S,thetaN_S,phiK_S,phiTilt_S,phiM_S,phiN_S,energyK_S,energyE_S
0,0.000E+00,0.000E+00,1.453E-02,2.227E-04,0.000E+00,0.000E+00,1.373E+00,0.000E+00,0.000E+00,0.000E+00,0.000E+00,1.785E+00,6.739E-03,1.360E+00,1.469E+00,5.927E-02,4.086E+00,0.000E+00,0.000E+00,0.000E+00,0.000E+00,1.491E+00,-1.172E-02,2.317E+00,2.340E+00,1.575E-01,2.148E+00
1,0.000E+00,0.000E+00,1.460E-02,2.211E-04,0.000E+00,0.000E+00,1.379E+00,0.000E+00,0.000E+00,0.000E+00,0.000E+00,1.777E+00,2.773E-03,1.372E+00,1.494E+00,5.924E-02,4.088E+00,0.000E+00,0.000E+00,0.000E+00,0.000E+00,1.476E+00,-5.306E-03,2.269E+00,2.460E+00,1.588E-01,2.135E+00
2,0.000E+00,0.000E+00,1.466E-02,2.195E-04,0.000E+00,0.000E+00,1.385E+00,0.000E+00,0.000E+00,0.000E+00,0.000E+00,1.771E+00,-1.193E-03,1.383E+00,1.518E+00,5.921E-02,4.089E+00,0.000E+00,0.000E+00,0.000E+00,0.000E+00,1.464E+00,1.111E-03,2.221E+00,2.580E+00,1.600E-01,2.122E+00
3,0.000E+00,0.000E+00,1.472E-02,2.179E-04,0.000E+00,0.000E+00,1.392E+00,0.000E+00,0.000E+00,0.000E+00,0.000E+00,1.768E+00,-5.160E-03,1.394E+00,1.543E+00,5.918E-02,4.091E+00,0.000E+00,0.000E+00,0.000E+00,0.000E+00,1.457E+00,7.528E-03,2.172E+00,2.700E+00,1.612E-01,2.109E+00
4,0.000E+00,0.000E+00,1.475E-02,2.171E-04,0.000E+00,0.000E+00,1.395E+00,0.000E+00,0.000E+00,0.000E+00,0.000E+00,1.766E+00,-7.143E-03,1.399E+00,1.555E+00,5.916E-02,4.092E+00,0.000E+00,0.000E+00,0.000E+00,0.000E+00,1.455E+00,1.074E-02,2.148E+00,2.759E+00,1.618E-01,2.102E+00
5,0.000E+00,0.000E+00,1.479E-02,2.163E-04,0.000E+00,0.000E+00,1.398E+00,0.000E+00,0.000E+00,0.000E+00,0.000E+00,1.765E+00,-9.126E-03,1.405E+00,1.568E+00,5.914E-02,4.093E+00,0.000E+00,0.000E+00,0.000E+00,0.000E+00,1.452E+00,1.394E-02,2.124E+00,2.819E+00,1.624E-01,2.096E+00
6,0.000E+00,0.000E+00,1.485E-02,2.147E-04,0.000E+00,0.000E+00,1.404E+00,0.000E+00,0.000E+00,0.000E+00,0.000E+00,1.762E+00,-1.309E-02,1.416E+00,1.592E+00,5.911E-02,4.094E+00,0.000E+00,0.000E+00,0.000E+00,0.000E+00,1.448E+00,2.036E-02,2.076E+00,2.939E+00,1.636E-01,2.083E+00
7,0.000E+00,0.000E+00,1.491E-02,2.131E-04,0.000E+00,0.000E+00,1.410E+00,0.000E+00,0.000E+00,0.000E+00,0.000E+00,1.759E+00,-1.706E-02,1.427E+00,1.617E+00,5.908E-02,4.096E+00,0.000E+00,0.000E+00,0.000E+00,0.000E+00,1.444E+00,2.678E-02,2.028E+00,3.059E+00,1.649E-01,2.070E+00
8,0.000E+00,0.000E+00,1.498E-02,2.115E-04,0.000E+00,0.000E+00,1.417E+00,0.000E+00,0.000E+00,0.000E+00,0.000E+00,1.756E+00,-2.102E-02,1.438E+00,1.642E+00,5.905E-02,4.097E+00,0.000E+00,0.000E+00,0.000E+00,0.000E+00,1.442E+00,3.320E-02,1.980E+00,3.179E+00,1.661E-01,2.057E+00
9,0.000E+00,0.000E+00,1.501E-02,2.108E-04,0.000E+00,0.000E+00,1.420E+00,0.000E+00,0.000E+00,0.000E+00,0.000E+00,1.755E+00,-2.301E-02,1.444E+00,1.654E+00,5.903E-02,4.098E+00,0.000E+00,0.000E+00,0.000E+00,0.000E+00,1.441E+00,3.640E-02,1.956E+00,3.239E+00,1.667E-01,2.050E+00
10,0.000E+00,0.000E+00,1.504E-02,2.100E-04,0.000E+00,0.000E+00,1.423E+00,0.000E+00,0.000E+00,0.000E+00,0.000E+00,1.753E+00,-2.499E-02,1.449E+00,1.666E+00,5.902E-02,4.099E+00,0.000E+00,0.000E+00,0.000E+00,0.000E+00,1.440E+00,3.961E-02,1.932E+00,3.299E+00,1.673E-01,2.044E+00
11,0.000E+00,0.000E+00,1.521E-02,2.170E-04,0.000E+00,0.000E+00,1.440E+00,0.000E+00,0.000E+00,0.000E+00,0.000E+00,1.756E+00,-3.822E-02,1.522E+00,1.645E+00,5.897E-02,4.101E+00,0.000E+00,0.000E+00,0.000E+00,0.000E+00,1.447E+00,3.597E-02,1.901E+00,3.269E+00,1.664E-01,2.054E+00
12,0.000E+00,0.000E+00,1.539E-02,2.241E-04,0.000E+00,0.000E+00,1.458E+00,0.000E+00,0.000E+00,0.000E+00,0.000E+00,1.759E+00,-5.145E-02,1.594E+00,1.624E+00,5.892E-02,4.104E+00,0.000E+00,0.000E+00,0.000E+00,0.000E+00,1.454E+00,3.234E-02,1.870E+00,3.240E+00,1.654E-01,2.063E+00
13,0.000E+00,0.000E+00,1.557E-02,2.312E-04,0.000E+00,0.000E+00,1.475E+00,0.000E+00,0.000E+00,0.000E+00,0.000E+00,1.763E+00,-6.468E-02,1.667E+00,1.602E+00,5.887E-02,4.106E+00,0.000E+00,0.000E+00,0.000E+00,0.000E+00,1.462E+00,2.870E-02,1.839E+00,3.211E+00,1.645E-01,2.073E+00
14,0.000E+00,0.000E+00,1.566E-02,2.347E-04,0.000E+00,0.000E+00,1.484E+00,0.000E+00,0.000E+00,0.000E+00,0.000E+00,1.765E+00,-7.130E-02,1.703E+00,1.592E+00,5.885E-02,4.107E+00,0.000E+00,0.000E+00,0.000E+00,0.000E+00,1.465E+00,2.688E-02,1.824E+00,3.196E+00,1.641E-01,2.078E+00
15,0.000E+00,0.000E+00,1.574E-02,2.383E-04,0.000E+00,0.000E+00,1.492E+00,0.000E+00,0.000E+00,0.000E+00,0.000E+00,1.767E+00,-7.791E-02,1.740E+00,1.581E+00,5.882E-02,4.108E+00,0.000E+00,0.000E+00,0.000E+00,0.000E+00,1.469E+00,2.506E-02,1.808E+00,3.182E+00,1.636E-01,2.083E+00
16,0.000E+00,0.000E+00,1.592E-02,2.454E-04,0.000E+00,0.000E+00,1.510E+00,0.000E+00,0.000E+00,0.000E+00,0.000E+00,1.772E+00,-9.114E-02,1.812E+00,1.560E+00,5.877E-02,4.111E+00,0.000E+00,0.000E+00,0.000E+00,0.000E+00,1.477E+00,2.142E-02,1.777E+00,3.152E+00,1.627E-01,2.093E+00
17,0.000E+00,0.000E+00,1.610E-02,2.524E-04,0.000E+00,0.000E+00,1.527E+00,0.000E+00,0.000E+00,0.000E+00,0.000E+00,1.777E+00,-1.044E-01,1.885E+00,1.538E+00,5.872E-02,4.113E+00,0.000E+00,0.000E+00,0.000E+00,0.000E+00,1.484E+00,1.778E-02,1.746E+00,3.123E+00,1.617E-01,2.102E+00
18,0.000E+00,0.000E+00,1.627E-02,2.595E-04,0.000E+00,0.000E+00,1.545E+00,0.000E+00,0.000E+00,0.000E+00,0.000E+00,1.783E+00,-1.176E-01,1.957E+00,1.517E+00,5.867E-02,4.116E+00,0.000E+00,0.000E+00,0.000E+00,0.000E+00,1.492E+00,1.414E-02,1.716E+00,3.094E+00,1.608E-01,2.112E+00
19,0.000E+00,0.000E+00,1.636E-02,2.631E-04,0.000E+00,0.000E+00,1.553E+00,0.000E+00,0.000E+00,0.000E+00,0.000E+00,1.786E+00,-1.242E-01,1.994E+00,1.506E+00,5.865E-02,4.117E+00,0.000E+00,0.000E+00,0.000E+00,0.000E+00,1.496E+00,1.232E-02,1.700E+00,3.079E+00,1.604E-01,2.117E+00
20,0.000E+00,0.000E+00,1.645E-02,2.666E-04,0.000E+00,0.000E+00,1.562E+00,0.000E+00,0.000E+00,0.000E+00,0.000E+00,1.789E+00,-1.308E-01,2.030E+00,1.495E+00,5.863E-02,4.118E+00,0.000E+00,0.000E+00,0.000E+00,0.000E+00,1.500E+00,1.050E-02,1.685E+00,3.065E+00,1.599E-01,2.122E+00
21,0.000E+00,0.000E+00,1.685E-02,2.793E-04,0.000E+00,0.000E+00,1.599E+00,0.000E+00,0.000E+00,0.000E+00,0.000E+00,1.789E+00,-1.420E-01,2.093E+00,1.501E+00,5.845E-02,4.127E+00,0.000E+00,0.000E+00,0.000E+00,0.000E+00,1.486E+00,2.515E-03,1.778E+00,3.023E+00,1.586E-01,2.137E+00
22,0.000E+00,0.000E+00,1.725E-02,2.920E-04,0.000E+00,0.000E+00,1.635E+00,0.000E+00,0.000E+00,0.000E+00,0.000E+00,1.789E+00,-1.532E-01,2.156E+00,1.507E+00,5.828E-02,4.135E+00,0.000E+00,0.000E+00,0.000E+00,0.000E+00,1.479E+00,-5.472E-03,1.871E+00,2.982E+00,1.573E-01,2.152E+00
23,0.000E+00,0.000E+00,1.765E-02,3.047E-04,0.000E+00,0.000E+00,1.672E+00,0.000E+00,0.000E+00,0.000E+00,0.000E+00,1.789E+00,-1.644E-01,2.219E+00,1.512E+00,5.810E-02,4.144E+00,0.000E+00,0.000E+00,0.000E+00,0.000E+00,1.476E+00,-1.346E-02,1.963E+00,2.941E+00,1.559E-01,2.168E+00
24,0.000E+00,0.000E+00,1.784E-02,3.110E-04,0.000E+00,0.000E+00,1.691E+00,0.000E+00,0.000E+00,0.000E+00,0.000E+00,1.789E+00,-1.700E-01,2.250E+00,1.515E+00,5.802E-02,4.149E+00,0.000E+00,0.000E+00,0.000E+00,0.000E+00,1.474E+00,-1.745E-02,2.010E+00,2.921E+00,1.553E-01,2.175E+00
25,0.000E+00,0.000E+00,1.804E-02,3.174E-04,0.000E+00,0.000E+00,1.709E+00,0.000E+00,0.000E+00,0.000E+00,0.000E+00,1.789E+00,-1.756E-01,2.282E+00,1.518E+00,5.793E-02,4.153E+00,0.000E+00,0.000E+00,0.000E+00,0.000E+00,1.473E+00,-2.145E-02,2.056E+00,2.900E+00,1.546E-01,2.183E+00
26,0.000E+00,0.000E+00,1.844E-02,3.301E-04,0.000E+00,0.000E+00,1.746E+00,0.000E+00,0.000E+00,0.000E+00,0.000E+00,1.790E+00,-1.868E-01,2.344E+00,1.524E+00,5.776E-02,4.162E+00,0.000E+00,0.000E+00,0.000E+00,0.000E+00,1.471E+00,-2.943E-02,2.149E+00,2.859E+00,1.533E-01,2.198E+00
27,0.000E+00,0.000E+00,1.884E-02,3.428E-04,0.000E+00,0.000E+00,1.782E+00,0.000E+00,0.000E+00,0.000E+00,0.000E+00,1.790E+00,-1.980E-01,2.407E+00,1.529E+00,5.758E-02,4.170E+00,0.000E+00,0.000E+00,0.000E+00,0.000E+00,1.469E+00,-3.742E-02,2.242E+00,2.818E+00,1.520E-01,2.214E+00
28,0.000E+00,0.000E+00,1.924E-02,3.555E-04,0.000E+00,0.000E+00,1.819E+00,0.000E+00,0.000E+00,0.000E+00,0.000E+00,1.791E+00,-2.092E-01,2.470E+00,1.535E+00,5.741E-02,4.179E+00,0.000E+00,0.000E+00,0.000E+00,0.000E+00,1.469E+00,-4.541E-02,2.335E+00,2.777E+00,1.507E-01,2.229E+00
29,0.000E+00,0.000E+00,1.944E-02,3.618E-04,0.000E+00,0.000E+00,1.837E+00,0.000E+00,0.000E+00,0.000E+00,0.000E+00,1.791E+00,-2.148E-01,2.502E+00,1.538E+00,5.732E-02,4.183E+00,0.000E+00,0.000E+00,0.000E+00,0.000E+00,1.468E+00,-4.940E-02,2.381E+00,2.757E+00,1.500E-01,2.237E+00
30,0.000E+00,0.000E+00,1.964E-02,3.682E-04,0.000E+00,0.000E+00,1.856E+00,0.000E+00,0.000E+00,0.000E+00,0.000E+00,1.792E+00,-2.204E-01,2.533E+00,1.541E+00,5.724E-02,4.188E+00,0.000E+00,0.000E+00,0.000E+00,0.000E+00,1.468E+00,-5.340E-02,2.428E+00,2.736E+00,1.494E-01,2.244E+00
31,0.000E+00,0.000E+00,2.074E-02,4.102E-04,0.000E+00,0.000E+00,1.961E+00,0.000E+00,0.000E+00,0.000E+00,0.000E+00,1.792E+00,-2.401E-01,2.659E+00,1.548E+00,5.712E-02,4.194E+00,0.000E+00,0.000E+00,0.000E+00,0.000E+00,1.471E+00,-6.463E-02,2.489E+00,2.737E+00,1.510E-01,2.226E+00
32,0.000E+00,0.000E+00,2.129E-02,4.312E-04,0.000E+00,0.000E+00,2.013E+00,0.000E+00,0.000E+00,0.000E+00,0.000E+00,1.793E+00,-2.500E-01,2.721E+00,1.552E+00,5.706E-02,4.197E+00,0.000E+00,0.000E+00,0.000E+00,0.000E+00,1.472E+00,-7.025E-02,2.520E+00,2.737E+00,1.518E-01,2.217E+00
33,0.000E+00,0.000E+00,2.185E-02,4.521E-04,0.000E+00,0.000E+00,2.065E+00,0.000E+00,0.000E+00,0.000E+00,0.000E+00,1.793E+00,-2.599E-01,2.784E+00,1.556E+00,5.700E-02,4.200E+00,0.000E+00,0.000E+00,0.000E+00,0.000E+00,1.473E+00,-7.586E-02,2.551E+00,2.738E+00,1.526E-01,2.207E+00
34,0.000E+00,0.000E+00,2.240E-02,4.731E-04,0.000E+00,0.000E+00,2.118E+00,0.000E+00,0.000E+00,0.000E+00,0.000E+00,1.794E+00,-2.697E-01,2.847E+00,1.560E+00,5.694E-02,4.203E+00,0.000E+00,0.000E+00,0.000E+00,0.000E+00,1.474E+00,-8.148E-02,2.582E+00,2.738E+00,1.534E-01,2.198E+00
35,0.000E+00,0.000E+00,2.295E-02,4.941E-04,0.000E+00,0.000E+00,2.170E+00,0.000E+00,0.000E+00,0.000E+00,0.000E+00,1.795E+00,-2.796E-01,2.910E+00,1.563E+00,5.689E-02,4.206E+00,0.000E+00,0.000E+00,0.000E+00,0.000E+00,1.476E+00,-8.709E-02,2.613E+00,2.739E+00,1.542E-01,2.189E+00
36,0.000E+00,0.000E+00,2.350E-02,5.151E-04,0.000E+00,0.000E+00,2.222E+00,0.000E+00,0.000E+00,0.000E+00,0.000E+00,1.796E+00,-2.895E-01,2.972E+00,1.567E+00,5.683E-02,4.209E+00,0.000E+00,0.000E+00,0.000E+00,0.000E+00,1.477E+00,-9.271E-02,2.643E+00,2.739E+00,1.550E-01,2.180E+00
37,0.000E+00,0.000E+00,2.406E-02,5.361E-04,0.000E+00,0.000E+00,2.275E+00,0.000E+00,0.000E+00,0.000E+00,0.000E+00,1.796E+00,-2.993E-01,3.035E+00,1.571E+00,5.677E-02,4.212E+00,0.000E+00,0.000E+00,0.000E+00,0.000E+00,1.478E+00,-9.833E-02,2.674E+00,2.740E+00,1.558E-01,2.171E+00
38,0.000E+00,0.000E+00,2.461E-02,5.571E-04,0.000E+00,0.000E+00,2.327E+00,0.000E+00,0.000E+00,0.000E+00,0.000E+00,1.797E+00,-3.092E-01,3.098E+00,1.575E+00,5.671E-02,4.215E+00,0.000E+00,0.000E+00,0.000E+00,0.000E+00,1.480E+00,-1.039E-01,2.705E+00,2.740E+00,1.566E-01,2.161E+00
39,0.000E+00,0.000E+00,2.516E-02,5.781E-04,0.000E+00,0.000E+00,2.380E+00,0.000E+00,0.000E+00,0.000E+00,0.000E+00,1.798E+00,-3.191E-01,3.160E+00,1.578E+00,5.665E-02,4.218E+00,0.000E+00,0.000E+00,0.000E+00,0.000E+00,1.481E+00,-1.096E-01,2.736E+00,2.740E+00,1.574E-01,2.152E+00
40,0.000E+00,0.000E+00,2.571E-02,5.991E-04,0.000E+00,0.000E+00,2.432E+00,0.000E+00,0.000E+00,0.000E+00,0.000E+00,1.800E+00,-3.290E-01,3.223E+00,1.582E+00,5.659E-02,4.221E+00,0.000E+00,0.000E+00,0.000E+00,0.000E+00,1.482E+00,-1.152E-01,2.767E+00,2.741E+00,1.582E-01,2.143E+00
41,0.000E+00,0.000E+00,2.627E-02,6.201E-04,0.000E+00,0.000E+00,2.484E+00,0.000E+00,0.000E+00,0.000E+00,0.000E+00,1.801E+00,-3.388E-01,3.286E+00,1.586E+00,5.653E-02,4.224E+00,0.000E+00,0.000E+00,0.000E+00,0.000E+00,1.484E+00,-1.208E-01,2.797E+00,2.741E+00,1.590E-01,2.134E+00
42,0.000E+00,0.000E+00,2.682E-02,6.411E-04,0.000E+00,0.000E+00,2.537E+00,0.000E+00,0.000E+00,0.000E+00,0.000E+00,1.802E+00,-3.487E-01,3.349E+00,1.590E+00,5.648E-02,4.227E+00,0.000E+00,0.000E+00,0.000E+00,0.000E+00,1.485E+00,-1.264E-01,2.828E+00,2.742E+00,1.598E-01,2.125E+00
43,0.000E+00,0.000E+00,2.737E-02,6.621E-04,0.000E+00,0.000E+00,2.589E+00,0.000E+00,0.000E+00,0.000E+00,0.000E+00,1.803E+00,-3.586E-01,3.411E+00,1.593E+00,5.642E-02,4.230E+00,0.000E+00,0.000E+00,0.000E+00,0.000E+00,1.487E+00,-1.320E-01,2.859E+00,2.742E+00,1.606E-01,2.115E+00
44,0.000E+00,0.000E+00,2.792E-02,6.831E-04,0.000E+00,0.000E+00,2.642E+00,0.000E+00,0.000E+00,0.000E+00,0.000E+00,1.804E+00,-3.685E-01,3.474E+00,1.597E+00,5.636E-02,4.233E+00,0.000E+00,0.000E+00,0.000E+00,0.000E+00,1.488E+00,-1.376E-01,2.890E+00,2.743E+00,1.614E-01,2.106E+00
45,0.000E+00,0.000E+00,2.847E-02,7.041E-04,0.000E+00,0.000E+00,2.694E+00,0.000E+00,0.000E+00,0.000E+00,0.000E+00,1.806E+00,-3.783E-01,3.537E+00,1.601E+00,5.630E-02,4.236E+00,0.000E+00,0.000E+00,0.000E+00,0.000E+00,1.489E+00,-1.433E-01,2.920E+00,2.743E+00,1.622E-01,2.097E+00
46,0.000E+00,0.000E+00,2.997E-02,7.471E-04,0.000E+00,0.000E+00,2.831E+00,0.000E+00,0.000E+00,0.000E+00,0.000E+00,1.806E+00,-4.048E-01,3.799E+00,1.598E+00,5.573E-02,4.267E+00,0.000E+00,0.000E+00,0.000E+00,0.000E+00,1.476E+00,-1.598E-01,3.183E+00,2.754E+00,1.582E-01,2.142E+00
47,0.000E+00,0.000E+00,3.072E-02,7.686E-04,0.000E+00,0.000E+00,2.899E+00,0.000E+00,0.000E+00,0.000E+00,0.000E+00,1.807E+00,-4.181E-01,3.930E+00,1.597E+00,5.544E-02,4.282E+00,0.000E+00,0.000E+00,0.000E+00,0.000E+00,1.470E+00,-1.681E-01,3.314E+00,2.760E+00,1.562E-01,2.164E+00
48,0.000E+00,0.000E+00,3.147E-02,7.900E-04,0.000E+00,0.000E+00,2.968E+00,0.000E+00,0.000E+00,0.000E+00,0.000E+00,1.807E+00,-4.313E-01,4.061E+00,1.595E+00,5.516E-02,4.297E+00,0.000E+00,0.000E+00,0.000E+00,0.000E+00,1.465E+00,-1.764E-01,3.445E+00,2.765E+00,1.542E-01,2.186E+00
49,0.000E+00,0.000E+00,3.312E-02,8.633E-04,0.000E+00,0.000E+00,3.123E+00,0.000E+00,0.000E+00,0.000E+00,0.000E+00,1.792E+00,-4.603E-01,4.501E+00,1.632E+00,5.514E-02,4.298E+00,0.000E+00,0.000E+00,0.000E+00,0.000E+00,1.461E+00,-9.781E-02,2.563E+00,3.022E+00,1.463E-01,2.287E+00
50,0.000E+00,0.000E+00,3.394E-02,8.999E-04,0.000E+00,0.000E+00,3.201E+00,0.000E+00,0.000E+00,0.000E+00,0.000E+00,1.785E+00,-4.748E-01,4.721E+00,1.650E+00,5.514E-02,4.298E+00,0.000E+00,0.000E+00,0.000E+00,0.000E+00,1.473E+00,-5.853E-02,2.122E+00,3.150E+00,1.424E-01,2.338E+00
51,0.000E+00,0.000E+00,3.476E-02,9.365E-04,0.000E+00,0.000E+00,3.279E+00,0.000E+00,0.000E+00,0.000E+00,0.000E+00,1.779E+00,-4.892E-01,4.941E+00,1.669E+00,5.513E-02,4.299E+00,0.000E+00,0.000E+00,0.000E+00,0.000E+00,1.499E+00,-1.925E-02,1.681E+00,3.278E+00,1.384E-01,2.388E+00
52,0.000E+00,0.000E+00,3.650E-02,9.722E-04,0.000E+00,0.000E+00,3.450E+00,0.000E+00,0.000E+00,0.000E+00,0.000E+00,1.759E+00,-5.255E-01,5.879E+00,1.673E+00,5.489E-02,4.312E+00,0.000E+00,0.000E+00,0.000E+00,0.000E+00,1.494E+00,-4.974E-02,1.884E+00,3.245E+00,1.424E-01,2.335E+00
53,0.000E+00,0.000E+00,3.737E-02,9.900E-04,0.000E+00,0.000E+00,3.535E+00,0.000E+00,0.000E+00,0.000E+00,0.000E+00,1.752E+00,-5.436E-01,6.348E+00,1.675E+00,5.477E-02,4.318E+00,0.000E+00,0.000E+00,0.000E+00,0.000E+00,1.492E+00,-6.499E-02,1.986E+00,3.228E+00,1.444E-01,2.308E+00
54,0.000E+00,0.000E+00,3.824E-02,1.008E-03,0.000E+00,0.000E+00,3.620E+00,0.000E+00,0.000E+00,0.000E+00,0.000E+00,1.747E+00,-5.617E-01,6.816E+00,1.677E+00,5.465E-02,4.325E+00,0.000E+00,0.000E+00,0.000E+00,0.000E+00,1.492E+00,-8.023E-02,2.088E+00,3.211E+00,1.464E-01,2.282E+00
55,0.000E+00,0.000E+00,4.052E-02,1.122E-03,0.000E+00,0.000E+00,3.832E+00,0.000E+00,0.000E+00,0.000E+00,0.000E+00,1.736E+00,-5.858E-01,7.520E+00,1.692E+00,5.365E-02,4.382E+00,0.000E+00,0.000E+00,0.000E+00,0.000E+00,1.438E+00,-2.146E-01,4.359E+00,2.679E+00,1.460E-01,2.287E+00
56,0.000E+00,0.000E+00,4.166E-02,1.179E-03,0.000E+00,0.000E+00,3.937E+00,0.000E+00,0.000E+00,0.000E+00,0.000E+00,1.731E+00,-5.979E-01,7.872E+00,1.699E+00,5.314E-02,4.410E+00,0.000E+00,0.000E+00,0.000E+00,0.000E+00,1.462E+00,-2.818E-01,5.494E+00,2.413E+00,1.458E-01,2.289E+00
57,0.000E+00,0.000E+00,4.280E-02,1.236E-03,0.000E+00,0.000E+00,4.043E+00,0.000E+00,0.000E+00,0.000E+00,0.000E+00,1.728E+00,-6.100E-01,8.224E+00,1.706E+00,5.264E-02,4.439E+00,0.000E+00,0.000E+00,0.000E+00,0.000E+00,1.505E+00,-3.490E-01,6.629E+00,2.147E+00,1.456E-01,2.292E+00
58,0.000E+00,0.000E+00,4.527E-02,1.381E-03,0.000E+00,0.000E+00,4.279E+00,0.000E+00,0.000E+00,0.000E+00,0.000E+00,1.705E+00,-6.316E-01,9.110E+00,1.761E+00,5.189E-02,4.484E+00,0.000E+00,0.000E+00,0.000E+00,0.000E+00,1.540E+00,-3.196E-01,5.576E+00,2.076E+00,1.468E-01,2.276E+00
59,0.000E+00,0.000E+00,4.651E-02,1.454E-03,0.000E+00,0.000E+00,4.398E+00,0.000E+00,0.000E+00,0.000E+00,0.000E+00,1.695E+00,-6.424E-01,9.553E+00,1.788E+00,5.152E-02,4.506E+00,0.000E+00,0.000E+00,0.000E+00,0.000E+00,1.562E+00,-3.049E-01,5.049E+00,2.041E+00,1.474E-01,2.268E+00
60,0.000E+00,0.000E+00,4.774E-02,1.526E-03,0.000E+00,0.000E+00,4.516E+00,0.000E+00,0.000E+00,0.000E+00,0.000E+00,1.685E+00,-6.532E-01,9.996E+00,1.816E+00,5.114E-02,4.528E+00,0.000E+00,0.000E+00,0.000E+00,0.000E+00,1.587E+00,-2.902E-01,4.523E+00,2.006E+00,1.481E-01,2.260E+00
61,0.000E+00,0.000E+00,5.130E-02,1.680E-03,0.000E+00,0.000E+00,4.852E+00,0.000E+00,0.000E+00,0.000E+00,0.000E+00,1.665E+00,-6.563E-01,1.023E+01,1.889E+00,5.061E-02,4.561E+00,0.000E+00,0.000E+00,0.000E+00,0.000E+00,1.549E+00,-2.633E-01,3.924E+00,2.359E+00,1.541E-01,2.190E+00
62,0.000E+00,0.000E+00,5.307E-02,1.756E-03,0.000E+00,0.000E+00,5.020E+00,0.000E+00,0.000E+00,0.000E+00,0.000E+00,1.655E+00,-6.579E-01,1.034E+01,1.926E+00,5.035E-02,4.577E+00,0.000E+00,0.000E+00,0.000E+00,0.000E+00,1.536E+00,-2.498E-01,3.624E+00,2.536E+00,1.571E-01,2.155E+00
63,0.000E+00,0.000E+00,5.485E-02,1.833E-03,0.000E+00,0.000E+00,5.188E+00,0.000E+00,0.000E+00,0.000E+00,0.000E+00,1.646E+00,-6.594E-01,1.046E+01,1.963E+00,5.008E-02,4.593E+00,0.000E+00,0.000E+00,0.000E+00,0.000E+00,1.529E+00,-2.364E-01,3.324E+00,2.713E+00,1.601E-01,2.120E+00
64,0.000E+00,0.000E+00,5.857E-02,2.015E-03,0.000E+00,0.000E+00,5.538E+00,0.000E+00,0.000E+00,0.000E+00,0.000E+00,1.635E+00,-6.525E-01,9.704E+00,2.070E+00,4.910E-02,4.657E+00,0.000E+00,0.000E+00,0.000E+00,0.000E+00,1.503E+00,-2.403E-01,3.468E+00,2.854E+00,1.583E-01,2.140E+00
65,0.000E+00,0.000E+00,6.042E-02,2.106E-03,0.000E+00,0.000E+00,5.713E+00,0.000E+00,0.000E+00,0.000E+00,0.000E+00,1.630E+00,-6.491E-01,9.326E+00,2.124E+00,4.861E-02,4.689E+00,0.000E+00,0.000E+00,0.000E+00,0.000E+00,1.490E+00,-2.423E-01,3.540E+00,2.925E+00,1.574E-01,2.150E+00
66,0.000E+00,0.000E+00,6.228E-02,2.197E-03,0.000E+00,0.000E+00,5.888E+00,0.000E+00,0.000E+00,0.000E+00,0.000E+00,1.626E+00,-6.457E-01,8.949E+00,2.177E+00,4.812E-02,4.721E+00,0.000E+00,0.000E+00,0.000E+00,0.000E+00,1.478E+00,-2.443E-01,3.612E+00,2.996E+00,1.565E-01,2.160E+00
67,0.000E+00,0.000E+00,6.690E-02,2.451E-03,0.000E+00,0.000E+00,6.326E+00,0.000E+00,0.000E+00,0.000E+00,0.000E+00,1.615E+00,-6.471E-01,8.623E+00,2.286E+00,4.682E-02,4.812E+00,0.000E+00,0.000E+00,0.000E+00,0.000E+00,1.444E+00,-2.480E-01,3.852E+00,3.165E+00,1.439E-01,2.327E+00
68,0.000E+00,0.000E+00,6.921E-02,2.577E-03,0.000E+00,0.000E+00,6.545E+00,0.000E+00,0.000E+00,0.000E+00,0.000E+00,1.609E+00,-6.478E-01,8.460E+00,2.340E+00,4.617E-02,4.857E+00,0.000E+00,0.000E+00,0.000E+00,0.000E+00,1.429E+00,-2.499E-01,3.973E+00,3.249E+00,1.376E-01,2.410E+00
69,0.000E+00,0.000E+00,7.152E-02,2.704E-03,0.000E+00,0.000E+00,6.763E+00,0.000E+00,0.000E+00,0.000E+00,0.000E+00,1.604E+00,-6.486E-01,8.296E+00,2.394E+00,4.552E-02,4.902E+00,0.000E+00,0.000E+00,0.000E+00,0.000E+00,1.413E+00,-2.517E-01,4.093E+00,3.333E+00,1.313E-01,2.494E+00
70,0.000E+00,0.000E+00,7.676E-02,2.998E-03,0.000E+00,0.000E+00,7.257E+00,0.000E+00,0.000E+00,0.000E+00,0.000E+00,1.576E+00,-6.815E-01,9.685E+00,2.469E+00,4.465E-02,4.968E+00,0.000E+00,0.000E+00,0.000E+00,0.000E+00,1.422E+00,-3.147E-01,5.460E+00,2.920E+00,1.346E-01,2.445E+00
71,0.000E+00,0.000E+00,7.939E-02,3.144E-03,0.000E+00,0.000E+00,7.503E+00,0.000E+00,0.000E+00,0.000E+00,0.000E+00,1.564E+00,-6.980E-01,1.038E+01,2.506E+00,4.421E-02,5.001E+00,0.000E+00,0.000E+00,0.000E+00,0.000E+00,1.439E+00,-3.462E-01,6.143E+00,2.713E+00,1.363E-01,2.420E+00
72,0.000E+00,0.000E+00,8.201E-02,3.291E-03,0.000E+00,0.000E+00,7.750E+00,0.000E+00,0.000E+00,0.000E+00,0.000E+00,1.554E+00,-7.145E-01,1.107E+01,2.543E+00,4.378E-02,5.033E+00,0.000E+00,0.000E+00,0.000E+00,0.000E+00,1.462E+00,-3.777E-01,6.827E+00,2.506E+00,1.379E-01,2.395E+00
73,0.000E+00,0.000E+00,8.567E-02,3.441E-03,0.000E+00,0.000E+00,8.098E+00,0.000E+00,0.000E+00,0.000E+00,0.000E+00,1.526E+00,-7.592E-01,1.447E+01,2.535E+00,4.271E-02,5.119E+00,0.000E+00,0.000E+00,0.000E+00,0.000E+00,1.454E+00,-3.479E-01,5.945E+00,2.669E+00,1.305E-01,2.512E+00
74,0.000E+00,0.000E+00,8.932E-02,3.592E-03,0.000E+00,0.000E+00,8.447E+00,0.000E+00,0.000E+00,0.000E+00,0.000E+00,1.513E+00,-8.039E-01,1.787E+01,2.527E+00,4.165E-02,5.204E+00,0.000E+00,0.000E+00,0.000E+00,0.000E+00,1.455E+00,-3.181E-01,5.063E+00,2.832E+00,1.230E-01,2.629E+00
75,0.000E+00,0.000E+00,9.337E-02,3.764E-03,0.000E+00,4.883E-07,8.826E+00,0.000E+00,0.000E+00,0.000E+00,0.000E+00,1.476E+00,-8.384E-01,2.329E+01,2.576E+00,4.070E-02,5.286E+00,0.000E+00,0.000E+00,0.000E+00,0.000E+00,1.442E+00,-3.973E-01,7.485E+00,2.585E+00,1.255E-01,2.586E+00
76,0.000E+00,0.000E+00,9.741E-02,3.937E-03,0.000E+00,9.766E-07,9.205E+00,0.000E+00,0.000E+00,0.000E+00,0.000E+00,1.452E+00,-8.730E-01,2.871E+01,2.626E+00,3.975E-02,5.368E+00,0.000E+00,0.000E+00,0.000E+00,0.000E+00,1.467E+00,-4.766E-01,9.907E+00,2.338E+00,1.281E-01,2.544E+00
77,0.000E+00,0.000E+00,1.015E-01,4.108E-03,0.000E+00,4.883E-07,9.597E+00,0.000E+00,0.000E+00,0.000E+00,0.000E+00,1.408E+00,-8.798E-01,3.131E+01,2.834E+00,3.826E-02,5.510E+00,0.000E+00,0.000E+00,0.000E+00,0.000E+00,1.440E+00,-4.807E-01,1.087E+01,2.390E+00,1.258E-01,2.583E+00
78,0.000E+00,0.000E+00,1.057E-01,4.280E-03,0.000E+00,0.000E+00,9.989E+00,0.000E+00,0.000E+00,0.000E+00,0.000E+00,1.368E+00,-8.866E-01,3.391E+01,3.043E+00,3.677E-02,5.651E+00,0.000E+00,0.000E+00,0.000E+00,0.000E+00,1.416E+00,-4.849E-01,1.183E+01,2.441E+00,1.234E-01,2.621E+00
79,0.000E+00,0.000E+00,1.081E-01,4.335E-03,0.000E+00,0.000E+00,1.021E+01,0.000E+00,0.000E+00,0.000E+00,0.000E+00,1.317E+00,-8.795E-01,3.368E+01,3.401E+00,3.557E-02,5.777E+00,0.000E+00,0.000E+00,0.000E+00,0.000E+00,1.386E+00,-4.739E-01,1.124E+01,2.669E+00,1.247E-01,2.600E+00
80,0.000E+00,0.000E+00,1.104E-01,4.391E-03,0.000E+00,0.000E+00,1.043E+01,0.000E+00,0.000E+00,0.000E+00,0.000E+00,1.273E+00,-8.724E-01,3.345E+01,3.760E+00,3.438E-02,5.904E+00,0.000E+00,0.000E+00,0.000E+00,0.000E+00,1.361E+00,-4.630E-01,1.065E+01,2.896E+00,1.259E-01,2.579E+00
81,0.000E+00,0.000E+00,1.096E-01,4.129E-03,0.000E+00,0.000E+00,1.035E+01,0.000E+00,0.000E+00,0.000E+00,0.000E+00,1.223E+00,-8.690E-01,3.302E+01,4.262E+00,3.266E-02,6.110E+00,0.000E+00,0.000E+00,0.000E+00,0.000E+00,1.314E+00,-4.720E-01,1.193E+01,3.123E+00,1.174E-01,2.740E+00
82,0.000E+00,0.000E+00,1.087E-01,3.868E-03,0.000E+00,0.000E+00,1.027E+01,0.000E+00,0.000E+00,0.000E+00,0.000E+00,1.181E+00,-8.656E-01,3.258E+01,4.763E+00,3.094E-02,6.316E+00,0.000E+00,0.000E+00,0.000E+00,0.000E+00,1.273E+00,-4.810E-01,1.321E+01,3.349E+00,1.088E-01,2.900E+00
83,0.000E+00,0.000E+00,9.830E-02,3.067E-03,0.000E+00,0.000E+00,9.281E+00,0.000E+00,0.000E+00,0.000E+00,0.000E+00,1.133E+00,-8.600E-01,3.164E+01,5.451E+00,2.863E-02,6.653E+00,0.000E+00,0.000E+00,0.000E+00,0.000E+00,1.274E+00,-4.641E-01,1.204E+01,3.426E+00,1.093E-01,2.889E+00
84,0.000E+00,0.000E+00,8.790E-02,2.266E-03,0.000E+00,0.000E+00,8.295E+00,0.000E+00,0.000E+00,0.000E+00,0.000E+00,1.094E+00,-8.545E-01,3.069E+01,6.139E+00,2.632E-02,6.989E+00,0.000E+00,0.000E+00,0.000E+00,0.000E+00,1.278E+00,-4.472E-01,1.087E+01,3.504E+00,1.099E-01,2.878E+00
85,0.000E+00,0.000E+00,6.123E-02,1.328E-03,0.000E+00,0.000E+00,5.775E+00,0.000E+00,0.000E+00,0.000E+00,0.000E+00,1.103E+00,-8.497E-01,2.789E+01,6.202E+00,2.329E-02,7.587E+00,0.000E+00,0.000E+00,0.000E+00,0.000E+00,1.307E+00,-4.133E-01,8.974E+00,3.448E+00,1.082E-01,2.913E+00
86,0.000E+00,0.000E+00,3.455E-02,3.906E-04,0.000E+00,0.000E+00,3.254E+00,0.000E+00,0.000E+00,0.000E+00,0.000E+00,1.115E+00,-8.450E-01,2.509E+01,6.266E+00,2.027E-02,8.184E+00,0.000E+00,0.000E+00,0.000E+00,0.000E+00,1.348E+00,-3.794E-01,7.079E+00,3.393E+00,1.066E-01,2.948E+00
87,0.000E+00,0.000E+00,1.738E-02,1.953E-04,0.000E+00,9.766E-07,1.692E+00,0.000E+00,0.000E+00,0.000E+00,0.000E+00,1.025E+00,-9.494E-01,3.934E+01,7.480E+00,1.620E-02,9.543E+00,0.000E+00,0.000E+00,0.000E+00,0.000E+00,1.378E+00,-5.870E-01,9.044E+00,3.748E+00,8.582E-02,3.637E+00
88,0.000E+00,0.000E+00,2.061E-04,0.000E+00,0.000E+00,1.953E-06,1.301E-01,0.000E+00,0.000E+00,0.000E+00,0.000E+00,9.687E-01,-1.054E+00,5.358E+01,8.694E+00,1.214E-02,1.090E+01,0.000E+00,0.000E+00,0.000E+00,0.000E+00,1.393E+00,-7.945E-01,1.101E+01,4.102E+00,6.502E-02,4.326E+00
89,0.000E+00,0.000E+00,3.906E-06,0.000E+00,1.953E-06,4.883E-06,4.790E-02,0.000E+00,0.000E+00,0.000E+00,0.000E+00,3.142E+00,0.000E+00,0.000E+00,0.000E+00,0.000E+00,0.000E+00,0.000E+00,0.000E+00,0.000E+00,0.000E+00,3.142E+00,0.000E+00,0.000E+00,0.000E+00,0.000E+00,0.000E+00
