alpha,H,He,Fe,S,Fe_1,S_1,amu/ion,thetaK_Fe,thetaTilt_Fe,thetaM_Fe,thetaN_Fe,phiK_Fe,phiTilt_Fe,phiM_Fe,phiN_Fe,energyK_Fe,energyE_Fe,thetaK_S,thetaTilt_S,thetaM_S,thetaN_S,phiK_S,phiTilt_S,phiM_S,phiN_S,energyK_S,energyE_S
0,0.000E+00,0.000E+00,2.139E-02,2.666E-04,0.000E+00,0.000E+00,1.880E+00,0.000E+00,0.000E+00,0.000E+00,0.000E+00,1.763E+00,1.118E-02,1.383E+00,1.549E+00,7.567E-02,3.367E+00,0.000E+00,0.000E+00,0.000E+00,0.000E+00,1.445E+00,-4.672E-02,2.953E+00,2.390E+00,1.729E-01,1.989E+00
1,0.000E+00,0.000E+00,2.148E-02,2.705E-04,0.000E+00,0.000E+00,1.887E+00,0.000E+00,0.000E+00,0.000E+00,0.000E+00,1.758E+00,5.640E-03,1.404E+00,1.554E+00,7.574E-02,3.365E+00,0.000E+00,0.000E+00,0.000E+00,0.000E+00,1.446E+00,-3.974E-02,2.877E+00,2.389E+00,1.727E-01,1.991E+00
2,0.000E+00,0.000E+00,2.157E-02,2.744E-04,0.000E+00,0.000E+00,1.894E+00,0.000E+00,0.000E+00,0.000E+00,0.000E+00,1.752E+00,1.009E-04,1.425E+00,1.559E+00,7.580E-02,3.363E+00,0.000E+00,0.000E+00,0.000E+00,0.000E+00,1.448E+00,-3.276E-02,2.801E+00,2.387E+00,1.725E-01,1.993E+00
3,0.000E+00,0.000E+00,2.166E-02,2.783E-04,0.000E+00,0.000E+00,1.901E+00,0.000E+00,0.000E+00,0.000E+00,0.000E+00,1.752E+00,-5.438E-03,1.446E+00,1.564E+00,7.587E-02,3.361E+00,0.000E+00,0.000E+00,0.000E+00,0.000E+00,1.450E+00,-2.578E-02,2.725E+00,2.386E+00,1.723E-01,1.995E+00
4,0.000E+00,0.000E+00,2.170E-02,2.803E-04,0.000E+00,0.000E+00,1.905E+00,0.000E+00,0.000E+00,0.000E+00,0.000E+00,1.753E+00,-8.207E-03,1.456E+00,1.567E+00,7.590E-02,3.360E+00,0.000E+00,0.000E+00,0.000E+00,0.000E+00,1.451E+00,-2.229E-02,2.687E+00,2.385E+00,1.722E-01,1.996E+00
5,0.000E+00,0.000E+00,2.175E-02,2.822E-04,0.000E+00,0.000E+00,1.909E+00,0.000E+00,0.000E+00,0.000E+00,0.000E+00,1.753E+00,-1.098E-02,1.467E+00,1.569E+00,7.593E-02,3.359E+00,0.000E+00,0.000E+00,0.000E+00,0.000E+00,1.452E+00,-1.881E-02,2.649E+00,2.384E+00,1.720E-01,1.997E+00
6,0.000E+00,0.000E+00,2.184E-02,2.861E-04,0.000E+00,0.000E+00,1.916E+00,0.000E+00,0.000E+00,0.000E+00,0.000E+00,1.754E+00,-1.652E-02,1.488E+00,1.574E+00,7.600E-02,3.357E+00,0.000E+00,0.000E+00,0.000E+00,0.000E+00,1.454E+00,-1.183E-02,2.572E+00,2.382E+00,1.718E-01,1.999E+00
7,0.000E+00,0.000E+00,2.192E-02,2.900E-04,0.000E+00,0.000E+00,1.923E+00,0.000E+00,0.000E+00,0.000E+00,0.000E+00,1.754E+00,-2.205E-02,1.509E+00,1.579E+00,7.606E-02,3.354E+00,0.000E+00,0.000E+00,0.000E+00,0.000E+00,1.457E+00,-4.847E-03,2.496E+00,2.381E+00,1.716E-01,2.001E+00
8,0.000E+00,0.000E+00,2.201E-02,2.939E-04,0.000E+00,0.000E+00,1.930E+00,0.000E+00,0.000E+00,0.000E+00,0.000E+00,1.755E+00,-2.759E-02,1.530E+00,1.584E+00,7.613E-02,3.352E+00,0.000E+00,0.000E+00,0.000E+00,0.000E+00,1.462E+00,2.133E-03,2.420E+00,2.379E+00,1.714E-01,2.003E+00
9,0.000E+00,0.000E+00,2.206E-02,2.959E-04,0.000E+00,0.000E+00,1.934E+00,0.000E+00,0.000E+00,0.000E+00,0.000E+00,1.755E+00,-3.036E-02,1.540E+00,1.586E+00,7.616E-02,3.351E+00,0.000E+00,0.000E+00,0.000E+00,0.000E+00,1.467E+00,5.622E-03,2.382E+00,2.378E+00,1.713E-01,2.004E+00
10,0.000E+00,0.000E+00,2.210E-02,2.979E-04,0.000E+00,0.000E+00,1.938E+00,0.000E+00,0.000E+00,0.000E+00,0.000E+00,1.756E+00,-3.313E-02,1.550E+00,1.589E+00,7.619E-02,3.350E+00,0.000E+00,0.000E+00,0.000E+00,0.000E+00,1.471E+00,9.112E-03,2.344E+00,2.378E+00,1.712E-01,2.005E+00
11,0.000E+00,0.000E+00,2.238E-02,3.030E-04,0.000E+00,0.000E+00,1.962E+00,0.000E+00,0.000E+00,0.000E+00,0.000E+00,1.754E+00,-4.143E-02,1.585E+00,1.606E+00,7.604E-02,3.355E+00,0.000E+00,0.000E+00,0.000E+00,0.000E+00,1.471E+00,-1.284E-02,2.515E+00,2.311E+00,1.700E-01,2.017E+00
12,0.000E+00,0.000E+00,2.265E-02,3.081E-04,0.000E+00,0.000E+00,1.987E+00,0.000E+00,0.000E+00,0.000E+00,0.000E+00,1.753E+00,-4.972E-02,1.620E+00,1.623E+00,7.588E-02,3.360E+00,0.000E+00,0.000E+00,0.000E+00,0.000E+00,1.481E+00,-3.480E-02,2.687E+00,2.245E+00,1.688E-01,2.029E+00
13,0.000E+00,0.000E+00,2.292E-02,3.132E-04,0.000E+00,0.000E+00,2.012E+00,0.000E+00,0.000E+00,0.000E+00,0.000E+00,1.751E+00,-5.802E-02,1.655E+00,1.640E+00,7.573E-02,3.365E+00,0.000E+00,0.000E+00,0.000E+00,0.000E+00,1.492E+00,-5.676E-02,2.858E+00,2.178E+00,1.676E-01,2.041E+00
14,0.000E+00,0.000E+00,2.306E-02,3.158E-04,0.000E+00,0.000E+00,2.024E+00,0.000E+00,0.000E+00,0.000E+00,0.000E+00,1.750E+00,-6.216E-02,1.673E+00,1.648E+00,7.565E-02,3.368E+00,0.000E+00,0.000E+00,0.000E+00,0.000E+00,1.498E+00,-6.774E-02,2.944E+00,2.145E+00,1.671E-01,2.047E+00
15,0.000E+00,0.000E+00,2.319E-02,3.184E-04,0.000E+00,0.000E+00,2.037E+00,0.000E+00,0.000E+00,0.000E+00,0.000E+00,1.750E+00,-6.631E-02,1.690E+00,1.657E+00,7.557E-02,3.370E+00,0.000E+00,0.000E+00,0.000E+00,0.000E+00,1.505E+00,-7.871E-02,3.030E+00,2.111E+00,1.665E-01,2.053E+00
16,0.000E+00,0.000E+00,2.346E-02,3.235E-04,0.000E+00,0.000E+00,2.062E+00,0.000E+00,0.000E+00,0.000E+00,0.000E+00,1.748E+00,-7.461E-02,1.725E+00,1.674E+00,7.541E-02,3.375E+00,0.000E+00,0.000E+00,0.000E+00,0.000E+00,1.519E+00,-1.007E-01,3.201E+00,2.045E+00,1.653E-01,2.066E+00
17,0.000E+00,0.000E+00,2.374E-02,3.286E-04,0.000E+00,0.000E+00,2.086E+00,0.000E+00,0.000E+00,0.000E+00,0.000E+00,1.747E+00,-8.290E-02,1.760E+00,1.690E+00,7.526E-02,3.380E+00,0.000E+00,0.000E+00,0.000E+00,0.000E+00,1.534E+00,-1.226E-01,3.373E+00,1.978E+00,1.641E-01,2.078E+00
18,0.000E+00,0.000E+00,2.401E-02,3.337E-04,0.000E+00,0.000E+00,2.111E+00,0.000E+00,0.000E+00,0.000E+00,0.000E+00,1.745E+00,-9.120E-02,1.795E+00,1.707E+00,7.510E-02,3.385E+00,0.000E+00,0.000E+00,0.000E+00,0.000E+00,1.550E+00,-1.446E-01,3.544E+00,1.912E+00,1.629E-01,2.090E+00
19,0.000E+00,0.000E+00,2.415E-02,3.363E-04,0.000E+00,0.000E+00,2.124E+00,0.000E+00,0.000E+00,0.000E+00,0.000E+00,1.745E+00,-9.534E-02,1.813E+00,1.716E+00,7.502E-02,3.388E+00,0.000E+00,0.000E+00,0.000E+00,0.000E+00,1.559E+00,-1.556E-01,3.630E+00,1.879E+00,1.623E-01,2.096E+00
20,0.000E+00,0.000E+00,2.428E-02,3.389E-04,0.000E+00,0.000E+00,2.136E+00,0.000E+00,0.000E+00,0.000E+00,0.000E+00,1.744E+00,-9.949E-02,1.830E+00,1.724E+00,7.495E-02,3.390E+00,0.000E+00,0.000E+00,0.000E+00,0.000E+00,1.568E+00,-1.665E-01,3.716E+00,1.845E+00,1.617E-01,2.102E+00
21,0.000E+00,0.000E+00,2.479E-02,3.470E-04,0.000E+00,0.000E+00,2.180E+00,0.000E+00,0.000E+00,0.000E+00,0.000E+00,1.747E+00,-1.112E-01,1.896E+00,1.710E+00,7.504E-02,3.387E+00,0.000E+00,0.000E+00,0.000E+00,0.000E+00,1.547E+00,-1.538E-01,3.578E+00,1.961E+00,1.605E-01,2.116E+00
22,0.000E+00,0.000E+00,2.530E-02,3.552E-04,0.000E+00,0.000E+00,2.224E+00,0.000E+00,0.000E+00,0.000E+00,0.000E+00,1.750E+00,-1.228E-01,1.962E+00,1.696E+00,7.513E-02,3.385E+00,0.000E+00,0.000E+00,0.000E+00,0.000E+00,1.528E+00,-1.410E-01,3.440E+00,2.077E+00,1.592E-01,2.130E+00
23,0.000E+00,0.000E+00,2.581E-02,3.634E-04,0.000E+00,0.000E+00,2.268E+00,0.000E+00,0.000E+00,0.000E+00,0.000E+00,1.753E+00,-1.345E-01,2.028E+00,1.682E+00,7.522E-02,3.382E+00,0.000E+00,0.000E+00,0.000E+00,0.000E+00,1.511E+00,-1.282E-01,3.302E+00,2.193E+00,1.580E-01,2.144E+00
24,0.000E+00,0.000E+00,2.607E-02,3.675E-04,0.000E+00,0.000E+00,2.290E+00,0.000E+00,0.000E+00,0.000E+00,0.000E+00,1.755E+00,-1.403E-01,2.060E+00,1.675E+00,7.526E-02,3.380E+00,0.000E+00,0.000E+00,0.000E+00,0.000E+00,1.504E+00,-1.218E-01,3.233E+00,2.251E+00,1.574E-01,2.151E+00
25,0.000E+00,0.000E+00,2.632E-02,3.716E-04,0.000E+00,0.000E+00,2.312E+00,0.000E+00,0.000E+00,0.000E+00,0.000E+00,1.757E+00,-1.462E-01,2.093E+00,1.668E+00,7.531E-02,3.379E+00,0.000E+00,0.000E+00,0.000E+00,0.000E+00,1.496E+00,-1.154E-01,3.164E+00,2.309E+00,1.568E-01,2.158E+00
26,0.000E+00,0.000E+00,2.683E-02,3.798E-04,0.000E+00,0.000E+00,2.356E+00,0.000E+00,0.000E+00,0.000E+00,0.000E+00,1.761E+00,-1.578E-01,2.159E+00,1.654E+00,7.540E-02,3.376E+00,0.000E+00,0.000E+00,0.000E+00,0.000E+00,1.483E+00,-1.026E-01,3.026E+00,2.425E+00,1.555E-01,2.173E+00
27,0.000E+00,0.000E+00,2.734E-02,3.879E-04,0.000E+00,0.000E+00,2.400E+00,0.000E+00,0.000E+00,0.000E+00,0.000E+00,1.765E+00,-1.695E-01,2.225E+00,1.640E+00,7.549E-02,3.373E+00,0.000E+00,0.000E+00,0.000E+00,0.000E+00,1.471E+00,-8.981E-02,2.888E+00,2.541E+00,1.543E-01,2.187E+00
28,0.000E+00,0.000E+00,2.785E-02,3.961E-04,0.000E+00,0.000E+00,2.444E+00,0.000E+00,0.000E+00,0.000E+00,0.000E+00,1.769E+00,-1.812E-01,2.291E+00,1.626E+00,7.558E-02,3.370E+00,0.000E+00,0.000E+00,0.000E+00,0.000E+00,1.461E+00,-7.702E-02,2.749E+00,2.657E+00,1.530E-01,2.201E+00
29,0.000E+00,0.000E+00,2.811E-02,4.002E-04,0.000E+00,0.000E+00,2.466E+00,0.000E+00,0.000E+00,0.000E+00,0.000E+00,1.772E+00,-1.870E-01,2.324E+00,1.619E+00,7.563E-02,3.368E+00,0.000E+00,0.000E+00,0.000E+00,0.000E+00,1.456E+00,-7.063E-02,2.680E+00,2.714E+00,1.524E-01,2.208E+00
30,0.000E+00,0.000E+00,2.836E-02,4.043E-04,0.000E+00,0.000E+00,2.488E+00,0.000E+00,0.000E+00,0.000E+00,0.000E+00,1.774E+00,-1.928E-01,2.357E+00,1.612E+00,7.567E-02,3.367E+00,0.000E+00,0.000E+00,0.000E+00,0.000E+00,1.452E+00,-6.423E-02,2.611E+00,2.772E+00,1.518E-01,2.215E+00
31,0.000E+00,0.000E+00,2.976E-02,4.443E-04,0.000E+00,0.000E+00,2.612E+00,0.000E+00,0.000E+00,0.000E+00,0.000E+00,1.773E+00,-2.128E-01,2.496E+00,1.616E+00,7.548E-02,3.373E+00,0.000E+00,0.000E+00,0.000E+00,0.000E+00,1.463E+00,-7.209E-02,2.635E+00,2.715E+00,1.504E-01,2.232E+00
32,0.000E+00,0.000E+00,3.046E-02,4.644E-04,0.000E+00,0.000E+00,2.674E+00,0.000E+00,0.000E+00,0.000E+00,0.000E+00,1.773E+00,-2.227E-01,2.566E+00,1.618E+00,7.538E-02,3.376E+00,0.000E+00,0.000E+00,0.000E+00,0.000E+00,1.468E+00,-7.601E-02,2.646E+00,2.687E+00,1.498E-01,2.241E+00
33,0.000E+00,0.000E+00,3.116E-02,4.844E-04,0.000E+00,0.000E+00,2.736E+00,0.000E+00,0.000E+00,0.000E+00,0.000E+00,1.772E+00,-2.327E-01,2.635E+00,1.620E+00,7.529E-02,3.379E+00,0.000E+00,0.000E+00,0.000E+00,0.000E+00,1.473E+00,-7.994E-02,2.658E+00,2.658E+00,1.491E-01,2.249E+00
34,0.000E+00,0.000E+00,3.186E-02,5.044E-04,0.000E+00,0.000E+00,2.798E+00,0.000E+00,0.000E+00,0.000E+00,0.000E+00,1.773E+00,-2.426E-01,2.705E+00,1.622E+00,7.519E-02,3.383E+00,0.000E+00,0.000E+00,0.000E+00,0.000E+00,1.479E+00,-8.387E-02,2.670E+00,2.629E+00,1.484E-01,2.258E+00
35,0.000E+00,0.000E+00,3.256E-02,5.244E-04,0.000E+00,0.000E+00,2.861E+00,0.000E+00,0.000E+00,0.000E+00,0.000E+00,1.773E+00,-2.526E-01,2.775E+00,1.625E+00,7.510E-02,3.386E+00,0.000E+00,0.000E+00,0.000E+00,0.000E+00,1.484E+00,-8.780E-02,2.681E+00,2.601E+00,1.478E-01,2.266E+00
36,0.000E+00,0.000E+00,3.326E-02,5.444E-04,0.000E+00,0.000E+00,2.923E+00,0.000E+00,0.000E+00,0.000E+00,0.000E+00,1.773E+00,-2.625E-01,2.844E+00,1.627E+00,7.500E-02,3.389E+00,0.000E+00,0.000E+00,0.000E+00,0.000E+00,1.490E+00,-9.172E-02,2.693E+00,2.572E+00,1.471E-01,2.275E+00
37,0.000E+00,0.000E+00,3.396E-02,5.645E-04,0.000E+00,0.000E+00,2.985E+00,0.000E+00,0.000E+00,0.000E+00,0.000E+00,1.774E+00,-2.725E-01,2.914E+00,1.629E+00,7.491E-02,3.392E+00,0.000E+00,0.000E+00,0.000E+00,0.000E+00,1.495E+00,-9.565E-02,2.705E+00,2.544E+00,1.464E-01,2.283E+00
38,0.000E+00,0.000E+00,3.466E-02,5.845E-04,0.000E+00,0.000E+00,3.047E+00,0.000E+00,0.000E+00,0.000E+00,0.000E+00,1.774E+00,-2.825E-01,2.983E+00,1.631E+00,7.481E-02,3.395E+00,0.000E+00,0.000E+00,0.000E+00,0.000E+00,1.501E+00,-9.958E-02,2.716E+00,2.515E+00,1.458E-01,2.292E+00
39,0.000E+00,0.000E+00,3.536E-02,6.045E-04,0.000E+00,0.000E+00,3.109E+00,0.000E+00,0.000E+00,0.000E+00,0.000E+00,1.775E+00,-2.924E-01,3.053E+00,1.633E+00,7.471E-02,3.398E+00,0.000E+00,0.000E+00,0.000E+00,0.000E+00,1.507E+00,-1.035E-01,2.728E+00,2.486E+00,1.451E-01,2.300E+00
40,0.000E+00,0.000E+00,3.607E-02,6.245E-04,0.000E+00,0.000E+00,3.171E+00,0.000E+00,0.000E+00,0.000E+00,0.000E+00,1.776E+00,-3.024E-01,3.123E+00,1.635E+00,7.462E-02,3.401E+00,0.000E+00,0.000E+00,0.000E+00,0.000E+00,1.512E+00,-1.074E-01,2.740E+00,2.458E+00,1.444E-01,2.309E+00
41,0.000E+00,0.000E+00,3.677E-02,6.445E-04,0.000E+00,0.000E+00,3.233E+00,0.000E+00,0.000E+00,0.000E+00,0.000E+00,1.777E+00,-3.123E-01,3.192E+00,1.637E+00,7.452E-02,3.404E+00,0.000E+00,0.000E+00,0.000E+00,0.000E+00,1.518E+00,-1.114E-01,2.751E+00,2.429E+00,1.438E-01,2.317E+00
42,0.000E+00,0.000E+00,3.747E-02,6.646E-04,0.000E+00,0.000E+00,3.295E+00,0.000E+00,0.000E+00,0.000E+00,0.000E+00,1.778E+00,-3.223E-01,3.262E+00,1.640E+00,7.443E-02,3.408E+00,0.000E+00,0.000E+00,0.000E+00,0.000E+00,1.524E+00,-1.153E-01,2.763E+00,2.401E+00,1.431E-01,2.326E+00
43,0.000E+00,0.000E+00,3.817E-02,6.846E-04,0.000E+00,0.000E+00,3.357E+00,0.000E+00,0.000E+00,0.000E+00,0.000E+00,1.779E+00,-3.322E-01,3.332E+00,1.642E+00,7.433E-02,3.411E+00,0.000E+00,0.000E+00,0.000E+00,0.000E+00,1.530E+00,-1.192E-01,2.775E+00,2.372E+00,1.424E-01,2.334E+00
44,0.000E+00,0.000E+00,3.887E-02,7.046E-04,0.000E+00,0.000E+00,3.420E+00,0.000E+00,0.000E+00,0.000E+00,0.000E+00,1.780E+00,-3.422E-01,3.401E+00,1.644E+00,7.423E-02,3.414E+00,0.000E+00,0.000E+00,0.000E+00,0.000E+00,1.536E+00,-1.231E-01,2.786E+00,2.343E+00,1.418E-01,2.343E+00
45,0.000E+00,0.000E+00,3.957E-02,7.246E-04,0.000E+00,0.000E+00,3.482E+00,0.000E+00,0.000E+00,0.000E+00,0.000E+00,1.781E+00,-3.522E-01,3.471E+00,1.646E+00,7.414E-02,3.417E+00,0.000E+00,0.000E+00,0.000E+00,0.000E+00,1.542E+00,-1.271E-01,2.798E+00,2.315E+00,1.411E-01,2.351E+00
46,0.000E+00,0.000E+00,4.136E-02,7.705E-04,0.000E+00,0.000E+00,3.638E+00,0.000E+00,0.000E+00,0.000E+00,0.000E+00,1.776E+00,-3.922E-01,3.970E+00,1.637E+00,7.300E-02,3.455E+00,0.000E+00,0.000E+00,0.000E+00,0.000E+00,1.583E+00,-1.456E-01,2.787E+00,2.154E+00,1.403E-01,2.362E+00
47,0.000E+00,0.000E+00,4.226E-02,7.935E-04,0.000E+00,0.000E+00,3.716E+00,0.000E+00,0.000E+00,0.000E+00,0.000E+00,1.775E+00,-4.122E-01,4.220E+00,1.633E+00,7.244E-02,3.475E+00,0.000E+00,0.000E+00,0.000E+00,0.000E+00,1.604E+00,-1.548E-01,2.781E+00,2.073E+00,1.399E-01,2.367E+00
48,0.000E+00,0.000E+00,4.316E-02,8.164E-04,0.000E+00,0.000E+00,3.794E+00,0.000E+00,0.000E+00,0.000E+00,0.000E+00,1.775E+00,-4.322E-01,4.470E+00,1.629E+00,7.187E-02,3.494E+00,0.000E+00,0.000E+00,0.000E+00,0.000E+00,1.626E+00,-1.641E-01,2.776E+00,1.993E+00,1.395E-01,2.373E+00
49,0.000E+00,0.000E+00,4.502E-02,8.750E-04,0.000E+00,0.000E+00,3.962E+00,0.000E+00,0.000E+00,0.000E+00,0.000E+00,1.776E+00,-4.557E-01,4.890E+00,1.599E+00,7.111E-02,3.521E+00,0.000E+00,0.000E+00,0.000E+00,0.000E+00,1.512E+00,-1.393E-01,2.778E+00,2.653E+00,1.423E-01,2.336E+00
50,0.000E+00,0.000E+00,4.595E-02,9.043E-04,0.000E+00,0.000E+00,4.046E+00,0.000E+00,0.000E+00,0.000E+00,0.000E+00,1.777E+00,-4.674E-01,5.100E+00,1.584E+00,7.073E-02,3.534E+00,0.000E+00,0.000E+00,0.000E+00,0.000E+00,1.465E+00,-1.269E-01,2.779E+00,2.983E+00,1.437E-01,2.317E+00
51,0.000E+00,0.000E+00,4.689E-02,9.336E-04,0.000E+00,0.000E+00,4.131E+00,0.000E+00,0.000E+00,0.000E+00,0.000E+00,1.779E+00,-4.792E-01,5.309E+00,1.570E+00,7.035E-02,3.547E+00,0.000E+00,0.000E+00,0.000E+00,0.000E+00,1.423E+00,-1.146E-01,2.780E+00,3.314E+00,1.451E-01,2.298E+00
52,0.000E+00,0.000E+00,4.970E-02,1.021E-03,0.000E+00,0.000E+00,4.373E+00,0.000E+00,0.000E+00,0.000E+00,0.000E+00,1.768E+00,-5.121E-01,6.073E+00,1.574E+00,6.980E-02,3.568E+00,0.000E+00,0.000E+00,0.000E+00,0.000E+00,1.452E+00,-2.157E-01,3.983E+00,2.781E+00,1.456E-01,2.292E+00
53,0.000E+00,0.000E+00,5.111E-02,1.064E-03,0.000E+00,0.000E+00,4.494E+00,0.000E+00,0.000E+00,0.000E+00,0.000E+00,1.764E+00,-5.286E-01,6.455E+00,1.575E+00,6.953E-02,3.578E+00,0.000E+00,0.000E+00,0.000E+00,0.000E+00,1.485E+00,-2.663E-01,4.584E+00,2.515E+00,1.458E-01,2.289E+00
54,0.000E+00,0.000E+00,5.252E-02,1.107E-03,0.000E+00,0.000E+00,4.615E+00,0.000E+00,0.000E+00,0.000E+00,0.000E+00,1.761E+00,-5.450E-01,6.836E+00,1.577E+00,6.925E-02,3.588E+00,0.000E+00,0.000E+00,0.000E+00,0.000E+00,1.529E+00,-3.168E-01,5.185E+00,2.249E+00,1.460E-01,2.286E+00
55,0.000E+00,0.000E+00,5.535E-02,1.210E-03,0.000E+00,0.000E+00,4.868E+00,0.000E+00,0.000E+00,0.000E+00,0.000E+00,1.738E+00,-5.528E-01,7.010E+00,1.661E+00,6.865E-02,3.610E+00,0.000E+00,0.000E+00,0.000E+00,0.000E+00,1.523E+00,-2.536E-01,4.129E+00,2.381E+00,1.420E-01,2.341E+00
56,0.000E+00,0.000E+00,5.677E-02,1.261E-03,0.000E+00,0.000E+00,4.995E+00,0.000E+00,0.000E+00,0.000E+00,0.000E+00,1.728E+00,-5.567E-01,7.097E+00,1.703E+00,6.834E-02,3.621E+00,0.000E+00,0.000E+00,0.000E+00,0.000E+00,1.528E+00,-2.220E-01,3.601E+00,2.447E+00,1.400E-01,2.368E+00
57,0.000E+00,0.000E+00,5.819E-02,1.312E-03,0.000E+00,0.000E+00,5.122E+00,0.000E+00,0.000E+00,0.000E+00,0.000E+00,1.717E+00,-5.606E-01,7.184E+00,1.745E+00,6.804E-02,3.633E+00,0.000E+00,0.000E+00,0.000E+00,0.000E+00,1.541E+00,-1.903E-01,3.073E+00,2.513E+00,1.379E-01,2.395E+00
58,0.000E+00,0.000E+00,6.142E-02,1.436E-03,0.000E+00,4.883E-07,5.402E+00,0.000E+00,0.000E+00,0.000E+00,0.000E+00,1.704E+00,-5.819E-01,7.915E+00,1.764E+00,6.764E-02,3.648E+00,0.000E+00,0.000E+00,0.000E+00,0.000E+00,1.516E+00,-1.657E-01,2.868E+00,2.721E+00,1.366E-01,2.415E+00
59,0.000E+00,0.000E+00,6.303E-02,1.498E-03,0.000E+00,7.324E-07,5.543E+00,0.000E+00,0.000E+00,0.000E+00,0.000E+00,1.699E+00,-5.925E-01,8.281E+00,1.773E+00,6.743E-02,3.656E+00,0.000E+00,0.000E+00,0.000E+00,0.000E+00,1.505E+00,-1.533E-01,2.766E+00,2.825E+00,1.359E-01,2.425E+00
60,0.000E+00,0.000E+00,6.465E-02,1.560E-03,0.000E+00,9.766E-07,5.683E+00,0.000E+00,0.000E+00,0.000E+00,0.000E+00,1.694E+00,-6.031E-01,8.646E+00,1.782E+00,6.723E-02,3.664E+00,0.000E+00,0.000E+00,0.000E+00,0.000E+00,1.495E+00,-1.410E-01,2.663E+00,2.929E+00,1.352E-01,2.434E+00
61,0.000E+00,0.000E+00,6.871E-02,1.665E-03,0.000E+00,9.766E-07,6.042E+00,0.000E+00,0.000E+00,0.000E+00,0.000E+00,1.672E+00,-6.106E-01,8.974E+00,1.860E+00,6.661E-02,3.688E+00,0.000E+00,0.000E+00,0.000E+00,0.000E+00,1.490E+00,-1.533E-01,2.714E+00,3.025E+00,1.515E-01,2.236E+00
62,0.000E+00,0.000E+00,7.073E-02,1.718E-03,0.000E+00,9.766E-07,6.222E+00,0.000E+00,0.000E+00,0.000E+00,0.000E+00,1.661E+00,-6.144E-01,9.137E+00,1.900E+00,6.630E-02,3.700E+00,0.000E+00,0.000E+00,0.000E+00,0.000E+00,1.487E+00,-1.594E-01,2.740E+00,3.074E+00,1.597E-01,2.137E+00
63,0.000E+00,0.000E+00,7.276E-02,1.771E-03,0.000E+00,9.766E-07,6.401E+00,0.000E+00,0.000E+00,0.000E+00,0.000E+00,1.651E+00,-6.182E-01,9.301E+00,1.939E+00,6.599E-02,3.713E+00,0.000E+00,0.000E+00,0.000E+00,0.000E+00,1.484E+00,-1.656E-01,2.765E+00,3.122E+00,1.678E-01,2.039E+00
64,0.000E+00,0.000E+00,7.760E-02,1.954E-03,0.000E+00,4.883E-07,6.823E+00,0.000E+00,0.000E+00,0.000E+00,0.000E+00,1.645E+00,-6.173E-01,8.778E+00,2.023E+00,6.485E-02,3.759E+00,0.000E+00,0.000E+00,0.000E+00,0.000E+00,1.481E+00,-1.965E-01,3.217E+00,2.943E+00,1.649E-01,2.069E+00
65,0.000E+00,0.000E+00,8.003E-02,2.045E-03,0.000E+00,2.441E-07,7.033E+00,0.000E+00,0.000E+00,0.000E+00,0.000E+00,1.643E+00,-6.169E-01,8.517E+00,2.065E+00,6.428E-02,3.782E+00,0.000E+00,0.000E+00,0.000E+00,0.000E+00,1.483E+00,-2.120E-01,3.443E+00,2.854E+00,1.635E-01,2.084E+00
66,0.000E+00,0.000E+00,8.245E-02,2.137E-03,0.000E+00,0.000E+00,7.244E+00,0.000E+00,0.000E+00,0.000E+00,0.000E+00,1.641E+00,-6.165E-01,8.255E+00,2.107E+00,6.371E-02,3.806E+00,0.000E+00,0.000E+00,0.000E+00,0.000E+00,1.487E+00,-2.275E-01,3.669E+00,2.765E+00,1.620E-01,2.099E+00
67,0.000E+00,0.000E+00,8.777E-02,2.359E-03,0.000E+00,0.000E+00,7.715E+00,0.000E+00,0.000E+00,0.000E+00,0.000E+00,1.621E+00,-6.237E-01,8.300E+00,2.224E+00,6.200E-02,3.881E+00,0.000E+00,0.000E+00,0.000E+00,0.000E+00,1.470E+00,-3.126E-01,5.326E+00,2.580E+00,1.458E-01,2.310E+00
68,0.000E+00,0.000E+00,9.042E-02,2.470E-03,0.000E+00,0.000E+00,7.951E+00,0.000E+00,0.000E+00,0.000E+00,0.000E+00,1.612E+00,-6.274E-01,8.323E+00,2.282E+00,6.115E-02,3.918E+00,0.000E+00,0.000E+00,0.000E+00,0.000E+00,1.476E+00,-3.551E-01,6.155E+00,2.487E+00,1.377E-01,2.415E+00
69,0.000E+00,0.000E+00,9.308E-02,2.581E-03,0.000E+00,0.000E+00,8.187E+00,0.000E+00,0.000E+00,0.000E+00,0.000E+00,1.603E+00,-6.310E-01,8.345E+00,2.341E+00,6.029E-02,3.955E+00,0.000E+00,0.000E+00,0.000E+00,0.000E+00,1.488E+00,-3.977E-01,6.983E+00,2.394E+00,1.296E-01,2.521E+00
70,0.000E+00,0.000E+00,9.945E-02,2.795E-03,0.000E+00,0.000E+00,8.745E+00,0.000E+00,0.000E+00,0.000E+00,0.000E+00,1.580E+00,-6.646E-01,9.841E+00,2.374E+00,5.840E-02,4.047E+00,0.000E+00,0.000E+00,0.000E+00,0.000E+00,1.466E+00,-3.276E-01,5.418E+00,2.655E+00,1.237E-01,2.621E+00
71,0.000E+00,0.000E+00,1.026E-01,2.903E-03,0.000E+00,0.000E+00,9.025E+00,0.000E+00,0.000E+00,0.000E+00,0.000E+00,1.572E+00,-6.815E-01,1.059E+01,2.391E+00,5.745E-02,4.092E+00,0.000E+00,0.000E+00,0.000E+00,0.000E+00,1.467E+00,-2.926E-01,4.635E+00,2.785E+00,1.208E-01,2.671E+00
72,0.000E+00,0.000E+00,1.058E-01,3.010E-03,0.000E+00,0.000E+00,9.304E+00,0.000E+00,0.000E+00,0.000E+00,0.000E+00,1.564E+00,-6.983E-01,1.134E+01,2.407E+00,5.650E-02,4.138E+00,0.000E+00,0.000E+00,0.000E+00,0.000E+00,1.478E+00,-2.576E-01,3.852E+00,2.916E+00,1.178E-01,2.721E+00
73,0.000E+00,0.000E+00,1.104E-01,3.156E-03,0.000E+00,4.883E-07,9.705E+00,0.000E+00,0.000E+00,0.000E+00,0.000E+00,1.534E+00,-7.438E-01,1.504E+01,2.401E+00,5.592E-02,4.168E+00,0.000E+00,0.000E+00,0.000E+00,0.000E+00,1.433E+00,-3.289E-01,6.016E+00,2.707E+00,1.179E-01,2.720E+00
74,0.000E+00,0.000E+00,1.150E-01,3.302E-03,0.000E+00,9.766E-07,1.011E+01,0.000E+00,0.000E+00,0.000E+00,0.000E+00,1.520E+00,-7.892E-01,1.874E+01,2.395E+00,5.533E-02,4.198E+00,0.000E+00,0.000E+00,0.000E+00,0.000E+00,1.434E+00,-4.003E-01,8.181E+00,2.498E+00,1.180E-01,2.718E+00
75,0.000E+00,0.000E+00,1.193E-01,3.528E-03,0.000E+00,4.883E-07,1.049E+01,0.000E+00,0.000E+00,0.000E+00,0.000E+00,1.486E+00,-8.093E-01,2.216E+01,2.481E+00,5.375E-02,4.285E+00,0.000E+00,0.000E+00,0.000E+00,0.000E+00,1.435E+00,-4.050E-01,8.066E+00,2.542E+00,1.227E-01,2.637E+00
76,0.000E+00,0.000E+00,1.236E-01,3.755E-03,0.000E+00,0.000E+00,1.086E+01,0.000E+00,0.000E+00,0.000E+00,0.000E+00,1.457E+00,-8.293E-01,2.558E+01,2.568E+00,5.217E-02,4.371E+00,0.000E+00,0.000E+00,0.000E+00,0.000E+00,1.435E+00,-4.098E-01,7.952E+00,2.586E+00,1.274E-01,2.556E+00
77,0.000E+00,0.000E+00,1.275E-01,3.887E-03,0.000E+00,0.000E+00,1.121E+01,0.000E+00,0.000E+00,0.000E+00,0.000E+00,1.416E+00,-8.334E-01,2.738E+01,2.762E+00,5.091E-02,4.446E+00,0.000E+00,0.000E+00,0.000E+00,0.000E+00,1.410E+00,-4.556E-01,1.055E+01,2.518E+00,1.242E-01,2.610E+00
78,0.000E+00,0.000E+00,1.313E-01,4.019E-03,0.000E+00,0.000E+00,1.155E+01,0.000E+00,0.000E+00,0.000E+00,0.000E+00,1.379E+00,-8.374E-01,2.917E+01,2.955E+00,4.965E-02,4.521E+00,0.000E+00,0.000E+00,0.000E+00,0.000E+00,1.403E+00,-5.014E-01,1.314E+01,2.450E+00,1.210E-01,2.664E+00
79,0.000E+00,0.000E+00,1.332E-01,3.966E-03,0.000E+00,0.000E+00,1.171E+01,0.000E+00,0.000E+00,0.000E+00,0.000E+00,1.329E+00,-8.314E-01,2.840E+01,3.327E+00,4.778E-02,4.643E+00,0.000E+00,0.000E+00,0.000E+00,0.000E+00,1.356E+00,-5.003E-01,1.322E+01,2.756E+00,1.145E-01,2.790E+00
80,0.000E+00,0.000E+00,1.351E-01,3.914E-03,0.000E+00,0.000E+00,1.188E+01,0.000E+00,0.000E+00,0.000E+00,0.000E+00,1.287E+00,-8.253E-01,2.763E+01,3.698E+00,4.591E-02,4.766E+00,0.000E+00,0.000E+00,0.000E+00,0.000E+00,1.315E+00,-4.992E-01,1.330E+01,3.061E+00,1.081E-01,2.915E+00
81,0.000E+00,0.000E+00,1.324E-01,3.690E-03,0.000E+00,0.000E+00,1.164E+01,0.000E+00,0.000E+00,0.000E+00,0.000E+00,1.229E+00,-8.250E-01,2.837E+01,4.234E+00,4.398E-02,4.910E+00,0.000E+00,0.000E+00,0.000E+00,0.000E+00,1.288E+00,-5.079E-01,1.463E+01,3.172E+00,1.106E-01,2.864E+00
82,0.000E+00,0.000E+00,1.297E-01,3.467E-03,0.000E+00,0.000E+00,1.140E+01,0.000E+00,0.000E+00,0.000E+00,0.000E+00,1.180E+00,-8.247E-01,2.911E+01,4.771E+00,4.204E-02,5.054E+00,0.000E+00,0.000E+00,0.000E+00,0.000E+00,1.263E+00,-5.165E-01,1.596E+01,3.283E+00,1.130E-01,2.814E+00
83,0.000E+00,0.000E+00,1.164E-01,2.705E-03,0.000E+00,0.000E+00,1.023E+01,0.000E+00,0.000E+00,0.000E+00,0.000E+00,1.137E+00,-8.179E-01,2.800E+01,5.409E+00,3.902E-02,5.323E+00,0.000E+00,0.000E+00,0.000E+00,0.000E+00,1.296E+00,-4.842E-01,1.311E+01,3.173E+00,1.090E-01,2.899E+00
84,0.000E+00,0.000E+00,1.032E-01,1.942E-03,0.000E+00,0.000E+00,9.064E+00,0.000E+00,0.000E+00,0.000E+00,0.000E+00,1.102E+00,-8.111E-01,2.689E+01,6.047E+00,3.600E-02,5.592E+00,0.000E+00,0.000E+00,0.000E+00,0.000E+00,1.342E+00,-4.519E-01,1.025E+01,3.064E+00,1.049E-01,2.985E+00
85,0.000E+00,0.000E+00,7.049E-02,1.125E-03,0.000E+00,0.000E+00,6.196E+00,0.000E+00,0.000E+00,0.000E+00,0.000E+00,1.121E+00,-8.079E-01,2.427E+01,6.001E+00,3.175E-02,6.110E+00,0.000E+00,0.000E+00,0.000E+00,0.000E+00,1.360E+00,-4.197E-01,8.569E+00,3.085E+00,1.096E-01,2.888E+00
86,0.000E+00,0.000E+00,3.781E-02,3.076E-04,0.000E+00,0.000E+00,3.328E+00,0.000E+00,0.000E+00,0.000E+00,0.000E+00,1.142E+00,-8.046E-01,2.165E+01,5.954E+00,2.749E-02,6.628E+00,0.000E+00,0.000E+00,0.000E+00,0.000E+00,1.391E+00,-3.876E-01,6.889E+00,3.105E+00,1.142E-01,2.791E+00
87,0.000E+00,0.000E+00,1.902E-02,1.538E-04,0.000E+00,9.766E-07,1.710E+00,0.000E+00,0.000E+00,0.000E+00,0.000E+00,9.432E-01,-8.194E-01,1.888E+01,1.287E+01,2.195E-02,7.797E+00,0.000E+00,0.000E+00,0.000E+00,0.000E+00,1.378E+00,-5.488E-01,8.308E+00,3.741E+00,8.847E-02,3.617E+00
88,0.000E+00,0.000E+00,2.207E-04,0.000E+00,0.000E+00,1.953E-06,9.211E-02,0.000E+00,0.000E+00,0.000E+00,0.000E+00,8.754E-01,-8.342E-01,1.611E+01,1.978E+01,1.642E-02,8.967E+00,0.000E+00,0.000E+00,0.000E+00,0.000E+00,1.362E+00,-7.100E-01,9.727E+00,4.376E+00,6.275E-02,4.444E+00
89,0.000E+00,0.000E+00,3.906E-06,0.000E+00,2.930E-06,2.930E-06,3.941E-02,0.000E+00,0.000E+00,0.000E+00,0.000E+00,3.142E+00,0.000E+00,0.000E+00,0.000E+00,0.000E+00,0.000E+00,0.000E+00,0.000E+00,0.000E+00,0.000E+00,3.142E+00,0.000E+00,0.000E+00,0.000E+00,0.000E+00,0.000E+00
